Time,Load Cell,Moving Forward,Relay Output
1013.0,9.425e-05,0.0,2.064
1091.0,-0.00991189,0.0,2.408
1169.0,-0.00427388,0.0,2.064
1247.0,0.0013133,0.0,2.064
1325.0,0.00481802,0.0,2.064
1404.0,-0.0181403,0.0,2.064
1482.0,0.0087799,0.0,2.064
1560.0,-0.01235,0.0,1.72
1638.0,0.01025284,0.0,1.376
1716.0,-0.00234385,0.0,2.064
1794.0,-0.00188661,0.0,2.064
1872.0,-0.00777852,0.0,2.064
1950.0,0.00364981,0.0,2.408
2028.0,0.0090847,0.0,2.064
2106.0,-0.00148021,0.0,2.064
2185.0,0.00420857,0.0,2.064
2263.0,0.01431624,0.0,2.064
2341.0,-0.01372126,0.0,1.72
2419.0,-0.02083237,0.0,2.064
2497.0,0.00207519,0.0,2.064
2575.0,0.00720529,0.0,2.064
2653.0,0.00486886,0.0,2.408
2731.0,0.01512897,0.0,2.064
2810.0,0.01563689,0.0,2.064
2888.0,0.01233538,0.0,2.064
2966.0,0.00070385,0.0,2.064
3044.0,0.02097019,0.0,2.064
3122.0,-0.00655954,0.0,2.064
3200.0,0.00283708,0.0,1.72
3278.0,-0.00081992,0.0,1.72
3356.0,0.01502744,0.0,2.408
3435.0,0.00400537,0.0,2.064
3513.0,-0.00076916,0.0,2.064
3591.0,0.02117339,0.0,2.064
3669.0,0.02091935,0.0,2.064
3747.0,-0.02306719,0.0,2.408
3825.0,-0.00056603,0.0,2.064
3903.0,0.00669736,0.0,1.376
3981.0,0.00227832,0.0,2.064
4059.0,0.00212603,0.0,2.064
4137.0,0.00502115,0.0,2.064
4216.0,-0.00600078,0.0,2.064
4294.0,0.00502115,0.0,2.064
4372.0,0.00573235,0.0,2.064
4450.0,0.00182131,0.0,2.064
4528.0,0.02371302,0.0,2.064
4606.0,0.00060225,0.0,2.064
4684.0,-0.01204512,0.0,2.064
4763.0,-0.00767699,0.0,1.72
4841.0,-0.00981037,0.0,2.408
4919.0,0.02757322,0.0,2.064
4997.0,0.00390385,0.0,2.064
5075.0,-0.01072454,0.0,2.064
5153.0,-0.00930229,0.0,2.064
5231.0,-0.0069151,0.0,2.064
5309.0,-0.00478173,0.0,2.064
5387.0,0.00212603,0.0,2.064
5465.0,-0.00417228,0.0,1.72
5544.0,-0.00991189,0.0,2.064
5622.0,-0.00214057,0.0,2.752
5700.0,0.00390385,0.0,2.064
5778.0,-0.0045786,0.0,2.752
5856.0,-0.01041982,0.0,2.064
5934.0,-0.00320719,0.0,2.064
6012.0,0.00075462,0.0,2.064
6090.0,0.00786565,0.0,1.72
6168.0,0.00278632,0.0,1.376
6247.0,0.00192283,0.0,1.72
6325.0,-0.01108011,0.0,2.752
6403.0,0.00771321,0.0,3.784
6481.0,0.01096396,0.0,2.752
6559.0,-0.00346115,0.0,2.752
6637.0,-0.00325795,0.0,2.408
6715.0,0.01360512,0.0,2.408
6793.0,0.00791641,0.0,2.064
6872.0,0.0043101,0.0,2.408
6950.0,0.01004971,0.0,2.752
7028.0,0.01025284,0.0,2.408
7106.0,-0.01869906,0.0,3.096
7184.0,0.01208134,0.0,2.408
7262.0,0.02259549,0.0,2.408
7340.0,-0.00081992,0.0,2.408
7418.0,0.00806877,0.0,2.408
7496.0,-0.00107388,0.0,2.064
7575.0,0.01015131,0.0,2.408
7653.0,-0.00838812,0.0,2.408
7731.0,-0.00884528,0.0,2.408
7809.0,0.01629718,0.0,2.064
7887.0,0.00461482,0.0,2.064
7965.0,0.01035451,0.0,2.408
8043.0,0.02157964,0.0,2.064
8121.0,-0.004477,0.0,2.064
8199.0,0.01223378,0.0,2.408
8278.0,0.01655122,0.0,2.064
8356.0,0.01010048,0.0,2.064
8434.0,0.02254473,0.0,2.064
8512.0,-0.00925161,0.0,2.064
8590.0,-0.01930851,0.0,2.064
8668.0,-0.01494031,0.0,2.064
8746.0,-0.008642,0.0,3.44
8825.0,-0.01021662,0.0,2.752
8903.0,0.00568143,0.0,2.752
8981.0,0.01162425,0.0,3.096
9059.0,0.00029745,0.0,2.752
9137.0,-0.01869906,0.0,3.096
9215.0,0.00232923,0.0,2.752
9293.0,0.02960492,0.0,2.752
9371.0,0.01959877,0.0,2.408
9449.0,-0.01788634,0.0,2.752
9527.0,0.00288792,0.0,2.408
9606.0,-0.01168963,0.0,2.752
9684.0,-0.01367057,0.0,2.408
9762.0,0.01131953,0.0,2.408
9840.0,-0.0122484,0.0,2.408
9918.0,-0.00579765,0.0,2.408
9996.0,-0.01808961,0.0,2.408
10074.0,0.00588471,0.0,2.408
10152.0,0.00375141,0.0,2.408
10231.0,0.00888142,0.0,2.064
10309.0,0.00375141,0.0,2.408
10387.0,0.02056379,0.0,2.064
10465.0,0.00847518,0.0,2.064
10543.0,0.00557991,0.0,2.064
10621.0,0.00339584,0.0,2.408
10699.0,0.00029745,0.0,2.408
10777.0,0.00405613,0.0,2.064
10856.0,0.00888142,0.0,2.064
10934.0,0.02112255,0.0,2.064
11012.0,0.00364981,0.0,2.064
11090.0,0.00156727,0.0,2.064
11168.0,0.00847518,0.0,2.064
11246.0,-0.00224217,0.0,2.408
11324.0,0.00222763,0.0,2.064
11402.0,-0.00676267,0.0,3.096
11480.0,-0.00620405,0.0,3.096
11558.0,0.00781481,0.0,3.096
11637.0,-0.01270541,0.0,3.096
11715.0,0.00715445,0.0,2.752
11793.0,0.00715445,0.0,3.096
11871.0,-0.02895925,0.0,2.752
11949.0,0.00989728,0.0,2.752
12027.0,0.00852594,0.0,2.408
12105.0,-0.00727059,0.0,2.752
12183.0,-0.00117548,0.0,2.064
12262.0,0.01299567,0.0,2.408
12340.0,0.00740849,0.0,2.752
12418.0,0.00080545,0.0,2.408
12496.0,-0.02159426,0.0,2.408
12574.0,0.0045133,0.0,2.408
12652.0,-0.00721983,0.0,2.752
12730.0,0.01726227,0.0,2.408
12808.0,0.01091313,0.0,2.408
12886.0,0.00222763,0.0,2.408
12964.0,0.01619566,0.0,2.408
13043.0,-0.01808961,0.0,2.064
13121.0,0.00461482,0.0,1.72
13199.0,0.0131481,0.0,1.72
13277.0,-0.02438777,0.0,1.72
13355.0,-0.0005152,0.0,1.72
13433.0,0.00827197,0.0,2.064
13511.0,-0.000312,0.0,1.72
13589.0,-0.00676267,0.0,2.064
13668.0,-0.00401991,0.0,1.72
13746.0,0.00578318,0.0,2.064
13824.0,-0.00168349,0.0,1.72
13902.0,-0.01727681,0.0,1.72
13980.0,-0.00904841,0.0,1.376
14058.0,-0.01016586,0.0,2.752
14136.0,0.00278632,0.0,2.408
14214.0,-0.00798172,0.0,2.408
14292.0,0.00527511,0.0,2.752
14371.0,-0.00869284,0.0,2.064
14449.0,0.00212603,0.0,2.408
14527.0,-0.01656569,0.0,2.064
14605.0,0.02076691,0.0,2.752
14683.0,0.00938943,0.0,1.72
14761.0,0.00055142,0.0,1.72
14839.0,0.010202,0.0,2.408
14917.0,-0.00097236,0.0,1.72
14995.0,0.00786565,0.0,1.72
15074.0,0.01040528,0.0,2.064
15152.0,-0.00224217,0.0,2.408
15230.0,-0.00737227,0.0,2.752
15308.0,0.01726227,0.0,2.064
15386.0,-0.00884528,0.0,2.064
15464.0,0.01675435,0.0,1.72
15542.0,-5.803e-05,0.0,2.064
15620.0,0.00583387,0.0,2.064
15699.0,0.00339584,0.0,2.064
15777.0,0.02066539,0.0,1.72
15855.0,0.0131481,0.0,2.064
15933.0,0.00182131,0.0,1.72
16011.0,0.00329424,0.0,2.064
16089.0,0.01868445,0.0,2.064
16167.0,-0.00676267,0.0,2.064
16245.0,0.00618943,0.0,2.064
16323.0,-0.00046443,0.0,2.064
16402.0,0.01777027,0.0,1.376
16480.0,-0.00198821,0.0,2.408
16558.0,0.00664667,0.0,2.064
16636.0,0.00207519,0.0,1.72
16714.0,0.01904001,0.0,2.064
16792.0,0.00796725,0.0,2.752
16870.0,0.02493207,0.0,2.408
16948.0,0.00364981,0.0,2.064
17026.0,0.00339584,0.0,2.064
17105.0,0.01182745,0.0,2.408
17183.0,0.01548446,0.0,2.408
17261.0,0.0197003,0.0,2.064
17339.0,0.00105934,0.0,2.408
17417.0,0.02315425,0.0,2.408
17495.0,0.02726842,0.0,2.064
17573.0,0.01863368,0.0,2.064
17651.0,0.01457028,0.0,2.064
17730.0,0.01401152,0.0,1.376
17808.0,0.0126401,0.0,1.72
17886.0,0.03021445,0.0,2.064
17964.0,0.02137651,0.0,2.064
18042.0,0.00359897,0.0,2.064
18120.0,0.01502744,0.0,2.064
18198.0,-0.00036283,0.0,2.408
18276.0,0.02442399,0.0,2.064
18355.0,0.03056993,0.0,2.408
18433.0,0.02940172,0.0,2.064
18511.0,0.00740849,0.0,2.408
18589.0,0.02259549,0.0,2.408
18667.0,-0.00838812,0.0,2.064
18745.0,0.02508435,0.0,2.752
18823.0,0.00349737,0.0,2.408
18901.0,0.02549068,0.0,2.408
18979.0,0.02752238,0.0,2.408
19057.0,0.0173638,0.0,2.408
19136.0,0.03636039,0.0,2.408
19214.0,0.01269094,0.0,2.408
19292.0,0.02792878,0.0,2.408
19370.0,0.02229076,0.0,2.064
19448.0,0.03173822,0.0,2.752
19526.0,0.03123022,0.0,2.752
19604.0,0.02554152,0.0,2.064
19682.0,0.01299567,0.0,2.408
19761.0,0.02965576,0.0,2.064
19839.0,0.03361756,0.0,2.408
19917.0,0.02046219,0.0,2.408
19995.0,0.01177661,0.0,2.408
20073.0,0.03285575,0.0,2.064
20151.0,0.018075,0.0,2.064
20229.0,0.03260171,0.0,2.064
20307.0,0.02863991,0.0,2.752
20385.0,0.03056993,0.0,2.408
20464.0,0.00928783,0.0,2.064
20542.0,0.02940172,0.0,1.72
20620.0,0.01995434,0.0,2.064
20698.0,0.02757322,0.0,2.064
20776.0,0.02894463,0.0,2.408
20854.0,0.02330661,0.0,2.752
20932.0,0.03803645,0.0,2.064
21010.0,0.0259986,0.0,1.72
21089.0,0.00552915,0.0,2.064
21167.0,0.05982656,0.0,2.408
21245.0,0.03509058,0.0,2.064
21323.0,0.01832896,0.0,2.408
21401.0,0.04143964,0.0,2.752
21479.0,0.01502744,0.0,2.752
21557.0,0.02670973,0.0,2.064
21635.0,0.01482417,0.0,2.064
21713.0,0.03382076,0.0,2.064
21791.0,0.0240685,0.0,2.064
21870.0,0.01218302,0.0,2.064
21948.0,0.00202451,0.0,2.064
22026.0,0.01289414,0.0,2.408
22104.0,0.03437945,0.0,1.72
22182.0,0.02772558,0.0,2.064
22260.0,0.0259986,0.0,2.752
22338.0,0.02025906,0.0,3.096
22417.0,0.02940172,0.0,1.72
22495.0,0.03026521,0.0,2.064
22573.0,0.04438567,0.0,1.72
22651.0,0.00832266,0.0,3.44
22729.0,0.02559235,0.0,2.064
22807.0,0.0376302,0.0,2.408
22885.0,0.03107793,0.0,2.408
22963.0,0.02853831,0.0,2.752
23041.0,0.02015746,0.0,3.096
23119.0,0.02772558,0.0,3.096
23198.0,0.0219352,0.0,2.408
23276.0,0.02797962,0.0,2.064
23354.0,0.04408095,0.0,2.752
23432.0,0.02117339,0.0,1.72
23510.0,0.00989728,0.0,1.72
23588.0,0.04479192,0.0,2.064
23666.0,0.02610028,0.0,1.72
23744.0,0.02843671,0.0,2.064
23822.0,0.02813191,0.0,2.064
23901.0,0.01131953,0.0,2.408
23979.0,0.02818267,0.0,2.064
24057.0,0.01843056,0.0,2.064
24135.0,0.01177661,0.0,2.408
24213.0,0.02676057,0.0,2.064
24291.0,0.01573849,0.0,2.064
24369.0,0.00177047,0.0,1.376
24447.0,0.01858285,0.0,2.064
24526.0,0.02234153,0.0,2.064
24604.0,0.00847518,0.0,2.064
24682.0,0.01985274,0.0,2.064
24760.0,0.02122407,0.0,2.064
24838.0,0.02188436,0.0,2.064
24916.0,0.01106556,0.0,2.064
24994.0,0.04138881,0.0,2.408
25072.0,0.01812576,0.0,2.064
25150.0,0.02218916,0.0,2.064
25229.0,0.01924313,0.0,2.752
25307.0,0.02726842,0.0,2.064
25385.0,0.02173215,0.0,2.064
25463.0,-0.00391831,0.0,2.064
25541.0,0.02813191,0.0,2.064
25619.0,0.01370679,0.0,2.064
25697.0,0.02066539,0.0,2.064
25775.0,0.0313319,0.0,2.064
25853.0,0.03138266,0.0,2.064
25932.0,0.01837972,0.0,2.064
26010.0,0.01650038,0.0,2.408
26088.0,0.02554152,0.0,1.72
26166.0,0.05449342,0.0,2.064
26244.0,0.03422709,0.0,2.064
26322.0,0.0351921,0.0,2.064
26400.0,0.0173638,0.0,2.064
26478.0,0.01355443,0.0,2.064
26556.0,0.02137651,0.0,2.064
26635.0,0.02467803,0.0,2.064
26713.0,0.03067153,0.0,2.064
26791.0,0.00817037,0.0,2.064
26869.0,0.02554152,0.0,2.064
26947.0,0.01832896,0.0,2.064
27025.0,0.04768719,0.0,2.064
27103.0,0.00923699,0.0,2.064
27181.0,0.02371302,0.0,2.064
27260.0,0.03376992,0.0,2.064
27338.0,0.0448936,0.0,2.064
27416.0,0.02660813,0.0,1.72
27494.0,0.032754,0.0,2.064
27572.0,0.02543999,0.0,2.064
27650.0,0.0259986,0.0,2.064
27728.0,0.02752238,0.0,2.064
27806.0,0.02579555,0.0,1.72
27884.0,0.02899547,0.0,2.064
27963.0,0.01238622,0.0,2.064
28041.0,0.02549068,0.0,2.064
28119.0,0.0428619,0.0,2.064
28197.0,0.01050688,0.0,1.72
28275.0,0.01543377,0.0,2.064
28353.0,0.0335668,0.0,2.064
28431.0,0.03590323,0.0,2.064
28509.0,0.01665274,0.0,2.064
28587.0,0.02909699,0.0,2.064
28666.0,0.01883689,0.0,1.72
28744.0,0.02350974,0.0,2.064
28822.0,0.00090698,0.0,2.064
28900.0,0.02122407,0.0,2.064
28978.0,0.02005586,0.0,2.408
29056.0,0.02249396,0.0,2.064
29134.0,0.03224615,0.0,2.064
29213.0,0.0197003,0.0,2.064
29291.0,0.01761783,0.0,2.064
29369.0,0.02284945,0.0,2.064
29447.0,0.02935088,0.0,2.064
29525.0,0.01548446,0.0,2.408
29603.0,0.0178718,0.0,2.408
29681.0,0.04154132,0.0,2.064
29759.0,-0.00097236,0.0,2.408
29837.0,0.03173822,0.0,2.064
29915.0,0.03493821,0.0,2.408
29994.0,0.00847518,0.0,2.064
30072.0,0.03686832,0.0,2.408
30150.0,0.02686209,0.0,1.376
30228.0,0.00385301,0.0,1.72
30306.0,0.01959877,0.0,1.376
30384.0,0.0335668,0.0,2.064
30462.0,0.01487501,0.0,2.064
30540.0,0.00725612,0.0,2.064
30618.0,0.0198019,0.0,1.72
30697.0,0.01573849,0.0,1.376
30775.0,0.01446868,0.0,2.064
30853.0,0.0103036,0.0,2.064
30931.0,0.02300189,0.0,1.72
31009.0,0.02188436,0.0,1.72
31087.0,0.02874143,0.0,2.064
31165.0,0.00400537,0.0,1.72
31243.0,0.02503359,0.0,1.72
31321.0,0.01959877,0.0,1.72
31400.0,0.00745925,0.0,2.064
31478.0,0.02615097,0.0,2.408
31556.0,0.03209371,0.0,1.72
31634.0,0.02371302,0.0,2.064
31712.0,0.0110148,0.0,2.064
31790.0,0.02102095,0.0,1.72
31868.0,0.02701453,0.0,2.064
31946.0,0.02244313,0.0,2.064
32025.0,0.03168746,0.0,1.72
32103.0,0.04494436,0.0,2.064
32181.0,0.01741471,0.0,2.064
32259.0,0.02350974,0.0,2.064
32337.0,0.01563689,0.0,1.72
32415.0,0.03834125,0.0,2.064
32493.0,0.03006201,0.0,2.064
32571.0,0.05393466,0.0,2.064
32649.0,0.0179734,0.0,2.064
32728.0,0.02813191,0.0,2.064
32806.0,0.01436716,0.0,2.408
32884.0,-0.004477,0.0,2.064
32962.0,0.01863368,0.0,2.408
33040.0,0.03427785,0.0,2.064
33118.0,0.02620181,0.0,2.408
33196.0,0.01274163,0.0,2.064
33274.0,0.00888142,0.0,2.408
33352.0,0.01517973,0.0,2.408
33431.0,0.03006201,0.0,2.408
33509.0,0.02782711,0.0,2.408
33587.0,0.0200051,0.0,2.408
33665.0,0.03956031,0.0,2.408
33743.0,0.02579555,0.0,2.064
33821.0,0.02569388,0.0,2.064
33899.0,0.02097019,0.0,2.064
33977.0,0.02107171,0.0,1.72
34056.0,0.03463334,0.0,1.376
34134.0,0.03473501,0.0,2.408
34212.0,0.00700209,0.0,2.408
34290.0,0.00811954,0.0,2.408
34368.0,0.02650653,0.0,2.408
34446.0,0.0316367,0.0,2.064
34524.0,0.032754,0.0,2.064
34602.0,0.02269716,0.0,1.72
34681.0,0.02310341,0.0,2.064
34759.0,0.0295034,0.0,2.064
34837.0,0.02676057,0.0,2.064
34915.0,0.03971267,0.0,2.064
34993.0,0.03178899,0.0,2.064
35071.0,0.02279869,0.0,1.72
35149.0,0.02767482,0.0,2.408
35227.0,0.03620795,0.0,2.408
35305.0,0.02660813,0.0,2.064
35383.0,0.04819504,0.0,2.408
35462.0,0.02808114,0.0,2.408
35540.0,0.04611265,0.0,2.408
35618.0,0.03864605,0.0,2.064
35696.0,0.02300189,0.0,2.064
35774.0,0.00339584,0.0,1.72
35852.0,0.00263396,0.0,2.064
35930.0,0.01482417,0.0,2.064
36008.0,0.02157964,0.0,2.064
36087.0,0.02889387,0.0,1.72
36165.0,0.03448105,0.0,2.064
36243.0,0.01868445,0.0,2.064
36321.0,0.01213218,0.0,2.408
36399.0,0.01685595,0.0,2.064
36477.0,0.02670973,0.0,2.064
36555.0,0.03788416,0.0,1.72
36633.0,0.0179734,0.0,2.064
36711.0,0.02635417,0.0,2.064
36790.0,0.02239244,0.0,1.72
36868.0,0.03143342,0.0,2.064
36946.0,0.04768719,0.0,2.064
37024.0,0.01010048,0.0,1.72
37102.0,0.02665889,0.0,2.408
37180.0,0.01106556,0.0,1.72
37258.0,0.00893226,0.0,2.408
37336.0,0.02924936,0.0,1.72
37415.0,0.01665274,0.0,2.064
37493.0,0.03123022,0.0,1.72
37571.0,0.0311287,0.0,1.376
37649.0,0.01584002,0.0,2.408
37727.0,0.02803031,0.0,1.376
37805.0,0.02706529,0.0,2.064
37883.0,0.0287922,0.0,2.408
37961.0,0.03630955,0.0,2.064
38039.0,0.02863991,0.0,2.408
38118.0,0.02523679,0.0,2.752
38196.0,0.03529362,0.0,1.72
38274.0,0.02122407,0.0,2.064
38352.0,0.02797962,0.0,2.064
38430.0,0.0243733,0.0,2.408
38508.0,0.03036673,0.0,2.064
38586.0,0.02782711,0.0,2.408
38664.0,0.03625887,0.0,2.064
38742.0,0.02315425,0.0,2.064
38821.0,0.0240685,0.0,2.064
38899.0,0.0381382,0.0,2.064
38977.0,0.02549068,0.0,1.72
39055.0,0.02518595,0.0,2.064
39133.0,0.03168746,0.0,2.064
39211.0,0.0087799,0.0,1.72
39289.0,0.04174437,0.0,1.72
39367.0,0.03996671,0.0,2.064
39445.0,0.02762406,0.0,1.72
39524.0,0.02493207,0.0,1.72
39602.0,0.03280484,0.0,1.72
39680.0,0.04362371,0.0,2.064
39758.0,0.02122407,0.0,2.064
39836.0,0.02990965,0.0,1.72
39914.0,0.02660813,0.0,2.064
39992.0,0.01279254,0.0,2.064
40070.0,0.03366832,0.0,2.064
40149.0,0.00847518,0.0,3.096
40227.0,0.010202,0.0,2.752
40305.0,0.03376992,0.0,3.44
40383.0,0.01157349,0.0,2.752
40461.0,0.04016983,0.0,2.752
40539.0,0.03615719,0.0,3.096
40617.0,0.02086851,0.0,2.752
40695.0,0.02417003,0.0,2.752
40773.0,0.00756085,0.0,2.752
40852.0,0.0316367,0.0,2.408
40930.0,0.00751001,0.0,2.752
41008.0,0.01650038,0.0,1.72
41086.0,0.02792878,0.0,0.688
41164.0,0.01904001,0.0,1.376
41242.0,0.02665889,0.0,1.032
41320.0,0.0203099,0.0,1.376
41398.0,0.02955416,0.0,1.72
41477.0,0.01904001,0.0,1.376
41555.0,0.02701453,0.0,1.376
41633.0,0.03387152,0.0,1.376
41711.0,0.01370679,0.0,1.032
41789.0,0.01817652,0.0,1.376
41867.0,0.02472879,0.0,1.72
41945.0,0.01685595,0.0,1.72
42023.0,0.03006201,0.0,1.72
42101.0,0.02579555,0.0,1.72
42179.0,0.01218302,0.0,1.72
42258.0,0.03671588,0.0,1.376
42336.0,0.01853208,0.0,1.72
42414.0,0.01888757,0.0,1.72
42492.0,0.01203065,0.0,2.064
42570.0,0.00898303,0.0,2.064
42648.0,0.00974499,0.0,2.064
42726.0,0.01533217,0.0,2.064
42804.0,0.02056379,0.0,2.064
42882.0,0.02310341,0.0,2.064
42961.0,0.01096396,0.0,2.064
43039.0,0.01497661,0.0,2.064
43117.0,0.01076076,0.0,2.408
43195.0,0.02178284,0.0,2.408
43273.0,0.03757944,0.0,2.752
43351.0,0.00629103,0.0,2.408
43429.0,0.00014517,0.0,2.752
43508.0,0.05302041,0.0,2.408
43586.0,0.03808737,0.0,2.752
43664.0,-0.0045786,0.0,1.376
43742.0,0.01777027,0.0,1.376
43820.0,0.0106084,0.0,1.376
43898.0,0.01868445,0.0,1.376
43976.0,0.03823973,0.0,1.376
44054.0,0.02305273,0.0,1.72
44132.0,0.02117339,0.0,1.72
44210.0,0.01523057,0.0,1.72
44289.0,0.01360512,0.0,1.72
44367.0,0.03229699,0.0,1.376
44445.0,0.02869059,0.0,1.72
44523.0,0.02863991,0.0,1.72
44601.0,0.02391621,0.0,1.376
44679.0,0.01238622,0.0,1.72
44757.0,0.01766867,0.0,1.72
44835.0,0.00111018,0.0,2.064
44913.0,0.02589708,0.0,1.72
44992.0,0.01558613,0.0,2.064
45070.0,0.02417003,0.0,2.064
45148.0,0.0349889,0.0,2.408
45226.0,0.02411927,0.0,2.064
45304.0,0.02711613,0.0,2.408
45382.0,0.03580163,0.0,2.408
45460.0,0.0174654,0.0,2.064
45539.0,0.01837972,0.0,2.064
45617.0,0.00349737,0.0,2.408
45695.0,0.02691293,0.0,2.064
45773.0,0.02716682,0.0,2.752
45851.0,0.02930019,0.0,2.408
45929.0,0.01258934,0.0,2.752
46007.0,0.01609406,0.0,3.096
46085.0,0.01406236,0.0,2.064
46163.0,0.02965576,0.0,2.408
46242.0,0.00583387,0.0,2.064
46320.0,0.02015746,0.0,2.408
46398.0,0.00557991,0.0,1.376
46476.0,0.00563067,0.0,1.376
46554.0,0.0091863,0.0,1.376
46632.0,0.00563067,0.0,1.376
46710.0,0.0333636,0.0,1.72
46788.0,0.0198019,0.0,1.376
46866.0,0.010202,0.0,1.376
46944.0,0.01680511,0.0,1.376
47023.0,0.01492569,0.0,1.72
47101.0,0.02503359,0.0,1.376
47179.0,0.02305273,0.0,1.376
47257.0,0.02076691,0.0,1.72
47335.0,0.01995434,0.0,1.72
47413.0,0.04387767,0.0,1.376
47491.0,0.04265862,0.0,1.72
47570.0,0.02071615,0.0,2.064
47648.0,0.03016368,0.0,1.72
47726.0,0.00527511,0.0,1.72
47804.0,0.02980812,0.0,2.408
47882.0,0.01091313,0.0,2.408
47960.0,0.00761169,0.0,2.408
48038.0,0.03260171,0.0,2.064
48116.0,0.02010662,0.0,2.064
48194.0,0.01716067,0.0,2.408
48273.0,0.0240685,0.0,2.408
48351.0,0.03417632,0.0,1.72
48429.0,0.01487501,0.0,2.408
48507.0,0.02985896,0.0,2.064
48585.0,0.02716682,0.0,1.72
48663.0,0.02965576,0.0,2.064
48741.0,0.01492569,0.0,1.72
48819.0,0.03097633,0.0,2.064
48897.0,0.01350359,0.0,2.064
48975.0,-0.00066756,0.0,1.72
49054.0,0.00329424,0.0,1.72
49132.0,0.01431624,0.0,1.72
49210.0,0.02310341,0.0,1.72
49288.0,0.00684972,0.0,2.064
49366.0,0.01700831,0.0,1.72
49444.0,0.02985896,0.0,1.72
49522.0,0.00984659,0.0,1.72
49600.0,0.00817037,0.0,1.72
49679.0,0.010202,0.0,1.72
49757.0,0.01538293,0.0,2.064
49835.0,0.02254473,0.0,2.064
49913.0,0.01939557,0.0,2.064
49991.0,-0.01128323,0.0,1.72
50069.0,0.00745925,0.0,2.064
50147.0,0.01502744,0.0,1.72
50225.0,0.00862754,0.0,2.064
50303.0,0.0132497,0.0,2.064
50382.0,0.01771936,0.0,2.064
50460.0,0.03310956,0.0,1.72
50538.0,0.01279254,0.0,1.72
50616.0,0.02097019,0.0,2.064
50694.0,0.0295034,0.0,2.064
50772.0,0.01223378,0.0,1.72
50850.0,0.00182131,0.0,2.064
50928.0,0.02417003,0.0,2.064
51006.0,0.03930634,0.0,2.064
51085.0,0.00842434,0.0,2.064
51163.0,-0.01138483,0.0,2.064
51241.0,0.00969408,0.0,2.064
51319.0,0.03067153,0.0,1.72
51397.0,0.02345898,0.0,2.064
51475.0,0.03072237,0.0,1.72
51553.0,0.02295105,0.0,2.064
51631.0,0.00761169,0.0,2.064
51710.0,0.01045604,0.0,2.064
51788.0,0.02706529,0.0,2.064
51866.0,0.01914161,0.0,2.064
51944.0,0.0012117,0.0,2.064
52022.0,0.02670973,0.0,2.064
52100.0,0.03605559,0.0,2.064
52178.0,0.02366218,0.0,2.064
52256.0,0.02290029,0.0,2.064
52334.0,0.02808114,0.0,2.064
52413.0,0.04230313,0.0,2.064
52491.0,0.01731311,0.0,2.064
52569.0,0.00497038,0.0,2.064
52647.0,0.00994811,0.0,2.064
52725.0,0.0287922,0.0,1.72
52803.0,-0.004985,0.0,1.72
52881.0,0.02452566,0.0,2.064
52959.0,0.02361142,0.0,2.064
53037.0,0.04611265,0.0,1.72
53116.0,0.01467188,0.0,2.064
53194.0,0.01360512,0.0,2.064
53272.0,0.00608791,0.0,1.72
53350.0,0.03189051,0.0,2.064
53428.0,0.02711613,0.0,2.064
53506.0,-0.00788012,0.0,1.72
53584.0,0.01523057,0.0,2.064
53662.0,0.02036059,0.0,1.72
53741.0,0.03641115,0.0,1.72
53819.0,0.03620795,0.0,2.064
53897.0,-0.00142952,0.0,2.064
53975.0,0.03585239,0.0,2.064
54053.0,0.02528748,0.0,2.408
54131.0,0.03554766,0.0,2.064
54209.0,0.03244927,0.0,2.064
54287.0,0.01223378,0.0,2.064
54366.0,0.01599246,0.0,1.72
54444.0,0.01289414,0.0,2.064
54522.0,0.03610643,0.0,2.064
54600.0,0.03168746,0.0,1.72
54678.0,0.03890002,0.0,2.064
54756.0,0.02223993,0.0,2.408
54834.0,0.02904616,0.0,2.064
54912.0,-0.01138483,0.0,2.064
54990.0,0.02371302,0.0,2.064
55069.0,0.0090847,0.0,2.064
55147.0,0.01365595,0.0,2.064
55225.0,0.01553529,0.0,2.064
55303.0,-0.00249614,0.0,2.064
55381.0,0.02015746,0.0,2.064
55459.0,0.02472879,0.0,2.064
55537.0,0.03250011,0.0,2.064
55615.0,0.02010662,0.0,2.064
55693.0,0.03524294,0.0,2.064
55771.0,0.010202,0.0,2.064
55850.0,0.0219352,0.0,2.408
55928.0,0.0179734,0.0,2.064
56006.0,0.0237637,0.0,1.72
56084.0,0.01025284,0.0,2.408
56162.0,0.01457028,0.0,2.064
56240.0,0.01985274,0.0,2.408
56318.0,0.02036059,0.0,2.064
56396.0,0.02218916,0.0,2.752
56474.0,0.01299567,0.0,2.064
56553.0,0.02198596,0.0,2.064
56631.0,0.006545,0.0,2.064
56709.0,0.02930019,0.0,2.064
56787.0,0.01761783,0.0,2.752
56865.0,0.02665889,0.0,2.064
56943.0,0.01619566,0.0,2.408
57021.0,0.026405,0.0,2.064
57100.0,0.01507821,0.0,1.376
57178.0,0.03483661,0.0,1.72
57256.0,0.02091935,0.0,2.064
57334.0,0.00690049,0.0,2.064
57412.0,0.02604937,0.0,2.064
57490.0,0.03250011,0.0,2.064
57568.0,0.0259986,0.0,3.44
57646.0,0.02147811,0.0,2.752
57724.0,0.03077313,0.0,2.752
57802.0,0.03483661,0.0,3.44
57881.0,0.02782711,0.0,2.752
57959.0,0.02584624,0.0,2.752
58037.0,0.01426541,0.0,2.408
58115.0,0.05144587,0.0,2.408
58193.0,0.01670351,0.0,2.064
58271.0,0.0087799,0.0,2.408
58349.0,0.01802408,0.0,2.408
58427.0,0.02985896,0.0,2.408
58505.0,0.01431624,0.0,2.064
58584.0,0.0393571,0.0,2.064
58662.0,0.04717919,0.0,2.064
58740.0,0.01512897,0.0,2.064
58818.0,-0.00341039,0.0,2.064
58896.0,0.01330039,0.0,2.408
58974.0,0.00786565,0.0,2.064
59052.0,0.01716067,0.0,2.064
59131.0,0.00832266,0.0,2.064
59209.0,-0.00102312,0.0,2.064
59287.0,0.04540152,0.0,1.72
59365.0,0.01589093,0.0,2.064
59443.0,0.02005586,0.0,2.064
59521.0,0.02904616,0.0,2.064
59599.0,0.02711613,0.0,1.72
59677.0,0.01904001,0.0,1.72
59755.0,0.02772558,0.0,2.064
59834.0,0.02091935,0.0,2.064
59912.0,0.00136414,0.0,2.064
59990.0,0.02229076,0.0,1.376
60068.0,0.01949717,0.0,1.72
60146.0,0.0126401,0.0,2.408
60224.0,0.00471642,0.0,2.752
60302.0,0.02808114,0.0,2.752
60380.0,0.01853208,0.0,2.752
60458.0,0.00629103,0.0,2.752
60536.0,0.03854445,0.0,2.408
60615.0,0.01426541,0.0,2.408
60693.0,0.0259986,0.0,2.752
60771.0,0.02254473,0.0,2.408
60849.0,0.01584002,0.0,2.408
60927.0,0.02107171,0.0,2.408
61005.0,0.01457028,0.0,2.408
61083.0,0.01218302,0.0,2.064
61161.0,-0.00539133,0.0,2.408
61240.0,0.03102717,0.0,2.064
61318.0,0.0243733,0.0,2.064
61396.0,0.01782096,0.0,2.064
61474.0,0.03036673,0.0,2.408
61552.0,0.00075462,0.0,2.064
61630.0,0.03590323,0.0,2.064
61708.0,0.01385915,0.0,2.064
61786.0,0.01594169,0.0,2.408
61865.0,0.0173638,0.0,1.72
61943.0,0.01213218,0.0,2.408
62021.0,0.03107793,0.0,2.064
62099.0,0.00339584,0.0,2.064
62177.0,0.00151651,0.0,2.408
62255.0,0.01467188,0.0,2.064
62333.0,0.01482417,0.0,1.376
62411.0,0.03595399,0.0,2.064
62489.0,0.02350974,0.0,2.408
62568.0,0.03930634,0.0,2.064
62646.0,0.01548446,0.0,2.064
62724.0,0.02188436,0.0,2.064
62802.0,0.03204302,0.0,2.752
62880.0,0.01375755,0.0,4.128
62958.0,0.01467188,0.0,2.752
63036.0,0.02295105,0.0,2.752
63114.0,0.02432247,0.0,2.752
63192.0,0.02005586,0.0,2.064
63271.0,0.01370679,0.0,2.064
63349.0,0.02036059,0.0,2.408
63427.0,0.01126876,0.0,2.408
63505.0,0.00969408,0.0,2.408
63583.0,0.02041142,0.0,2.408
63661.0,0.01162425,0.0,2.408
63739.0,-0.0027501,0.0,2.752
63817.0,0.01345283,0.0,2.408
63896.0,0.01380839,0.0,2.408
63974.0,0.02208756,0.0,2.064
64052.0,0.02340814,0.0,2.064
64130.0,0.02229076,0.0,2.408
64208.0,0.03808737,0.0,2.408
64286.0,0.01964961,0.0,2.408
64364.0,0.01843056,0.0,2.408
64442.0,0.02665889,0.0,2.408
64520.0,-0.00102312,0.0,1.72
64598.0,0.02218916,0.0,2.064
64677.0,0.01893841,0.0,2.408
64755.0,0.0174654,0.0,2.408
64833.0,0.00268479,0.0,2.064
64911.0,0.05185219,0.0,2.064
64989.0,0.037427,0.0,2.064
65067.0,0.01665274,0.0,2.064
65145.0,0.01573849,0.0,1.72
65223.0,0.03280484,0.0,2.064
65301.0,0.01604322,0.0,2.064
65380.0,0.04042379,0.0,1.72
65458.0,0.0205131,0.0,1.72
65536.0,0.01375755,0.0,2.752
65614.0,0.0091863,0.0,2.752
65692.0,0.02391621,0.0,2.064
65770.0,0.02066539,0.0,2.752
65848.0,0.01584002,0.0,2.408
65926.0,0.01233538,0.0,2.752
66005.0,0.02620181,0.0,2.408
66083.0,0.01472264,0.0,2.408
66161.0,-0.01016586,0.0,2.408
66239.0,0.01533217,0.0,2.408
66317.0,0.01629718,0.0,2.408
66395.0,0.01502744,0.0,2.408
66473.0,0.00644347,0.0,2.408
66551.0,0.00177047,0.0,2.064
66630.0,0.02930019,0.0,2.408
66708.0,0.01777027,0.0,2.064
66786.0,0.01802408,0.0,1.72
66864.0,0.01279254,0.0,2.064
66942.0,0.02706529,0.0,2.408
67020.0,-0.00158189,0.0,2.064
67098.0,0.00024669,0.0,2.408
67176.0,0.01162425,0.0,2.064
67254.0,0.0311287,0.0,2.064
67333.0,0.00827197,0.0,2.064
67411.0,0.02838587,0.0,2.064
67489.0,0.02990965,0.0,1.376
67567.0,0.0237637,0.0,2.408
67645.0,0.02091935,0.0,2.064
67723.0,0.02183367,0.0,2.064
67801.0,0.02498275,0.0,2.064
67879.0,0.02757322,0.0,2.064
67958.0,0.00979575,0.0,2.064
68036.0,0.03051925,0.0,2.064
68114.0,0.02366218,0.0,2.064
68192.0,0.01208134,0.0,2.064
68270.0,0.01944634,0.0,2.408
68348.0,0.02559235,0.0,2.064
68426.0,0.03331276,0.0,2.064
68504.0,0.01050688,0.0,2.064
68582.0,0.00497038,0.0,2.064
68660.0,0.00532595,0.0,2.064
68739.0,0.00527511,0.0,2.064
68817.0,0.02498275,0.0,2.064
68895.0,0.04601097,0.0,2.064
68973.0,0.00542762,0.0,2.064
69051.0,0.03849361,0.0,2.064
69129.0,0.00801794,0.0,2.064
69207.0,0.01218302,0.0,2.064
69285.0,-0.01295945,0.0,2.408
69363.0,0.02721765,0.0,2.064
69442.0,-0.00854048,0.0,2.064
69520.0,0.01401152,0.0,2.064
69598.0,0.0349889,0.0,2.064
69676.0,0.02975736,0.0,2.064
69754.0,0.01837972,0.0,1.72
69832.0,0.01700831,0.0,2.064
69910.0,0.01512897,0.0,2.064
69989.0,0.02650653,0.0,2.064
70067.0,0.0259986,0.0,2.064
70145.0,0.01558613,0.0,2.064
70223.0,0.03407465,0.0,2.408
70301.0,0.01914161,0.0,2.064
70379.0,0.02615097,0.0,2.064
70457.0,0.03280484,0.0,2.064
70535.0,0.04133805,0.0,2.064
70613.0,0.02168124,0.0,2.064
70691.0,0.00070385,0.0,2.064
70770.0,0.02208756,0.0,2.064
70848.0,0.02914783,0.0,2.064
70926.0,0.03376992,0.0,1.72
71004.0,0.02747154,0.0,2.064
71082.0,0.02041142,0.0,1.72
71160.0,0.02762406,0.0,2.064
71238.0,0.0259986,0.0,2.064
71316.0,0.0316367,0.0,2.064
71394.0,0.02660813,0.0,2.064
71473.0,0.02279869,0.0,2.064
71551.0,0.01401152,0.0,2.064
71629.0,0.01441792,0.0,2.064
71707.0,0.00969408,0.0,2.064
71785.0,0.02701453,0.0,2.064
71863.0,0.00817037,0.0,2.064
71941.0,0.01065924,0.0,2.408
72020.0,0.01909085,0.0,1.72
72098.0,0.01985274,0.0,2.064
72176.0,-0.00071832,0.0,2.064
72254.0,0.01279254,0.0,2.064
72332.0,0.01995434,0.0,1.376
72410.0,-0.00899757,0.0,1.72
72488.0,0.01299567,0.0,1.376
72566.0,0.00989728,0.0,1.376
72644.0,0.01467188,0.0,1.376
72723.0,0.02670973,0.0,2.064
72801.0,0.01695755,0.0,2.064
72879.0,0.02472879,0.0,2.408
72957.0,0.01548446,0.0,2.064
73035.0,0.03514134,0.0,2.064
73113.0,0.03554766,0.0,2.064
73191.0,0.01213218,0.0,2.064
73269.0,-0.00224217,0.0,2.408
73347.0,0.00177047,0.0,1.72
73426.0,0.03178899,0.0,2.064
73504.0,0.02604937,0.0,2.064
73582.0,0.01380839,0.0,2.752
73660.0,0.01528133,0.0,2.064
73738.0,0.02488123,0.0,2.064
73816.0,0.02447483,0.0,2.064
73894.0,0.010202,0.0,1.72
73972.0,0.00415773,0.0,2.064
74050.0,0.0106084,0.0,2.064
74128.0,0.01446868,0.0,2.064
74207.0,0.02239244,0.0,2.064
74285.0,0.00710376,0.0,2.064
74363.0,0.00420857,0.0,2.064
74441.0,0.0044117,0.0,2.064
74519.0,0.03905238,0.0,2.064
74597.0,0.01233538,0.0,2.064
74675.0,0.01873528,0.0,2.064
74754.0,0.00608791,0.0,2.064
74832.0,0.02874143,0.0,2.064
74910.0,-0.00940389,0.0,2.064
74988.0,0.02635417,0.0,2.064
75066.0,0.03158578,0.0,2.064
75144.0,0.03138266,0.0,2.064
75222.0,0.01467188,0.0,2.064
75300.0,0.00278632,0.0,2.064
75378.0,0.03448105,0.0,2.064
75457.0,0.0200051,0.0,2.064
75535.0,0.01726227,0.0,2.064
75613.0,0.01655122,0.0,2.064
75691.0,0.02894463,0.0,2.064
75769.0,0.00679888,0.0,2.408
75847.0,0.04326815,0.0,2.064
75925.0,0.01721151,0.0,2.064
76003.0,0.03006201,0.0,2.064
76081.0,0.01055756,0.0,2.064
76160.0,0.02889387,0.0,2.064
76238.0,0.02701453,0.0,1.72
76316.0,0.00268479,0.0,2.064
76394.0,0.00497038,0.0,2.064
76472.0,0.02970644,0.0,2.064
76550.0,0.01716067,0.0,2.064
76628.0,0.02208756,0.0,2.064
76706.0,0.01497661,0.0,1.72
76784.0,0.00177047,0.0,2.064
76863.0,0.0381382,0.0,2.064
76941.0,0.02681126,0.0,1.72
77019.0,0.01644962,0.0,2.064
77097.0,0.02244313,0.0,2.064
77175.0,0.02356058,0.0,2.064
77253.0,0.0287922,0.0,2.064
77331.0,0.00171963,0.0,1.72
77409.0,0.0315351,0.0,1.72
77488.0,0.03072237,0.0,2.064
77566.0,0.03829049,0.0,2.064
77644.0,0.0205131,0.0,1.72
77722.0,0.04743322,0.0,2.064
77800.0,0.02350974,0.0,1.72
77878.0,0.03011285,0.0,2.064
77956.0,0.01350359,0.0,2.064
78034.0,0.0178718,0.0,1.72
78112.0,0.02919859,0.0,2.064
78191.0,0.01543377,0.0,2.064
78269.0,0.02869059,0.0,2.064
78347.0,0.02645584,0.0,2.064
78425.0,0.02676057,0.0,2.064
78503.0,0.00684972,0.0,2.064
78581.0,0.02432247,0.0,2.064
78659.0,-0.01021662,0.0,2.064
78737.0,-7.27e-06,0.0,2.064
78815.0,0.01457028,0.0,1.72
78894.0,0.0311287,0.0,2.064
78972.0,0.01340199,0.0,2.408
79050.0,0.02914783,0.0,1.72
79128.0,0.04072852,0.0,1.72
79206.0,0.02122407,0.0,2.064
79284.0,0.01609406,0.0,2.408
79362.0,0.02665889,0.0,2.408
79440.0,0.02168124,0.0,1.72
79519.0,0.02239244,0.0,2.064
79597.0,0.02970644,0.0,2.064
79675.0,0.03260171,0.0,2.408
79753.0,-0.00168349,0.0,2.064
79831.0,0.02411927,0.0,2.408
79909.0,0.01609406,0.0,2.064
79987.0,0.02290029,0.0,2.408
80065.0,0.00171963,0.0,2.064
80143.0,0.02625264,0.0,1.72
80221.0,0.02015746,0.0,2.064
80300.0,0.03717304,0.0,2.064
80378.0,0.01380839,0.0,2.064
80456.0,0.02670973,0.0,2.408
80534.0,0.01624642,0.0,2.064
80612.0,0.00573235,0.0,2.064
80690.0,0.00979575,0.0,2.408
80768.0,0.00756085,0.0,2.064
80846.0,0.00126254,0.0,2.064
80925.0,0.01995434,0.0,2.064
81003.0,0.01345283,0.0,2.408
81081.0,0.0200051,0.0,2.064
81159.0,0.02894463,0.0,2.064
81237.0,0.01858285,0.0,2.064
81315.0,0.01914161,0.0,1.72
81393.0,0.04143964,0.0,2.408
81471.0,0.0205131,0.0,2.064
81549.0,0.01975114,0.0,2.064
81628.0,0.03006201,0.0,2.064
81706.0,0.00776405,0.0,1.72
81784.0,0.00888142,0.0,2.408
81862.0,0.01345283,0.0,2.064
81940.0,0.02345898,0.0,1.72
82018.0,0.01355443,0.0,1.72
82096.0,0.02310341,0.0,2.408
82174.0,0.00781481,0.0,2.064
82253.0,0.04194757,0.0,2.064
82331.0,0.01004971,0.0,2.064
82409.0,0.03910322,0.0,2.408
82487.0,0.01431624,0.0,2.064
82565.0,0.02041142,0.0,2.408
82643.0,0.01330039,0.0,2.408
82721.0,0.01878605,0.0,2.408
82799.0,0.02208756,0.0,2.408
82877.0,0.01274163,0.0,2.064
82956.0,0.00872906,0.0,2.064
83034.0,0.04982049,0.0,2.064
83112.0,0.0245765,0.0,2.064
83190.0,0.01817652,0.0,2.064
83268.0,0.01025284,0.0,1.72
83346.0,0.02371302,0.0,2.064
83424.0,0.02706529,0.0,1.72
83502.0,0.0309255,0.0,2.064
83580.0,0.01421472,0.0,1.72
83658.0,0.03793493,0.0,2.064
83737.0,0.01538293,0.0,1.72
83815.0,0.03402389,0.0,2.064
83893.0,0.01975114,0.0,2.064
83971.0,0.00862754,0.0,2.064
84049.0,0.01837972,0.0,2.064
84127.0,0.02797962,0.0,2.408
84205.0,0.01655122,0.0,1.72
84284.0,0.02919859,0.0,1.72
84362.0,0.01441792,0.0,2.064
84440.0,0.00842434,0.0,2.408
84518.0,0.03524294,0.0,1.72
84596.0,0.00786565,0.0,2.064
84674.0,0.00542762,0.0,2.064
84752.0,0.02625264,0.0,2.064
84830.0,0.0444872,0.0,2.408
84908.0,0.00659576,0.0,2.064
84987.0,0.02107171,0.0,2.408
85065.0,0.01573849,0.0,2.064
85143.0,0.01192905,0.0,2.408
85221.0,0.02975736,0.0,2.064
85299.0,0.02102095,0.0,2.408
85377.0,0.01792256,0.0,2.064
85455.0,0.02041142,0.0,2.064
85533.0,0.0091863,0.0,1.72
85611.0,-0.00264857,0.0,2.064
85689.0,0.01827812,0.0,2.064
85768.0,0.02300189,0.0,1.72
85846.0,0.03930634,0.0,2.064
85924.0,0.01589093,0.0,2.064
86002.0,-0.00015956,0.0,2.064
86080.0,0.00994811,0.0,1.72
86158.0,0.01457028,0.0,2.064
86236.0,0.01299567,0.0,1.72
86314.0,0.03493821,0.0,1.72
86393.0,0.0219352,0.0,1.72
86471.0,0.01700831,0.0,1.376
86549.0,0.01401152,0.0,2.752
86627.0,0.02503359,0.0,2.064
86705.0,0.02117339,0.0,2.064
86783.0,0.03011285,0.0,1.72
86861.0,0.02655737,0.0,2.064
86939.0,0.02340814,0.0,1.032
87018.0,0.04982049,0.0,2.064
87096.0,0.0108116,0.0,2.408
87174.0,0.03310956,0.0,1.72
87252.0,0.00827197,0.0,2.064
87330.0,0.00959255,0.0,2.064
87408.0,0.02630333,0.0,2.064
87486.0,0.01116716,0.0,2.408
87564.0,0.02086851,0.0,1.72
87642.0,0.01934474,0.0,2.064
87720.0,0.02650653,0.0,1.72
87799.0,0.02533832,0.0,2.408
87877.0,0.02163048,0.0,2.064
87955.0,0.02447483,0.0,2.064
88033.0,0.01985274,0.0,2.064
88111.0,0.00618943,0.0,2.064
88189.0,0.02279869,0.0,2.064
88267.0,0.02498275,0.0,2.064
88345.0,-0.00137861,0.0,2.064
88424.0,0.02985896,0.0,2.064
88502.0,0.01741471,0.0,2.064
88580.0,0.01629718,0.0,2.064
88658.0,0.00684972,0.0,1.72
88736.0,0.02518595,0.0,2.064
88814.0,0.02528748,0.0,1.376
88892.0,0.00563067,0.0,1.72
88970.0,0.02036059,0.0,2.064
89049.0,0.00425926,0.0,1.376
89127.0,0.02025906,0.0,1.032
89205.0,-0.00107388,0.0,1.376
89283.0,0.00263396,0.0,1.376
89361.0,0.01761783,0.0,1.376
89439.0,0.0131481,0.0,1.72
89517.0,0.0173638,0.0,1.72
89595.0,0.00329424,0.0,1.376
89673.0,0.01843056,0.0,1.72
89751.0,0.01766867,0.0,1.72
89830.0,0.01065924,0.0,1.376
89908.0,0.02909699,0.0,1.72
89986.0,0.00583387,0.0,2.064
90064.0,0.0063418,0.0,2.064
90142.0,0.0179734,0.0,1.72
90220.0,0.03016368,0.0,1.72
90298.0,-0.00183577,0.0,2.064
90376.0,0.00913546,0.0,1.376
90454.0,0.01863368,0.0,1.72
90533.0,0.01426541,0.0,2.064
90611.0,0.02188436,0.0,2.064
90689.0,0.01126876,0.0,2.064
90767.0,0.00852594,0.0,2.064
90845.0,0.01289414,0.0,2.064
90923.0,0.01365595,0.0,2.064
91001.0,0.02681126,0.0,2.064
91079.0,0.01380839,0.0,2.064
91158.0,0.01187829,0.0,2.752
91236.0,0.02945256,0.0,2.752
91314.0,0.01609406,0.0,2.752
91392.0,0.02173215,0.0,2.408
91470.0,0.01258934,0.0,2.408
91548.0,0.00944019,0.0,2.752
91626.0,0.01121785,0.0,2.408
91704.0,0.00659576,0.0,2.408
91783.0,0.02076691,0.0,2.408
91861.0,0.01771936,0.0,2.408
91939.0,0.01761783,0.0,2.408
92017.0,0.01106556,0.0,2.408
92095.0,0.0090847,0.0,2.408
92173.0,0.03072237,0.0,2.408
92251.0,0.01827812,0.0,2.408
92329.0,0.00568143,0.0,1.376
92407.0,0.04880464,0.0,1.72
92485.0,0.02742086,0.0,2.064
92564.0,-0.00137861,0.0,1.72
92642.0,0.01330039,0.0,2.064
92720.0,0.02102095,0.0,1.72
92798.0,0.02208756,0.0,1.72
92876.0,0.03178899,0.0,1.72
92954.0,0.02173215,0.0,1.72
93032.0,0.02183367,0.0,2.064
93110.0,0.02670973,0.0,2.064
93189.0,0.01832896,0.0,1.376
93267.0,0.02533832,0.0,1.376
93345.0,0.03214455,0.0,1.376
93423.0,0.03062077,0.0,1.72
93501.0,0.00527511,0.0,1.376
93579.0,0.0199035,0.0,2.064
93657.0,0.02325578,0.0,1.376
93735.0,0.01944634,0.0,1.376
93814.0,0.02716682,0.0,1.72
93892.0,0.01568773,0.0,2.408
93970.0,0.02163048,0.0,2.064
94048.0,0.01396068,0.0,2.408
94126.0,0.02284945,0.0,2.064
94204.0,0.01177661,0.0,2.408
94282.0,0.00811954,0.0,2.064
94360.0,0.03417632,0.0,2.064
94438.0,0.01614475,0.0,2.064
94517.0,0.0200051,0.0,2.064
94595.0,0.02604937,0.0,2.064
94673.0,0.02477955,0.0,2.064
94751.0,0.0354969,0.0,1.72
94829.0,0.03183982,0.0,2.064
94907.0,0.02371302,0.0,2.064
94985.0,0.03443021,0.0,2.064
95063.0,0.01777027,0.0,1.376
95141.0,0.03503981,0.0,1.376
95220.0,0.00649416,0.0,1.72
95298.0,0.03082397,0.0,1.72
95376.0,0.02249396,0.0,1.72
95454.0,0.01177661,0.0,1.72
95532.0,0.00212603,0.0,1.72
95610.0,0.01959877,0.0,1.72
95688.0,0.01660198,0.0,1.72
95766.0,0.03610643,0.0,1.72
95844.0,0.03265247,0.0,1.72
95923.0,0.03295727,0.0,2.064
96001.0,0.02747154,0.0,2.064
96079.0,0.01929405,0.0,1.72
96157.0,0.03026521,0.0,1.72
96235.0,0.02208756,0.0,1.376
96313.0,0.00329424,0.0,1.376
96391.0,0.03244927,0.0,1.376
96469.0,0.01238622,0.0,1.376
96548.0,0.03681748,0.0,1.72
96626.0,0.01258934,0.0,1.376
96704.0,0.00959255,0.0,1.376
96782.0,0.0043101,0.0,1.376
96860.0,0.0126401,0.0,1.72
96938.0,0.02223993,0.0,1.376
97016.0,0.03011285,0.0,2.064
97094.0,0.01390999,0.0,2.408
97172.0,0.02183367,0.0,2.064
97251.0,0.00852594,0.0,2.064
97329.0,0.01548446,0.0,2.408
97407.0,0.02625264,0.0,2.064
97485.0,0.02020822,0.0,1.376
97563.0,0.02869059,0.0,2.064
97641.0,-0.00407068,0.0,1.72
97719.0,0.02305273,0.0,2.064
97797.0,0.02645584,0.0,2.064
97875.0,0.03194142,0.0,1.72
97954.0,0.02960492,0.0,2.064
98032.0,0.01898932,0.0,1.72
98110.0,0.01710998,0.0,1.72
98188.0,0.01167509,0.0,1.72
98266.0,0.01401152,0.0,1.376
98344.0,0.02168124,0.0,1.72
98422.0,0.01538293,0.0,2.064
98500.0,0.01218302,0.0,1.72
98578.0,-0.00595001,0.0,1.376
98657.0,0.00893226,0.0,1.72
98735.0,0.017567,0.0,1.72
98813.0,0.03041765,0.0,2.064
98891.0,0.03361756,0.0,1.72
98969.0,0.01192905,0.0,1.72
99047.0,0.01472264,0.0,2.064
99125.0,-0.0009216,0.0,2.064
99204.0,0.02239244,0.0,1.72
99282.0,0.03046841,0.0,2.064
99360.0,0.01055756,0.0,2.064
99438.0,0.00527511,0.0,2.408
99516.0,0.03671588,0.0,2.064
99594.0,0.02767482,0.0,2.064
99672.0,0.03463334,0.0,2.752
99750.0,0.01396068,0.0,2.752
99828.0,0.00903379,0.0,2.408
99906.0,0.04077936,0.0,2.408
99985.0,0.02015746,0.0,2.408
100063.0,0.01985274,0.0,2.408
100141.0,0.03016368,0.0,2.408
100219.0,0.02290029,0.0,2.408
100297.0,0.01289414,0.0,2.408
100375.0,0.02117339,0.0,2.408
100453.0,-0.00401991,0.0,2.408
100531.0,0.01777027,0.0,2.408
100609.0,0.00796725,0.0,1.72
100688.0,0.00822114,0.0,1.72
100766.0,0.00034829,0.0,2.064
100844.0,0.01650038,0.0,2.064
100922.0,0.02665889,0.0,1.72
101000.0,-0.00026131,0.0,2.064
101078.0,0.0198019,0.0,2.064
101156.0,0.01848132,0.0,2.064
101235.0,0.02584624,0.0,2.064
101313.0,0.01177661,0.0,1.72
101391.0,0.02665889,0.0,1.72
101469.0,0.0108116,0.0,1.72
101547.0,0.02102095,0.0,2.064
101625.0,0.03986503,0.0,1.72
101703.0,0.00105934,0.0,2.064
101781.0,0.01365595,0.0,1.72
101859.0,0.01228454,0.0,1.72
101937.0,0.03183982,0.0,1.72
102016.0,0.0219352,0.0,1.72
102094.0,0.01426541,0.0,1.72
102172.0,0.0353953,0.0,2.064
102250.0,0.00034829,0.0,2.064
102328.0,0.02711613,0.0,1.72
102406.0,0.01964961,0.0,1.72
102484.0,-0.01001342,0.0,2.064
102562.0,0.01802408,0.0,1.72
102640.0,-0.000312,0.0,2.064
102719.0,0.01680511,0.0,1.72
102797.0,0.026405,0.0,1.032
102875.0,0.02249396,0.0,2.064
102953.0,0.00822114,0.0,1.72
103031.0,0.03158578,0.0,2.064
103109.0,0.01538293,0.0,2.064
103187.0,0.01594169,0.0,2.064
103266.0,0.01726227,0.0,2.064
103344.0,0.01858285,0.0,2.064
103422.0,0.01294483,0.0,2.064
103500.0,0.01751623,0.0,2.064
103578.0,0.03046841,0.0,2.064
103656.0,0.00065302,0.0,2.064
103734.0,0.01396068,0.0,1.72
103812.0,0.02747154,0.0,2.064
103890.0,0.0335668,0.0,1.72
103969.0,0.00883074,0.0,1.72
104047.0,0.02142727,0.0,2.064
104125.0,0.02025906,0.0,2.064
104203.0,0.02335745,0.0,2.064
104281.0,0.00222763,0.0,2.064
104359.0,0.01258934,0.0,1.72
104437.0,0.01462097,0.0,2.064
104515.0,0.00893226,0.0,2.064
104593.0,0.02295105,0.0,2.064
104671.0,0.01472264,0.0,2.064
104750.0,0.0063418,0.0,1.72
104828.0,0.02427178,0.0,1.72
104906.0,0.00014517,0.0,1.72
104984.0,0.04753475,0.0,2.064
105062.0,0.01939557,0.0,2.064
105140.0,0.01812576,0.0,2.064
105218.0,0.02462719,0.0,1.72
105297.0,0.01553529,0.0,2.408
105375.0,0.00928783,0.0,2.064
105453.0,0.00502115,0.0,2.064
105531.0,0.03224615,0.0,2.064
105609.0,0.01228454,0.0,2.064
105687.0,0.01477348,0.0,2.064
105765.0,0.01629718,0.0,2.408
105843.0,0.00679888,0.0,2.408
105921.0,0.01873528,0.0,2.408
106000.0,0.0349889,0.0,2.408
106078.0,0.02615097,0.0,2.408
106156.0,0.01609406,0.0,2.064
106234.0,0.00842434,0.0,2.064
106312.0,0.00314188,0.0,1.376
106390.0,0.0240685,0.0,2.408
106468.0,0.02417003,0.0,2.064
106546.0,0.0240685,0.0,2.064
106624.0,0.0128433,0.0,2.408
106703.0,0.02894463,0.0,2.064
106781.0,0.03265247,0.0,2.408
106859.0,0.02208756,0.0,2.064
106937.0,0.00949103,0.0,2.064
107015.0,0.00552915,0.0,1.376
107093.0,0.00481802,0.0,2.064
107171.0,0.01766867,0.0,1.72
107249.0,0.02020822,0.0,2.064
107327.0,0.02528748,0.0,2.408
107406.0,0.01365595,0.0,2.064
107484.0,0.01914161,0.0,2.064
107562.0,0.03778264,0.0,2.064
107640.0,0.01431624,0.0,2.064
107718.0,0.02300189,0.0,2.064
107796.0,0.01426541,0.0,2.064
107874.0,0.01873528,0.0,2.064
107952.0,-0.00015956,0.0,2.064
108030.0,0.0091863,0.0,2.064
108108.0,0.01858285,0.0,2.064
108187.0,0.02223993,0.0,2.064
108265.0,0.02036059,0.0,2.064
108343.0,0.01904001,0.0,2.064
108421.0,0.01766867,0.0,2.064
108499.0,-0.00351199,0.0,2.064
108577.0,0.00380217,0.0,2.064
108655.0,0.01411312,0.0,2.064
108734.0,0.0376302,0.0,2.064
108812.0,0.02020822,0.0,1.72
108890.0,0.01812576,0.0,2.064
108968.0,0.03503981,0.0,2.064
109046.0,0.02066539,0.0,2.752
109124.0,0.00598623,0.0,2.752
109202.0,0.02442399,0.0,2.752
109280.0,0.01050688,0.0,2.408
109358.0,0.02584624,0.0,2.408
109437.0,0.00852594,0.0,2.408
109515.0,0.01441792,0.0,2.752
109593.0,0.01208134,0.0,2.408
109671.0,0.02178284,0.0,2.408
109749.0,0.02310341,0.0,2.408
109827.0,0.02528748,0.0,2.408
109905.0,0.01665274,0.0,2.408
109983.0,0.04291258,0.0,2.408
110061.0,0.00349737,0.0,2.408
110139.0,0.01330039,0.0,2.064
110218.0,0.02178284,0.0,2.064
110296.0,0.00974499,0.0,2.408
110374.0,0.00872906,0.0,2.408
110452.0,0.02731926,0.0,2.064
110530.0,0.01279254,0.0,2.064
110608.0,0.00745925,0.0,2.408
110686.0,0.00349737,0.0,2.064
110765.0,0.02503359,0.0,2.064
110843.0,0.0061386,0.0,2.064
110921.0,0.03666512,0.0,2.408
110999.0,0.01853208,0.0,2.408
111077.0,0.01157349,0.0,2.064
111155.0,0.04204917,0.0,2.064
111233.0,0.02503359,0.0,2.064
111311.0,0.00735765,0.0,2.064
111389.0,0.00903379,0.0,2.064
111468.0,0.01274163,0.0,2.064
111546.0,0.02569388,0.0,2.064
111624.0,0.00278632,0.0,2.752
111702.0,0.01817652,0.0,2.752
111780.0,0.02046219,0.0,2.408
111858.0,0.02589708,0.0,2.408
111936.0,0.0106084,0.0,2.752
112014.0,0.02889387,0.0,2.752
112093.0,0.01487501,0.0,2.408
112171.0,0.00563067,0.0,2.408
112249.0,0.01629718,0.0,2.752
112327.0,0.02853831,0.0,2.408
112405.0,0.03001117,0.0,2.408
112483.0,0.00847518,0.0,2.408
112561.0,0.02279869,0.0,2.064
112639.0,0.00944019,0.0,2.408
112717.0,0.02472879,0.0,2.408
112795.0,0.01985274,0.0,1.376
112874.0,0.03437945,0.0,2.408
112952.0,0.00949103,0.0,2.408
113030.0,0.02112255,0.0,2.064
113108.0,0.0295034,0.0,2.064
113186.0,-0.0070167,0.0,2.064
113264.0,0.04357287,0.0,2.408
113342.0,0.00893226,0.0,2.064
113420.0,0.01904001,0.0,2.064
113499.0,0.01457028,0.0,2.408
113577.0,0.0061386,0.0,2.064
113655.0,-0.00203897,0.0,2.064
113733.0,0.02894463,0.0,2.064
113811.0,0.0215288,0.0,2.064
113889.0,0.02452566,0.0,2.064
113967.0,0.01065924,0.0,1.376
114045.0,0.01548446,0.0,1.376
114123.0,0.02056379,0.0,2.064
114202.0,0.01853208,0.0,1.72
114280.0,0.02884303,0.0,1.72
114358.0,0.01116716,0.0,3.096
114436.0,0.03189051,0.0,2.752
114514.0,0.0287922,0.0,2.064
114592.0,0.00969408,0.0,2.408
114670.0,0.01650038,0.0,2.752
114748.0,0.02274785,0.0,2.408
114826.0,0.01157349,0.0,2.408
114904.0,0.04936333,0.0,2.408
114983.0,0.01898932,0.0,1.72
115061.0,0.00456413,0.0,2.064
115139.0,0.01812576,0.0,1.72
115217.0,0.01253858,0.0,2.064
115295.0,0.01782096,0.0,2.064
115373.0,0.02721765,0.0,2.064
115451.0,0.01299567,0.0,2.064
115530.0,0.02777642,0.0,2.408
115608.0,0.01751623,0.0,2.064
115686.0,0.01751623,0.0,2.064
115764.0,0.02863991,0.0,2.064
115842.0,0.00811954,0.0,1.72
115920.0,0.01269094,0.0,2.064
115998.0,0.02503359,0.0,2.064
116076.0,-0.00645794,0.0,2.064
116154.0,0.03712228,0.0,2.408
116233.0,0.04169361,0.0,2.064
116311.0,0.02594777,0.0,2.064
116389.0,0.02462719,0.0,2.408
116467.0,0.01502744,0.0,2.752
116545.0,-0.00798172,0.0,2.408
116623.0,0.04037296,0.0,2.064
116701.0,0.01502744,0.0,2.064
116779.0,0.0178718,0.0,2.064
116857.0,0.0198019,0.0,2.752
116936.0,0.0198019,0.0,2.408
117014.0,0.03046841,0.0,2.752
117092.0,0.01939557,0.0,3.096
117170.0,0.02254473,0.0,3.44
117248.0,0.0173638,0.0,3.44
117326.0,0.01446868,0.0,3.096
117404.0,0.04123645,0.0,3.44
117482.0,0.00933851,0.0,3.096
117560.0,0.00801794,0.0,2.752
117639.0,0.02660813,0.0,2.408
117717.0,0.0239669,0.0,2.752
117795.0,0.0237637,0.0,3.096
117873.0,0.03341429,0.0,2.752
117951.0,0.03046841,0.0,2.408
118029.0,0.04778879,0.0,3.096
118107.0,0.0355985,0.0,2.408
118186.0,0.02168124,0.0,2.408
118264.0,0.01563689,0.0,2.064
118342.0,0.02046219,0.0,2.408
118420.0,4.349e-05,0.0,2.064
118498.0,0.01512897,0.0,2.408
118576.0,0.0240685,0.0,2.064
118654.0,0.04067768,0.0,2.064
118732.0,0.01523057,0.0,2.064
118810.0,-0.00173425,0.0,2.064
118888.0,0.01218302,0.0,2.408
118967.0,0.02615097,0.0,2.064
119045.0,0.01863368,0.0,2.408
119123.0,0.01035451,0.0,2.064
119201.0,0.01964961,0.0,2.064
119279.0,0.01893841,0.0,2.064
119357.0,0.01269094,0.0,2.064
119435.0,-0.00107388,0.0,2.064
119513.0,0.03097633,0.0,2.064
119591.0,0.02635417,0.0,2.064
119670.0,0.02198596,0.0,1.72
119748.0,0.01111633,0.0,2.064
119826.0,0.02173215,0.0,2.408
119904.0,0.02538908,0.0,2.064
119982.0,0.01121785,0.0,2.064
120060.0,0.02630333,0.0,2.064
120138.0,0.01106556,0.0,1.72
120216.0,0.01761783,0.0,1.032
120295.0,0.04697599,0.0,2.064
120373.0,0.02325578,0.0,1.72
120451.0,0.02163048,0.0,1.72
120529.0,0.01766867,0.0,2.064
120607.0,0.00039898,0.0,2.064
120685.0,0.03341429,0.0,2.064
120763.0,0.01365595,0.0,2.064
120841.0,0.03402389,0.0,2.064
120919.0,0.00161803,0.0,2.752
120998.0,0.02091935,0.0,2.064
121076.0,0.0295034,0.0,2.408
121154.0,0.02737002,0.0,2.064
121232.0,0.00425926,0.0,2.064
121310.0,0.02884303,0.0,2.408
121388.0,0.01279254,0.0,2.408
121466.0,0.03737617,0.0,2.064
121544.0,0.01766867,0.0,2.408
121622.0,0.01685595,0.0,2.064
121701.0,0.02071615,0.0,2.064
121779.0,0.02239244,0.0,2.064
121857.0,0.00639263,0.0,2.752
121935.0,0.01650038,0.0,2.064
122013.0,0.00050073,0.0,2.064
122091.0,0.00644347,0.0,2.408
122169.0,0.01492569,0.0,2.408
122247.0,0.01431624,0.0,2.408
122325.0,0.01843056,0.0,2.064
122404.0,0.01553529,0.0,2.408
122482.0,0.02564304,0.0,2.752
122560.0,0.03107793,0.0,3.096
122638.0,0.00969408,0.0,2.408
122716.0,0.00974499,0.0,2.064
122794.0,0.01837972,0.0,2.064
122872.0,0.02147811,0.0,1.376
122950.0,0.01065924,0.0,1.72
123029.0,-0.02535293,0.0,2.064
123107.0,0.0448936,0.0,2.064
123185.0,0.03036673,0.0,2.408
123263.0,0.01929405,0.0,2.064
123341.0,0.03351604,0.0,2.064
123419.0,0.02223993,0.0,1.376
123497.0,0.03046841,0.0,1.72
123575.0,0.00243076,0.0,1.72
123653.0,0.02635417,0.0,2.064
123732.0,0.02259549,0.0,1.376
123810.0,0.01116716,0.0,2.064
123888.0,0.00832266,0.0,2.408
123966.0,0.033262,0.0,2.064
124044.0,0.02767482,0.0,2.064
124122.0,0.02549068,0.0,2.064
124200.0,0.01538293,0.0,2.064
124278.0,0.00933851,0.0,2.064
124356.0,0.03437945,0.0,2.064
124434.0,-0.00198821,0.0,2.064
124513.0,0.02604937,0.0,2.064
124591.0,0.02670973,0.0,2.064
124669.0,0.02361142,0.0,2.064
124747.0,0.01568773,0.0,2.064
124825.0,0.01904001,0.0,2.064
124903.0,0.02036059,0.0,2.064
124981.0,0.00994811,0.0,2.064
125060.0,0.00923699,0.0,2.064
125138.0,0.0108116,0.0,2.064
125216.0,0.01294483,0.0,2.064
125294.0,0.02310341,0.0,1.72
125372.0,0.01335123,0.0,2.064
125450.0,0.01213218,0.0,2.064
125528.0,0.02320501,0.0,2.064
125606.0,0.00542762,0.0,2.064
125684.0,0.01218302,0.0,2.064
125763.0,0.0237637,0.0,2.064
125841.0,0.03524294,0.0,2.064
125919.0,0.02889387,0.0,2.064
125997.0,0.01086229,0.0,2.064
126075.0,0.01934474,0.0,1.72
126153.0,0.01817652,0.0,2.064
126231.0,0.01558613,0.0,2.064
126309.0,0.01685595,0.0,2.064
126388.0,0.0130465,0.0,2.064
126466.0,0.04164284,0.0,2.064
126544.0,0.02945256,0.0,1.376
126622.0,0.02086851,0.0,2.064
126700.0,0.01096396,0.0,2.064
126778.0,0.02244313,0.0,2.064
126856.0,0.017567,0.0,2.064
126934.0,0.01055756,0.0,2.064
127012.0,0.03945878,0.0,2.064
127091.0,0.03285575,0.0,2.064
127169.0,0.01517973,0.0,2.064
127247.0,0.00898303,0.0,2.064
127325.0,0.02670973,0.0,2.064
127403.0,0.01015131,0.0,1.72
127481.0,0.02178284,0.0,2.064
127559.0,0.01919237,0.0,2.064
127637.0,0.01837972,0.0,2.064
127715.0,0.01685595,0.0,2.064
127793.0,0.02356058,0.0,2.408
127872.0,0.01142105,0.0,2.064
127950.0,0.01116716,0.0,2.064
128028.0,0.02081782,0.0,2.064
128106.0,0.02076691,0.0,2.064
128184.0,0.02508435,0.0,2.064
128262.0,0.02147811,0.0,2.064
128340.0,0.00649416,0.0,2.064
128419.0,0.00471642,0.0,1.72
128497.0,0.00705292,0.0,2.064
128575.0,0.0174654,0.0,2.064
128653.0,0.04022059,0.0,2.064
128731.0,0.01685595,0.0,2.064
128809.0,0.0220368,0.0,2.064
128887.0,0.0219352,0.0,2.064
128965.0,0.01832896,0.0,1.72
129043.0,0.03026521,0.0,2.064
129122.0,0.00989728,0.0,2.064
129200.0,0.0110148,0.0,2.064
129278.0,0.03239859,0.0,2.064
129356.0,0.02015746,0.0,2.064
129434.0,0.01777027,0.0,1.72
129512.0,0.0197003,0.0,2.064
129590.0,0.0085767,0.0,2.064
129668.0,0.02706529,0.0,2.064
129746.0,0.02432247,0.0,2.064
129824.0,0.02726842,0.0,2.064
129903.0,0.02310341,0.0,1.72
129981.0,0.01396068,0.0,1.72
130059.0,0.03062077,0.0,2.064
130137.0,0.0309255,0.0,1.72
130215.0,0.00938943,0.0,2.064
130293.0,0.00177047,0.0,2.064
130371.0,0.01660198,0.0,2.064
130449.0,0.03488738,0.0,2.064
130528.0,0.01172593,0.0,2.064
130606.0,0.01487501,0.0,1.032
130684.0,0.02315425,0.0,1.72
130762.0,0.03305887,0.0,1.376
130840.0,0.02737002,0.0,1.376
130918.0,0.01436716,0.0,1.72
130996.0,0.04783947,0.0,2.064
131074.0,0.02137651,0.0,1.72
131153.0,0.02889387,0.0,2.064
131231.0,0.01584002,0.0,1.72
131309.0,0.0219352,0.0,1.376
131387.0,0.02645584,0.0,1.72
131465.0,0.01441792,0.0,1.72
131543.0,0.0179734,0.0,1.376
131621.0,0.01650038,0.0,2.064
131699.0,0.01964961,0.0,2.064
131777.0,0.02574472,0.0,1.376
131856.0,0.02254473,0.0,1.72
131934.0,0.01492569,0.0,1.72
132012.0,0.02589708,0.0,1.72
132090.0,0.01650038,0.0,2.064
132168.0,0.00187207,0.0,2.408
132246.0,0.02274785,0.0,1.72
132324.0,0.0131481,0.0,2.064
132402.0,0.04128728,0.0,1.72
132480.0,0.01685595,0.0,2.064
132559.0,0.01751623,0.0,2.064
132637.0,0.01944634,0.0,2.064
132715.0,0.02909699,0.0,2.064
132793.0,0.02665889,0.0,2.064
132871.0,-0.00183577,0.0,2.064
132949.0,0.01512897,0.0,1.72
133027.0,0.00949103,0.0,2.064
133105.0,0.02564304,0.0,2.752
133183.0,0.0131481,0.0,2.752
133262.0,0.00781481,0.0,2.064
133340.0,0.01426541,0.0,2.408
133418.0,0.02361142,0.0,2.408
133496.0,0.03117953,0.0,2.064
133574.0,0.02345898,0.0,2.064
133652.0,0.01375755,0.0,2.064
133730.0,0.01345283,0.0,2.064
133808.0,0.02828434,0.0,2.064
133887.0,0.02554152,0.0,2.752
133965.0,0.01111633,0.0,2.064
134043.0,-0.00224217,0.0,2.064
134121.0,0.02528748,0.0,2.752
134199.0,0.0200051,0.0,1.72
134277.0,0.00044989,0.0,1.72
134355.0,0.02442399,0.0,1.72
134433.0,0.03686832,0.0,2.064
134511.0,0.0083735,0.0,2.064
134590.0,0.01568773,0.0,2.064
134668.0,0.00735765,0.0,2.064
134746.0,0.00593547,0.0,1.72
134824.0,0.03026521,0.0,1.376
134902.0,0.02914783,0.0,1.72
134980.0,0.00390385,0.0,2.408
135058.0,0.02681126,0.0,2.064
135136.0,0.01741471,0.0,2.408
135214.0,0.03671588,0.0,1.72
135292.0,0.01655122,0.0,1.72
135371.0,0.00288792,0.0,1.72
135449.0,0.01731311,0.0,2.064
135527.0,0.02914783,0.0,1.72
135605.0,0.00796725,0.0,1.72
135683.0,0.02122407,0.0,1.72
135761.0,0.02787794,0.0,1.72
135839.0,0.00989728,0.0,1.72
135918.0,0.01548446,0.0,1.72
135996.0,0.00293868,0.0,2.064
136074.0,0.02452566,0.0,2.064
136152.0,0.01599246,0.0,2.064
136230.0,0.01777027,0.0,1.032
136308.0,-0.00310566,0.0,1.032
136386.0,0.02127491,0.0,2.064
136464.0,0.02559235,0.0,1.72
136542.0,0.0128433,0.0,2.408
136621.0,0.02102095,0.0,2.408
136699.0,0.010202,0.0,2.064
136777.0,0.01949717,0.0,2.408
136855.0,0.02422094,0.0,3.096
136933.0,0.0087799,0.0,2.408
137011.0,0.01045604,0.0,2.752
137089.0,0.01543377,0.0,3.096
137167.0,0.01675435,0.0,2.408
137245.0,0.00715445,0.0,2.752
137324.0,0.00171963,0.0,2.752
137402.0,0.01345283,0.0,3.096
137480.0,0.01848132,0.0,2.752
137558.0,0.03219539,0.0,2.752
137636.0,0.03107793,0.0,2.064
137714.0,0.0287922,0.0,2.064
137792.0,0.03859522,0.0,2.064
137870.0,0.01502744,0.0,2.064
137948.0,0.02630333,0.0,2.064
138027.0,0.0205131,0.0,1.72
138105.0,0.01573849,0.0,2.064
138183.0,0.00568143,0.0,2.064
138261.0,0.02508435,0.0,2.064
138339.0,0.00232923,0.0,2.064
138417.0,-0.00970869,0.0,1.72
138495.0,0.02655737,0.0,1.72
138573.0,0.01411312,0.0,2.064
138652.0,0.03026521,0.0,2.064
138730.0,-0.00234385,0.0,2.064
138808.0,0.00116102,0.0,1.72
138886.0,0.02447483,0.0,2.064
138964.0,-0.000312,0.0,2.064
139042.0,0.02168124,0.0,2.408
139120.0,0.01553529,0.0,1.72
139198.0,0.01843056,0.0,2.064
139276.0,0.03610643,0.0,1.72
139354.0,0.01385915,0.0,2.408
139433.0,0.03250011,0.0,1.72
139511.0,0.02244313,0.0,2.064
139589.0,0.00705292,0.0,1.72
139667.0,0.00705292,0.0,2.064
139745.0,0.03189051,0.0,2.408
139823.0,-0.00564529,0.0,2.408
139901.0,0.02594777,0.0,1.376
139980.0,0.00903379,0.0,2.064
140058.0,0.02813191,0.0,1.72
140136.0,0.01294483,0.0,1.72
140214.0,-0.00107388,0.0,1.376
140292.0,0.01868445,0.0,1.72
140370.0,0.02142727,0.0,1.72
140448.0,0.01589093,0.0,2.064
140526.0,-0.01615936,0.0,2.064
140604.0,0.03234775,0.0,2.064
140682.0,0.01065924,0.0,1.72
140761.0,0.02442399,0.0,1.72
140839.0,0.01528133,0.0,1.72
140917.0,0.02559235,0.0,1.376
140995.0,0.0335668,0.0,1.72
141073.0,9.425e-05,0.0,1.032
141151.0,0.03366832,0.0,1.376
141229.0,0.01523057,0.0,1.72
141307.0,0.00928783,0.0,1.376
141386.0,0.02259549,0.0,1.376
141464.0,0.00588471,0.0,1.376
141542.0,0.00989728,0.0,2.064
141620.0,0.02025906,0.0,1.376
141698.0,-0.00335955,0.0,2.064
141776.0,0.03214455,0.0,2.064
141854.0,0.00232923,0.0,2.064
141932.0,0.01914161,0.0,1.72
142010.0,0.01660198,0.0,2.064
142089.0,0.02935088,0.0,1.72
142167.0,0.01319887,0.0,2.064
142245.0,0.00842434,0.0,2.064
142323.0,0.01396068,0.0,2.064
142401.0,0.01538293,0.0,1.376
142479.0,0.01817652,0.0,1.376
142557.0,0.02157964,0.0,1.72
142635.0,0.00938943,0.0,1.72
142714.0,0.01553529,0.0,2.064
142792.0,0.0315351,0.0,1.72
142870.0,-0.00214057,0.0,2.064
142948.0,0.02737002,0.0,1.72
143026.0,0.00999888,0.0,2.064
143104.0,0.00923699,0.0,2.064
143182.0,0.02269716,0.0,2.064
143260.0,0.00979575,0.0,2.064
143338.0,0.02721765,0.0,2.064
143416.0,0.02493207,0.0,2.752
143495.0,0.01467188,0.0,2.064
143573.0,0.02366218,0.0,2.752
143651.0,0.03224615,0.0,2.064
143729.0,0.01619566,0.0,2.752
143807.0,0.02061462,0.0,2.752
143885.0,0.0240685,0.0,2.752
143963.0,0.03717304,0.0,2.408
144042.0,0.00222763,0.0,1.72
144120.0,0.03046841,0.0,2.064
144198.0,0.02559235,0.0,1.376
144276.0,0.00380217,0.0,1.72
144354.0,0.01233538,0.0,1.72
144432.0,-0.0027501,0.0,1.72
144510.0,0.01705907,0.0,1.72
144588.0,0.01274163,0.0,1.376
144666.0,0.01853208,0.0,1.376
144744.0,0.03250011,0.0,1.72
144823.0,0.01878605,0.0,1.72
144901.0,0.01441792,0.0,1.376
144979.0,0.0205131,0.0,1.72
145057.0,0.01634802,0.0,1.72
145135.0,0.0240685,0.0,2.064
145213.0,0.03417632,0.0,1.72
145291.0,0.02549068,0.0,1.72
145369.0,0.02955416,0.0,1.032
145447.0,0.02223993,0.0,1.72
145526.0,0.01909085,0.0,1.72
145604.0,0.00938943,0.0,1.72
145682.0,0.01203065,0.0,1.72
145760.0,0.02711613,0.0,1.72
145838.0,0.02295105,0.0,1.72
145916.0,0.00964331,0.0,2.408
145994.0,0.01548446,0.0,1.72
146072.0,0.03168746,0.0,2.408
146151.0,0.0041069,0.0,2.752
146229.0,0.01589093,0.0,2.408
146307.0,0.01563689,0.0,1.72
146385.0,-0.00899757,0.0,2.064
146463.0,0.00730696,0.0,2.064
146541.0,0.02112255,0.0,2.064
146619.0,0.01025284,0.0,2.064
146697.0,0.01985274,0.0,1.376
146775.0,0.00867822,0.0,1.376
146854.0,-0.00523889,0.0,1.376
146932.0,0.02762406,0.0,1.376
147010.0,0.0240685,0.0,1.72
147088.0,0.02604937,0.0,1.376
147166.0,0.01812576,0.0,1.72
147244.0,0.01777027,0.0,1.376
147322.0,0.03666512,0.0,2.064
147400.0,0.02528748,0.0,1.72
147478.0,0.01380839,0.0,1.72
147557.0,0.00776405,0.0,1.72
147635.0,0.01675435,0.0,2.064
147713.0,0.02229076,0.0,1.72
147791.0,0.02157964,0.0,1.72
147869.0,0.02041142,0.0,2.064
147947.0,-0.0068135,0.0,1.72
148025.0,0.04342066,0.0,1.72
148104.0,0.01614475,0.0,1.72
148182.0,0.01162425,0.0,1.376
148260.0,0.03219539,0.0,2.064
148338.0,0.02244313,0.0,1.72
148416.0,0.00227832,0.0,1.376
148494.0,0.03971267,0.0,1.72
148572.0,0.00679888,0.0,2.064
148650.0,0.0287922,0.0,1.72
148728.0,0.00552915,0.0,1.72
148807.0,0.01731311,0.0,2.064
148885.0,0.0221384,0.0,1.376
148963.0,0.01721151,0.0,2.064
149041.0,0.01177661,0.0,2.064
149119.0,0.01208134,0.0,2.064
149197.0,0.01416388,0.0,2.064
149275.0,0.02168124,0.0,1.376
149353.0,0.0091863,0.0,2.064
149431.0,0.02259549,0.0,1.72
149509.0,0.02853831,0.0,2.064
149588.0,0.03392236,0.0,1.72
149666.0,0.0131481,0.0,1.376
149744.0,0.02752238,0.0,1.72
149822.0,0.01121785,0.0,1.72
149900.0,0.01162425,0.0,1.72
149978.0,0.02279869,0.0,1.72
150056.0,0.02990965,0.0,1.72
150134.0,0.02772558,0.0,1.72
150213.0,0.0205131,0.0,1.72
150291.0,0.01004971,0.0,1.72
150369.0,0.01187829,0.0,1.72
150447.0,0.00933851,0.0,1.72
150525.0,0.04184604,0.0,2.064
150603.0,0.01710998,0.0,1.72
150681.0,0.02310341,0.0,1.72
150759.0,0.01868445,0.0,2.408
150838.0,0.03265247,0.0,2.752
150916.0,0.02518595,0.0,2.752
150994.0,0.02208756,0.0,2.408
151072.0,0.01944634,0.0,2.408
151150.0,0.03310956,0.0,2.408
151228.0,0.01934474,0.0,2.408
151306.0,0.01319887,0.0,2.408
151384.0,0.01294483,0.0,2.064
151462.0,0.02025906,0.0,2.408
151541.0,0.01162425,0.0,2.408
151619.0,0.00776405,0.0,2.408
151697.0,0.01335123,0.0,2.064
151775.0,0.01934474,0.0,2.408
151853.0,0.02229076,0.0,2.408
151931.0,0.02117339,0.0,2.408
152009.0,0.0219352,0.0,2.408
152087.0,0.02147811,0.0,2.064
152165.0,0.00248159,0.0,1.72
152244.0,0.01934474,0.0,1.72
152322.0,0.02772558,0.0,1.72
152400.0,0.01441792,0.0,1.72
152478.0,0.02503359,0.0,2.064
152556.0,0.00913546,0.0,2.064
152634.0,0.02828434,0.0,2.064
152712.0,0.0245765,0.0,2.064
152790.0,0.00964331,0.0,1.72
152869.0,0.0215288,0.0,2.064
152947.0,0.03417632,0.0,2.064
153025.0,0.04499512,0.0,1.72
153103.0,0.02965576,0.0,2.064
153181.0,0.02777642,0.0,1.72
153259.0,0.01309727,0.0,1.72
153337.0,0.01853208,0.0,2.064
153415.0,0.02696369,0.0,1.72
153493.0,0.01523057,0.0,1.72
153571.0,0.03727464,0.0,2.064
153650.0,0.00700209,0.0,1.72
153728.0,0.02005586,0.0,1.72
153806.0,0.03432861,0.0,2.064
153884.0,0.02965576,0.0,1.72
153962.0,0.02904616,0.0,2.064
154040.0,0.01629718,0.0,2.064
154118.0,0.01614475,0.0,2.064
154196.0,0.03026521,0.0,1.72
154274.0,0.01924313,0.0,2.064
154353.0,0.02604937,0.0,1.72
154431.0,0.01411312,0.0,1.72
154509.0,0.02010662,0.0,2.064
154587.0,0.02411927,0.0,2.064
154665.0,0.02665889,0.0,2.064
154743.0,0.01477348,0.0,2.064
154821.0,0.01812576,0.0,1.72
154899.0,0.01355443,0.0,2.064
154977.0,0.04189673,0.0,2.064
155056.0,0.02935088,0.0,2.064
155134.0,0.01914161,0.0,1.72
155212.0,0.02650653,0.0,2.064
155290.0,0.01365595,0.0,2.064
155368.0,0.0130465,0.0,2.064
155446.0,0.02310341,0.0,1.72
155524.0,0.02081782,0.0,1.72
155603.0,0.01741471,0.0,1.72
155681.0,0.01705907,0.0,1.72
155759.0,0.02670973,0.0,1.376
155837.0,0.03651268,0.0,2.064
155915.0,0.03575086,0.0,2.064
155993.0,0.03143342,0.0,2.064
156071.0,0.01624642,0.0,2.408
156149.0,0.03062077,0.0,1.72
156227.0,0.04230313,0.0,2.064
156305.0,0.02797962,0.0,1.72
156384.0,0.02356058,0.0,1.72
156462.0,0.04179521,0.0,2.064
156540.0,0.02107171,0.0,1.72
156618.0,0.03209371,0.0,2.408
156696.0,0.0333636,0.0,1.72
156774.0,0.03427785,0.0,2.064
156852.0,0.00542762,0.0,1.72
156930.0,0.01573849,0.0,1.72
157008.0,0.02589708,0.0,1.376
157087.0,0.00278632,0.0,2.064
157165.0,0.01660198,0.0,2.064
157243.0,0.00669736,0.0,2.064
157321.0,0.02930019,0.0,1.72
157399.0,0.02848739,0.0,1.72
157477.0,0.02696369,0.0,2.064
157555.0,0.01401152,0.0,2.064
157634.0,0.00791641,0.0,1.72
157712.0,0.04946493,0.0,1.72
157790.0,0.01517973,0.0,1.72
157868.0,0.02442399,0.0,2.408
157946.0,0.02498275,0.0,1.72
158024.0,0.00192283,0.0,2.064
158102.0,0.01177661,0.0,2.064
158180.0,0.02904616,0.0,1.72
158258.0,0.04377607,0.0,1.72
158336.0,0.01187829,0.0,1.72
158415.0,0.02249396,0.0,2.064
158493.0,0.0239669,0.0,1.72
158571.0,0.00954171,0.0,1.72
158649.0,0.0259986,0.0,1.376
158727.0,0.00796725,0.0,2.064
158805.0,0.0124369,0.0,1.376
158883.0,0.02366218,0.0,1.72
158961.0,-0.01605784,0.0,1.72
159040.0,0.01888757,0.0,1.72
159118.0,0.01716067,0.0,1.72
159196.0,0.0259986,0.0,2.064
159274.0,0.01573849,0.0,2.064
159352.0,0.00659576,0.0,1.72
159430.0,0.02960492,0.0,1.72
159508.0,0.02361142,0.0,1.72
159586.0,0.00466566,0.0,2.064
159664.0,0.02711613,0.0,1.72
159743.0,0.01827812,0.0,1.72
159821.0,0.0087799,0.0,1.376
159899.0,0.01111633,0.0,1.376
159977.0,0.01665274,0.0,2.064
160055.0,0.0126401,0.0,2.064
160133.0,0.0295034,0.0,2.064
160211.0,0.0316367,0.0,1.376
160289.0,0.01832896,0.0,2.064
160367.0,0.01700831,0.0,2.064
160446.0,0.01878605,0.0,1.72
160524.0,0.03595399,0.0,2.064
160602.0,0.02071615,0.0,2.408
160680.0,0.0174654,0.0,2.752
160758.0,0.02955416,0.0,2.408
160836.0,0.01731311,0.0,2.752
160914.0,0.02350974,0.0,2.752
160992.0,0.00547831,0.0,2.752
161070.0,0.01370679,0.0,2.752
161149.0,0.01644962,0.0,2.752
161227.0,0.00786565,0.0,1.72
161305.0,0.01487501,0.0,2.408
161383.0,0.03204302,0.0,2.064
161461.0,0.01868445,0.0,2.408
161539.0,0.01792256,0.0,2.408
161617.0,0.018075,0.0,2.408
161695.0,-0.00894688,0.0,2.064
161774.0,0.02025906,0.0,2.408
161852.0,0.01817652,0.0,2.064
161930.0,0.02579555,0.0,2.408
162008.0,0.02523679,0.0,2.408
162086.0,0.01655122,0.0,2.064
162164.0,0.02935088,0.0,2.408
162242.0,0.04067768,0.0,2.064
162320.0,0.01695755,0.0,2.408
162399.0,0.03123022,0.0,2.408
162477.0,0.02838587,0.0,2.064
162555.0,0.01086229,0.0,2.408
162633.0,0.00669736,0.0,2.064
162711.0,0.03666512,0.0,1.72
162789.0,0.0205131,0.0,2.064
162867.0,0.0012117,0.0,2.064
162945.0,-0.00046443,0.0,2.064
163023.0,0.00690049,0.0,2.408
163101.0,0.01553529,0.0,2.064
163180.0,0.03051925,0.0,2.064
163258.0,0.00888142,0.0,3.096
163336.0,0.02178284,0.0,3.096
163414.0,0.01152265,0.0,3.096
163492.0,-0.00097236,0.0,2.752
163570.0,0.026405,0.0,2.752
163648.0,0.02538908,0.0,3.096
163726.0,0.00984659,0.0,2.752
163805.0,-0.00229294,0.0,2.408
163883.0,-0.0005152,0.0,2.408
163961.0,0.02508435,0.0,2.408
164039.0,0.02620181,0.0,2.752
164117.0,0.02676057,0.0,2.752
164195.0,0.01436716,0.0,2.752
164273.0,0.02681126,0.0,2.408
164351.0,0.00517358,0.0,2.064
164429.0,0.01172593,0.0,2.064
164508.0,0.03316047,0.0,2.064
164586.0,0.01167509,0.0,2.064
164664.0,0.02091935,0.0,2.064
164742.0,0.02132567,0.0,2.408
164820.0,0.02020822,0.0,2.408
164898.0,0.01568773,0.0,2.408
164976.0,0.00822114,0.0,2.064
165054.0,0.03397305,0.0,2.064
165132.0,0.01406236,0.0,2.064
165211.0,0.04865228,0.0,2.064
165289.0,0.02787794,0.0,2.064
165367.0,0.02858907,0.0,2.408
165445.0,0.0173638,0.0,2.408
165523.0,0.0198019,0.0,2.064
165601.0,0.02127491,0.0,2.064
165679.0,0.00745925,0.0,2.064
165758.0,0.02655737,0.0,2.064
165836.0,0.02935088,0.0,2.752
165914.0,0.01517973,0.0,3.096
165992.0,0.00055142,0.0,3.096
166070.0,0.01792256,0.0,3.096
166148.0,-0.00193737,0.0,2.752
166226.0,0.02066539,0.0,2.752
166304.0,0.02066539,0.0,2.408
166382.0,0.01705907,0.0,2.752
166460.0,0.01954786,0.0,2.752
166539.0,0.01853208,0.0,2.752
166617.0,-0.00081992,0.0,2.408
166695.0,0.0179734,0.0,2.752
166773.0,-0.00422319,0.0,2.408
166851.0,0.01761783,0.0,2.752
166929.0,0.01497661,0.0,2.408
167007.0,-0.00056603,0.0,2.408
167085.0,0.02198596,0.0,2.408
167163.0,0.02554152,0.0,2.408
167242.0,-0.00264857,0.0,2.408
167320.0,0.00166887,0.0,2.408
167398.0,0.02163048,0.0,2.064
167476.0,0.02401774,0.0,2.408
167554.0,0.0085767,0.0,2.408
167632.0,0.03407465,0.0,2.408
167710.0,0.03884918,0.0,2.064
167788.0,0.01639878,0.0,2.408
167867.0,0.00720529,0.0,2.064
167945.0,0.00415773,0.0,2.064
168023.0,0.00309104,0.0,2.064
168101.0,0.02264625,0.0,2.064
168179.0,0.01330039,0.0,2.064
168257.0,0.05332521,0.0,2.064
168335.0,0.0199035,0.0,2.064
168413.0,0.01660198,0.0,2.064
168491.0,0.02163048,0.0,2.064
168570.0,0.00811954,0.0,3.096
168648.0,0.00720529,0.0,3.096
168726.0,0.02980812,0.0,2.752
168804.0,0.01848132,0.0,2.752
168882.0,0.02142727,0.0,2.752
168960.0,-0.00635642,0.0,2.752
169038.0,0.04590945,0.0,2.752
169116.0,0.00756085,0.0,2.752
169194.0,0.00552915,0.0,2.752
169272.0,0.03097633,0.0,2.752
169351.0,0.01517973,0.0,2.408
169429.0,0.03468417,0.0,2.752
169507.0,0.02777642,0.0,2.752
169585.0,-0.00224217,0.0,2.408
169663.0,0.0203099,0.0,2.408
169741.0,0.02655737,0.0,2.408
169819.0,0.00375141,0.0,2.064
169898.0,0.02752238,0.0,2.408
169976.0,0.0087799,0.0,2.408
170054.0,0.00573235,0.0,2.408
170132.0,0.01502744,0.0,2.408
170210.0,0.02676057,0.0,2.064
170288.0,0.02863991,0.0,2.408
170366.0,0.02350974,0.0,2.408
170444.0,0.01451944,0.0,2.408
170522.0,0.03260171,0.0,2.752
170600.0,0.00842434,0.0,2.064
170679.0,0.0128433,0.0,2.064
170757.0,0.04067768,0.0,2.064
170835.0,0.02610028,0.0,2.064
170913.0,0.01294483,0.0,2.064
170991.0,0.04113485,0.0,2.064
171069.0,0.02996048,0.0,2.064
171147.0,0.02477955,0.0,2.064
171226.0,0.0197003,0.0,2.064
171304.0,0.02483039,0.0,2.064
171382.0,0.02340814,0.0,2.064
171460.0,0.02401774,0.0,2.064
171538.0,0.00420857,0.0,2.064
171616.0,0.02350974,0.0,1.72
171694.0,0.01208134,0.0,2.064
171772.0,0.01594169,0.0,2.064
171850.0,0.03031605,0.0,2.408
171929.0,0.03920474,0.0,2.064
172007.0,0.00486886,0.0,2.064
172085.0,0.01406236,0.0,2.064
172163.0,0.02630333,0.0,2.064
172241.0,0.01340199,0.0,2.064
172319.0,0.01975114,0.0,1.376
172397.0,0.03199219,0.0,2.064
172475.0,0.01462097,0.0,1.72
172553.0,0.00720529,0.0,1.032
172632.0,0.00664667,0.0,1.376
172710.0,0.0245765,0.0,1.376
172788.0,0.0199035,0.0,2.064
172866.0,0.00532595,0.0,1.376
172944.0,0.0487538,0.0,1.376
173022.0,0.03422709,0.0,1.72
173100.0,0.00187207,0.0,1.376
173178.0,0.03219539,0.0,1.72
173256.0,0.01766867,0.0,1.72
173335.0,0.00664667,0.0,1.72
173413.0,0.01431624,0.0,2.064
173491.0,0.01837972,0.0,2.064
173569.0,0.0178718,0.0,2.064
173647.0,0.04423323,0.0,2.064
173725.0,0.00720529,0.0,2.064
173803.0,0.00070385,0.0,2.064
173881.0,0.04118576,0.0,2.064
173960.0,0.00883074,0.0,2.064
174038.0,0.02417003,0.0,2.408
174116.0,0.02350974,0.0,2.408
174194.0,0.02721765,0.0,2.064
174272.0,0.00862754,0.0,2.064
174350.0,0.0106084,0.0,2.064
174428.0,0.03321123,0.0,2.064
174506.0,0.02462719,0.0,2.064
174584.0,0.00969408,0.0,2.064
174663.0,0.00618943,0.0,2.064
174741.0,0.03503981,0.0,2.064
174819.0,0.018075,0.0,2.064
174897.0,0.03595399,0.0,2.064
174975.0,0.01360512,0.0,2.064
175053.0,0.00639263,0.0,2.064
175131.0,0.02808114,0.0,2.064
175209.0,0.02411927,0.0,2.064
175287.0,0.01929405,0.0,2.064
175365.0,0.0199035,0.0,2.064
175444.0,0.01492569,0.0,2.064
175522.0,0.02330661,0.0,2.064
175600.0,0.01131953,0.0,2.064
175678.0,0.01883689,0.0,2.064
175756.0,0.02742086,0.0,2.064
175834.0,0.00867822,0.0,2.064
175912.0,0.03458265,0.0,2.064
175991.0,0.0354969,0.0,1.72
176069.0,0.01731311,0.0,2.064
176147.0,0.01253858,0.0,2.064
176225.0,0.00497038,0.0,2.064
176303.0,0.01182745,0.0,2.064
176381.0,0.01360512,0.0,1.72
176459.0,0.01426541,0.0,2.064
176537.0,0.03148426,0.0,2.064
176615.0,0.01360512,0.0,2.064
176693.0,0.01289414,0.0,1.72
176772.0,0.01538293,0.0,1.72
176850.0,0.01162425,0.0,2.064
176928.0,0.01573849,0.0,2.064
177006.0,0.0173638,0.0,1.72
177084.0,0.02218916,0.0,2.064
177162.0,0.02965576,0.0,1.376
177240.0,0.01523057,0.0,2.064
177318.0,0.01228454,0.0,1.72
177397.0,0.02543999,0.0,1.72
177475.0,0.01959877,0.0,2.064
177553.0,0.04392843,0.0,1.376
177631.0,0.02691293,0.0,1.376
177709.0,0.02056379,0.0,1.376
177787.0,0.03123022,0.0,2.064
177865.0,0.0237637,0.0,1.72
177943.0,0.01868445,0.0,2.408
178021.0,0.00344661,0.0,2.408
178100.0,0.03199219,0.0,2.408
178178.0,0.01086229,0.0,2.752
178256.0,0.03956031,0.0,2.408
178334.0,0.01091313,0.0,2.408
178412.0,0.03321123,0.0,2.408
178490.0,0.01126876,0.0,2.064
178568.0,0.01319887,0.0,2.064
178646.0,0.04438567,0.0,2.064
178725.0,0.00166887,0.0,2.064
178803.0,0.02706529,0.0,2.064
178881.0,0.02183367,0.0,2.064
178959.0,0.03966198,0.0,2.752
179037.0,0.02483039,0.0,2.064
179115.0,0.01868445,0.0,2.408
179193.0,0.03625887,0.0,2.408
179271.0,0.01589093,0.0,2.408
179349.0,0.01639878,0.0,2.408
179427.0,0.01467188,0.0,2.064
179506.0,0.0103036,0.0,2.752
179584.0,0.00237992,0.0,2.408
179662.0,0.0179734,0.0,2.064
179740.0,0.01385915,0.0,2.408
179818.0,0.00024669,0.0,1.72
179896.0,0.01055756,0.0,2.408
179974.0,-0.00361359,0.0,2.752
180053.0,0.02792878,0.0,2.408
180131.0,0.03021445,0.0,2.752
180209.0,0.02884303,0.0,2.752
180287.0,0.01441792,0.0,2.064
180365.0,0.00197359,0.0,2.752
180443.0,0.02198596,0.0,2.064
180521.0,0.00710376,0.0,2.064
180599.0,0.03463334,0.0,2.408
180677.0,0.01528133,0.0,2.408
180756.0,0.00999888,0.0,2.408
180834.0,0.01131953,0.0,2.408
180912.0,0.02483039,0.0,2.408
180990.0,0.00806877,0.0,2.408
181068.0,0.02503359,0.0,2.064
181146.0,0.01883689,0.0,2.064
181224.0,0.01898932,0.0,2.064
181302.0,0.01548446,0.0,2.752
181380.0,0.04529985,0.0,2.408
181459.0,0.02498275,0.0,2.064
181537.0,0.02564304,0.0,2.408
181615.0,0.01401152,0.0,2.408
181693.0,0.00456413,0.0,2.408
181771.0,0.01375755,0.0,2.064
181849.0,0.02660813,0.0,2.064
181927.0,0.01446868,0.0,2.064
182005.0,0.02350974,0.0,1.72
182083.0,0.02635417,0.0,2.064
182162.0,0.01091313,0.0,2.752
182240.0,0.02543999,0.0,2.408
182318.0,0.01827812,0.0,1.72
182396.0,0.02300189,0.0,2.064
182474.0,0.00304028,0.0,2.064
182552.0,0.0174654,0.0,2.064
182630.0,0.00938943,0.0,2.064
182708.0,-0.01082622,0.0,2.064
182786.0,0.00994811,0.0,2.064
182865.0,0.02686209,0.0,2.064
182943.0,0.00359897,0.0,2.064
183021.0,0.03026521,0.0,2.408
183099.0,0.02320501,0.0,2.064
183177.0,0.02452566,0.0,2.064
183255.0,0.0313319,0.0,1.72
183333.0,0.00639263,0.0,2.064
183411.0,-0.0051882,0.0,2.064
183490.0,0.03056993,0.0,1.72
183568.0,0.00766237,0.0,1.72
183646.0,0.00903379,0.0,2.064
183724.0,0.01451944,0.0,2.064
183802.0,0.03280484,0.0,2.064
183880.0,0.02635417,0.0,1.72
183958.0,0.02259549,0.0,1.376
184036.0,0.01584002,0.0,2.064
184114.0,-0.00102312,0.0,1.72
184193.0,0.00542762,0.0,1.72
184271.0,0.04606181,0.0,2.064
184349.0,0.0067482,0.0,1.72
184427.0,0.01827812,0.0,2.064
184505.0,0.01467188,0.0,2.064
184583.0,0.02432247,0.0,2.064
184661.0,0.01436716,0.0,1.72
184739.0,0.01431624,0.0,2.064
184818.0,0.02528748,0.0,2.064
184896.0,0.0130465,0.0,1.376
184974.0,0.02071615,0.0,2.064
185052.0,0.01975114,0.0,2.408
185130.0,0.03077313,0.0,2.064
185208.0,0.03123022,0.0,1.72
185286.0,0.00497038,0.0,2.064
185364.0,0.0108116,0.0,1.376
185442.0,0.01396068,0.0,2.064
185521.0,0.02112255,0.0,2.064
185599.0,0.01543377,0.0,2.064
185677.0,0.00867822,0.0,2.064
185755.0,0.00593547,0.0,2.064
185833.0,0.02335745,0.0,2.064
185911.0,0.01726227,0.0,2.064
185989.0,0.00994811,0.0,1.72
186067.0,0.0203099,0.0,2.064
186145.0,-0.0004136,0.0,2.064
186224.0,0.02411927,0.0,2.408
186302.0,0.03432861,0.0,2.064
186380.0,0.00349737,0.0,2.408
186458.0,0.02234153,0.0,1.72
186536.0,-0.004985,0.0,2.408
186614.0,0.02645584,0.0,2.064
186692.0,0.00522442,0.0,2.064
186770.0,0.01888757,0.0,1.72
186848.0,0.0173638,0.0,1.72
186927.0,-0.00076916,0.0,2.064
187005.0,0.0069514,0.0,2.408
187083.0,0.01401152,0.0,2.064
187161.0,0.01853208,0.0,2.064
187239.0,0.01609406,0.0,2.064
187317.0,0.01959877,0.0,2.064
187395.0,0.03341429,0.0,2.064
187473.0,0.00938943,0.0,2.064
187552.0,0.02554152,0.0,1.72
187630.0,0.01782096,0.0,2.064
187708.0,0.01959877,0.0,2.064
187786.0,0.02036059,0.0,2.064
187864.0,0.0243733,0.0,2.064
187942.0,0.01680511,0.0,2.064
188020.0,0.032754,0.0,1.72
188098.0,0.02320501,0.0,2.064
188176.0,0.02320501,0.0,2.064
188255.0,0.03046841,0.0,2.064
188333.0,0.00659576,0.0,2.408
188411.0,0.03443021,0.0,2.064
188489.0,0.00283708,0.0,2.064
188567.0,0.02452566,0.0,2.064
188645.0,0.01553529,0.0,2.064
188723.0,0.018075,0.0,2.064
188801.0,0.04164284,0.0,2.064
188879.0,0.01802408,0.0,2.064
188957.0,-0.0005152,0.0,2.064
189036.0,0.01071008,0.0,2.064
189114.0,0.02335745,0.0,2.064
189192.0,-0.00615322,0.0,2.408
189270.0,0.00979575,0.0,1.72
189348.0,0.02615097,0.0,2.064
189426.0,0.00933851,0.0,1.72
189504.0,0.01949717,0.0,2.408
189583.0,0.01406236,0.0,1.72
189661.0,0.02218916,0.0,2.064
189739.0,0.00314188,0.0,2.064
189817.0,0.02147811,0.0,1.376
189895.0,0.03189051,0.0,1.72
189973.0,0.01177661,0.0,2.064
190051.0,0.006545,0.0,2.408
190129.0,0.01584002,0.0,2.064
190207.0,0.00471642,0.0,1.376
190286.0,0.01553529,0.0,1.376
190364.0,0.03178899,0.0,1.376
190442.0,0.03488738,0.0,1.72
190520.0,0.01949717,0.0,1.72
190598.0,0.01248782,0.0,1.72
190676.0,0.02823358,0.0,2.064
190754.0,0.02559235,0.0,1.376
190832.0,0.0106084,0.0,1.72
190910.0,-0.00107388,0.0,2.064
190988.0,0.01076076,0.0,2.064
191067.0,0.02132567,0.0,1.72
191145.0,0.02010662,0.0,1.72
191223.0,0.00822114,0.0,2.064
191301.0,0.01914161,0.0,1.72
191379.0,0.01330039,0.0,1.72
191457.0,0.0128433,0.0,2.408
191535.0,0.0067482,0.0,2.064
191614.0,0.0197003,0.0,2.064
191692.0,0.02665889,0.0,2.064
191770.0,0.02290029,0.0,2.064
191848.0,0.01538293,0.0,2.064
191926.0,0.040627,0.0,2.064
192004.0,0.02767482,0.0,2.064
192082.0,0.00974499,0.0,2.064
192160.0,0.01375755,0.0,2.408
192239.0,0.01071008,0.0,2.064
192317.0,-0.0133657,0.0,2.408
192395.0,0.00974499,0.0,2.752
192473.0,0.01685595,0.0,2.064
192551.0,0.01142105,0.0,2.408
192629.0,0.01690671,0.0,1.72
192707.0,0.02066539,0.0,2.408
192785.0,0.01563689,0.0,1.72
192863.0,0.01685595,0.0,1.72
192941.0,0.03956031,0.0,1.72
193020.0,0.00969408,0.0,1.72
193098.0,0.00740849,0.0,2.752
193176.0,0.00735765,0.0,2.752
193254.0,0.00080545,0.0,2.064
193332.0,0.01853208,0.0,2.064
193410.0,0.01340199,0.0,1.72
193488.0,0.04143964,0.0,2.064
193566.0,0.02269716,0.0,2.064
193644.0,0.00425926,0.0,1.376
193723.0,0.01065924,0.0,1.376
193801.0,0.02935088,0.0,1.376
193879.0,-0.00010887,0.0,1.72
193957.0,0.0085767,0.0,2.064
194035.0,0.01777027,0.0,2.064
194113.0,0.03016368,0.0,2.064
194191.0,0.04438567,0.0,2.064
194269.0,0.03016368,0.0,2.752
194348.0,0.01157349,0.0,2.408
194426.0,0.0215288,0.0,2.752
194504.0,0.02483039,0.0,2.752
194582.0,0.01228454,0.0,2.752
194660.0,0.02670973,0.0,2.408
194738.0,0.01670351,0.0,2.408
194816.0,0.0087799,0.0,2.408
194894.0,0.05012529,0.0,2.408
194972.0,0.03021445,0.0,2.408
195051.0,0.02549068,0.0,2.408
195129.0,0.02422094,0.0,2.408
195207.0,0.02955416,0.0,2.408
195285.0,0.02803031,0.0,2.064
195363.0,0.01411312,0.0,2.752
195441.0,0.02691293,0.0,2.408
195519.0,0.01050688,0.0,2.408
195597.0,0.01182745,0.0,2.408
195675.0,0.02178284,0.0,1.72
195753.0,0.01594169,0.0,2.064
195832.0,0.02335745,0.0,1.72
195910.0,0.03427785,0.0,1.72
195988.0,0.00928783,0.0,1.72
196066.0,0.02335745,0.0,1.72
196144.0,0.01131953,0.0,1.72
196222.0,0.03199219,0.0,1.72
196300.0,0.00359897,0.0,1.72
196379.0,0.02249396,0.0,1.72
196457.0,0.02269716,0.0,1.72
196535.0,0.01832896,0.0,1.72
196613.0,0.01294483,0.0,1.72
196691.0,0.02356058,0.0,1.72
196769.0,0.0013133,0.0,1.376
196847.0,0.01609406,0.0,0.688
196925.0,0.03016368,0.0,1.376
197003.0,0.01233538,0.0,2.408
197082.0,0.01071008,0.0,2.408
197160.0,0.03082397,0.0,2.752
197238.0,0.01330039,0.0,2.064
197316.0,0.02254473,0.0,1.376
197394.0,0.02340814,0.0,2.408
197472.0,0.01187829,0.0,2.408
197550.0,0.02391621,0.0,1.72
197628.0,0.03097633,0.0,2.408
197706.0,0.02132567,0.0,2.408
197785.0,0.02178284,0.0,2.408
197863.0,0.03625887,0.0,2.408
197941.0,0.03778264,0.0,2.064
198019.0,0.02102095,0.0,2.408
198097.0,0.01294483,0.0,2.752
198175.0,0.01985274,0.0,1.72
198253.0,0.01177661,0.0,1.376
198331.0,0.01528133,0.0,1.376
198409.0,0.01609406,0.0,1.72
198488.0,0.02178284,0.0,1.376
198566.0,0.01137037,0.0,1.72
198644.0,0.02305273,0.0,2.064
198722.0,0.00476733,0.0,1.72
198800.0,0.01279254,0.0,1.376
198878.0,0.01705907,0.0,2.064
198956.0,0.01010048,0.0,1.72
199034.0,0.00283708,0.0,1.72
199113.0,-0.00081992,0.0,1.72
199191.0,0.01665274,0.0,1.72
199269.0,0.01614475,0.0,2.064
199347.0,0.00349737,0.0,1.72
199425.0,0.01152265,0.0,1.72
199503.0,0.01309727,0.0,2.064
199581.0,0.00903379,0.0,2.064
199659.0,0.01771936,0.0,2.064
199737.0,0.02874143,0.0,2.064
199816.0,0.01726227,0.0,2.408
199894.0,0.01904001,0.0,2.064
199972.0,0.0126401,0.0,2.064
200050.0,0.02305273,0.0,3.096
200128.0,0.00806877,0.0,2.752
200206.0,0.00700209,0.0,2.752
200284.0,0.02366218,0.0,2.752
200362.0,0.01873528,0.0,2.408
200440.0,0.01182745,0.0,2.752
200518.0,0.01883689,0.0,2.408
200597.0,0.02223993,0.0,2.408
200675.0,0.01431624,0.0,2.408
200753.0,0.01660198,0.0,2.408
200831.0,0.00893226,0.0,2.408
200909.0,0.00969408,0.0,1.376
200987.0,0.00344661,0.0,1.376
201065.0,0.01827812,0.0,1.376
201144.0,0.00466566,0.0,1.376
201222.0,0.02670973,0.0,1.376
201300.0,0.02401774,0.0,1.72
201378.0,0.01655122,0.0,0.688
201456.0,0.03437945,0.0,1.72
201534.0,0.00476733,0.0,1.376
201612.0,0.02295105,0.0,1.72
201690.0,0.02305273,0.0,1.72
201768.0,0.00161803,0.0,1.72
201847.0,0.03366832,0.0,1.72
201925.0,0.03422709,0.0,1.72
202003.0,0.01771936,0.0,1.72
202081.0,0.01269094,0.0,1.72
202159.0,0.02899547,0.0,1.72
202237.0,0.026405,0.0,2.064
202315.0,0.00923699,0.0,2.064
202393.0,0.00761169,0.0,2.408
202471.0,0.01507821,0.0,2.064
202550.0,0.02173215,0.0,2.064
202628.0,0.01914161,0.0,2.064
202706.0,0.01578933,0.0,2.064
202784.0,0.00781481,0.0,2.064
202862.0,0.03123022,0.0,2.064
202940.0,0.04382691,0.0,2.408
203018.0,0.01177661,0.0,2.752
203096.0,0.03031605,0.0,2.752
203174.0,0.01340199,0.0,2.752
203253.0,0.01431624,0.0,2.064
203331.0,0.00293868,0.0,2.408
203409.0,0.01868445,0.0,2.064
203487.0,0.00735765,0.0,2.408
203565.0,0.02264625,0.0,1.72
203643.0,0.01914161,0.0,2.064
203721.0,0.03529362,0.0,1.72
203800.0,0.03392236,0.0,1.72
203878.0,0.01578933,0.0,1.72
203956.0,0.01502744,0.0,1.72
204034.0,0.01604322,0.0,1.72
204112.0,0.02036059,0.0,2.064
204190.0,0.01629718,0.0,1.72
204268.0,0.04220161,0.0,1.72
204346.0,0.01832896,0.0,2.064
204424.0,0.03011285,0.0,1.72
204502.0,0.02803031,0.0,1.72
204581.0,0.02295105,0.0,2.064
204659.0,0.01660198,0.0,1.72
204737.0,0.0238653,0.0,2.064
204815.0,0.01898932,0.0,2.064
204893.0,0.04987125,0.0,2.064
204971.0,0.01766867,0.0,1.72
205049.0,0.02645584,0.0,2.064
205127.0,0.00649416,0.0,2.064
205205.0,0.00949103,0.0,2.064
205284.0,0.02340814,0.0,2.064
205362.0,0.01416388,0.0,2.064
205440.0,0.01777027,0.0,1.72
205518.0,0.0108116,0.0,2.064
205596.0,0.02427178,0.0,2.064
205674.0,0.00197359,0.0,1.72
205752.0,-0.00280086,0.0,2.064
205830.0,0.0062402,0.0,2.064
205909.0,0.02163048,0.0,2.064
205987.0,0.02757322,0.0,2.752
206065.0,0.00954171,0.0,2.408
206143.0,0.01269094,0.0,2.064
206221.0,0.01695755,0.0,1.72
206299.0,0.01375755,0.0,1.376
206377.0,0.02503359,0.0,1.72
206455.0,0.0106084,0.0,2.064
206533.0,0.02589708,0.0,1.72
206612.0,0.00796725,0.0,2.408
206690.0,0.02808114,0.0,2.064
206768.0,0.02284945,0.0,2.064
206846.0,0.02965576,0.0,1.72
206924.0,0.01599246,0.0,2.064
207002.0,0.02742086,0.0,1.72
207080.0,0.0043101,0.0,1.72
207158.0,0.01319887,0.0,2.408
207237.0,0.0334652,0.0,2.064
207315.0,0.01309727,0.0,2.064
207393.0,0.02838587,0.0,2.064
207471.0,0.03407465,0.0,2.064
207549.0,0.02777642,0.0,1.72
207627.0,0.03341429,0.0,1.72
207705.0,0.03310956,0.0,2.064
207783.0,0.01543377,0.0,2.064
207861.0,0.03001117,0.0,2.064
207939.0,0.03194142,0.0,2.064
208018.0,0.03077313,0.0,2.064
208096.0,-0.00630558,0.0,2.064
208174.0,0.03255087,0.0,2.064
208252.0,0.02117339,0.0,2.064
208330.0,0.02645584,0.0,2.064
208408.0,0.00461482,0.0,2.064
208486.0,0.0205131,0.0,2.064
208564.0,0.02391621,0.0,2.064
208643.0,0.02858907,0.0,2.064
208721.0,0.01497661,0.0,2.064
208799.0,0.03026521,0.0,2.064
208877.0,0.01436716,0.0,2.064
208955.0,0.01497661,0.0,2.064
209033.0,0.00136414,0.0,2.064
209111.0,0.00075462,0.0,2.064
209189.0,0.02767482,0.0,2.064
209267.0,0.0124369,0.0,2.064
209346.0,0.02371302,0.0,2.064
209424.0,0.01777027,0.0,2.064
209502.0,0.02330661,0.0,2.064
209580.0,0.02269716,0.0,2.064
209658.0,0.01258934,0.0,2.064
209736.0,0.01096396,0.0,2.064
209814.0,0.02889387,0.0,2.064
209892.0,0.01040528,0.0,2.064
209970.0,0.00283708,0.0,2.064
210049.0,0.01502744,0.0,2.064
210127.0,0.02335745,0.0,1.72
210205.0,0.02670973,0.0,2.064
210283.0,0.0090847,0.0,2.064
210361.0,0.01436716,0.0,2.064
210439.0,0.037427,0.0,2.064
210517.0,0.01390999,0.0,2.064
210595.0,0.02117339,0.0,2.064
210674.0,0.02432247,0.0,2.064
210752.0,0.01893841,0.0,2.064
210830.0,0.02371302,0.0,2.064
210908.0,0.02696369,0.0,2.064
210986.0,0.02528748,0.0,2.064
211064.0,0.02564304,0.0,2.064
211142.0,0.0446904,0.0,2.408
211220.0,0.02858907,0.0,2.064
211298.0,0.01360512,0.0,2.064
211377.0,0.04413163,0.0,2.064
211455.0,0.00913546,0.0,2.064
211533.0,0.01695755,0.0,2.064
211611.0,0.0110148,0.0,2.064
211689.0,0.00588471,0.0,2.408
211767.0,0.01497661,0.0,1.72
211845.0,0.04154132,0.0,2.408
211923.0,0.01126876,0.0,2.064
212002.0,0.01142105,0.0,2.752
212080.0,0.01837972,0.0,3.096
212158.0,0.03864605,0.0,2.408
212236.0,0.01700831,0.0,2.408
212314.0,0.02589708,0.0,2.752
212392.0,0.02168124,0.0,2.752
212470.0,0.01370679,0.0,2.752
212548.0,0.0126401,0.0,2.408
212626.0,-0.00361359,0.0,2.064
212704.0,0.02041142,0.0,2.408
212783.0,0.01157349,0.0,2.408
212861.0,0.00984659,0.0,2.408
212939.0,0.00862754,0.0,2.408
213017.0,0.05886155,0.0,2.408
213095.0,0.02589708,0.0,2.408
213173.0,0.01502744,0.0,2.408
213251.0,0.0198019,0.0,2.408
213330.0,0.01335123,0.0,2.408
213408.0,0.01685595,0.0,2.408
213486.0,0.03397305,0.0,2.408
213564.0,0.01040528,0.0,2.064
213642.0,0.01004971,0.0,2.408
213720.0,-0.00341039,0.0,2.408
213798.0,0.01396068,0.0,2.064
213876.0,0.02147811,0.0,2.408
213954.0,0.02198596,0.0,2.064
214032.0,0.02681126,0.0,2.408
214111.0,0.0103036,0.0,2.408
214189.0,0.0106084,0.0,2.064
214267.0,0.04890624,0.0,2.408
214345.0,0.0085767,0.0,1.72
214423.0,0.02747154,0.0,1.72
214501.0,0.02721765,0.0,2.064
214579.0,0.02965576,0.0,2.064
214657.0,0.01091313,0.0,2.408
214735.0,0.02305273,0.0,2.408
214814.0,0.01949717,0.0,2.064
214892.0,0.02635417,0.0,2.408
214970.0,0.03554766,0.0,2.064
215048.0,0.01512897,0.0,2.408
215126.0,0.02091935,0.0,2.408
215204.0,0.0203099,0.0,2.408
215282.0,0.01843056,0.0,2.408
215361.0,0.01700831,0.0,2.408
215439.0,-0.00015956,0.0,2.752
215517.0,0.02549068,0.0,2.064
215595.0,0.00476733,0.0,2.064
215673.0,0.00309104,0.0,2.408
215751.0,0.01010048,0.0,2.408
215829.0,0.02604937,0.0,2.064
215907.0,0.03376992,0.0,2.408
215985.0,0.00329424,0.0,2.408
216063.0,0.01614475,0.0,3.096
216142.0,-0.01494031,0.0,2.064
216220.0,0.01253858,0.0,2.064
216298.0,0.02538908,0.0,2.064
216376.0,0.01832896,0.0,2.064
216454.0,0.01045604,0.0,2.408
216532.0,0.02960492,0.0,3.096
216610.0,0.01949717,0.0,2.064
216688.0,0.02223993,0.0,2.064
216766.0,-0.00198821,0.0,2.408
216845.0,0.03351604,0.0,2.064
216923.0,0.01477348,0.0,2.064
217001.0,0.01172593,0.0,2.408
217079.0,0.02432247,0.0,1.72
217157.0,0.02081782,0.0,2.064
217235.0,0.04778879,0.0,2.752
217313.0,0.02081782,0.0,2.408
217391.0,0.02935088,0.0,3.784
217469.0,0.04794107,0.0,3.44
217548.0,0.018075,0.0,3.44
217626.0,0.01619566,0.0,3.44
217704.0,0.04250633,0.0,3.44
217782.0,0.04016983,0.0,2.752
217860.0,0.02112255,0.0,2.408
217938.0,0.03427785,0.0,2.408
218016.0,0.03183982,0.0,2.408
218095.0,0.02310341,0.0,2.408
218173.0,0.01665274,0.0,2.408
218251.0,0.02025906,0.0,2.408
218329.0,0.01868445,0.0,2.408
218407.0,0.01462097,0.0,2.408
218485.0,0.03300804,0.0,2.408
218563.0,0.00999888,0.0,2.064
218641.0,0.01573849,0.0,2.408
218719.0,0.00552915,0.0,2.064
218798.0,-0.00528973,0.0,2.408
218876.0,0.0198019,0.0,2.408
218954.0,-0.00315642,0.0,2.408
219032.0,0.0174654,0.0,2.064
219110.0,0.02290029,0.0,2.064
219188.0,0.01172593,0.0,2.064
219266.0,0.01345283,0.0,2.064
219344.0,0.00486886,0.0,2.408
219422.0,0.03006201,0.0,2.064
219500.0,0.01279254,0.0,2.064
219579.0,0.03194142,0.0,2.064
219657.0,0.01015131,0.0,2.064
219735.0,0.03625887,0.0,2.408
219813.0,0.01817652,0.0,2.064
219891.0,0.01279254,0.0,2.064
219969.0,0.01543377,0.0,2.064
220047.0,0.02290029,0.0,2.752
220125.0,0.0316367,0.0,3.096
220203.0,0.01771936,0.0,2.752
220282.0,0.02102095,0.0,2.408
220360.0,0.02919859,0.0,2.752
220438.0,0.00822114,0.0,2.408
220516.0,0.02975736,0.0,2.752
220594.0,0.02411927,0.0,2.752
220672.0,0.01868445,0.0,2.752
220750.0,0.00349737,0.0,2.408
220829.0,0.01208134,0.0,2.408
220907.0,0.00177047,0.0,2.408
220985.0,0.01609406,0.0,2.064
221063.0,0.00984659,0.0,2.408
221141.0,0.00588471,0.0,2.408
221219.0,0.03265247,0.0,2.408
221297.0,0.01741471,0.0,2.408
221375.0,0.02848739,0.0,2.064
221453.0,0.04032227,0.0,2.064
221532.0,0.02259549,0.0,2.408
221610.0,0.01843056,0.0,3.096
221688.0,-0.02210218,0.0,2.408
221766.0,0.01832896,0.0,2.408
221844.0,0.01812576,0.0,2.408
221922.0,0.03422709,0.0,2.064
222000.0,0.00903379,0.0,2.408
222078.0,0.03168746,0.0,2.064
222156.0,0.0198019,0.0,2.064
222235.0,0.01335123,0.0,2.752
222313.0,0.02686209,0.0,2.752
222391.0,0.0467221,0.0,2.064
222469.0,0.02726842,0.0,2.408
222547.0,0.01584002,0.0,2.752
222625.0,-0.01783558,0.0,2.752
222703.0,0.01147189,0.0,2.408
222781.0,0.02584624,0.0,2.408
222859.0,0.00166887,0.0,1.72
222938.0,0.02340814,0.0,2.064
223016.0,0.01192905,0.0,2.064
223094.0,0.02808114,0.0,1.376
223172.0,0.01609406,0.0,2.064
223250.0,0.01782096,0.0,1.376
223328.0,0.01584002,0.0,2.064
223406.0,0.02284945,0.0,2.408
223484.0,-0.00401991,0.0,2.408
223563.0,0.02371302,0.0,2.064
223641.0,0.03041765,0.0,2.064
223719.0,0.03915398,0.0,2.064
223797.0,0.00684972,0.0,1.72
223875.0,0.02132567,0.0,2.064
223953.0,0.0349889,0.0,2.064
224031.0,-0.00747379,0.0,2.064
224109.0,0.03453181,0.0,1.72
224187.0,0.00415773,0.0,2.064
224265.0,0.00166887,0.0,2.064
224344.0,0.01873528,0.0,1.72
224422.0,0.010202,0.0,2.408
224500.0,0.02483039,0.0,2.064
224578.0,0.03143342,0.0,2.064
224656.0,0.01655122,0.0,2.064
224734.0,0.00684972,0.0,2.064
224812.0,0.00811954,0.0,1.72
224891.0,0.04829671,0.0,2.064
224969.0,0.00761169,0.0,1.72
225047.0,0.01848132,0.0,2.064
225125.0,0.02508435,0.0,2.064
225203.0,0.02391621,0.0,2.064
225281.0,0.04174437,0.0,2.064
225359.0,0.0205131,0.0,2.064
225437.0,0.0237637,0.0,2.064
225515.0,0.0220368,0.0,2.064
225593.0,0.02828434,0.0,1.72
225672.0,0.0130465,0.0,2.064
225750.0,0.02843671,0.0,1.72
225828.0,0.01258934,0.0,2.064
225906.0,0.01385915,0.0,1.72
225984.0,0.01751623,0.0,1.72
226062.0,0.02350974,0.0,2.064
226140.0,0.03051925,0.0,2.064
226218.0,0.01131953,0.0,2.064
226296.0,0.03376992,0.0,2.064
226375.0,0.0174654,0.0,2.064
226453.0,0.02325578,0.0,2.064
226531.0,0.02919859,0.0,2.064
226609.0,0.02975736,0.0,1.376
226687.0,0.02762406,0.0,2.064
226765.0,0.03895078,0.0,2.064
226843.0,0.03290644,0.0,2.064
226921.0,0.02254473,0.0,2.064
226999.0,0.03255087,0.0,2.064
227078.0,0.01167509,0.0,2.064
227156.0,0.0124369,0.0,2.064
227234.0,0.02706529,0.0,2.408
227312.0,0.02747154,0.0,2.064
227390.0,0.00329424,0.0,2.064
227468.0,0.01228454,0.0,1.376
227546.0,0.00705292,0.0,2.064
227625.0,0.01949717,0.0,1.72
227703.0,0.03097633,0.0,2.064
227781.0,-0.00021047,0.0,2.408
227859.0,0.01365595,0.0,2.064
227937.0,0.01086229,0.0,2.064
228015.0,0.05347749,0.0,2.064
228093.0,0.01517973,0.0,2.064
228171.0,0.032754,0.0,2.064
228249.0,0.02041142,0.0,2.064
228328.0,0.02223993,0.0,2.064
228406.0,0.00822114,0.0,2.064
228484.0,0.03117953,0.0,2.064
228562.0,0.01162425,0.0,2.064
228640.0,0.02797962,0.0,2.064
228718.0,-0.00493416,0.0,2.064
228796.0,0.02041142,0.0,2.408
228874.0,0.01157349,0.0,2.064
228952.0,0.02538908,0.0,2.064
229030.0,0.00588471,0.0,2.064
229109.0,0.0045133,0.0,2.064
229187.0,0.02767482,0.0,2.064
229265.0,0.01289414,0.0,2.408
229343.0,0.01584002,0.0,2.064
229421.0,0.01741471,0.0,1.72
229499.0,0.04326815,0.0,2.064
229577.0,0.01162425,0.0,1.376
229656.0,0.00888142,0.0,2.064
229734.0,0.01837972,0.0,2.064
229812.0,0.00832266,0.0,2.064
229890.0,0.01040528,0.0,2.064
229968.0,0.02569388,0.0,1.72
230046.0,0.02559235,0.0,2.064
230124.0,0.02168124,0.0,2.064
230202.0,0.0061386,0.0,2.064
230280.0,0.02300189,0.0,2.408
230359.0,0.02782711,0.0,2.064
230437.0,0.02787794,0.0,2.064
230515.0,0.02127491,0.0,2.064
230593.0,0.01421472,0.0,2.064
230671.0,0.02381454,0.0,2.064
230749.0,0.01152265,0.0,2.064
230827.0,0.02249396,0.0,1.376
230905.0,0.01477348,0.0,1.72
230983.0,0.02528748,0.0,2.064
231061.0,0.0316367,0.0,2.064
231140.0,0.01792256,0.0,2.064
231218.0,0.01533217,0.0,2.064
231296.0,0.01436716,0.0,2.064
231374.0,0.01126876,0.0,2.064
231452.0,0.04225229,0.0,2.064
231530.0,0.01614475,0.0,2.064
231608.0,0.02010662,0.0,1.72
231686.0,0.03641115,0.0,2.064
231765.0,0.03255087,0.0,1.72
231843.0,0.02046219,0.0,2.064
231921.0,0.01172593,0.0,2.064
231999.0,0.03310956,0.0,1.376
232077.0,0.01609406,0.0,2.064
232155.0,0.03026521,0.0,2.064
232233.0,-0.00356275,0.0,2.064
232311.0,0.02284945,0.0,2.064
232390.0,-0.00711823,0.0,1.72
232468.0,0.0240685,0.0,2.064
232546.0,0.01360512,0.0,2.064
232624.0,0.01050688,0.0,2.064
232702.0,0.01482417,0.0,2.064
232780.0,0.01878605,0.0,2.064
232858.0,0.02777642,0.0,2.064
232936.0,0.00598623,0.0,2.064
233014.0,0.00944019,0.0,2.064
233093.0,0.01233538,0.0,2.064
233171.0,0.0240685,0.0,2.064
233249.0,0.03641115,0.0,1.72
233327.0,0.00177047,0.0,1.72
233405.0,0.03707144,0.0,2.064
233483.0,0.02218916,0.0,2.064
233561.0,0.02056379,0.0,2.064
233639.0,0.02422094,0.0,2.064
233717.0,0.00817037,0.0,2.064
233796.0,0.01837972,0.0,1.72
233874.0,0.02411927,0.0,2.064
233952.0,0.01426541,0.0,2.064
234030.0,0.01040528,0.0,1.72
234108.0,0.02081782,0.0,2.064
234186.0,0.02884303,0.0,2.752
234264.0,0.03285575,0.0,2.408
234342.0,0.01335123,0.0,2.752
234420.0,0.0239669,0.0,2.752
234499.0,0.00938943,0.0,2.408
234577.0,0.01619566,0.0,2.408
234655.0,0.01883689,0.0,2.064
234733.0,0.03204302,0.0,1.72
234811.0,0.01203065,0.0,1.376
234889.0,0.0106084,0.0,1.72
234967.0,0.01964961,0.0,1.72
235045.0,0.01964961,0.0,1.72
235124.0,0.02935088,0.0,1.72
235202.0,0.0110148,0.0,2.408
235280.0,0.01096396,0.0,2.408
235358.0,0.01137037,0.0,2.408
235436.0,0.01096396,0.0,2.752
235514.0,0.0578457,0.0,2.064
235592.0,0.02066539,0.0,2.408
235670.0,0.04463956,0.0,2.064
235748.0,0.02183367,0.0,2.064
235827.0,0.01863368,0.0,2.064
235905.0,0.02538908,0.0,2.064
235983.0,0.01223378,0.0,2.408
236061.0,0.032754,0.0,2.064
236139.0,0.03798576,0.0,2.752
236217.0,0.00817037,0.0,2.064
236295.0,0.00959255,0.0,1.72
236373.0,0.01218302,0.0,2.064
236451.0,0.02066539,0.0,2.064
236530.0,0.0198019,0.0,2.064
236608.0,0.00735765,0.0,2.064
236686.0,0.04072852,0.0,2.064
236764.0,0.02401774,0.0,1.72
236842.0,0.00710376,0.0,2.064
236920.0,0.02223993,0.0,2.064
236998.0,0.01228454,0.0,2.064
237076.0,0.01299567,0.0,2.064
237155.0,0.01157349,0.0,1.72
237233.0,0.00583387,0.0,1.72
237311.0,0.0295034,0.0,2.408
237389.0,0.01213218,0.0,2.064
237467.0,0.02147811,0.0,1.72
237545.0,0.04011907,0.0,2.064
237623.0,0.03082397,0.0,2.064
237701.0,0.02005586,0.0,2.064
237780.0,0.02163048,0.0,2.064
237858.0,0.03138266,0.0,2.064
237936.0,0.01904001,0.0,1.72
238014.0,0.00161803,0.0,1.72
238092.0,0.0067482,0.0,1.72
238170.0,0.01639878,0.0,1.72
238248.0,0.01766867,0.0,2.064
238326.0,0.03097633,0.0,1.032
238404.0,0.01944634,0.0,1.72
238483.0,0.0061386,0.0,1.376
238561.0,0.01634802,0.0,1.72
238639.0,0.02163048,0.0,2.064
238717.0,0.03473501,0.0,1.72
238795.0,0.02533832,0.0,1.376
238873.0,0.0131481,0.0,2.064
238951.0,0.01213218,0.0,1.376
239029.0,0.01436716,0.0,1.72
239107.0,0.03229699,0.0,1.376
239185.0,0.04047456,0.0,2.408
239264.0,0.02737002,0.0,1.72
239342.0,0.01924313,0.0,2.064
239420.0,0.00116102,0.0,2.064
239498.0,0.02279869,0.0,2.064
239576.0,0.026405,0.0,2.064
239654.0,0.00649416,0.0,1.72
239732.0,0.02076691,0.0,2.752
239810.0,0.00705292,0.0,2.064
239888.0,-0.00676267,0.0,1.72
239967.0,0.02914783,0.0,1.72
240045.0,0.00486886,0.0,1.376
240123.0,0.01416388,0.0,1.72
240201.0,0.01446868,0.0,1.72
240279.0,0.01319887,0.0,1.032
240357.0,0.00786565,0.0,1.72
240435.0,0.02320501,0.0,1.72
240513.0,0.03138266,0.0,1.72
240592.0,0.01995434,0.0,1.72
240670.0,0.026405,0.0,2.064
240748.0,0.02797962,0.0,1.72
240826.0,0.00938943,0.0,1.72
240904.0,0.01619566,0.0,1.72
240982.0,0.03031605,0.0,2.064
241060.0,0.00395453,0.0,2.064
241138.0,0.02874143,0.0,2.064
241216.0,0.00273548,0.0,1.376
241295.0,0.03072237,0.0,2.064
241373.0,0.01822728,0.0,1.72
241451.0,0.01523057,0.0,2.064
241529.0,0.01934474,0.0,2.064
241607.0,0.00436086,0.0,2.064
241685.0,0.01619566,0.0,2.064
241763.0,0.03950947,0.0,2.064
241841.0,0.00268479,0.0,2.064
241919.0,0.02132567,0.0,2.064
241998.0,0.02909699,0.0,2.408
242076.0,0.00964331,0.0,2.064
242154.0,0.02097019,0.0,2.064
242232.0,0.01487501,0.0,2.064
242310.0,0.04677294,0.0,2.064
242388.0,-0.00163265,0.0,2.064
242466.0,0.02554152,0.0,2.064
242545.0,0.02838587,0.0,2.064
242623.0,0.01350359,0.0,2.408
242701.0,0.0238653,0.0,2.064
242779.0,0.02350974,0.0,2.064
242857.0,0.02061462,0.0,2.408
242935.0,0.02569388,0.0,2.064
243013.0,0.02914783,0.0,2.064
243091.0,0.03432861,0.0,2.064
243169.0,0.00725612,0.0,2.064
243248.0,0.01705907,0.0,2.752
243326.0,0.01817652,0.0,1.72
243404.0,0.01350359,0.0,2.752
243482.0,0.01025284,0.0,2.064
243560.0,0.01573849,0.0,2.064
243638.0,0.0045133,0.0,1.376
243716.0,0.01172593,0.0,2.064
243794.0,0.00177047,0.0,1.72
243872.0,0.01644962,0.0,2.064
243950.0,0.01050688,0.0,1.72
244029.0,0.03056993,0.0,2.752
244107.0,0.01629718,0.0,1.376
244185.0,0.01355443,0.0,2.408
244263.0,0.02279869,0.0,1.72
244341.0,0.00923699,0.0,2.064
244419.0,0.02543999,0.0,2.064
244497.0,0.00415773,0.0,2.408
244575.0,0.01182745,0.0,2.064
244653.0,0.01670351,0.0,2.064
244732.0,0.01858285,0.0,2.064
244810.0,0.0198019,0.0,2.408
244888.0,0.00801794,0.0,2.064
244966.0,0.0203099,0.0,2.408
245044.0,0.02076691,0.0,2.064
245122.0,0.01843056,0.0,2.064
245200.0,0.01904001,0.0,1.72
245279.0,0.00466566,0.0,2.064
245357.0,0.01665274,0.0,2.064
245435.0,0.01076076,0.0,2.064
245513.0,0.03854445,0.0,1.72
245591.0,0.02091935,0.0,1.72
245669.0,0.01457028,0.0,1.376
245747.0,0.0313319,0.0,1.376
245825.0,0.01614475,0.0,1.72
245903.0,0.02350974,0.0,2.064
245982.0,0.00552915,0.0,2.064
246060.0,0.00283708,0.0,2.064
246138.0,0.02792878,0.0,2.064
246216.0,0.02081782,0.0,1.72
246294.0,0.02411927,0.0,2.064
246372.0,0.0178718,0.0,2.752
246450.0,0.00502115,0.0,2.064
246528.0,0.01822728,0.0,2.064
246606.0,0.01065924,0.0,2.064
246685.0,0.00507206,0.0,1.72
246763.0,0.01888757,0.0,2.064
246841.0,0.00420857,0.0,2.064
246919.0,0.02833518,0.0,2.064
246997.0,0.01142105,0.0,1.376
247075.0,0.03295727,0.0,1.376
247153.0,0.01827812,0.0,1.72
247231.0,0.01253858,0.0,1.72
247309.0,0.01106556,0.0,1.72
247388.0,0.02894463,0.0,1.376
247466.0,0.01533217,0.0,1.72
247544.0,0.01472264,0.0,1.376
247622.0,0.02569388,0.0,1.376
247700.0,0.01949717,0.0,1.376
247778.0,0.02797962,0.0,2.064
247856.0,0.03016368,0.0,1.376
247934.0,0.01223378,0.0,1.72
248012.0,0.01650038,0.0,2.064
248091.0,0.01695755,0.0,1.72
248169.0,0.00679888,0.0,1.376
248247.0,0.01015131,0.0,1.72
248325.0,0.01710998,0.0,1.72
248403.0,0.01634802,0.0,1.72
248481.0,-7.27e-06,0.0,1.72
248559.0,0.04397927,0.0,2.408
248637.0,0.01457028,0.0,1.376
248715.0,0.01553529,0.0,2.408
248794.0,0.02229076,0.0,1.376
248872.0,0.00745925,0.0,2.752
248950.0,0.00883074,0.0,1.72
249028.0,0.00867822,0.0,2.408
249106.0,0.01157349,0.0,2.064
249184.0,0.01111633,0.0,2.408
249262.0,0.02442399,0.0,2.064
249340.0,0.02254473,0.0,2.064
249419.0,0.02869059,0.0,2.064
249497.0,0.01050688,0.0,2.064
249575.0,0.02549068,0.0,2.064
249653.0,0.00827197,0.0,2.064
249731.0,0.01274163,0.0,1.376
249809.0,0.00603707,0.0,1.376
249887.0,-0.0117404,0.0,1.72
249965.0,0.01964961,0.0,1.72
250043.0,0.00786565,0.0,1.376
250122.0,-0.00203897,0.0,1.72
250200.0,0.02076691,0.0,1.72
250278.0,0.00959255,0.0,1.72
250356.0,0.03056993,0.0,1.72
250434.0,0.01914161,0.0,1.72
250512.0,0.01177661,0.0,1.72
250590.0,-0.00015956,0.0,1.72
250668.0,0.02559235,0.0,1.72
250747.0,0.02097019,0.0,1.72
250825.0,0.02625264,0.0,1.72
250903.0,0.01462097,0.0,2.064
250981.0,0.01365595,0.0,2.064
251059.0,0.02757322,0.0,2.752
251137.0,0.00923699,0.0,2.752
251215.0,0.02584624,0.0,2.408
251293.0,0.00842434,0.0,2.408
251371.0,0.01985274,0.0,2.408
251450.0,0.01238622,0.0,2.408
251528.0,0.01045604,0.0,2.064
251606.0,0.02549068,0.0,2.064
251684.0,0.00349737,0.0,2.408
251762.0,0.01858285,0.0,2.408
251840.0,0.00517358,0.0,2.064
251918.0,0.01401152,0.0,2.408
251996.0,0.02137651,0.0,2.064
252074.0,0.01644962,0.0,1.376
252153.0,0.01497661,0.0,1.376
252231.0,0.02305273,0.0,1.376
252309.0,0.02838587,0.0,1.376
252387.0,0.02300189,0.0,1.376
252465.0,0.01949717,0.0,2.064
252543.0,0.00898303,0.0,1.72
252621.0,0.01472264,0.0,2.064
252699.0,0.01954786,0.0,1.72
252778.0,0.02005586,0.0,1.72
252856.0,0.00258319,0.0,2.064
252934.0,0.01330039,0.0,2.064
253012.0,0.02676057,0.0,1.376
253090.0,0.02015746,0.0,2.064
253168.0,0.0085767,0.0,2.064
253246.0,0.03991579,0.0,1.72
253324.0,0.01563689,0.0,2.064
253402.0,0.00725612,0.0,1.376
253481.0,0.0357001,0.0,1.376
253559.0,0.01406236,0.0,1.376
253637.0,0.01426541,0.0,1.72
253715.0,0.02777642,0.0,2.064
253793.0,0.01782096,0.0,2.408
253871.0,0.0043101,0.0,2.408
253949.0,-0.00427388,0.0,2.064
254027.0,0.02020822,0.0,2.064
254106.0,-0.00523889,0.0,2.064
254184.0,0.03158578,0.0,2.064
254262.0,0.03239859,0.0,2.064
254340.0,0.03417632,0.0,2.064
254418.0,0.0174654,0.0,1.72
254496.0,0.0237637,0.0,2.064
254574.0,0.02117339,0.0,2.064
254652.0,0.00862754,0.0,2.064
254730.0,0.00847518,0.0,2.064
254808.0,-0.00036283,0.0,1.72
254887.0,0.02604937,0.0,2.064
254965.0,0.01071008,0.0,1.72
255043.0,0.00954171,0.0,1.72
255121.0,0.03432861,0.0,2.064
255199.0,0.02107171,0.0,1.72
255277.0,0.03382076,0.0,2.064
255355.0,0.01390999,0.0,2.064
255433.0,0.02985896,0.0,2.064
255511.0,0.00151651,0.0,2.064
255590.0,0.01350359,0.0,2.064
255668.0,0.02198596,0.0,1.72
255746.0,0.0173638,0.0,1.72
255824.0,0.00898303,0.0,1.72
255902.0,0.03031605,0.0,2.064
255980.0,0.01355443,0.0,1.72
256058.0,0.00893226,0.0,1.376
256137.0,0.02015746,0.0,1.376
256215.0,0.01350359,0.0,1.72
256293.0,0.03382076,0.0,1.376
256371.0,0.00395453,0.0,1.72
256449.0,0.00867822,0.0,1.72
256527.0,0.01919237,0.0,1.72
256605.0,0.03117953,0.0,1.72
256683.0,0.02472879,0.0,1.72
256761.0,-0.01062294,0.0,1.376
256839.0,0.02869059,0.0,1.376
256918.0,0.01700831,0.0,1.376
256996.0,0.0012117,0.0,1.032
257074.0,0.01710998,0.0,1.376
257152.0,0.03422709,0.0,1.72
257230.0,0.02980812,0.0,1.72
257308.0,0.0238653,0.0,1.72
257386.0,0.03463334,0.0,1.72
257464.0,0.03676672,0.0,1.72
257542.0,-0.00117548,0.0,2.064
257621.0,0.04077936,0.0,2.064
257699.0,0.03869674,0.0,1.72
257777.0,0.02284945,0.0,2.064
257855.0,0.03910322,0.0,1.72
257933.0,0.01705907,0.0,1.376
258011.0,0.03895078,0.0,1.72
258089.0,0.02579555,0.0,1.72
258167.0,0.02208756,0.0,1.72
258246.0,0.0243733,0.0,1.72
258324.0,0.02005586,0.0,1.72
258402.0,0.00949103,0.0,1.72
258480.0,0.01589093,0.0,1.72
258558.0,-0.00508653,0.0,1.72
258636.0,0.01888757,0.0,1.72
258714.0,0.00212603,0.0,1.72
258792.0,-0.00589918,0.0,1.72
258871.0,-0.02088313,0.0,1.72
258949.0,0.00055142,0.0,1.376
259027.0,0.00212603,0.0,2.064
259105.0,0.01203065,0.0,1.72
259183.0,0.00771321,0.0,1.72
259261.0,0.01883689,0.0,1.72
259339.0,0.01330039,0.0,2.064
259417.0,0.02615097,0.0,2.064
259495.0,0.01370679,0.0,1.72
259573.0,0.02279869,0.0,1.376
259652.0,0.01131953,0.0,1.72
259730.0,0.02833518,0.0,1.376
259808.0,0.00806877,0.0,1.72
259886.0,0.00756085,0.0,1.72
259964.0,0.03031605,0.0,1.72
260042.0,0.02919859,0.0,2.064
260120.0,0.01558613,0.0,2.064
260198.0,0.01426541,0.0,1.72
260277.0,0.00060225,0.0,1.72
260355.0,0.00618943,0.0,2.064
260433.0,0.02366218,0.0,2.064
260511.0,0.01355443,0.0,1.72
260589.0,0.0124369,0.0,1.72
260667.0,0.02183367,0.0,1.72
260745.0,0.01269094,0.0,1.72
260823.0,0.01584002,0.0,1.72
260901.0,0.02543999,0.0,1.72
260980.0,0.03148426,0.0,1.72
261058.0,0.01365595,0.0,2.064
261136.0,0.04418247,0.0,1.72
261214.0,0.02513519,0.0,1.72
261292.0,0.02477955,0.0,1.376
261370.0,0.02737002,0.0,1.72
261448.0,0.02483039,0.0,2.064
261526.0,0.01680511,0.0,1.72
261604.0,0.02818267,0.0,2.064
261683.0,0.00730696,0.0,2.064
261761.0,-0.00188661,0.0,2.064
261839.0,0.0220368,0.0,2.064
261917.0,0.02325578,0.0,1.72
261995.0,0.01218302,0.0,2.064
262073.0,0.00065302,0.0,1.72
262151.0,0.01197982,0.0,1.72
262230.0,0.00903379,0.0,2.064
262308.0,0.01167509,0.0,2.064
262386.0,-0.00630558,0.0,1.72
262464.0,0.01390999,0.0,2.064
262542.0,0.03067153,0.0,1.72
262620.0,0.00679888,0.0,1.72
262698.0,0.00557991,0.0,1.72
262776.0,0.02102095,0.0,2.064
262854.0,0.00720529,0.0,2.064
262933.0,0.01675435,0.0,2.064
263011.0,-0.02042597,0.0,2.064
263089.0,0.03260171,0.0,2.064
263167.0,0.0090847,0.0,2.064
263245.0,0.04347135,0.0,2.064
263323.0,0.01411312,0.0,2.064
263401.0,0.02650653,0.0,2.064
263479.0,0.00593547,0.0,2.752
263557.0,0.02234153,0.0,3.096
263635.0,-0.00523889,0.0,2.752
263714.0,0.00304028,0.0,2.752
263792.0,0.01492569,0.0,2.752
263870.0,0.01203065,0.0,2.408
263948.0,0.03854445,0.0,2.408
264026.0,0.02549068,0.0,2.408
264104.0,0.01644962,0.0,2.752
264182.0,0.01817652,0.0,2.408
264260.0,0.03051925,0.0,2.408
264339.0,-0.00183577,0.0,2.064
264417.0,0.01451944,0.0,2.064
264495.0,0.0083735,0.0,2.408
264573.0,0.00537671,0.0,2.064
264651.0,0.02295105,0.0,2.064
264729.0,0.02371302,0.0,2.408
264807.0,0.01131953,0.0,2.064
264885.0,0.0468237,0.0,2.064
264963.0,0.00618943,0.0,2.064
265042.0,0.01289414,0.0,2.408
265120.0,0.01309727,0.0,1.72
265198.0,0.01482417,0.0,2.064
265276.0,0.02589708,0.0,2.064
265354.0,0.02635417,0.0,2.752
265432.0,0.01335123,0.0,2.408
265510.0,-0.00610238,0.0,2.064
265588.0,0.00761169,0.0,2.064
265666.0,0.02447483,0.0,2.408
265745.0,0.02259549,0.0,2.064
265823.0,0.01517973,0.0,2.064
265901.0,0.01726227,0.0,2.064
265979.0,-0.00549293,0.0,2.064
266057.0,0.01863368,0.0,2.064
266135.0,0.02244313,0.0,2.064
266213.0,0.01269094,0.0,2.752
266291.0,0.03981427,0.0,3.096
266370.0,0.02137651,0.0,2.408
266448.0,0.01731311,0.0,2.408
266526.0,0.01777027,0.0,2.752
266604.0,0.01751623,0.0,2.752
266682.0,0.02371302,0.0,2.408
266760.0,0.033262,0.0,2.408
266838.0,0.01279254,0.0,2.408
266916.0,0.01274163,0.0,2.408
266994.0,0.010202,0.0,2.064
267073.0,0.02036059,0.0,2.408
267151.0,0.02742086,0.0,2.064
267229.0,-0.00595001,0.0,2.408
267307.0,0.01634802,0.0,2.064
267385.0,0.0468237,0.0,2.064
267463.0,0.0243733,0.0,2.064
267541.0,0.01898932,0.0,2.064
267619.0,0.02980812,0.0,2.408
267697.0,0.0239669,0.0,2.408
267775.0,0.02726842,0.0,2.408
267854.0,0.01639878,0.0,2.408
267932.0,0.02041142,0.0,2.064
268010.0,0.01629718,0.0,2.064
268088.0,0.03244927,0.0,2.064
268166.0,0.02508435,0.0,2.064
268244.0,0.03229699,0.0,2.064
268322.0,0.01451944,0.0,2.064
268400.0,0.04408095,0.0,2.064
268479.0,0.00791641,0.0,2.064
268557.0,0.02188436,0.0,2.064
268635.0,-0.00412144,0.0,2.064
268713.0,0.0259986,0.0,2.064
268791.0,0.00893226,0.0,2.064
268869.0,-0.00574696,0.0,3.096
268947.0,0.01182745,0.0,2.752
269025.0,0.01121785,0.0,2.408
269104.0,0.00283708,0.0,2.408
269182.0,0.01330039,0.0,2.408
269260.0,0.01777027,0.0,2.752
269338.0,0.01192905,0.0,2.408
269416.0,0.01330039,0.0,2.408
269494.0,0.01731311,0.0,2.408
269572.0,0.01777027,0.0,2.408
269650.0,0.0219352,0.0,2.408
269728.0,0.02528748,0.0,2.752
269807.0,0.02066539,0.0,2.408
269885.0,0.01157349,0.0,2.408
269963.0,0.02091935,0.0,2.408
270041.0,0.02538908,0.0,2.408
270119.0,0.01660198,0.0,2.408
270197.0,0.02295105,0.0,2.408
270275.0,0.00959255,0.0,2.408
270353.0,0.00237992,0.0,2.408
270431.0,0.02604937,0.0,2.408
270510.0,0.02391621,0.0,2.064
270588.0,0.02071615,0.0,2.064
270666.0,0.01411312,0.0,2.064
270744.0,0.01330039,0.0,2.408
270822.0,0.02015746,0.0,1.72
270900.0,0.00024669,0.0,2.408
270978.0,0.03366832,0.0,2.064
271057.0,0.0243733,0.0,2.408
271135.0,0.01375755,0.0,2.064
271213.0,0.0295034,0.0,2.064
271291.0,0.01497661,0.0,2.064
271369.0,0.02056379,0.0,1.72
271447.0,0.00557991,0.0,2.064
271525.0,0.01726227,0.0,2.408
271603.0,0.00166887,0.0,2.752
271681.0,0.02660813,0.0,2.752
271759.0,0.03117953,0.0,2.408
271838.0,0.01904001,0.0,2.064
271916.0,0.03107793,0.0,2.064
271994.0,0.01274163,0.0,2.408
272072.0,0.00171963,0.0,2.408
272150.0,0.00573235,0.0,2.408
272228.0,0.01182745,0.0,2.408
272306.0,0.00070385,0.0,2.408
272384.0,0.0309255,0.0,2.408
272462.0,0.03016368,0.0,2.064
272541.0,0.02391621,0.0,1.72
272619.0,0.01624642,0.0,2.064
272697.0,0.02996048,0.0,2.064
272775.0,0.01345283,0.0,2.064
272853.0,0.02965576,0.0,2.752
272931.0,0.01761783,0.0,2.064
273009.0,0.03961107,0.0,1.72
273087.0,0.03031605,0.0,2.064
273165.0,0.02041142,0.0,1.72
273244.0,0.02935088,0.0,1.72
273322.0,0.01634802,0.0,2.064
273400.0,0.02737002,0.0,1.72
273478.0,0.03702068,0.0,2.408
273556.0,0.00481802,0.0,2.064
273634.0,0.01650038,0.0,1.72
273712.0,0.006545,0.0,1.72
273791.0,0.02899547,0.0,1.032
273869.0,0.02960492,0.0,2.064
273947.0,0.02518595,0.0,1.376
274025.0,0.02538908,0.0,1.72
274103.0,0.03168746,0.0,1.72
274181.0,0.01893841,0.0,1.72
274259.0,0.00888142,0.0,1.72
274337.0,0.02020822,0.0,1.72
274415.0,-0.00239454,0.0,2.064
274493.0,0.02676057,0.0,2.064
274572.0,0.03219539,0.0,2.064
274650.0,0.01137037,0.0,2.064
274728.0,0.0013133,0.0,2.064
274806.0,0.03082397,0.0,1.72
274884.0,0.03046841,0.0,1.72
274962.0,0.01731311,0.0,2.064
275040.0,0.01827812,0.0,2.064
275118.0,0.02721765,0.0,1.72
275196.0,0.02259549,0.0,2.064
275275.0,0.01959877,0.0,2.064
275353.0,0.00786565,0.0,2.064
275431.0,0.00237992,0.0,2.064
275509.0,0.01893841,0.0,2.064
275587.0,0.00974499,0.0,2.064
275665.0,0.01619566,0.0,2.064
275743.0,0.0309255,0.0,2.064
275822.0,0.01543377,0.0,1.72
275900.0,0.01131953,0.0,1.72
275978.0,0.0090847,0.0,2.064
276056.0,0.0199035,0.0,2.064
276134.0,0.03295727,0.0,1.376
276212.0,0.01370679,0.0,2.064
276290.0,0.01751623,0.0,2.064
276368.0,0.02584624,0.0,2.064
276446.0,0.00456413,0.0,2.064
276524.0,0.01025284,0.0,2.752
276603.0,0.01578933,0.0,1.72
276681.0,0.02117339,0.0,2.408
276759.0,0.04514749,0.0,1.72
276837.0,0.00999888,0.0,1.376
276915.0,0.03168746,0.0,2.064
276993.0,0.03869674,0.0,1.032
277071.0,-0.0051882,0.0,1.72
277149.0,0.02112255,0.0,2.064
277227.0,0.00776405,0.0,2.064
277306.0,0.04758559,0.0,1.72
277384.0,0.01685595,0.0,1.72
277462.0,0.03331276,0.0,2.064
277540.0,0.00771321,0.0,2.752
277618.0,0.0333636,0.0,2.752
277696.0,0.02076691,0.0,2.408
277774.0,0.02462719,0.0,2.752
277852.0,0.02127491,0.0,2.408
277930.0,0.02097019,0.0,2.064
278009.0,0.03839201,0.0,3.096
278087.0,0.01675435,0.0,2.408
278165.0,0.01451944,0.0,2.408
278243.0,0.01543377,0.0,2.408
278321.0,0.0393571,0.0,2.408
278399.0,0.00720529,0.0,2.064
278477.0,0.00486886,0.0,2.752
278556.0,0.00801794,0.0,3.096
278634.0,0.02147811,0.0,2.064
278712.0,0.01665274,0.0,2.064
278790.0,0.00979575,0.0,2.408
278868.0,0.01010048,0.0,2.064
278946.0,0.01507821,0.0,2.064
279024.0,0.02391621,0.0,2.064
279102.0,0.01421472,0.0,2.064
279180.0,0.03102717,0.0,2.408
279258.0,0.02163048,0.0,2.752
279337.0,0.01406236,0.0,2.064
279415.0,0.02005586,0.0,3.096
279493.0,0.02503359,0.0,2.408
279571.0,0.01380839,0.0,2.064
279649.0,0.02081782,0.0,1.72
279727.0,-0.00478173,0.0,2.064
279805.0,0.0128433,0.0,2.064
279883.0,0.00476733,0.0,2.408
279961.0,0.02137651,0.0,2.064
280040.0,0.03488738,0.0,2.408
280118.0,0.00197359,0.0,2.752
280196.0,0.01853208,0.0,2.408
280274.0,-0.00630558,0.0,2.064
280352.0,0.01949717,0.0,2.752
280430.0,0.02584624,0.0,2.408
280508.0,0.03305887,0.0,2.752
280586.0,0.01782096,0.0,2.064
280665.0,0.00994811,0.0,2.408
280743.0,0.02742086,0.0,3.096
280821.0,0.02401774,0.0,2.408
280899.0,0.03300804,0.0,2.408
280977.0,0.01396068,0.0,2.408
281055.0,0.01472264,0.0,2.064
281133.0,0.00776405,0.0,2.408
281211.0,0.01904001,0.0,1.72
281289.0,0.03270331,0.0,2.408
281368.0,0.01771936,0.0,2.752
281446.0,0.02325578,0.0,2.408
281524.0,0.01665274,0.0,2.752
281602.0,0.01055756,0.0,1.72
281680.0,0.02498275,0.0,2.064
281758.0,0.03427785,0.0,2.752
281836.0,0.006545,0.0,2.064
281915.0,0.0132497,0.0,2.752
281993.0,0.01843056,0.0,2.408
282071.0,0.03138266,0.0,2.408
282149.0,0.03229699,0.0,2.064
282227.0,0.01416388,0.0,2.408
282305.0,0.00339584,0.0,2.408
282383.0,0.04245549,0.0,2.408
282461.0,0.01248782,0.0,2.408
282539.0,0.00019585,0.0,2.064
282617.0,0.0220368,0.0,2.408
282696.0,0.01705907,0.0,2.064
282774.0,0.03884918,0.0,2.064
282852.0,0.01396068,0.0,2.064
282930.0,0.01380839,0.0,1.72
283008.0,0.00725612,0.0,2.064
283086.0,0.01035451,0.0,1.376
283164.0,0.02447483,0.0,2.064
283242.0,0.01182745,0.0,2.064
283320.0,0.02239244,0.0,2.064
283399.0,0.02366218,0.0,1.72
283477.0,0.03244927,0.0,2.064
283555.0,0.02772558,0.0,2.064
283633.0,0.02569388,0.0,1.72
283711.0,0.00532595,0.0,1.376
283789.0,0.01152265,0.0,2.064
283867.0,0.02340814,0.0,2.064
283945.0,0.04463956,0.0,1.72
284024.0,0.04296342,0.0,2.064
284102.0,0.01629718,0.0,2.064
284180.0,0.01675435,0.0,2.064
284258.0,0.03006201,0.0,2.408
284336.0,0.01634802,0.0,2.064
284414.0,0.02691293,0.0,2.064
284492.0,0.0130465,0.0,2.064
284570.0,0.02097019,0.0,2.064
284648.0,0.01228454,0.0,2.064
284727.0,0.01497661,0.0,2.064
284805.0,0.01675435,0.0,1.72
284883.0,-0.02210218,0.0,1.72
284961.0,0.02178284,0.0,2.064
285039.0,0.0309255,0.0,2.064
285117.0,0.01619566,0.0,2.064
285195.0,0.02970644,0.0,1.376
285273.0,0.02361142,0.0,2.064
285351.0,0.01766867,0.0,2.064
285430.0,0.02462719,0.0,2.064
285508.0,0.02554152,0.0,2.064
285586.0,-0.0068135,0.0,2.064
285664.0,0.01604322,0.0,2.064
285742.0,0.00827197,0.0,2.064
285820.0,0.01523057,0.0,1.72
285898.0,0.01964961,0.0,2.064
285976.0,0.0132497,0.0,1.72
286054.0,0.04032227,0.0,2.064
286133.0,0.01700831,0.0,2.064
286211.0,0.02229076,0.0,2.064
286289.0,0.01528133,0.0,2.064
286367.0,0.02696369,0.0,2.064
286445.0,0.02091935,0.0,2.064
286523.0,0.00507206,0.0,2.064
286601.0,0.02356058,0.0,1.72
286679.0,0.01421472,0.0,2.408
286758.0,0.00044989,0.0,2.064
286836.0,0.0354969,0.0,2.064
286914.0,0.0240685,0.0,2.408
286992.0,0.02858907,0.0,2.064
287070.0,0.00359897,0.0,1.72
287148.0,0.0013133,0.0,2.064
287226.0,0.00786565,0.0,2.064
287304.0,0.01467188,0.0,2.064
287382.0,0.03503981,0.0,2.408
287461.0,0.02955416,0.0,2.064
287539.0,0.00060225,0.0,2.064
287617.0,0.02625264,0.0,1.72
287695.0,0.02290029,0.0,2.064
287773.0,0.0205131,0.0,2.064
287851.0,0.02218916,0.0,2.064
287929.0,0.0381382,0.0,2.064
288007.0,-0.01554991,0.0,2.064
288085.0,0.02579555,0.0,1.72
288164.0,0.02782711,0.0,2.064
288242.0,0.02056379,0.0,2.064
288320.0,0.01004971,0.0,2.064
288398.0,0.03448105,0.0,1.72
288476.0,0.02371302,0.0,2.064
288554.0,0.01076076,0.0,2.064
288632.0,-0.0028517,0.0,2.064
288710.0,0.01644962,0.0,2.064
288789.0,0.01355443,0.0,2.064
288867.0,0.0240685,0.0,2.064
288945.0,0.01568773,0.0,2.064
289023.0,0.00395453,0.0,1.72
289101.0,-0.00351199,0.0,2.408
289179.0,0.01655122,0.0,2.064
289257.0,0.00883074,0.0,1.376
289335.0,0.00319264,0.0,2.064
289413.0,-0.00473096,0.0,1.376
289491.0,0.01462097,0.0,2.064
289570.0,0.01208134,0.0,1.72
289648.0,0.01497661,0.0,2.064
289726.0,0.00751001,0.0,2.752
289804.0,0.01614475,0.0,1.72
289882.0,0.02538908,0.0,2.752
289960.0,0.01497661,0.0,2.064
290038.0,0.00400537,0.0,1.376
290116.0,0.00044989,0.0,1.376
290195.0,0.02157964,0.0,1.72
290273.0,0.02442399,0.0,1.72
290351.0,0.01710998,0.0,2.064
290429.0,0.01025284,0.0,1.72
290507.0,0.01959877,0.0,2.064
290585.0,0.00202451,0.0,2.064
290663.0,0.02234153,0.0,1.376
290741.0,-0.00193737,0.0,1.72
290820.0,0.0063418,0.0,2.064
290898.0,0.02508435,0.0,2.064
290976.0,-0.00610238,0.0,2.064
291054.0,0.0103036,0.0,2.064
291132.0,0.02300189,0.0,1.72
291210.0,0.00283708,0.0,1.72
291288.0,0.01380839,0.0,1.72
291366.0,0.0043101,0.0,1.72
291444.0,0.01832896,0.0,2.064
291522.0,0.03199219,0.0,1.72
291601.0,0.01258934,0.0,1.72
291679.0,-0.00386755,0.0,1.72
291757.0,0.00720529,0.0,2.064
291835.0,0.01010048,0.0,2.064
291913.0,0.00796725,0.0,2.064
291991.0,0.01604322,0.0,2.064
292069.0,0.02549068,0.0,2.064
292148.0,0.03046841,0.0,1.72
292226.0,0.00309104,0.0,2.064
292304.0,0.00253236,0.0,2.408
292382.0,0.02132567,0.0,2.064
292460.0,0.02559235,0.0,2.752
292538.0,0.02188436,0.0,2.408
292616.0,0.03666512,0.0,2.408
292694.0,0.01964961,0.0,2.064
292772.0,0.02772558,0.0,2.064
292851.0,0.0357001,0.0,2.408
292929.0,0.0237637,0.0,2.064
293007.0,0.01721151,0.0,2.752
293085.0,0.01507821,0.0,2.408
293163.0,0.02417003,0.0,1.72
293241.0,0.03407465,0.0,2.064
293319.0,0.02015746,0.0,2.064
293397.0,0.02569388,0.0,2.064
293475.0,0.00867822,0.0,2.408
293554.0,0.01817652,0.0,1.72
293632.0,0.02183367,0.0,1.376
293710.0,0.01655122,0.0,1.72
293788.0,0.01589093,0.0,2.064
293866.0,0.02493207,0.0,2.408
293944.0,0.00690049,0.0,2.752
294022.0,0.01187829,0.0,2.064
294100.0,0.02930019,0.0,1.72
294178.0,0.00984659,0.0,1.72
294257.0,0.0045133,0.0,2.064
294335.0,0.02447483,0.0,2.064
294413.0,0.00928783,0.0,2.064
294491.0,0.01898932,0.0,1.72
294569.0,0.01370679,0.0,1.72
294647.0,0.01578933,0.0,2.064
294725.0,0.03016368,0.0,2.064
294803.0,0.0203099,0.0,1.72
294882.0,0.02538908,0.0,1.72
294960.0,0.02635417,0.0,2.064
295038.0,0.01883689,0.0,2.064
295116.0,0.01985274,0.0,2.408
295194.0,0.01904001,0.0,2.064
295272.0,0.01873528,0.0,2.064
295350.0,0.02528748,0.0,2.064
295428.0,0.00400537,0.0,2.064
295506.0,0.0067482,0.0,2.064
295584.0,0.02076691,0.0,2.064
295663.0,0.04128728,0.0,2.064
295741.0,0.01944634,0.0,2.064
295819.0,0.01919237,0.0,2.064
295897.0,-0.00564529,0.0,2.064
295975.0,0.01858285,0.0,1.376
296053.0,0.00984659,0.0,2.408
296131.0,0.02772558,0.0,1.72
296209.0,0.03158578,0.0,2.064
296287.0,0.01421472,0.0,2.064
296366.0,0.01553529,0.0,2.064
296444.0,0.01258934,0.0,2.408
296522.0,0.01497661,0.0,2.752
296600.0,-0.00295322,0.0,2.752
296678.0,0.00446253,0.0,2.064
296756.0,0.01705907,0.0,1.72
296834.0,0.02752238,0.0,1.376
296913.0,0.04093172,0.0,1.72
296991.0,0.02157964,0.0,2.408
297069.0,0.04839824,0.0,2.408
297147.0,-0.00605169,0.0,2.408
297225.0,0.02422094,0.0,2.408
297303.0,0.02173215,0.0,2.064
297381.0,0.01040528,0.0,1.72
297459.0,0.02681126,0.0,2.752
297537.0,0.02264625,0.0,2.064
297616.0,0.01761783,0.0,2.752
297694.0,0.02061462,0.0,2.408
297772.0,0.02137651,0.0,2.408
297850.0,0.02996048,0.0,2.408
297928.0,0.0357001,0.0,2.752
298006.0,0.01883689,0.0,3.096
298084.0,0.01761783,0.0,2.752
298162.0,0.03351604,0.0,2.752
298240.0,0.00979575,0.0,2.408
298319.0,0.03829049,0.0,2.752
298397.0,0.00705292,0.0,2.752
298475.0,0.01218302,0.0,2.752
298553.0,0.00959255,0.0,1.72
298631.0,0.03077313,0.0,2.064
298709.0,-0.00026131,0.0,1.72
298787.0,0.0316367,0.0,1.376
298865.0,0.00395453,0.0,2.408
298943.0,0.01477348,0.0,1.72
299021.0,0.00664667,0.0,2.064
299100.0,0.01817652,0.0,1.72
299178.0,0.0220368,0.0,2.064
299256.0,0.02081782,0.0,1.72
299334.0,-0.00904841,0.0,2.064
299412.0,0.02137651,0.0,1.72
299490.0,0.02300189,0.0,1.72
299568.0,0.02335745,0.0,1.72
299647.0,0.04535069,0.0,2.064
299725.0,0.02366218,0.0,2.064
299803.0,0.01502744,0.0,1.376
299881.0,0.03437945,0.0,2.064
299959.0,0.02452566,0.0,2.064
300037.0,0.01121785,0.0,1.72
300115.0,0.02025906,0.0,1.72
300193.0,0.04281106,0.0,1.72
300271.0,0.01487501,0.0,1.72
300350.0,-0.00148021,0.0,3.096
300428.0,0.00903379,0.0,2.752
300506.0,0.00029745,0.0,2.752
300584.0,-0.01199443,0.0,2.752
300662.0,0.02198596,0.0,2.752
300740.0,0.02259549,0.0,2.752
300818.0,0.03798576,0.0,2.408
300896.0,0.0130465,0.0,2.408
300974.0,0.01065924,0.0,2.408
301053.0,0.0221384,0.0,2.408
301131.0,0.01390999,0.0,1.376
301209.0,0.01599246,0.0,1.72
301287.0,-0.00848964,0.0,1.376
301365.0,0.02279869,0.0,1.72
301443.0,0.01848132,0.0,1.376
301521.0,0.02696369,0.0,1.376
301599.0,0.00954171,0.0,1.72
301678.0,0.02747154,0.0,1.376
301756.0,-0.0119436,0.0,1.376
301834.0,0.01777027,0.0,1.72
301912.0,0.017567,0.0,1.72
301990.0,0.02960492,0.0,1.72
302068.0,0.00593547,0.0,1.72
302146.0,0.00649416,0.0,1.72
302224.0,0.0174654,0.0,1.72
302302.0,0.00497038,0.0,2.064
302380.0,0.02041142,0.0,2.064
302459.0,0.02747154,0.0,2.064
302537.0,0.01350359,0.0,2.064
302615.0,0.00126254,0.0,1.72
302693.0,0.03209371,0.0,1.72
302771.0,0.03016368,0.0,1.72
302849.0,0.00014517,0.0,1.72
302927.0,0.01695755,0.0,2.064
303005.0,0.02899547,0.0,2.064
303084.0,0.02726842,0.0,2.408
303162.0,0.02467803,0.0,2.408
303240.0,0.0131481,0.0,2.752
303318.0,0.02371302,0.0,2.752
303396.0,0.01614475,0.0,2.064
303474.0,0.00827197,0.0,2.408
303552.0,0.01761783,0.0,2.064
303630.0,0.05520447,0.0,2.408
303709.0,0.02630333,0.0,1.72
303787.0,0.00283708,0.0,2.408
303865.0,0.03778264,0.0,1.72
303943.0,0.0062402,0.0,1.72
304021.0,0.01380839,0.0,2.064
304099.0,0.0013133,0.0,1.72
304177.0,0.00964331,0.0,1.376
304255.0,0.006545,0.0,1.72
304333.0,0.02488123,0.0,2.064
304411.0,0.01477348,0.0,1.72
304490.0,0.02813191,0.0,1.376
304568.0,0.02076691,0.0,1.376
304646.0,0.01111633,0.0,1.72
304724.0,0.03001117,0.0,1.72
304802.0,0.00029745,0.0,1.72
304880.0,0.04560472,0.0,2.064
304958.0,0.01873528,0.0,1.72
305036.0,0.02422094,0.0,2.064
305114.0,0.01837972,0.0,1.72
305193.0,0.03219539,0.0,1.72
305271.0,0.01710998,0.0,1.72
305349.0,0.0200051,0.0,1.72
305427.0,0.02518595,0.0,1.72
305505.0,0.03422709,0.0,1.72
305583.0,0.03056993,0.0,2.064
305661.0,0.02797962,0.0,1.72
305740.0,0.03026521,0.0,3.096
305818.0,0.02284945,0.0,2.064
305896.0,0.02315425,0.0,2.408
305974.0,0.02533832,0.0,2.408
306052.0,0.01893841,0.0,2.752
306130.0,0.02010662,0.0,2.064
306208.0,0.03986503,0.0,2.064
306286.0,0.01131953,0.0,2.064
306364.0,0.01939557,0.0,2.064
306443.0,0.00390385,0.0,2.064
306521.0,0.03021445,0.0,1.72
306599.0,0.03178899,0.0,2.064
306677.0,0.01167509,0.0,1.376
306755.0,0.017567,0.0,1.72
306833.0,0.0393571,0.0,2.752
306911.0,0.01741471,0.0,2.064
306989.0,0.02803031,0.0,2.064
307067.0,0.01380839,0.0,2.064
307145.0,-0.00021047,0.0,2.064
307224.0,0.0014149,0.0,1.376
307302.0,0.01878605,0.0,1.72
307380.0,0.02036059,0.0,2.064
307458.0,0.01462097,0.0,2.064
307536.0,0.00999888,0.0,1.72
307614.0,0.0085767,0.0,1.72
307692.0,0.00171963,0.0,1.72
307770.0,0.01487501,0.0,2.064
307849.0,0.00222763,0.0,2.064
307927.0,0.01512897,0.0,1.72
308005.0,0.01863368,0.0,1.72
308083.0,0.01650038,0.0,1.72
308161.0,0.01802408,0.0,1.72
308239.0,0.02422094,0.0,2.064
308317.0,0.00359897,0.0,2.064
308395.0,0.01401152,0.0,2.064
308474.0,0.01121785,0.0,2.064
308552.0,0.02168124,0.0,1.72
308630.0,0.00756085,0.0,2.064
308708.0,0.02447483,0.0,2.064
308786.0,-0.01351821,0.0,2.064
308864.0,0.01944634,0.0,2.064
308942.0,0.01025284,0.0,2.064
309020.0,0.02589708,0.0,2.064
309098.0,0.03219539,0.0,2.064
309177.0,0.01213218,0.0,2.064
309255.0,-0.02032437,0.0,2.064
309333.0,0.00720529,0.0,2.064
309411.0,0.02508435,0.0,2.064
309489.0,0.01685595,0.0,2.064
309567.0,0.0221384,0.0,2.064
309645.0,0.00375141,0.0,2.064
309723.0,0.00705292,0.0,2.064
309801.0,0.03671588,0.0,2.064
309879.0,0.01248782,0.0,2.064
309958.0,0.01731311,0.0,2.064
310036.0,0.03072237,0.0,2.064
310114.0,0.01208134,0.0,2.064
310192.0,0.02254473,0.0,2.064
310270.0,0.02198596,0.0,2.064
310348.0,0.02132567,0.0,2.064
310426.0,0.00913546,0.0,2.064
310505.0,0.00349737,0.0,1.72
310583.0,0.02244313,0.0,2.064
310661.0,-0.00742295,0.0,2.064
310739.0,0.01614475,0.0,1.72
310817.0,0.0316367,0.0,2.064
310895.0,0.00801794,0.0,2.064
310973.0,0.00974499,0.0,2.064
311051.0,0.01330039,0.0,2.064
311129.0,0.01360512,0.0,2.064
311208.0,-0.00341039,0.0,2.064
311286.0,0.01035451,0.0,2.064
311364.0,0.01279254,0.0,2.064
311442.0,0.02462719,0.0,2.064
311520.0,0.0067482,0.0,2.064
311598.0,0.0083735,0.0,2.064
311676.0,0.01121785,0.0,2.064
311754.0,0.0468237,0.0,2.064
311832.0,0.01055756,0.0,2.408
311910.0,0.01761783,0.0,2.064
311989.0,0.02869059,0.0,2.064
312067.0,0.02061462,0.0,2.064
312145.0,0.02569388,0.0,2.408
312223.0,0.03818889,0.0,2.064
312301.0,0.02869059,0.0,2.064
312379.0,0.01512897,0.0,2.064
312457.0,0.01584002,0.0,2.064
312535.0,0.0108116,0.0,2.064
312614.0,0.01294483,0.0,2.064
312692.0,0.03702068,0.0,2.064
312770.0,0.02127491,0.0,2.064
312848.0,0.01695755,0.0,2.064
312926.0,0.00547831,0.0,2.064
313004.0,0.01238622,0.0,2.064
313082.0,0.0061386,0.0,2.064
313160.0,0.0203099,0.0,2.064
313239.0,0.02747154,0.0,2.408
313317.0,0.00776405,0.0,2.064
313395.0,0.0103036,0.0,2.064
313473.0,0.01137037,0.0,2.408
313551.0,0.01792256,0.0,2.064
313629.0,0.00994811,0.0,2.064
313707.0,0.02472879,0.0,2.064
313785.0,0.01792256,0.0,2.064
313863.0,0.01045604,0.0,2.064
313942.0,0.00730696,0.0,2.064
314020.0,0.0197003,0.0,1.72
314098.0,0.02157964,0.0,1.72
314176.0,0.00166887,0.0,2.064
314254.0,-0.00087076,0.0,2.064
314332.0,0.01335123,0.0,1.72
314410.0,-0.01250221,0.0,1.72
314488.0,0.02858907,0.0,2.064
314567.0,0.02046219,0.0,2.064
314645.0,0.02462719,0.0,2.064
314723.0,0.018075,0.0,2.064
314801.0,0.00349737,0.0,2.064
314879.0,0.02863991,0.0,2.064
314957.0,0.01568773,0.0,2.408
315035.0,0.02310341,0.0,3.096
315113.0,0.01172593,0.0,2.752
315191.0,0.0197003,0.0,2.752
315270.0,0.0124369,0.0,2.408
315348.0,0.00928783,0.0,3.096
315426.0,0.0131481,0.0,2.752
315504.0,0.01904001,0.0,2.064
315582.0,0.00974499,0.0,2.408
315660.0,0.01751623,0.0,2.064
315738.0,0.01187829,0.0,2.408
315816.0,0.01822728,0.0,2.408
315894.0,0.02919859,0.0,2.408
315972.0,0.02467803,0.0,2.752
316051.0,0.01167509,0.0,2.408
316129.0,0.02411927,0.0,2.408
316207.0,0.02086851,0.0,2.408
316285.0,0.01700831,0.0,2.408
316363.0,0.0173638,0.0,2.408
316441.0,0.0126401,0.0,2.408
316519.0,0.0219352,0.0,2.408
316597.0,0.00949103,0.0,2.408
316676.0,-0.00371511,0.0,2.064
316754.0,0.01523057,0.0,2.408
316832.0,0.01289414,0.0,2.064
316910.0,0.01853208,0.0,2.064
316988.0,0.01294483,0.0,2.064
317066.0,0.00420857,0.0,2.064
317144.0,0.02808114,0.0,2.064
317222.0,0.01360512,0.0,2.064
317301.0,0.01904001,0.0,2.064
317379.0,0.03905238,0.0,2.064
317457.0,0.02584624,0.0,2.064
317535.0,0.01629718,0.0,2.064
317613.0,0.00415773,0.0,2.064
317691.0,0.01680511,0.0,3.096
317769.0,0.01893841,0.0,3.096
317847.0,0.00928783,0.0,2.752
317925.0,0.00370057,0.0,2.752
318004.0,0.03138266,0.0,2.752
318082.0,0.02625264,0.0,2.752
318160.0,0.0130465,0.0,2.408
318238.0,0.01086229,0.0,2.752
318316.0,0.01502744,0.0,2.408
318394.0,0.00039898,0.0,2.408
318472.0,0.01949717,0.0,2.408
318550.0,0.01462097,0.0,2.408
318628.0,0.00771321,0.0,2.408
318706.0,0.01558613,0.0,2.408
318785.0,0.02483039,0.0,2.408
318863.0,0.01589093,0.0,2.064
318941.0,0.01782096,0.0,2.408
319019.0,-0.00401991,0.0,2.408
319097.0,0.01502744,0.0,2.408
319175.0,0.01472264,0.0,2.064
319253.0,0.0130465,0.0,2.064
319332.0,0.00964331,0.0,2.064
319410.0,0.02691293,0.0,2.064
319488.0,0.01766867,0.0,2.064
319566.0,0.01863368,0.0,2.408
319644.0,0.01812576,0.0,2.408
319722.0,0.01929405,0.0,2.408
319800.0,0.02223993,0.0,2.064
319878.0,0.01568773,0.0,2.064
319956.0,0.02107171,0.0,2.064
320034.0,0.02168124,0.0,2.064
320113.0,0.02127491,0.0,2.064
320191.0,0.01543377,0.0,2.064
320269.0,0.01929405,0.0,2.064
320347.0,0.01096396,0.0,3.44
320425.0,0.01365595,0.0,3.096
320503.0,0.03194142,0.0,3.096
320581.0,0.01076076,0.0,2.752
320659.0,0.03443021,0.0,2.752
320738.0,0.04519832,0.0,2.408
320816.0,0.01431624,0.0,2.752
320894.0,0.02615097,0.0,2.752
320972.0,0.02833518,0.0,2.408
321050.0,0.02681126,0.0,2.752
321128.0,0.01888757,0.0,2.408
321206.0,0.02340814,0.0,2.408
321284.0,0.01878605,0.0,2.752
321363.0,0.01010048,0.0,2.408
321441.0,0.01390999,0.0,2.408
321519.0,0.02701453,0.0,2.408
321597.0,0.01914161,0.0,2.408
321675.0,0.02737002,0.0,2.408
321753.0,0.01071008,0.0,2.408
321831.0,0.01380839,0.0,2.064
321909.0,0.01512897,0.0,2.064
321987.0,0.01589093,0.0,2.752
322065.0,0.0316367,0.0,2.064
322144.0,0.02498275,0.0,2.064
322222.0,0.01909085,0.0,2.408
322300.0,0.00481802,0.0,2.064
322378.0,-0.0070167,0.0,2.408
322456.0,0.01639878,0.0,2.064
322534.0,0.01203065,0.0,2.064
322612.0,0.02330661,0.0,2.064
322690.0,0.01330039,0.0,2.064
322768.0,0.01863368,0.0,2.752
322847.0,0.03585239,0.0,2.064
322925.0,0.00827197,0.0,1.72
323003.0,0.02604937,0.0,2.064
323081.0,-0.00884528,0.0,3.784
323159.0,0.02726842,0.0,3.096
323237.0,0.00466566,0.0,3.096
323315.0,0.01091313,0.0,2.752
323393.0,0.01573849,0.0,2.752
323471.0,0.02157964,0.0,2.408
323550.0,0.02472879,0.0,2.752
323628.0,0.01949717,0.0,2.752
323706.0,0.01538293,0.0,2.408
323784.0,0.01152265,0.0,3.096
323862.0,0.018075,0.0,2.408
323940.0,-0.0140769,0.0,2.408
324018.0,0.00923699,0.0,2.064
324097.0,-0.00234385,0.0,2.408
324175.0,0.00116102,0.0,2.064
324253.0,0.02665889,0.0,2.752
324331.0,0.01523057,0.0,2.408
324409.0,0.01599246,0.0,2.408
324487.0,0.018075,0.0,2.064
324565.0,0.02163048,0.0,2.408
324643.0,0.01238622,0.0,2.752
324721.0,0.02782711,0.0,2.064
324799.0,0.00735765,0.0,2.408
324878.0,0.04154132,0.0,2.408
324956.0,0.01609406,0.0,2.064
325034.0,0.02518595,0.0,2.064
325112.0,0.0245765,0.0,1.72
325190.0,0.01538293,0.0,2.064
325268.0,0.03605559,0.0,2.064
325346.0,0.00872906,0.0,2.408
325424.0,0.02305273,0.0,2.064
325503.0,0.03514134,0.0,2.064
325581.0,0.01939557,0.0,2.064
325659.0,0.02498275,0.0,2.408
325737.0,0.02467803,0.0,2.064
325815.0,0.03671588,0.0,2.064
325893.0,0.00212603,0.0,2.064
325971.0,0.01203065,0.0,2.064
326049.0,0.00359897,0.0,1.72
326128.0,-0.00818492,0.0,2.064
326206.0,0.01761783,0.0,2.064
326284.0,0.01157349,0.0,2.064
326362.0,0.00735765,0.0,2.064
326440.0,0.03138266,0.0,2.064
326518.0,-0.00097236,0.0,2.064
326596.0,0.01568773,0.0,2.064
326674.0,0.01782096,0.0,2.064
326752.0,0.02279869,0.0,2.064
326830.0,0.02980812,0.0,2.064
326909.0,0.03422709,0.0,2.064
326987.0,0.0110148,0.0,1.72
327065.0,0.03636039,0.0,2.064
327143.0,0.00867822,0.0,2.064
327221.0,0.00888142,0.0,2.064
327299.0,0.0316367,0.0,2.064
327377.0,0.00903379,0.0,2.064
327455.0,0.01071008,0.0,2.064
327534.0,0.00659576,0.0,2.064
327612.0,0.01771936,0.0,2.064
327690.0,-0.00442624,0.0,2.064
327768.0,0.00532595,0.0,2.064
327846.0,0.02350974,0.0,2.064
327924.0,0.01553529,0.0,2.064
328002.0,0.0351921,0.0,2.064
328080.0,0.00258319,0.0,2.064
328159.0,0.00420857,0.0,1.72
328237.0,0.00751001,0.0,1.72
328315.0,0.02223993,0.0,2.064
328393.0,0.0237637,0.0,2.064
328471.0,0.00984659,0.0,2.408
328549.0,0.01487501,0.0,2.064
328627.0,0.02838587,0.0,2.064
328705.0,0.01385915,0.0,2.064
328783.0,0.0126401,0.0,2.064
328861.0,0.01853208,0.0,2.064
328940.0,0.01949717,0.0,2.064
329018.0,0.03194142,0.0,2.408
329096.0,0.01086229,0.0,2.064
329174.0,0.00507206,0.0,2.064
329252.0,0.01355443,0.0,2.064
329330.0,0.00116102,0.0,2.064
329408.0,0.02508435,0.0,2.064
329486.0,0.01964961,0.0,2.064
329564.0,0.01863368,0.0,2.064
329643.0,0.0287922,0.0,2.064
329721.0,0.02056379,0.0,2.064
329799.0,0.02279869,0.0,1.72
329877.0,0.02091935,0.0,2.064
329955.0,0.01157349,0.0,2.064
330033.0,0.00151651,0.0,2.064
330111.0,0.0353953,0.0,2.064
330190.0,0.01817652,0.0,1.72
330268.0,0.0108116,0.0,1.72
330346.0,0.01832896,0.0,2.064
330424.0,0.00385301,0.0,2.064
330502.0,0.00476733,0.0,2.064
330580.0,0.00075462,0.0,2.064
330658.0,0.02965576,0.0,2.064
330736.0,0.03173822,0.0,1.72
330814.0,0.01512897,0.0,2.064
330893.0,0.01888757,0.0,1.72
330971.0,0.00405613,0.0,2.064
331049.0,0.02681126,0.0,2.408
331127.0,0.03407465,0.0,2.064
331205.0,0.02742086,0.0,1.72
331283.0,0.02097019,0.0,2.064
331361.0,0.00872906,0.0,2.064
331439.0,0.0469253,0.0,2.064
331517.0,0.01223378,0.0,2.064
331595.0,0.00766237,0.0,1.72
331674.0,0.01705907,0.0,2.408
331752.0,0.01421472,0.0,1.72
331830.0,0.01975114,0.0,1.376
331908.0,0.01385915,0.0,1.72
331986.0,0.03823973,0.0,1.72
332064.0,0.03422709,0.0,2.064
332142.0,0.03051925,0.0,2.064
332221.0,0.02823358,0.0,2.064
332299.0,0.03077313,0.0,1.72
332377.0,0.02442399,0.0,1.72
332455.0,0.00766237,0.0,1.72
332533.0,0.0061386,0.0,2.064
332611.0,0.00182131,0.0,1.72
332689.0,0.01782096,0.0,2.064
332767.0,0.00522442,0.0,2.064
332845.0,0.01675435,0.0,2.064
332924.0,0.01523057,0.0,1.72
333002.0,0.01573849,0.0,2.064
333080.0,0.0045133,0.0,2.064
333158.0,-0.00823575,0.0,2.064
333236.0,0.00903379,0.0,2.064
333314.0,0.02061462,0.0,2.064
333392.0,0.01137037,0.0,2.064
333470.0,0.01741471,0.0,2.064
333548.0,0.02747154,0.0,2.064
333627.0,0.0178718,0.0,1.72
333705.0,0.0237637,0.0,2.064
333783.0,0.00979575,0.0,2.064
333861.0,0.01909085,0.0,2.064
333939.0,0.03011285,0.0,1.72
334017.0,0.02122407,0.0,2.064
334095.0,0.01345283,0.0,2.064
334173.0,0.01385915,0.0,2.064
334251.0,-0.00595001,0.0,2.064
334330.0,0.02147811,0.0,1.72
334408.0,0.00293868,0.0,2.064
334486.0,0.02290029,0.0,2.064
334564.0,0.02163048,0.0,2.064
334642.0,0.02107171,0.0,1.72
334720.0,0.02097019,0.0,2.752
334798.0,0.02427178,0.0,2.408
334876.0,0.0237637,0.0,2.408
334955.0,-0.00208981,0.0,2.064
335033.0,0.01553529,0.0,2.408
335111.0,0.01350359,0.0,2.064
335189.0,0.0316367,0.0,1.72
335267.0,0.02198596,0.0,1.376
335345.0,0.01548446,0.0,1.376
335423.0,0.00507206,0.0,1.376
335501.0,0.01451944,0.0,1.376
335579.0,0.0238653,0.0,1.376
335658.0,0.01878605,0.0,2.064
335736.0,0.02269716,0.0,1.72
335814.0,0.01197982,0.0,2.064
335892.0,0.01924313,0.0,2.064
335970.0,0.00715445,0.0,1.72
336048.0,0.01390999,0.0,2.064
336126.0,-0.00970869,0.0,2.064
336204.0,-0.01001342,0.0,2.064
336282.0,0.02635417,0.0,1.72
336360.0,0.03417632,0.0,2.064
336439.0,0.00283708,0.0,2.064
336517.0,0.01177661,0.0,2.064
336595.0,0.01731311,0.0,1.72
336673.0,0.01111633,0.0,2.408
336751.0,0.0067482,0.0,2.064
336829.0,0.02036059,0.0,2.064
336907.0,0.02330661,0.0,2.064
336986.0,0.03966198,0.0,2.064
337064.0,0.01375755,0.0,2.064
337142.0,0.02838587,0.0,2.064
337220.0,0.00603707,0.0,2.064
337298.0,0.03798576,0.0,2.064
337376.0,0.040627,0.0,1.72
337454.0,0.02528748,0.0,2.064
337532.0,0.0197003,0.0,2.064
337610.0,0.02985896,0.0,2.064
337688.0,0.02315425,0.0,2.064
337767.0,0.02173215,0.0,2.064
337845.0,0.02340814,0.0,2.064
337923.0,0.02467803,0.0,1.72
338001.0,0.03168746,0.0,1.72
338079.0,0.03117953,0.0,1.376
338157.0,0.02361142,0.0,2.064
338235.0,0.00187207,0.0,2.064
338313.0,0.01898932,0.0,1.376
338392.0,0.01076076,0.0,1.72
338470.0,0.01055756,0.0,2.064
338548.0,0.02579555,0.0,1.72
338626.0,-0.00762623,0.0,1.376
338704.0,0.00684972,0.0,1.72
338782.0,0.00735765,0.0,1.72
338860.0,0.00710376,0.0,1.72
338938.0,0.01258934,0.0,2.064
339016.0,0.01406236,0.0,2.064
339094.0,0.03321123,0.0,2.064
339173.0,-0.00427388,0.0,1.72
339251.0,0.00817037,0.0,1.72
339329.0,0.01162425,0.0,2.408
339407.0,0.01939557,0.0,1.376
339485.0,0.00578318,0.0,1.72
339563.0,0.02198596,0.0,0.688
339641.0,0.01406236,0.0,2.064
339720.0,0.0174654,0.0,2.408
339798.0,0.032754,0.0,2.408
339876.0,0.03509058,0.0,1.376
339954.0,0.02117339,0.0,1.72
340032.0,0.02117339,0.0,2.064
340110.0,0.03224615,0.0,2.064
340188.0,0.00568143,0.0,2.064
340266.0,0.01355443,0.0,1.72
340344.0,0.02523679,0.0,2.408
340423.0,0.02168124,0.0,2.064
340501.0,0.03290644,0.0,2.408
340579.0,-0.0027501,0.0,2.408
340657.0,0.01360512,0.0,2.064
340735.0,0.03158578,0.0,2.408
340813.0,0.00070385,0.0,2.064
340891.0,0.00720529,0.0,2.064
340969.0,0.03961107,0.0,2.064
341047.0,0.01837972,0.0,2.064
341126.0,0.03128106,0.0,2.064
341204.0,0.01411312,0.0,2.064
341282.0,0.00283708,0.0,2.408
341360.0,0.02620181,0.0,2.064
341438.0,0.03234775,0.0,2.408
341516.0,0.0012117,0.0,2.064
341594.0,0.01893841,0.0,2.064
341672.0,0.00969408,0.0,2.064
341750.0,0.00563067,0.0,2.064
341829.0,0.01319887,0.0,1.72
341907.0,0.01904001,0.0,2.064
341985.0,0.0219352,0.0,2.408
342063.0,0.03224615,0.0,2.064
342141.0,0.02559235,0.0,2.064
342219.0,0.00111018,0.0,2.064
342297.0,0.018075,0.0,2.064
342375.0,0.026405,0.0,2.064
342454.0,-0.00137861,0.0,2.064
342532.0,0.00913546,0.0,2.064
342610.0,0.01253858,0.0,2.064
342688.0,0.006545,0.0,2.408
342766.0,0.0091863,0.0,2.752
342844.0,0.01888757,0.0,2.408
342922.0,0.02239244,0.0,2.064
343000.0,-0.00076916,0.0,2.064
343078.0,0.01507821,0.0,2.064
343157.0,0.00725612,0.0,2.064
343235.0,0.01390999,0.0,1.72
343313.0,0.01406236,0.0,1.72
343391.0,0.03178899,0.0,1.376
343469.0,0.02452566,0.0,2.064
343547.0,0.0200051,0.0,1.72
343625.0,0.0405254,0.0,2.752
343703.0,0.02432247,0.0,1.72
343781.0,0.059979,0.0,2.064
343860.0,0.00933851,0.0,2.064
343938.0,0.00466566,0.0,2.408
344016.0,0.03610643,0.0,1.376
344094.0,0.04113485,0.0,2.064
344172.0,0.0221384,0.0,2.064
344250.0,-0.00584849,0.0,2.408
344328.0,0.0243733,0.0,2.064
344406.0,0.00888142,0.0,1.72
344485.0,0.02188436,0.0,2.064
344563.0,0.0128433,0.0,2.408
344641.0,0.02229076,0.0,2.064
344719.0,0.04215077,0.0,1.72
344797.0,0.02858907,0.0,1.72
344875.0,0.00969408,0.0,1.72
344953.0,0.01152265,0.0,1.72
345031.0,0.02762406,0.0,1.376
345109.0,0.02127491,0.0,1.376
345188.0,-0.00828659,0.0,2.064
345266.0,0.02909699,0.0,2.064
345344.0,0.00806877,0.0,2.064
345422.0,0.02549068,0.0,1.72
345500.0,0.01269094,0.0,2.064
345578.0,0.02015746,0.0,1.72
345656.0,0.0313319,0.0,2.064
345734.0,0.00537671,0.0,2.064
345812.0,0.0132497,0.0,1.376
345890.0,0.00329424,0.0,2.064
345969.0,0.0108116,0.0,2.408
346047.0,0.00847518,0.0,1.72
346125.0,0.02356058,0.0,2.064
346203.0,0.00735765,0.0,1.72
346281.0,0.03178899,0.0,2.064
346359.0,-0.01422926,0.0,2.064
346437.0,0.0349889,0.0,2.064
346516.0,0.03082397,0.0,1.72
346594.0,0.00197359,0.0,2.064
346672.0,0.02660813,0.0,2.064
346750.0,0.02223993,0.0,2.064
346828.0,0.00491962,0.0,1.72
346906.0,0.01644962,0.0,1.72
346984.0,0.01543377,0.0,2.064
347062.0,0.01436716,0.0,2.064
347140.0,0.03143342,0.0,1.72
347219.0,0.02691293,0.0,2.064
347297.0,0.00740849,0.0,2.064
347375.0,0.02894463,0.0,2.064
347453.0,0.02797962,0.0,2.064
347531.0,0.01050688,0.0,2.064
347609.0,0.00715445,0.0,1.72
347687.0,0.02325578,0.0,2.064
347765.0,0.00700209,0.0,2.064
347843.0,0.00705292,0.0,2.408
347922.0,0.01065924,0.0,2.064
348000.0,0.02797962,0.0,2.064
348078.0,0.03117953,0.0,2.408
348156.0,0.02833518,0.0,1.72
348234.0,0.02071615,0.0,1.72
348312.0,0.01258934,0.0,2.064
348390.0,0.00913546,0.0,2.752
348468.0,-0.00452791,0.0,2.064
348546.0,0.02020822,0.0,2.064
348625.0,0.00517358,0.0,2.064
348703.0,0.03244927,0.0,1.72
348781.0,0.01289414,0.0,2.752
348859.0,0.00781481,0.0,2.408
348937.0,0.0203099,0.0,2.064
349015.0,0.00989728,0.0,2.408
349093.0,0.02894463,0.0,2.408
349171.0,-0.00630558,0.0,1.72
349250.0,0.02676057,0.0,2.408
349328.0,0.01375755,0.0,2.064
349406.0,0.01091313,0.0,2.408
349484.0,0.01319887,0.0,1.72
349562.0,0.01619566,0.0,2.408
349640.0,-0.02007048,0.0,1.72
349718.0,0.0245765,0.0,2.408
349796.0,0.02284945,0.0,2.064
349874.0,0.00690049,0.0,2.408
349953.0,0.02594777,0.0,1.376
350031.0,0.01751623,0.0,1.376
350109.0,0.00842434,0.0,1.72
350187.0,0.01279254,0.0,1.72
350265.0,0.0221384,0.0,1.376
350343.0,0.00029745,0.0,1.376
350421.0,0.00756085,0.0,1.72
350499.0,0.02249396,0.0,1.376
350578.0,0.01335123,0.0,1.72
350656.0,0.01827812,0.0,1.72
350734.0,0.03209371,0.0,2.064
350812.0,0.02985896,0.0,1.72
350890.0,0.02234153,0.0,1.72
350968.0,0.01203065,0.0,1.72
351046.0,0.0090847,0.0,1.72
351124.0,0.03412549,0.0,1.72
351202.0,0.02838587,0.0,1.72
351280.0,-0.00975953,0.0,1.72
351359.0,0.017567,0.0,2.064
351437.0,0.01502744,0.0,2.408
351515.0,0.00994811,0.0,2.752
351593.0,0.01492569,0.0,3.096
351671.0,0.01700831,0.0,2.408
351749.0,-0.00081992,0.0,2.408
351827.0,0.00446253,0.0,2.408
351905.0,0.00872906,0.0,2.752
351983.0,0.02234153,0.0,2.064
352062.0,0.00151651,0.0,2.752
352140.0,0.01025284,0.0,2.408
352218.0,0.01817652,0.0,2.064
352296.0,0.01253858,0.0,1.72
352374.0,0.01599246,0.0,2.064
352452.0,0.02290029,0.0,1.72
352530.0,0.02848739,0.0,2.064
352609.0,0.00954171,0.0,1.72
352687.0,-0.00087076,0.0,1.72
352765.0,0.01680511,0.0,2.064
352843.0,0.00669736,0.0,2.064
352921.0,0.00603707,0.0,2.064
352999.0,0.00598623,0.0,2.064
353077.0,0.00629103,0.0,1.72
353155.0,0.00263396,0.0,1.72
353233.0,0.0124369,0.0,2.064
353312.0,0.01705907,0.0,2.064
353390.0,0.01964961,0.0,2.064
353468.0,0.0012117,0.0,2.064
353546.0,0.01878605,0.0,2.064
353624.0,0.00304028,0.0,1.72
353702.0,0.0110148,0.0,1.72
353780.0,0.00105934,0.0,2.408
353858.0,0.01096396,0.0,2.064
353936.0,0.00212603,0.0,1.72
354014.0,0.01004971,0.0,2.064
354093.0,0.00598623,0.0,2.408
354171.0,0.02086851,0.0,2.752
354249.0,0.01147189,0.0,2.408
354327.0,0.02401774,0.0,2.752
354405.0,0.01370679,0.0,2.408
354483.0,0.02366218,0.0,2.408
354561.0,0.00725612,0.0,2.408
354639.0,-0.00239454,0.0,2.408
354718.0,0.01893841,0.0,2.064
354796.0,0.01624642,0.0,2.064
354874.0,-0.01026746,0.0,2.408
354952.0,0.01568773,0.0,2.064
355030.0,0.0392555,0.0,2.064
355108.0,0.01385915,0.0,2.064
355186.0,0.0179734,0.0,2.064
355264.0,0.00466566,0.0,2.064
355342.0,0.01441792,0.0,2.408
355421.0,0.01192905,0.0,1.72
355499.0,-0.0045786,0.0,2.408
355577.0,0.02259549,0.0,1.72
355655.0,0.02366218,0.0,1.72
355733.0,0.02554152,0.0,1.72
355811.0,0.02579555,0.0,1.376
355889.0,0.02290029,0.0,1.032
355967.0,0.02432247,0.0,2.064
356045.0,0.02417003,0.0,1.72
356124.0,0.01411312,0.0,1.72
356202.0,0.03432861,0.0,2.064
356280.0,-0.00203897,0.0,2.064
356358.0,0.02259549,0.0,1.72
356436.0,0.00055142,0.0,1.72
356514.0,0.02340814,0.0,1.032
356592.0,0.03417632,0.0,2.064
356671.0,-0.00229294,0.0,1.032
356749.0,0.02681126,0.0,1.376
356827.0,0.01685595,0.0,2.408
356905.0,0.01568773,0.0,1.376
356983.0,0.02264625,0.0,1.376
357061.0,0.01700831,0.0,1.72
357139.0,0.03194142,0.0,1.72
357217.0,0.02122407,0.0,2.064
357295.0,0.02086851,0.0,1.72
357373.0,0.0221384,0.0,1.72
357452.0,0.03138266,0.0,1.376
357530.0,0.01086229,0.0,1.72
357608.0,0.0243733,0.0,1.72
357686.0,0.01289414,0.0,2.064
357764.0,0.02391621,0.0,2.408
357842.0,0.00984659,0.0,2.752
357920.0,0.00390385,0.0,2.408
357998.0,0.02401774,0.0,1.72
358077.0,0.00517358,0.0,1.72
358155.0,0.02742086,0.0,2.064
358233.0,-5.803e-05,0.0,2.064
358311.0,0.0198019,0.0,2.064
358389.0,0.01883689,0.0,1.72
358467.0,0.01182745,0.0,2.064
358545.0,0.02726842,0.0,2.064
358623.0,0.0355985,0.0,2.064
358701.0,-0.00396915,0.0,2.064
358779.0,0.00557991,0.0,1.72
358858.0,0.00735765,0.0,2.064
358936.0,0.01761783,0.0,2.064
359014.0,0.02107171,0.0,2.064
359092.0,0.02747154,0.0,2.064
359170.0,0.01553529,0.0,2.064
359248.0,0.00949103,0.0,1.72
359326.0,0.01213218,0.0,1.72
359404.0,0.01004971,0.0,2.064
359483.0,0.0128433,0.0,1.72
359561.0,0.0240685,0.0,2.064
359639.0,0.02335745,0.0,2.064
359717.0,0.0237637,0.0,2.064
359795.0,0.02254473,0.0,2.064
359873.0,0.02701453,0.0,2.064
359951.0,0.01578933,0.0,2.064
360029.0,0.01919237,0.0,1.72
360108.0,0.01817652,0.0,2.064
360186.0,0.03686832,0.0,2.064
360264.0,0.03382076,0.0,1.376
360342.0,0.00563067,0.0,2.064
360420.0,0.02259549,0.0,1.376
360498.0,0.00994811,0.0,2.408
360576.0,0.01599246,0.0,1.376
360654.0,0.03534454,0.0,1.376
360732.0,0.00222763,0.0,1.72
360810.0,0.01457028,0.0,2.064
360889.0,0.00725612,0.0,1.72
360967.0,0.01457028,0.0,1.72
361045.0,0.01192905,0.0,1.72
361123.0,0.01995434,0.0,2.064
361201.0,0.02650653,0.0,2.064
361279.0,0.00791641,0.0,2.408
361357.0,0.0069514,0.0,2.064
361436.0,0.01949717,0.0,1.72
361514.0,0.00761169,0.0,1.72
361592.0,0.01822728,0.0,2.064
361670.0,-0.00290246,0.0,2.064
361748.0,0.02330661,0.0,2.064
361826.0,0.01365595,0.0,1.376
361904.0,0.03702068,0.0,1.376
361982.0,0.01162425,0.0,2.064
362060.0,0.03011285,0.0,2.064
362138.0,0.00786565,0.0,1.72
362217.0,0.02538908,0.0,1.376
362295.0,0.01040528,0.0,2.064
362373.0,0.01309727,0.0,2.408
362451.0,0.03056993,0.0,2.064
362529.0,0.03722388,0.0,2.064
362607.0,0.03204302,0.0,2.064
362685.0,0.02371302,0.0,1.72
362763.0,0.02538908,0.0,2.408
362842.0,0.02142727,0.0,2.064
362920.0,0.03077313,0.0,2.064
362998.0,0.03514134,0.0,1.72
363076.0,0.02056379,0.0,2.064
363154.0,0.01878605,0.0,2.064
363232.0,0.0041069,0.0,1.72
363310.0,0.00989728,0.0,2.064
363388.0,0.01964961,0.0,2.064
363466.0,0.02091935,0.0,2.064
363545.0,0.01147189,0.0,2.064
363623.0,0.04575701,0.0,2.064
363701.0,0.00766237,0.0,2.064
363779.0,0.00999888,0.0,2.064
363857.0,0.01904001,0.0,2.064
363935.0,0.01375755,0.0,2.064
364013.0,0.02594777,0.0,2.408
364091.0,0.00502115,0.0,2.064
364170.0,0.0245765,0.0,2.408
364248.0,0.02015746,0.0,2.064
364326.0,0.00116102,0.0,2.064
364404.0,0.01472264,0.0,2.064
364482.0,0.02533832,0.0,2.064
364560.0,0.00944019,0.0,2.064
364638.0,0.00852594,0.0,1.72
364716.0,0.01238622,0.0,2.064
364794.0,0.00766237,0.0,1.72
364872.0,0.02091935,0.0,2.064
364951.0,0.01106556,0.0,2.064
365029.0,0.02767482,0.0,1.72
365107.0,0.01954786,0.0,1.72
365185.0,0.01010048,0.0,2.064
365263.0,0.01934474,0.0,2.408
365341.0,0.02290029,0.0,2.064
365419.0,0.00207519,0.0,1.72
365497.0,0.01330039,0.0,2.064
365576.0,0.00070385,0.0,1.72
365654.0,0.02538908,0.0,2.064
365732.0,0.00949103,0.0,1.72
365810.0,0.02447483,0.0,1.72
365888.0,0.01863368,0.0,2.064
365966.0,0.0085767,0.0,2.064
366044.0,0.01345283,0.0,2.064
366122.0,0.02747154,0.0,2.064
366200.0,0.02670973,0.0,2.064
366279.0,0.01558613,0.0,2.064
366357.0,0.03138266,0.0,2.064
366435.0,0.01949717,0.0,2.064
366513.0,-0.00584849,0.0,2.752
366591.0,0.00568143,0.0,2.752
366669.0,0.02670973,0.0,2.752
366747.0,0.03956031,0.0,2.752
366825.0,0.04321738,0.0,2.408
366903.0,0.01685595,0.0,2.408
366982.0,0.01025284,0.0,2.752
367060.0,0.02935088,0.0,2.408
367138.0,0.01878605,0.0,2.408
367216.0,0.01137037,0.0,2.408
367294.0,0.01279254,0.0,2.408
367372.0,0.01116716,0.0,2.408
367450.0,0.00491962,0.0,2.408
367528.0,-0.00036283,0.0,2.408
367607.0,0.02660813,0.0,2.064
367685.0,0.01218302,0.0,2.064
367763.0,0.02076691,0.0,2.408
367841.0,0.017567,0.0,2.408
367919.0,0.00522442,0.0,2.064
367997.0,-0.00975953,0.0,2.408
368075.0,0.0045133,0.0,2.064
368153.0,-0.00066756,0.0,2.064
368232.0,0.00618943,0.0,2.408
368310.0,0.0221384,0.0,2.064
368388.0,0.01558613,0.0,2.064
368466.0,0.01228454,0.0,2.408
368544.0,0.0239669,0.0,2.064
368622.0,0.01528133,0.0,2.064
368700.0,0.00751001,0.0,2.064
368778.0,0.03895078,0.0,2.064
368856.0,0.02076691,0.0,2.064
368935.0,-0.00798172,0.0,2.064
369013.0,0.0103036,0.0,2.064
369091.0,-0.00066756,0.0,2.064
369169.0,0.01350359,0.0,2.752
369247.0,0.00796725,0.0,2.752
369325.0,0.00446253,0.0,2.752
369403.0,0.02046219,0.0,2.408
369481.0,0.01411312,0.0,2.408
369559.0,0.0087799,0.0,2.752
369637.0,0.02239244,0.0,2.408
369716.0,0.02284945,0.0,3.096
369794.0,0.00146574,0.0,2.408
369872.0,0.03417632,0.0,2.408
369950.0,0.01761783,0.0,2.408
370028.0,0.0243733,0.0,2.408
370106.0,0.03895078,0.0,2.064
370184.0,0.02290029,0.0,2.064
370262.0,0.03067153,0.0,2.408
370341.0,0.02168124,0.0,2.408
370419.0,0.00847518,0.0,2.064
370497.0,0.01375755,0.0,2.408
370575.0,0.0295034,0.0,2.064
370653.0,0.01152265,0.0,2.408
370731.0,0.03128106,0.0,2.408
370809.0,0.03097633,0.0,2.408
370887.0,0.02107171,0.0,2.064
370966.0,0.00044989,0.0,2.064
371044.0,0.02772558,0.0,2.408
371122.0,0.00618943,0.0,2.408
371200.0,0.01599246,0.0,2.064
371278.0,0.02620181,0.0,2.064
371356.0,0.01670351,0.0,2.064
371434.0,0.01954786,0.0,2.064
371512.0,0.0103036,0.0,2.064
371590.0,0.02467803,0.0,2.064
371669.0,0.02350974,0.0,1.72
371747.0,0.0091863,0.0,2.408
371825.0,0.03026521,0.0,2.064
371903.0,0.01629718,0.0,2.752
371981.0,0.02472879,0.0,2.752
372059.0,0.02076691,0.0,2.408
372137.0,0.01705907,0.0,3.096
372215.0,0.01975114,0.0,2.064
372293.0,0.01751623,0.0,2.752
372371.0,-0.00442624,0.0,2.408
372450.0,0.02452566,0.0,2.752
372528.0,0.02797962,0.0,2.408
372606.0,0.01553529,0.0,2.408
372684.0,0.0215288,0.0,2.064
372762.0,0.03295727,0.0,1.032
372840.0,0.0013133,0.0,1.376
372918.0,0.02122407,0.0,2.064
372996.0,0.03255087,0.0,1.376
373075.0,0.02391621,0.0,2.064
373153.0,0.01573849,0.0,1.72
373231.0,0.01523057,0.0,2.064
373309.0,0.0221384,0.0,2.064
373387.0,0.0061386,0.0,2.064
373465.0,0.02706529,0.0,2.064
373543.0,-0.00163265,0.0,2.408
373621.0,0.0110148,0.0,2.064
373700.0,-0.00539133,0.0,2.064
373778.0,0.01507821,0.0,1.376
373856.0,0.00751001,0.0,2.064
373934.0,0.02025906,0.0,2.064
374012.0,0.00664667,0.0,2.064
374090.0,0.00756085,0.0,2.064
374168.0,0.01650038,0.0,2.064
374246.0,0.00639263,0.0,1.376
374324.0,0.01705907,0.0,2.408
374403.0,0.01457028,0.0,1.376
374481.0,0.00557991,0.0,1.72
374559.0,0.01177661,0.0,2.064
374637.0,0.01853208,0.0,2.064
374715.0,0.02325578,0.0,2.408
374793.0,0.01843056,0.0,2.408
374871.0,0.00339584,0.0,2.408
374949.0,0.02711613,0.0,2.064
375028.0,0.01086229,0.0,2.408
375106.0,0.03041765,0.0,2.408
375184.0,0.01045604,0.0,2.408
375262.0,0.00842434,0.0,2.064
375340.0,0.02853831,0.0,2.408
375418.0,0.0106084,0.0,2.408
375496.0,0.00796725,0.0,2.408
375574.0,0.03173822,0.0,2.064
375652.0,0.02335745,0.0,2.408
375731.0,0.00364981,0.0,1.72
375809.0,0.0199035,0.0,2.064
375887.0,0.00730696,0.0,2.408
375965.0,0.01639878,0.0,2.408
376043.0,0.02234153,0.0,2.064
376121.0,0.00923699,0.0,2.064
376199.0,0.00618943,0.0,2.752
376277.0,0.01131953,0.0,1.72
376355.0,0.01482417,0.0,1.72
376433.0,0.01939557,0.0,1.72
376512.0,0.00090698,0.0,1.72
376590.0,0.04174437,0.0,1.376
376668.0,0.0090847,0.0,1.72
376746.0,-0.00381671,0.0,1.376
376824.0,0.02025906,0.0,2.408
376902.0,0.00542762,0.0,1.376
376980.0,0.01528133,0.0,1.376
377058.0,0.04042379,0.0,2.064
377136.0,0.02015746,0.0,2.064
377215.0,0.0335668,0.0,2.408
377293.0,0.03676672,0.0,2.064
377371.0,0.02198596,0.0,2.064
377449.0,0.02635417,0.0,2.064
377527.0,0.00761169,0.0,2.408
377605.0,0.00659576,0.0,2.064
377683.0,0.0354969,0.0,2.064
377762.0,0.00700209,0.0,2.408
377840.0,0.02137651,0.0,2.408
377918.0,0.02081782,0.0,2.064
377996.0,0.01497661,0.0,3.096
378074.0,0.03280484,0.0,2.752
378152.0,0.00745925,0.0,2.064
378230.0,0.01904001,0.0,2.752
378308.0,0.00842434,0.0,2.752
378386.0,0.00324356,0.0,3.096
378465.0,0.01924313,0.0,2.064
378543.0,0.0110148,0.0,2.752
378621.0,0.04560472,0.0,2.408
378699.0,0.02462719,0.0,3.096
378777.0,0.0245765,0.0,2.408
378855.0,0.00227832,0.0,2.408
378933.0,0.01350359,0.0,3.096
379011.0,0.01792256,0.0,2.408
379089.0,0.02630333,0.0,2.408
379168.0,0.03412549,0.0,1.72
379246.0,0.02518595,0.0,2.752
379324.0,0.02183367,0.0,2.752
379402.0,0.02274785,0.0,2.064
379480.0,0.01543377,0.0,2.064
379558.0,0.02762406,0.0,2.408
379636.0,0.01401152,0.0,2.408
379714.0,0.02330661,0.0,2.064
379792.0,0.01197982,0.0,2.408
379871.0,0.02483039,0.0,3.096
379949.0,0.01345283,0.0,2.408
380027.0,-0.00777852,0.0,2.064
380105.0,0.02797962,0.0,2.064
380183.0,0.01269094,0.0,2.408
380261.0,0.00827197,0.0,2.408
380339.0,0.02102095,0.0,2.064
380417.0,0.00913546,0.0,2.064
380496.0,0.04179521,0.0,2.408
380574.0,0.00801794,0.0,2.752
380652.0,0.01457028,0.0,2.408
380730.0,0.00588471,0.0,2.408
380808.0,0.00314188,0.0,2.064
380886.0,0.02858907,0.0,2.408
380964.0,0.01441792,0.0,2.064
381042.0,0.01644962,0.0,2.408
381120.0,0.02345898,0.0,2.064
381199.0,0.04057616,0.0,2.752
381277.0,0.00862754,0.0,3.096
381355.0,0.02579555,0.0,2.064
381433.0,0.01553529,0.0,2.064
381511.0,0.0061386,0.0,2.064
381589.0,0.02391621,0.0,2.064
381667.0,0.01228454,0.0,2.064
381745.0,0.03707144,0.0,2.408
381823.0,0.02462719,0.0,2.408
381901.0,0.0131481,0.0,2.064
381980.0,0.01396068,0.0,2.064
382058.0,0.00598623,0.0,2.408
382136.0,0.01512897,0.0,2.064
382214.0,0.00979575,0.0,2.064
382292.0,0.01375755,0.0,2.752
382370.0,0.05622032,0.0,3.096
382448.0,0.03011285,0.0,2.408
382527.0,0.0243733,0.0,2.752
382605.0,0.01721151,0.0,2.752
382683.0,0.01487501,0.0,2.064
382761.0,0.01010048,0.0,2.064
382839.0,0.02747154,0.0,1.376
382917.0,0.01594169,0.0,1.72
382995.0,0.01446868,0.0,2.064
383073.0,0.03788416,0.0,1.72
383151.0,0.01584002,0.0,2.064
383230.0,0.02371302,0.0,2.064
383308.0,0.02432247,0.0,2.064
383386.0,0.01182745,0.0,1.72
383464.0,0.01888757,0.0,2.064
383542.0,0.03437945,0.0,1.376
383620.0,-0.00574696,0.0,2.064
383698.0,0.01650038,0.0,2.064
383776.0,0.03011285,0.0,2.064
383854.0,0.01665274,0.0,2.064
383932.0,0.01721151,0.0,1.376
384011.0,0.01604322,0.0,2.064
384089.0,0.01502744,0.0,2.064
384167.0,0.01680511,0.0,2.064
384245.0,0.02579555,0.0,2.064
384323.0,-0.0027501,0.0,1.72
384401.0,0.02792878,0.0,2.064
384479.0,0.01152265,0.0,2.752
384558.0,0.02091935,0.0,2.064
384636.0,0.0110148,0.0,1.72
384714.0,0.01949717,0.0,2.064
384792.0,0.01670351,0.0,2.064
384870.0,0.02711613,0.0,2.064
384948.0,0.01812576,0.0,2.064
385026.0,0.02427178,0.0,2.064
385104.0,0.02279869,0.0,2.064
385182.0,0.02889387,0.0,2.064
385260.0,0.00420857,0.0,2.064
385339.0,0.02264625,0.0,2.064
385417.0,0.0197003,0.0,2.064
385495.0,0.01309727,0.0,2.064
385573.0,0.01705907,0.0,2.064
385651.0,0.02427178,0.0,2.064
385729.0,0.00705292,0.0,1.72
385807.0,0.01512897,0.0,2.064
385885.0,0.03478577,0.0,2.064
385963.0,0.0349889,0.0,1.72
386042.0,0.0130465,0.0,2.064
386120.0,0.01274163,0.0,2.064
386198.0,0.01345283,0.0,2.064
386276.0,0.01233538,0.0,2.064
386354.0,0.01853208,0.0,2.064
386432.0,0.03310956,0.0,2.064
386510.0,0.02721765,0.0,2.064
386589.0,0.02127491,0.0,2.408
386667.0,0.02086851,0.0,2.064
386745.0,0.01975114,0.0,2.064
386823.0,0.040627,0.0,1.72
386901.0,0.02041142,0.0,2.408
386979.0,0.00781481,0.0,1.72
387057.0,0.01609406,0.0,2.064
387135.0,0.0240685,0.0,2.408
387213.0,0.01726227,0.0,2.064
387291.0,0.03818889,0.0,1.72
387370.0,0.01203065,0.0,2.064
387448.0,0.02498275,0.0,2.064
387526.0,0.00710376,0.0,1.72
387604.0,0.02803031,0.0,2.064
387682.0,0.02508435,0.0,2.064
387760.0,-0.01179123,0.0,1.72
387838.0,0.02620181,0.0,2.064
387916.0,0.01594169,0.0,2.064
387995.0,0.03879849,0.0,1.72
388073.0,0.0178718,0.0,2.064
388151.0,0.03940794,0.0,2.064
388229.0,0.02853831,0.0,2.064
388307.0,0.03696984,0.0,2.064
388385.0,0.01076076,0.0,2.064
388463.0,0.01335123,0.0,2.064
388541.0,0.01045604,0.0,2.064
388619.0,0.00024669,0.0,2.064
388698.0,-0.00589918,0.0,1.72
388776.0,0.02498275,0.0,2.064
388854.0,0.03194142,0.0,2.408
388932.0,0.02381454,0.0,2.064
389010.0,0.00380217,0.0,1.72
389088.0,0.03366832,0.0,2.064
389166.0,0.01121785,0.0,1.032
389244.0,-0.00071832,0.0,2.408
389323.0,0.01985274,0.0,2.064
389401.0,0.01827812,0.0,1.72
389479.0,0.02142727,0.0,1.376
389557.0,0.01223378,0.0,1.72
389635.0,0.03453181,0.0,1.72
389713.0,-0.00224217,0.0,2.408
389791.0,0.02919859,0.0,2.064
389869.0,0.00329424,0.0,2.064
389947.0,0.01827812,0.0,1.376
390026.0,0.03321123,0.0,2.064
390104.0,0.00984659,0.0,1.72
390182.0,0.03199219,0.0,2.064
390260.0,0.02254473,0.0,2.408
390338.0,0.02909699,0.0,2.064
390416.0,0.0219352,0.0,2.064
390494.0,0.01355443,0.0,2.064
390572.0,0.00700209,0.0,1.72
390651.0,0.01457028,0.0,1.72
390729.0,0.00867822,0.0,1.376
390807.0,-0.00203897,0.0,1.72
390885.0,0.00044989,0.0,2.064
390963.0,0.01837972,0.0,1.376
391041.0,0.00298952,0.0,1.376
391119.0,0.02792878,0.0,1.72
391197.0,0.03737617,0.0,1.72
391275.0,0.01523057,0.0,2.064
391353.0,0.02041142,0.0,2.064
391432.0,0.01700831,0.0,1.72
391510.0,0.02899547,0.0,2.064
391588.0,0.02178284,0.0,2.064
391666.0,0.01858285,0.0,1.72
391744.0,0.02574472,0.0,2.064
391822.0,0.01502744,0.0,2.064
391900.0,0.02295105,0.0,2.064
391978.0,0.02274785,0.0,1.72
392056.0,0.02371302,0.0,2.064
392135.0,0.01964961,0.0,2.064
392213.0,0.0103036,0.0,2.064
392291.0,0.02142727,0.0,2.064
392369.0,0.00872906,0.0,2.064
392447.0,0.01863368,0.0,2.064
392525.0,0.0132497,0.0,2.408
392603.0,0.01848132,0.0,2.064
392681.0,0.0132497,0.0,2.408
392760.0,0.01441792,0.0,2.064
392838.0,0.01172593,0.0,2.064
392916.0,0.02244313,0.0,2.064
392994.0,0.0220368,0.0,2.064
393072.0,0.01563689,0.0,2.408
393150.0,0.0051229,0.0,2.408
393228.0,0.02366218,0.0,2.408
393306.0,0.02310341,0.0,2.408
393384.0,0.01655122,0.0,2.408
393463.0,0.02655737,0.0,2.064
393541.0,0.02157964,0.0,2.064
393619.0,0.00090698,0.0,1.72
393697.0,0.02782711,0.0,1.376
393775.0,0.03199219,0.0,2.064
393853.0,0.01147189,0.0,2.064
393931.0,0.0221384,0.0,2.408
394009.0,0.01665274,0.0,2.752
394087.0,0.01426541,0.0,2.752
394166.0,0.01045604,0.0,2.064
394244.0,0.00563067,0.0,1.72
394322.0,0.03610643,0.0,2.408
394400.0,0.03803645,0.0,2.064
394478.0,0.00883074,0.0,2.408
394556.0,0.00964331,0.0,2.064
394634.0,0.02249396,0.0,1.376
394712.0,0.02874143,0.0,1.72
394790.0,0.00735765,0.0,1.72
394869.0,0.02630333,0.0,2.408
394947.0,0.00786565,0.0,2.408
395025.0,-0.00320719,0.0,2.752
395103.0,0.01589093,0.0,2.408
395181.0,0.01853208,0.0,2.064
395259.0,0.01705907,0.0,2.064
395337.0,-0.00462944,0.0,2.408
395416.0,0.03214455,0.0,2.408
395494.0,0.01533217,0.0,2.064
395572.0,0.01233538,0.0,2.064
395650.0,0.03199219,0.0,2.064
395728.0,0.00888142,0.0,1.72
395806.0,0.0199035,0.0,2.064
395884.0,0.00756085,0.0,2.064
395962.0,0.00568143,0.0,2.064
396040.0,0.00766237,0.0,2.408
396118.0,0.03702068,0.0,2.752
396197.0,0.01985274,0.0,1.72
396275.0,0.02610028,0.0,1.72
396353.0,0.01812576,0.0,2.064
396431.0,0.0126401,0.0,3.096
396509.0,0.0090847,0.0,3.096
396587.0,0.01584002,0.0,3.096
396665.0,0.00751001,0.0,2.064
396743.0,-0.00295322,0.0,2.408
396821.0,0.01919237,0.0,2.064
396900.0,0.02091935,0.0,2.064
396978.0,0.01492569,0.0,2.408
397056.0,0.01375755,0.0,2.408
397134.0,0.03250011,0.0,2.064
397212.0,0.02960492,0.0,2.064
397290.0,0.01898932,0.0,2.408
397368.0,0.00938943,0.0,2.408
397447.0,0.03128106,0.0,2.064
397525.0,0.03158578,0.0,2.064
397603.0,0.02772558,0.0,2.064
397681.0,0.01401152,0.0,2.064
397759.0,0.01949717,0.0,1.72
397837.0,0.03412549,0.0,1.72
397915.0,0.00349737,0.0,2.064
397993.0,0.0311287,0.0,2.064
398071.0,0.04357287,0.0,1.376
398150.0,0.00014517,0.0,1.72
398228.0,-0.00823575,0.0,2.408
398306.0,0.02706529,0.0,1.72
398384.0,0.03244927,0.0,1.376
398462.0,0.01878605,0.0,2.064
398540.0,0.00745925,0.0,2.064
398618.0,0.01172593,0.0,2.064
398696.0,0.01187829,0.0,2.408
398774.0,0.02274785,0.0,2.064
398853.0,0.01294483,0.0,2.064
398931.0,0.02417003,0.0,2.064
399009.0,0.00161803,0.0,2.064
399087.0,0.02310341,0.0,2.064
399165.0,0.01152265,0.0,2.064
399243.0,0.006545,0.0,2.064
399321.0,0.01258934,0.0,2.064
399399.0,0.01751623,0.0,2.064
399477.0,0.01883689,0.0,2.064
399555.0,0.01924313,0.0,1.72
399634.0,0.01492569,0.0,2.064
399712.0,0.0087799,0.0,2.064
399790.0,0.02427178,0.0,1.72
399868.0,0.01700831,0.0,2.064
399946.0,0.02604937,0.0,2.064
400024.0,0.01512897,0.0,1.72
400102.0,0.02858907,0.0,1.376
400181.0,0.02757322,0.0,1.376
400259.0,0.02467803,0.0,1.376
400337.0,-0.00361359,0.0,1.376
400415.0,0.01573849,0.0,1.72
400493.0,0.03244927,0.0,1.376
400571.0,0.02371302,0.0,1.72
400649.0,0.01533217,0.0,2.408
400727.0,0.02442399,0.0,2.408
400805.0,0.01751623,0.0,2.064
400884.0,0.01131953,0.0,2.064
400962.0,0.01563689,0.0,1.72
401040.0,0.04601097,0.0,2.408
401118.0,0.01771936,0.0,2.064
401196.0,0.01137037,0.0,2.064
401274.0,0.01812576,0.0,1.72
401352.0,0.03818889,0.0,2.408
401430.0,0.01873528,0.0,2.064
401508.0,0.02569388,0.0,1.376
401586.0,0.01695755,0.0,1.376
401665.0,0.02538908,0.0,0.688
401743.0,0.01863368,0.0,1.376
401821.0,0.01665274,0.0,1.72
401899.0,0.00319264,0.0,1.72
401977.0,0.02157964,0.0,1.376
402055.0,0.03102717,0.0,1.72
402133.0,0.0205131,0.0,1.376
402211.0,0.00949103,0.0,1.72
402290.0,0.01091313,0.0,1.72
402368.0,0.00405613,0.0,1.376
402446.0,-0.0066103,0.0,1.72
402524.0,0.01675435,0.0,1.72
402602.0,0.02284945,0.0,2.064
402680.0,0.01558613,0.0,1.72
402758.0,0.01431624,0.0,1.376
402836.0,0.01695755,0.0,2.064
402915.0,0.01543377,0.0,1.72
402993.0,0.0124369,0.0,1.72
403071.0,0.00461482,0.0,1.72
403149.0,0.02686209,0.0,1.72
403227.0,0.0197003,0.0,1.72
403305.0,0.02239244,0.0,1.72
403383.0,-0.01041982,0.0,2.408
403461.0,0.00481802,0.0,2.064
403539.0,0.02020822,0.0,2.064
403617.0,0.03189051,0.0,2.408
403696.0,0.01111633,0.0,2.064
403774.0,0.0128433,0.0,1.72
403852.0,0.02584624,0.0,2.408
403930.0,0.01004971,0.0,1.376
404008.0,0.00944019,0.0,2.064
404086.0,0.01675435,0.0,2.408
404164.0,0.02310341,0.0,1.376
404242.0,0.01533217,0.0,1.376
404321.0,0.03178899,0.0,1.376
404399.0,0.0132497,0.0,1.376
404477.0,-7.27e-06,0.0,1.72
404555.0,0.02604937,0.0,1.72
404633.0,0.01431624,0.0,1.376
404711.0,0.0087799,0.0,1.376
404789.0,0.02940172,0.0,2.064
404867.0,-0.00239454,0.0,1.72
404946.0,0.03661428,0.0,2.064
405024.0,0.0044117,0.0,1.72
405102.0,0.0083735,0.0,1.72
405180.0,-0.00574696,0.0,1.72
405258.0,0.02046219,0.0,1.72
405336.0,0.00969408,0.0,1.72
405414.0,0.01462097,0.0,1.72
405492.0,0.01076076,0.0,1.376
405570.0,0.02229076,0.0,1.376
405649.0,0.01873528,0.0,1.72
405727.0,0.0179734,0.0,1.376
405805.0,0.03016368,0.0,1.72
405883.0,0.01370679,0.0,2.064
405961.0,0.02940172,0.0,1.72
406039.0,0.00776405,0.0,2.752
406117.0,0.02401774,0.0,1.72
406195.0,0.01157349,0.0,2.064
406273.0,0.03986503,0.0,2.408
406351.0,0.00852594,0.0,1.72
406430.0,0.00801794,0.0,2.064
406508.0,0.02564304,0.0,1.376
406586.0,0.02828434,0.0,1.72
406664.0,0.02157964,0.0,1.72
406742.0,0.02955416,0.0,1.72
406820.0,0.02833518,0.0,2.408
406898.0,0.01177661,0.0,1.72
406977.0,-0.00066756,0.0,1.032
407055.0,0.02808114,0.0,1.72
407133.0,0.03239859,0.0,1.72
407211.0,0.0061386,0.0,1.376
407289.0,0.00938943,0.0,1.376
407367.0,0.00563067,0.0,1.72
407445.0,0.03524294,0.0,1.376
407523.0,0.01010048,0.0,1.72
407601.0,0.01279254,0.0,1.72
407680.0,0.01512897,0.0,1.72
407758.0,0.01223378,0.0,1.72
407836.0,0.01375755,0.0,1.72
407914.0,0.03717304,0.0,1.72
407992.0,0.01441792,0.0,1.72
408070.0,0.00705292,0.0,1.72
408148.0,0.01873528,0.0,1.72
408226.0,0.00664667,0.0,1.376
408304.0,0.01710998,0.0,2.752
408383.0,0.01238622,0.0,2.752
408461.0,0.01710998,0.0,2.408
408539.0,0.00390385,0.0,2.408
408617.0,0.0041069,0.0,2.064
408695.0,0.02422094,0.0,2.408
408773.0,0.03219539,0.0,2.408
408851.0,-0.00894688,0.0,2.408
408929.0,0.01162425,0.0,2.064
409007.0,0.02554152,0.0,2.408
409086.0,0.02538908,0.0,2.064
409164.0,0.01949717,0.0,2.408
409242.0,-0.01148651,0.0,2.064
409320.0,-0.01367057,0.0,2.408
409398.0,0.010202,0.0,2.064
409476.0,0.0203099,0.0,2.064
409554.0,0.01644962,0.0,2.064
409632.0,0.0215288,0.0,1.72
409711.0,0.01121785,0.0,1.72
409789.0,0.02254473,0.0,2.064
409867.0,0.018075,0.0,1.72
409945.0,0.01462097,0.0,2.064
410023.0,0.00796725,0.0,2.064
410101.0,0.02036059,0.0,1.72
410179.0,-0.00137861,0.0,2.064
410257.0,0.0178718,0.0,1.72
410335.0,0.00776405,0.0,2.064
410414.0,0.01457028,0.0,2.064
410492.0,0.01975114,0.0,2.064
410570.0,0.01507821,0.0,2.064
410648.0,0.01670351,0.0,2.064
410726.0,0.03717304,0.0,2.064
410804.0,0.03072237,0.0,2.064
410882.0,0.00207519,0.0,2.064
410960.0,0.01137037,0.0,2.064
411038.0,0.01782096,0.0,1.72
411116.0,0.0087799,0.0,2.064
411195.0,0.01848132,0.0,2.064
411273.0,0.02290029,0.0,2.064
411351.0,0.02056379,0.0,2.064
411429.0,0.02894463,0.0,2.064
411507.0,0.01502744,0.0,1.72
411585.0,0.0108116,0.0,2.064
411663.0,0.02447483,0.0,1.72
411742.0,0.01822728,0.0,2.064
411820.0,0.01670351,0.0,2.064
411898.0,0.02112255,0.0,2.408
411976.0,0.01309727,0.0,2.064
412054.0,0.01025284,0.0,2.064
412132.0,0.00192283,0.0,2.064
412210.0,0.01142105,0.0,2.064
412288.0,0.00039898,0.0,2.408
412366.0,0.00598623,0.0,2.064
412444.0,0.00461482,0.0,2.064
412523.0,0.02924936,0.0,2.064
412601.0,0.03361756,0.0,1.72
412679.0,0.01710998,0.0,1.72
412757.0,0.01431624,0.0,2.064
412835.0,0.01731311,0.0,2.064
412913.0,0.01228454,0.0,2.064
412991.0,-0.03515588,0.0,2.064
413069.0,0.00314188,0.0,2.064
413148.0,0.03397305,0.0,2.064
413226.0,0.02356058,0.0,2.064
413304.0,0.02904616,0.0,2.064
413382.0,0.02366218,0.0,2.064
413460.0,0.00618943,0.0,2.408
413538.0,0.02025906,0.0,2.408
413616.0,0.00974499,0.0,2.064
413694.0,0.01335123,0.0,2.064
413773.0,0.01624642,0.0,2.064
413851.0,0.01177661,0.0,2.064
413929.0,0.01152265,0.0,2.064
414007.0,0.03605559,0.0,1.72
414085.0,0.02127491,0.0,2.064
414163.0,-0.00320719,0.0,1.72
414241.0,0.01289414,0.0,1.72
414319.0,0.01299567,0.0,2.064
414397.0,0.02706529,0.0,2.064
414476.0,0.00481802,0.0,2.064
414554.0,0.00771321,0.0,1.72
414632.0,0.01045604,0.0,1.72
414710.0,-0.01392446,0.0,2.064
414788.0,0.01726227,0.0,2.064
414866.0,0.03321123,0.0,2.064
414944.0,0.02335745,0.0,2.408
415022.0,0.01528133,0.0,2.064
415100.0,0.01523057,0.0,2.064
415178.0,0.01289414,0.0,2.064
415257.0,0.00273548,0.0,2.064
415335.0,0.02076691,0.0,2.408
415413.0,0.01655122,0.0,2.064
415491.0,0.0198019,0.0,2.064
415569.0,0.00964331,0.0,2.064
415647.0,0.02498275,0.0,2.408
415725.0,0.02782711,0.0,2.064
415804.0,0.01157349,0.0,2.064
415882.0,0.01553529,0.0,2.064
415960.0,0.01716067,0.0,2.064
416038.0,0.00715445,0.0,1.72
416116.0,0.02533832,0.0,2.408
416194.0,0.02102095,0.0,2.064
416272.0,0.0130465,0.0,2.064
416350.0,0.01578933,0.0,1.72
416428.0,0.00847518,0.0,2.064
416506.0,0.01431624,0.0,2.064
416585.0,0.02025906,0.0,2.064
416663.0,0.01777027,0.0,2.064
416741.0,0.00258319,0.0,2.064
416819.0,0.03310956,0.0,1.72
416897.0,0.02630333,0.0,2.064
416975.0,0.03056993,0.0,2.064
417053.0,0.01655122,0.0,1.72
417131.0,0.01695755,0.0,2.064
417210.0,0.02249396,0.0,2.064
417288.0,0.0205131,0.0,1.72
417366.0,0.03910322,0.0,2.064
417444.0,0.01959877,0.0,2.064
417522.0,0.02345898,0.0,2.064
417600.0,0.02747154,0.0,1.72
417678.0,0.02274785,0.0,1.72
417756.0,0.02086851,0.0,1.72
417834.0,0.01091313,0.0,1.72
417912.0,0.02295105,0.0,1.72
417991.0,0.00923699,0.0,2.064
418069.0,0.01624642,0.0,2.408
418147.0,-0.0004136,0.0,2.408
418225.0,0.0069514,0.0,2.408
418303.0,0.00832266,0.0,2.064
418381.0,0.01975114,0.0,2.408
418459.0,0.03351604,0.0,2.064
418538.0,-0.00178509,0.0,2.408
418616.0,0.03011285,0.0,2.064
418694.0,0.01467188,0.0,2.064
418772.0,0.01253858,0.0,2.064
418850.0,0.00842434,0.0,2.064
418928.0,0.006545,0.0,2.064
419006.0,0.01071008,0.0,2.064
419084.0,0.01898932,0.0,2.064
419162.0,0.02015746,0.0,1.72
419241.0,0.01599246,0.0,2.064
419319.0,0.02488123,0.0,2.064
419397.0,0.03168746,0.0,2.064
419475.0,0.01167509,0.0,2.064
419553.0,0.03138266,0.0,2.408
419631.0,0.03255087,0.0,2.064
419709.0,0.01446868,0.0,2.064
419787.0,0.01462097,0.0,1.72
419865.0,0.02137651,0.0,2.064
419944.0,0.02356058,0.0,2.064
420022.0,0.01111633,0.0,2.064
420100.0,-0.00076916,0.0,1.72
420178.0,0.02223993,0.0,2.064
420256.0,-0.0051882,0.0,2.064
420334.0,0.02340814,0.0,2.064
420412.0,0.01883689,0.0,1.72
420490.0,0.018075,0.0,2.064
420569.0,0.0198019,0.0,2.064
420647.0,0.01385915,0.0,2.752
420725.0,0.02290029,0.0,2.752
420803.0,0.02056379,0.0,2.752
420881.0,0.02061462,0.0,2.752
420959.0,0.02518595,0.0,2.408
421037.0,0.03407465,0.0,2.408
421115.0,0.01335123,0.0,2.408
421193.0,0.01868445,0.0,2.408
421272.0,0.02863991,0.0,2.064
421350.0,0.01040528,0.0,2.408
421428.0,0.01330039,0.0,2.752
421506.0,0.01045604,0.0,1.72
421584.0,0.01919237,0.0,2.408
421662.0,0.01619566,0.0,2.064
421740.0,0.01375755,0.0,2.064
421818.0,0.01939557,0.0,2.064
421896.0,0.01162425,0.0,2.408
421975.0,0.01472264,0.0,2.064
422053.0,0.00507206,0.0,2.064
422131.0,0.00019585,0.0,2.064
422209.0,0.00811954,0.0,2.064
422287.0,0.02330661,0.0,2.064
422365.0,0.00075462,0.0,2.064
422443.0,0.00177047,0.0,2.064
422521.0,0.02477955,0.0,2.064
422600.0,0.01934474,0.0,2.064
422678.0,-0.00534049,0.0,1.72
422756.0,-0.01067378,0.0,2.064
422834.0,0.03148426,0.0,2.064
422912.0,0.00761169,0.0,2.064
422990.0,0.03051925,0.0,2.752
423068.0,0.010202,0.0,1.72
423146.0,0.01985274,0.0,2.064
423224.0,0.01954786,0.0,2.064
423302.0,0.02914783,0.0,2.408
423381.0,0.01167509,0.0,2.752
423459.0,0.02670973,0.0,3.096
423537.0,0.00177047,0.0,2.408
423615.0,0.00400537,0.0,2.408
423693.0,0.02066539,0.0,2.408
423771.0,0.0128433,0.0,2.408
423849.0,0.01975114,0.0,2.752
423927.0,0.01792256,0.0,2.408
424005.0,0.02543999,0.0,2.752
424084.0,0.00740849,0.0,2.408
424162.0,0.00756085,0.0,2.752
424240.0,0.01111633,0.0,2.408
424318.0,0.01853208,0.0,2.408
424396.0,0.01848132,0.0,2.408
424474.0,0.01355443,0.0,2.408
424552.0,0.01015131,0.0,2.408
424631.0,0.01203065,0.0,2.064
424709.0,0.01010048,0.0,2.408
424787.0,0.00883074,0.0,2.064
424865.0,0.01832896,0.0,2.064
424943.0,0.02107171,0.0,2.064
425021.0,0.01629718,0.0,2.408
425099.0,-0.01326417,0.0,1.72
425177.0,0.02147811,0.0,2.064
425255.0,0.00354828,0.0,2.064
425334.0,0.01213218,0.0,2.064
425412.0,0.01939557,0.0,2.064
425490.0,0.02315425,0.0,2.064
425568.0,0.04174437,0.0,2.064
425646.0,0.02808114,0.0,2.064
425724.0,0.02071615,0.0,2.064
425802.0,0.026405,0.0,2.064
425880.0,0.02401774,0.0,2.064
425958.0,0.01380839,0.0,2.064
426036.0,0.01360512,0.0,2.064
426115.0,-0.01026746,0.0,2.408
426193.0,0.01771936,0.0,2.752
426271.0,0.01827812,0.0,2.752
426349.0,0.03290644,0.0,2.408
426427.0,0.01599246,0.0,2.408
426505.0,0.0203099,0.0,2.408
426583.0,0.02010662,0.0,2.408
426662.0,0.02757322,0.0,2.408
426740.0,0.03956031,0.0,2.408
426818.0,0.02350974,0.0,2.408
426896.0,0.01157349,0.0,2.064
426974.0,0.02757322,0.0,2.408
427052.0,0.01050688,0.0,2.408
427130.0,0.02168124,0.0,2.408
427208.0,0.01096396,0.0,2.408
427286.0,0.01726227,0.0,2.064
427365.0,0.01421472,0.0,2.408
427443.0,0.05698221,0.0,2.064
427521.0,0.00415773,0.0,2.064
427599.0,0.01599246,0.0,2.408
427677.0,0.01919237,0.0,2.408
427755.0,-0.00478173,0.0,2.064
427833.0,0.01111633,0.0,2.064
427911.0,0.02610028,0.0,2.064
427989.0,-0.00935313,0.0,2.064
428067.0,0.01208134,0.0,2.064
428146.0,0.01086229,0.0,2.064
428224.0,0.0238653,0.0,2.064
428302.0,-0.00259766,0.0,2.064
428380.0,-0.00168349,0.0,2.408
428458.0,-0.01499122,0.0,2.064
428536.0,0.00446253,0.0,2.064
428614.0,0.00888142,0.0,2.064
428693.0,0.01192905,0.0,2.408
428771.0,0.00959255,0.0,2.064
428849.0,0.02401774,0.0,2.064
428927.0,0.0238653,0.0,2.064
429005.0,0.0200051,0.0,2.064
429083.0,0.01792256,0.0,2.064
429161.0,0.01035451,0.0,2.064
429239.0,0.01167509,0.0,2.408
429317.0,0.04529985,0.0,2.064
429396.0,-0.00071832,0.0,2.064
429474.0,0.02254473,0.0,2.064
429552.0,0.01975114,0.0,2.064
429630.0,0.0178718,0.0,2.064
429708.0,0.01299567,0.0,2.408
429786.0,0.01096396,0.0,2.064
429864.0,0.05225844,0.0,2.064
429942.0,0.0178718,0.0,2.408
430020.0,0.0090847,0.0,2.064
430099.0,0.01924313,0.0,2.064
430177.0,0.01827812,0.0,2.064
430255.0,0.03397305,0.0,2.064
430333.0,0.02772558,0.0,2.064
430411.0,0.02970644,0.0,2.064
430489.0,0.03986503,0.0,2.064
430567.0,0.01584002,0.0,2.064
430645.0,0.01812576,0.0,2.064
430723.0,0.01837972,0.0,2.064
430802.0,0.0045133,0.0,1.72
430880.0,0.02767482,0.0,2.064
430958.0,0.00095774,0.0,1.72
431036.0,0.01208134,0.0,1.72
431114.0,0.0131481,0.0,1.72
431192.0,0.01675435,0.0,2.064
431270.0,0.01446868,0.0,2.064
431348.0,0.03331276,0.0,1.72
431427.0,0.00573235,0.0,2.408
431505.0,0.0090847,0.0,2.064
431583.0,0.02244313,0.0,2.408
431661.0,0.00893226,0.0,2.064
431739.0,0.01924313,0.0,2.064
431817.0,0.02046219,0.0,2.408
431895.0,0.01071008,0.0,2.064
431973.0,0.01137037,0.0,1.032
432051.0,0.01843056,0.0,2.064
432130.0,0.01025284,0.0,2.064
432208.0,0.00415773,0.0,2.064
432286.0,0.02320501,0.0,2.064
432364.0,0.02472879,0.0,1.72
432442.0,0.00212603,0.0,2.064
432520.0,0.00202451,0.0,2.064
432598.0,0.03021445,0.0,2.064
432676.0,0.02848739,0.0,1.72
432754.0,0.02523679,0.0,1.72
432832.0,0.01497661,0.0,2.064
432911.0,0.01335123,0.0,2.064
432989.0,0.01137037,0.0,1.72
433067.0,0.00232923,0.0,1.72
433145.0,0.03234775,0.0,2.064
433223.0,0.0295034,0.0,2.064
433301.0,0.0237637,0.0,1.72
433379.0,0.0220368,0.0,2.064
433457.0,-0.00645794,0.0,2.064
433536.0,0.00019585,0.0,2.064
433614.0,0.01121785,0.0,2.064
433692.0,0.01726227,0.0,2.064
433770.0,-0.00620405,0.0,2.064
433848.0,0.03138266,0.0,2.064
433926.0,0.01751623,0.0,2.064
434004.0,0.02330661,0.0,2.064
434082.0,0.01543377,0.0,2.064
434160.0,0.02254473,0.0,2.064
434239.0,0.01604322,0.0,2.064
434317.0,0.02310341,0.0,2.064
434395.0,0.00547831,0.0,2.064
434473.0,0.01462097,0.0,2.064
434551.0,0.03554766,0.0,2.064
434629.0,0.01619566,0.0,2.064
434707.0,0.01330039,0.0,2.064
434786.0,0.0062402,0.0,2.064
434864.0,0.02737002,0.0,2.064
434942.0,0.00573235,0.0,2.064
435020.0,0.00700209,0.0,2.064
435098.0,0.01177661,0.0,2.064
435176.0,0.01274163,0.0,2.064
435254.0,0.00766237,0.0,2.408
435332.0,0.02208756,0.0,2.064
435410.0,0.03067153,0.0,2.064
435488.0,0.02076691,0.0,2.064
435567.0,0.01553529,0.0,2.064
435645.0,0.00253236,0.0,1.72
435723.0,0.02828434,0.0,2.064
435801.0,0.00237992,0.0,2.064
435879.0,0.03260171,0.0,2.064
435957.0,0.01487501,0.0,2.064
436035.0,0.02117339,0.0,1.72
436113.0,0.04621417,0.0,2.064
436191.0,-0.00137861,0.0,2.064
436270.0,0.02604937,0.0,2.064
436348.0,0.01700831,0.0,2.064
436426.0,0.02071615,0.0,1.72
436504.0,0.02594777,0.0,1.72
436582.0,0.01385915,0.0,2.064
436660.0,0.03016368,0.0,1.72
436738.0,0.01492569,0.0,1.72
436816.0,0.02020822,0.0,2.064
436894.0,0.02676057,0.0,1.72
436973.0,0.01111633,0.0,1.72
437051.0,0.02884303,0.0,2.064
437129.0,0.02081782,0.0,2.064
437207.0,0.02874143,0.0,2.064
437285.0,0.02279869,0.0,2.064
437363.0,-0.00462944,0.0,2.064
437441.0,0.0313319,0.0,1.376
437519.0,0.01213218,0.0,1.72
437598.0,0.03011285,0.0,2.408
437676.0,0.01954786,0.0,2.064
437754.0,0.02091935,0.0,1.72
437832.0,-0.00341039,0.0,2.064
437910.0,0.01528133,0.0,2.064
437988.0,0.02157964,0.0,2.064
438066.0,0.02858907,0.0,2.752
438144.0,0.01538293,0.0,1.72
438222.0,0.01792256,0.0,2.408
438301.0,0.00116102,0.0,2.064
438379.0,0.0126401,0.0,1.72
438457.0,0.00832266,0.0,2.752
438535.0,0.01528133,0.0,2.752
438613.0,0.00415773,0.0,2.064
438691.0,0.01609406,0.0,2.408
438769.0,0.03864605,0.0,2.408
438847.0,0.01751623,0.0,2.752
438925.0,0.01340199,0.0,1.72
439004.0,0.02493207,0.0,2.752
439082.0,0.03031605,0.0,2.064
439160.0,0.04667126,0.0,2.752
439238.0,-0.00351199,0.0,3.096
439316.0,0.03189051,0.0,2.064
439394.0,0.03509058,0.0,2.408
439472.0,0.01914161,0.0,2.408
439551.0,0.01004971,0.0,1.72
439629.0,0.0376302,0.0,2.408
439707.0,0.02010662,0.0,2.408
439785.0,0.02218916,0.0,2.408
439863.0,0.0090847,0.0,2.408
439941.0,0.01858285,0.0,1.376
440019.0,0.01949717,0.0,2.408
440097.0,0.02132567,0.0,1.72
440175.0,0.01279254,0.0,2.408
440253.0,0.01071008,0.0,1.72
440332.0,0.01248782,0.0,2.064
440410.0,0.017567,0.0,2.408
440488.0,0.01512897,0.0,1.72
440566.0,0.01411312,0.0,2.752
440644.0,0.01487501,0.0,1.72
440722.0,0.02315425,0.0,2.064
440800.0,0.01279254,0.0,1.376
440878.0,0.01462097,0.0,2.408
440956.0,0.02066539,0.0,2.064
441035.0,-0.00010887,0.0,2.408
441113.0,0.02792878,0.0,2.064
441191.0,0.02173215,0.0,2.064
441269.0,0.01142105,0.0,2.064
441347.0,-0.0156006,0.0,2.064
441425.0,0.01116716,0.0,2.064
441503.0,0.03077313,0.0,2.064
441581.0,0.01690671,0.0,2.064
441660.0,0.01258934,0.0,2.064
441738.0,0.00263396,0.0,2.064
441816.0,0.02417003,0.0,2.408
441894.0,0.01253858,0.0,2.064
441972.0,0.01751623,0.0,2.064
442050.0,0.02797962,0.0,2.064
442128.0,0.00872906,0.0,2.408
442206.0,0.03371916,0.0,2.752
442284.0,0.01487501,0.0,2.752
442363.0,0.0110148,0.0,2.064
442441.0,0.01406236,0.0,2.064
442519.0,0.02899547,0.0,2.064
442597.0,0.00944019,0.0,1.376
442675.0,0.00212603,0.0,2.064
442753.0,0.0178718,0.0,1.72
442831.0,0.02320501,0.0,2.064
442909.0,0.00979575,0.0,2.064
442988.0,0.01721151,0.0,2.064
443066.0,0.02940172,0.0,2.064
443144.0,0.01660198,0.0,2.064
443222.0,0.01700831,0.0,2.064
443300.0,0.02234153,0.0,2.064
443378.0,0.006545,0.0,2.064
443456.0,0.01792256,0.0,1.72
443534.0,0.01619566,0.0,1.72
443612.0,0.03605559,0.0,1.72
443691.0,0.03773173,0.0,2.064
443769.0,0.01553529,0.0,2.408
443847.0,0.00735765,0.0,1.376
443925.0,0.02137651,0.0,2.064
444003.0,0.02229076,0.0,1.72
444081.0,0.0126401,0.0,2.064
444159.0,0.01705907,0.0,2.064
444237.0,0.02147811,0.0,1.376
444315.0,-0.00813408,0.0,1.376
444394.0,0.01665274,0.0,2.064
444472.0,0.02061462,0.0,2.064
444550.0,0.00801794,0.0,2.064
444628.0,0.01380839,0.0,1.376
444706.0,0.00527511,0.0,2.064
444784.0,0.01370679,0.0,2.064
444862.0,0.04463956,0.0,2.064
444940.0,0.01584002,0.0,2.064
445018.0,0.0087799,0.0,2.064
445097.0,0.02249396,0.0,1.72
445175.0,0.0178718,0.0,1.72
445253.0,0.02061462,0.0,2.408
445331.0,0.01716067,0.0,2.064
445409.0,0.00644347,0.0,2.064
445487.0,0.0259986,0.0,2.064
445565.0,0.00227832,0.0,2.064
445643.0,0.02432247,0.0,2.064
445722.0,0.01710998,0.0,2.064
445800.0,0.01197982,0.0,2.064
445878.0,0.01467188,0.0,2.064
445956.0,0.01512897,0.0,1.72
446034.0,0.02401774,0.0,2.064
446112.0,0.01111633,0.0,2.064
446190.0,0.02284945,0.0,2.064
446268.0,0.00563067,0.0,2.064
446346.0,0.03072237,0.0,2.408
446425.0,0.02005586,0.0,2.064
446503.0,0.02320501,0.0,2.408
446581.0,0.02554152,0.0,2.408
446659.0,0.03905238,0.0,1.72
446737.0,0.00923699,0.0,2.064
446815.0,0.02483039,0.0,2.064
446893.0,0.02904616,0.0,2.064
446971.0,-0.00600078,0.0,2.064
447049.0,0.00547831,0.0,2.064
447128.0,0.00192283,0.0,2.064
447206.0,0.00725612,0.0,2.064
447284.0,0.02269716,0.0,2.064
447362.0,0.02533832,0.0,2.064
447440.0,0.03244927,0.0,2.064
447518.0,0.01299567,0.0,2.064
447596.0,0.00527511,0.0,1.72
447674.0,0.00811954,0.0,2.064
447753.0,0.02300189,0.0,2.064
447831.0,0.03803645,0.0,2.064
447909.0,0.01848132,0.0,2.064
447987.0,0.00364981,0.0,2.064
448065.0,0.02091935,0.0,1.72
448143.0,0.04032227,0.0,2.064
448221.0,0.00639263,0.0,2.408
448299.0,0.01528133,0.0,2.064
448377.0,0.00923699,0.0,1.032
448456.0,0.03056993,0.0,1.72
448534.0,0.00298952,0.0,1.72
448612.0,0.03265247,0.0,1.72
448690.0,0.00446253,0.0,1.72
448768.0,0.00456413,0.0,1.72
448846.0,0.02366218,0.0,1.376
448924.0,0.02097019,0.0,2.064
449002.0,0.02569388,0.0,1.72
449080.0,0.02721765,0.0,2.064
449159.0,0.01477348,0.0,1.72
449237.0,-0.00315642,0.0,2.064
449315.0,0.01533217,0.0,1.376
449393.0,0.00730696,0.0,2.064
449471.0,0.02467803,0.0,1.72
449549.0,0.00380217,0.0,2.064
449627.0,0.03239859,0.0,2.064
449705.0,0.03123022,0.0,2.064
449783.0,0.02975736,0.0,1.72
449862.0,0.02757322,0.0,2.064
449940.0,0.01238622,0.0,2.064
450018.0,-0.00305482,0.0,2.064
450096.0,0.00959255,0.0,1.72
450174.0,-0.00589918,0.0,2.064
450252.0,-0.01306097,0.0,2.064
450330.0,0.02254473,0.0,2.064
450409.0,0.00334508,0.0,2.408
450487.0,0.01766867,0.0,2.064
450565.0,0.01639878,0.0,2.064
450643.0,0.00517358,0.0,1.72
450721.0,0.03331276,0.0,1.72
450799.0,0.00644347,0.0,2.064
450877.0,0.0239669,0.0,2.064
450955.0,0.00756085,0.0,2.408
451033.0,0.02975736,0.0,2.064
451111.0,0.0108116,0.0,2.064
451190.0,0.01401152,0.0,2.064
451268.0,0.01477348,0.0,2.064
451346.0,0.01055756,0.0,2.064
451424.0,0.02996048,0.0,2.064
451502.0,-0.00346115,0.0,2.064
451580.0,0.0221384,0.0,2.752
451658.0,0.03295727,0.0,2.752
451736.0,0.01350359,0.0,2.064
451814.0,-0.01036906,0.0,2.752
451893.0,0.01975114,0.0,2.752
451971.0,0.01873528,0.0,3.096
452049.0,0.00314188,0.0,3.096
452127.0,0.01177661,0.0,2.064
452205.0,0.02630333,0.0,2.408
452283.0,0.01523057,0.0,2.408
452361.0,0.01863368,0.0,2.752
452439.0,0.01258934,0.0,2.752
452518.0,0.02198596,0.0,2.064
452596.0,0.00268479,0.0,2.064
452674.0,0.00740849,0.0,2.408
452752.0,0.00298952,0.0,2.064
452830.0,0.01868445,0.0,1.72
452908.0,0.02381454,0.0,2.408
452986.0,0.01934474,0.0,1.72
453064.0,0.01350359,0.0,1.72
453142.0,0.02046219,0.0,2.064
453221.0,0.01817652,0.0,2.064
453299.0,0.00730696,0.0,2.064
453377.0,0.01131953,0.0,2.408
453455.0,0.02279869,0.0,2.064
453533.0,0.02930019,0.0,2.064
453611.0,0.01553529,0.0,2.064
453689.0,-0.00412144,0.0,2.064
453767.0,0.02102095,0.0,2.064
453845.0,-0.00295322,0.0,2.064
453924.0,0.01975114,0.0,2.064
454002.0,0.01477348,0.0,1.72
454080.0,0.00730696,0.0,2.408
454158.0,0.01213218,0.0,1.72
454236.0,0.01126876,0.0,2.064
454314.0,0.01355443,0.0,2.064
454392.0,0.02848739,0.0,2.408
454470.0,0.00136414,0.0,2.752
454548.0,0.00644347,0.0,2.408
454627.0,0.02945256,0.0,2.752
454705.0,0.0091863,0.0,2.752
454783.0,-5.803e-05,0.0,2.752
454861.0,0.00938943,0.0,2.752
454939.0,0.03610643,0.0,2.408
455017.0,0.02417003,0.0,2.752
455095.0,0.02772558,0.0,2.408
455173.0,0.02935088,0.0,2.408
455252.0,0.02589708,0.0,2.408
455330.0,0.01451944,0.0,1.72
455408.0,0.00029745,0.0,2.408
455486.0,0.00405613,0.0,2.408
455564.0,0.04433484,0.0,2.408
455642.0,0.01355443,0.0,1.72
455720.0,0.00314188,0.0,1.72
455798.0,0.02218916,0.0,1.72
455876.0,0.0128433,0.0,1.72
455954.0,0.01289414,0.0,1.72
456033.0,0.01451944,0.0,2.064
456111.0,0.01177661,0.0,1.032
456189.0,0.00436086,0.0,1.376
456267.0,0.02467803,0.0,1.72
456345.0,0.01137037,0.0,1.72
456423.0,0.00832266,0.0,2.408
456501.0,0.02538908,0.0,2.064
456580.0,0.01411312,0.0,1.032
456658.0,0.01502744,0.0,1.032
456736.0,0.00293868,0.0,0.344
456814.0,0.01213218,0.0,1.032
456892.0,0.01822728,0.0,0.688
456970.0,0.01573849,0.0,0.688
457048.0,0.0205131,0.0,1.032
457126.0,0.01492569,0.0,1.72
457204.0,0.01777027,0.0,1.376
457283.0,0.01904001,0.0,1.376
457361.0,-0.000312,0.0,1.376
457439.0,0.04118576,0.0,2.064
457517.0,0.02462719,0.0,2.064
457595.0,0.03036673,0.0,2.752
457673.0,0.04088096,0.0,2.752
457751.0,0.02178284,0.0,2.408
457829.0,0.01832896,0.0,2.752
457907.0,0.04296342,0.0,3.096
457986.0,0.01015131,0.0,2.752
458064.0,0.03437945,0.0,2.408
458142.0,0.00375141,0.0,2.408
458220.0,0.02279869,0.0,2.408
458298.0,0.02168124,0.0,1.72
458376.0,0.01238622,0.0,1.72
458454.0,0.00725612,0.0,2.064
458532.0,-0.00620405,0.0,1.72
458610.0,0.01441792,0.0,1.72
458689.0,0.01390999,0.0,1.72
458767.0,0.0130465,0.0,1.72
458845.0,0.03046841,0.0,1.72
458923.0,0.02330661,0.0,2.064
459001.0,0.01949717,0.0,1.72
459079.0,0.01670351,0.0,2.064
459157.0,0.00791641,0.0,2.064
459235.0,0.03656359,0.0,2.064
459314.0,0.03844293,0.0,1.72
459392.0,0.01614475,0.0,2.064
459470.0,0.02269716,0.0,2.064
459548.0,0.02543999,0.0,2.064
459626.0,0.01853208,0.0,2.064
459704.0,0.02137651,0.0,2.064
459782.0,0.01731311,0.0,1.72
459860.0,0.00659576,0.0,1.72
459938.0,0.00146574,0.0,2.064
460017.0,0.02229076,0.0,2.064
460095.0,0.03620795,0.0,1.72
460173.0,0.02229076,0.0,1.72
460251.0,0.02726842,0.0,2.752
460329.0,0.01843056,0.0,3.096
460407.0,0.04189673,0.0,2.752
460485.0,-0.00229294,0.0,2.752
460563.0,0.00446253,0.0,2.408
460641.0,0.03234775,0.0,2.408
460719.0,0.0219352,0.0,2.408
460798.0,0.0245765,0.0,2.752
460876.0,0.01462097,0.0,2.064
460954.0,0.01167509,0.0,2.064
461032.0,0.02112255,0.0,1.72
461110.0,0.00756085,0.0,2.064
461188.0,0.01690671,0.0,1.72
461266.0,0.02046219,0.0,2.064
461344.0,0.01741471,0.0,2.064
461423.0,0.01761783,0.0,2.064
461501.0,0.01771936,0.0,2.064
461579.0,0.02670973,0.0,2.064
461657.0,0.01096396,0.0,2.064
461735.0,0.01771936,0.0,2.064
461813.0,0.00969408,0.0,1.032
461891.0,0.01817652,0.0,1.72
461970.0,0.01543377,0.0,2.064
462048.0,0.02020822,0.0,2.064
462126.0,0.0238653,0.0,2.064
462204.0,0.02665889,0.0,2.064
462282.0,0.03107793,0.0,2.064
462360.0,0.01868445,0.0,2.064
462438.0,0.02071615,0.0,1.72
462516.0,0.0051229,0.0,2.064
462594.0,0.0220368,0.0,2.064
462672.0,0.0243733,0.0,2.064
462751.0,0.03503981,0.0,2.064
462829.0,0.00806877,0.0,2.064
462907.0,0.02828434,0.0,2.064
462985.0,0.02020822,0.0,2.064
463063.0,0.02711613,0.0,2.064
463141.0,0.02066539,0.0,2.064
463219.0,0.02025906,0.0,2.064
463297.0,-0.004985,0.0,1.72
463375.0,0.01177661,0.0,2.064
463454.0,0.00197359,0.0,2.064
463532.0,0.00923699,0.0,2.064
463610.0,0.01670351,0.0,2.064
463688.0,0.00390385,0.0,1.72
463766.0,0.02833518,0.0,2.064
463844.0,0.01695755,0.0,2.064
463922.0,0.01919237,0.0,2.064
464000.0,0.02818267,0.0,2.064
464079.0,0.01340199,0.0,2.064
464157.0,0.00156727,0.0,2.064
464235.0,-0.02118785,0.0,2.064
464313.0,0.02635417,0.0,2.064
464391.0,0.02025906,0.0,1.72
464469.0,0.0179734,0.0,2.064
464547.0,0.02178284,0.0,2.064
464625.0,0.03310956,0.0,1.72
464703.0,0.01690671,0.0,2.064
464782.0,0.02122407,0.0,1.72
464860.0,0.00232923,0.0,1.72
464938.0,0.01411312,0.0,2.064
465016.0,0.02447483,0.0,2.064
465094.0,0.01380839,0.0,2.064
465172.0,0.0221384,0.0,2.064
465250.0,0.02244313,0.0,2.064
465328.0,0.01335123,0.0,1.72
465406.0,0.00568143,0.0,2.064
465485.0,0.03041765,0.0,2.064
465563.0,0.02985896,0.0,2.408
465641.0,0.01604322,0.0,2.408
465719.0,0.00944019,0.0,2.408
465797.0,0.02422094,0.0,2.064
465875.0,0.01126876,0.0,2.408
465953.0,0.006545,0.0,2.064
466031.0,0.02452566,0.0,2.064
466110.0,0.01954786,0.0,2.064
466188.0,0.01492569,0.0,2.064
466266.0,0.02330661,0.0,2.408
466344.0,0.01162425,0.0,2.064
466422.0,0.03316047,0.0,2.064
466500.0,0.0130465,0.0,2.064
466578.0,0.01446868,0.0,2.064
466656.0,0.01396068,0.0,1.72
466734.0,0.01091313,0.0,2.064
466813.0,0.03448105,0.0,2.064
466891.0,0.02142727,0.0,2.064
466969.0,0.0215288,0.0,2.064
467047.0,0.02041142,0.0,1.72
467125.0,0.02498275,0.0,2.064
467203.0,0.01213218,0.0,2.064
467281.0,0.00684972,0.0,2.064
467359.0,-0.00716907,0.0,2.064
467437.0,0.01411312,0.0,2.064
467516.0,0.01741471,0.0,2.408
467594.0,0.01726227,0.0,2.064
467672.0,0.01319887,0.0,2.064
467750.0,0.02223993,0.0,2.064
467828.0,0.01843056,0.0,2.064
467906.0,0.01203065,0.0,2.064
467984.0,-0.01382293,0.0,1.72
468063.0,0.02706529,0.0,2.064
468141.0,0.02361142,0.0,1.72
468219.0,0.03189051,0.0,2.064
468297.0,0.01177661,0.0,2.064
468375.0,0.02102095,0.0,2.064
468453.0,0.00557991,0.0,2.064
468531.0,0.02472879,0.0,2.064
468609.0,-0.00300414,0.0,2.064
468687.0,0.02046219,0.0,2.064
468765.0,0.02279869,0.0,2.064
468844.0,0.01406236,0.0,2.064
468922.0,0.03128106,0.0,2.064
469000.0,0.01761783,0.0,2.064
469078.0,0.0091863,0.0,2.064
469156.0,0.01167509,0.0,2.064
469234.0,0.03067153,0.0,2.064
469312.0,0.00745925,0.0,1.72
469390.0,0.00395453,0.0,2.064
469469.0,0.0090847,0.0,2.752
469547.0,0.01914161,0.0,2.752
469625.0,0.0220368,0.0,3.44
469703.0,0.01340199,0.0,2.752
469781.0,0.01843056,0.0,2.408
469859.0,-0.00909917,0.0,2.752
469937.0,0.0174654,0.0,2.752
470015.0,0.02899547,0.0,2.408
470093.0,0.01416388,0.0,2.408
470171.0,0.0295034,0.0,2.752
470250.0,0.01137037,0.0,2.408
470328.0,0.00761169,0.0,2.408
470406.0,0.02990965,0.0,2.408
470484.0,0.01492569,0.0,2.408
470562.0,-0.00264857,0.0,2.408
470640.0,0.02559235,0.0,2.408
470718.0,9.425e-05,0.0,2.064
470796.0,0.0178718,0.0,2.064
470875.0,0.02472879,0.0,2.408
470953.0,0.01248782,0.0,2.408
471031.0,0.02295105,0.0,2.064
471109.0,0.01548446,0.0,2.064
471187.0,0.033262,0.0,2.064
471265.0,0.02691293,0.0,2.064
471343.0,0.01665274,0.0,2.064
471421.0,0.0287922,0.0,2.064
471499.0,0.00156727,0.0,2.064
471578.0,0.01726227,0.0,2.064
471656.0,0.02417003,0.0,2.064
471734.0,0.04301418,0.0,2.064
471812.0,0.0106084,0.0,2.408
471890.0,0.0375286,0.0,2.064
471968.0,0.0090847,0.0,2.064
472046.0,0.02782711,0.0,2.064
472124.0,0.02848739,0.0,1.72
472203.0,0.01350359,0.0,2.752
472281.0,0.02178284,0.0,3.44
472359.0,0.01751623,0.0,2.752
472437.0,0.02676057,0.0,2.408
472515.0,0.02422094,0.0,2.752
472593.0,0.00283708,0.0,2.408
472671.0,0.0090847,0.0,2.064
472749.0,0.00989728,0.0,2.408
472827.0,0.0237637,0.0,2.408
472906.0,0.01390999,0.0,2.408
472984.0,0.01111633,0.0,2.408
473062.0,0.01365595,0.0,2.408
473140.0,0.01126876,0.0,2.752
473218.0,0.01792256,0.0,2.408
473296.0,-0.00107388,0.0,2.064
473374.0,0.00964331,0.0,2.064
473452.0,0.03402389,0.0,2.408
473530.0,0.0427603,0.0,2.408
473608.0,0.0131481,0.0,2.408
473687.0,0.02234153,0.0,2.408
473765.0,0.03062077,0.0,1.72
473843.0,0.02503359,0.0,1.72
473921.0,0.01035451,0.0,1.72
473999.0,0.01629718,0.0,1.376
474077.0,0.00979575,0.0,1.72
474155.0,0.01467188,0.0,2.064
474233.0,0.04560472,0.0,2.064
474312.0,0.00573235,0.0,1.72
474390.0,0.00710376,0.0,2.064
474468.0,0.01568773,0.0,2.064
474546.0,0.00552915,0.0,2.064
474624.0,0.01025284,0.0,2.064
474702.0,0.02452566,0.0,1.72
474780.0,0.02843671,0.0,2.064
474859.0,0.02792878,0.0,2.408
474937.0,0.01197982,0.0,2.408
475015.0,0.03722388,0.0,2.408
475093.0,0.00486886,0.0,2.408
475171.0,0.02554152,0.0,2.408
475249.0,0.02269716,0.0,2.408
475327.0,-0.00391831,0.0,2.408
475405.0,-0.00244537,0.0,2.064
475483.0,0.02518595,0.0,2.408
475561.0,-0.00361359,0.0,2.752
475640.0,0.02081782,0.0,2.752
475718.0,0.01680511,0.0,2.752
475796.0,0.02112255,0.0,2.752
475874.0,-0.00183577,0.0,2.752
475952.0,0.02579555,0.0,2.408
476030.0,0.00974499,0.0,2.408
476108.0,0.00050073,0.0,2.752
476186.0,0.02442399,0.0,2.408
476264.0,0.00481802,0.0,2.408
476343.0,0.00080545,0.0,2.408
476421.0,-0.00153105,0.0,2.408
476499.0,-0.00173425,0.0,2.408
476577.0,0.0219352,0.0,2.408
476655.0,-0.0006168,0.0,2.408
476733.0,0.02970644,0.0,2.408
476811.0,0.00273548,0.0,2.064
476889.0,0.00979575,0.0,2.408
476968.0,0.01599246,0.0,2.064
477046.0,0.02543999,0.0,2.408
477124.0,0.00872906,0.0,2.752
477202.0,0.01523057,0.0,2.408
477280.0,0.02422094,0.0,2.064
477358.0,0.03432861,0.0,2.408
477436.0,0.03524294,0.0,2.408
477514.0,0.03463334,0.0,2.752
477592.0,0.02290029,0.0,3.096
477671.0,0.01573849,0.0,3.096
477749.0,0.02401774,0.0,3.096
477827.0,0.01741471,0.0,2.752
477905.0,0.01335123,0.0,2.752
477983.0,0.03087481,0.0,2.752
478061.0,0.03707144,0.0,2.752
478139.0,0.01533217,0.0,2.752
478217.0,0.00019585,0.0,2.408
478295.0,0.02518595,0.0,2.408
478374.0,0.01812576,0.0,2.752
478452.0,0.01309727,0.0,2.408
478530.0,0.02274785,0.0,2.408
478608.0,0.01065924,0.0,2.408
478686.0,0.01878605,0.0,2.064
478764.0,0.00522442,0.0,2.408
478842.0,0.01563689,0.0,2.064
478920.0,-0.01554991,0.0,2.408
478998.0,0.00959255,0.0,2.408
479077.0,0.00872906,0.0,2.408
479155.0,0.01670351,0.0,2.408
479233.0,0.01299567,0.0,2.408
479311.0,0.00375141,0.0,2.064
479389.0,0.02417003,0.0,2.064
479467.0,0.02645584,0.0,2.064
479545.0,0.02381454,0.0,2.064
479623.0,0.00898303,0.0,2.064
479702.0,0.00872906,0.0,1.72
479780.0,0.01609406,0.0,2.064
479858.0,-0.00102312,0.0,2.064
479936.0,0.01538293,0.0,2.064
480014.0,0.0198019,0.0,2.064
480092.0,0.00491962,0.0,1.72
480170.0,0.010202,0.0,2.064
480248.0,0.02721765,0.0,2.064
480327.0,0.01665274,0.0,2.064
480405.0,0.02467803,0.0,2.064
480483.0,0.00913546,0.0,1.72
480561.0,-0.00803255,0.0,2.064
480639.0,0.01868445,0.0,2.064
480717.0,0.01360512,0.0,2.064
480795.0,0.01497661,0.0,2.752
480873.0,0.02091935,0.0,2.064
480951.0,0.01858285,0.0,2.064
481030.0,0.03376992,0.0,2.064
481108.0,0.01274163,0.0,2.064
481186.0,0.01208134,0.0,2.064
481264.0,0.04184604,0.0,2.408
481342.0,0.01573849,0.0,2.752
481420.0,0.0215288,0.0,2.408
481498.0,0.02315425,0.0,2.064
481576.0,0.01010048,0.0,2.408
481654.0,0.01375755,0.0,2.408
481732.0,0.02274785,0.0,2.408
481811.0,0.01705907,0.0,2.408
481889.0,0.0220368,0.0,2.408
481967.0,0.0044117,0.0,2.064
482045.0,0.00791641,0.0,2.408
482123.0,0.02274785,0.0,2.408
482201.0,0.00593547,0.0,2.064
482279.0,0.02564304,0.0,2.408
482357.0,-0.00132792,0.0,2.064
482436.0,0.0061386,0.0,1.72
482514.0,0.00537671,0.0,2.064
482592.0,0.00197359,0.0,2.064
482670.0,0.00690049,0.0,2.064
482748.0,0.00024669,0.0,2.064
482826.0,0.02858907,0.0,2.064
482904.0,0.01223378,0.0,2.064
482982.0,0.0198019,0.0,2.064
483060.0,0.02005586,0.0,2.064
483139.0,0.03956031,0.0,2.064
483217.0,0.02630333,0.0,1.376
483295.0,0.01086229,0.0,2.064
483373.0,0.02411927,0.0,2.064
483451.0,0.01071008,0.0,2.064
483529.0,0.01502744,0.0,1.72
483607.0,-0.00945481,0.0,2.064
483685.0,0.02676057,0.0,2.064
483763.0,0.02356058,0.0,2.064
483842.0,0.02356058,0.0,2.408
483920.0,0.02528748,0.0,2.064
483998.0,0.03051925,0.0,2.064
484076.0,0.0243733,0.0,2.064
484154.0,0.02249396,0.0,2.064
484232.0,0.00954171,0.0,2.064
484310.0,0.01335123,0.0,2.064
484388.0,0.02477955,0.0,2.064
484466.0,0.02467803,0.0,2.064
484545.0,0.05931871,0.0,2.064
484623.0,0.01487501,0.0,2.064
484701.0,0.01568773,0.0,2.064
484779.0,0.01126876,0.0,1.72
484857.0,0.00278632,0.0,2.064
484935.0,0.01025284,0.0,1.72
485013.0,0.02518595,0.0,2.064
485091.0,0.01898932,0.0,2.064
485170.0,0.00258319,0.0,2.064
485248.0,0.01675435,0.0,2.064
485326.0,0.02579555,0.0,2.064
485404.0,0.00740849,0.0,2.064
485482.0,0.01203065,0.0,2.064
485560.0,0.01446868,0.0,1.72
485638.0,0.03102717,0.0,2.064
485716.0,-0.00249614,0.0,2.064
485795.0,0.01868445,0.0,1.72
485873.0,0.03376992,0.0,2.064
485951.0,0.0173638,0.0,2.064
486029.0,0.00801794,0.0,2.064
486107.0,-0.00798172,0.0,2.064
486185.0,0.01782096,0.0,2.064
486263.0,0.02498275,0.0,2.064
486341.0,0.02010662,0.0,2.064
486419.0,0.01964961,0.0,2.064
486497.0,0.00380217,0.0,1.72
486576.0,0.0203099,0.0,2.064
486654.0,0.00486886,0.0,2.064
486732.0,0.02218916,0.0,1.72
486810.0,0.01822728,0.0,2.064
486888.0,0.02594777,0.0,2.064
486966.0,0.02300189,0.0,2.064
487044.0,0.02706529,0.0,2.064
487122.0,0.01279254,0.0,2.408
487201.0,0.01985274,0.0,2.064
487279.0,0.03427785,0.0,2.064
487357.0,-0.01585464,0.0,2.408
487435.0,0.02269716,0.0,1.72
487513.0,0.02523679,0.0,2.064
487591.0,0.01233538,0.0,2.064
487669.0,0.01523057,0.0,1.72
487747.0,0.03905238,0.0,1.72
487826.0,0.04204917,0.0,2.064
487904.0,0.01035451,0.0,2.064
487982.0,0.03407465,0.0,2.064
488060.0,0.02462719,0.0,2.064
488138.0,0.00629103,0.0,1.72
488216.0,0.01639878,0.0,1.72
488294.0,-0.00193737,0.0,2.064
488372.0,0.01370679,0.0,2.064
488450.0,0.02417003,0.0,2.064
488528.0,0.02813191,0.0,2.064
488607.0,0.02564304,0.0,2.064
488685.0,0.02564304,0.0,1.72
488763.0,0.01208134,0.0,2.064
488841.0,0.01401152,0.0,2.064
488919.0,0.01883689,0.0,2.064
488997.0,0.02620181,0.0,2.064
489075.0,0.01482417,0.0,2.064
489153.0,0.01848132,0.0,2.064
489232.0,0.03503981,0.0,2.408
489310.0,0.0091863,0.0,1.72
489388.0,0.02838587,0.0,2.408
489466.0,0.02676057,0.0,1.72
489544.0,0.00502115,0.0,2.752
489622.0,0.01568773,0.0,2.408
489700.0,0.0045133,0.0,2.064
489778.0,0.02716682,0.0,2.064
489856.0,0.00761169,0.0,2.064
489935.0,0.00161803,0.0,2.752
490013.0,0.01253858,0.0,2.408
490091.0,0.01721151,0.0,1.376
490169.0,0.02554152,0.0,2.064
490247.0,0.02422094,0.0,1.72
490325.0,0.01832896,0.0,2.064
490403.0,0.02264625,0.0,2.064
490481.0,0.01634802,0.0,2.064
490560.0,0.00202451,0.0,2.408
490638.0,0.01451944,0.0,1.72
490716.0,0.01589093,0.0,1.72
490794.0,0.01451944,0.0,1.72
490872.0,0.00984659,0.0,1.032
490950.0,0.00105934,0.0,1.376
491028.0,0.02863991,0.0,1.376
491106.0,0.00898303,0.0,1.72
491184.0,0.01848132,0.0,1.72
491262.0,0.01817652,0.0,1.376
491341.0,0.00055142,0.0,1.72
491419.0,-0.00615322,0.0,1.376
491497.0,0.01929405,0.0,1.376
491575.0,0.00999888,0.0,1.72
491653.0,0.00349737,0.0,2.064
491731.0,0.01365595,0.0,1.72
491809.0,0.00491962,0.0,2.064
491887.0,0.01660198,0.0,2.064
491965.0,0.01406236,0.0,2.064
492044.0,0.01294483,0.0,2.064
492122.0,0.02356058,0.0,2.064
492200.0,-0.0046802,0.0,2.064
492278.0,0.01848132,0.0,2.064
492356.0,0.01431624,0.0,2.064
492434.0,0.02980812,0.0,2.064
492512.0,0.02787794,0.0,2.064
492591.0,0.02757322,0.0,2.064
492669.0,0.01467188,0.0,2.064
492747.0,0.01660198,0.0,2.064
492825.0,0.02097019,0.0,2.064
492903.0,0.02046219,0.0,2.408
492981.0,0.03864605,0.0,2.408
493059.0,0.01289414,0.0,2.752
493137.0,0.00273548,0.0,2.408
493215.0,0.02630333,0.0,2.408
493294.0,0.03214455,0.0,2.408
493372.0,0.01700831,0.0,2.408
493450.0,0.00751001,0.0,2.408
493528.0,0.01954786,0.0,2.408
493606.0,0.01853208,0.0,2.064
493684.0,0.01929405,0.0,2.752
493762.0,0.01121785,0.0,2.064
493840.0,0.03859522,0.0,2.064
493918.0,-0.00417228,0.0,2.064
493997.0,0.03087481,0.0,2.064
494075.0,-0.00224217,0.0,2.064
494153.0,0.02183367,0.0,2.064
494231.0,0.0199035,0.0,2.408
494309.0,0.00370057,0.0,2.064
494387.0,0.01584002,0.0,1.72
494465.0,0.01319887,0.0,2.408
494543.0,0.01817652,0.0,2.408
494622.0,0.01888757,0.0,2.752
494700.0,0.01959877,0.0,2.408
494778.0,0.00862754,0.0,2.408
494856.0,0.00938943,0.0,2.408
494934.0,0.01299567,0.0,2.752
495012.0,0.0043101,0.0,1.72
495090.0,0.00944019,0.0,1.72
495168.0,0.01655122,0.0,1.376
495246.0,0.02584624,0.0,1.376
495325.0,-0.0006168,0.0,1.376
495403.0,0.03036673,0.0,1.72
495481.0,0.0373254,0.0,1.72
495559.0,0.01573849,0.0,2.408
495637.0,0.01624642,0.0,2.064
495715.0,0.00725612,0.0,1.376
495793.0,0.01716067,0.0,2.408
495871.0,0.01330039,0.0,2.408
495949.0,-0.00264857,0.0,2.408
496027.0,0.00949103,0.0,2.752
496106.0,0.0238653,0.0,2.408
496184.0,0.00126254,0.0,1.72
496262.0,0.00801794,0.0,2.408
496340.0,0.01954786,0.0,2.064
496418.0,0.01726227,0.0,1.72
496496.0,0.03280484,0.0,2.064
496574.0,0.01182745,0.0,2.408
496653.0,0.00146574,0.0,2.064
496731.0,0.02813191,0.0,2.064
496809.0,0.02711613,0.0,2.064
496887.0,0.03178899,0.0,2.064
496965.0,0.02513519,0.0,2.064
497043.0,0.02843671,0.0,2.064
497121.0,0.01888757,0.0,2.752
497199.0,0.02772558,0.0,2.408
497277.0,0.03173822,0.0,2.064
497356.0,0.01502744,0.0,2.064
497434.0,0.01563689,0.0,2.064
497512.0,0.01751623,0.0,2.064
497590.0,0.02356058,0.0,2.064
497668.0,0.00329424,0.0,2.064
497746.0,0.01492569,0.0,1.72
497824.0,0.03138266,0.0,2.064
497902.0,0.00278632,0.0,2.064
497980.0,0.0062402,0.0,2.064
498059.0,0.02279869,0.0,2.408
498137.0,0.02554152,0.0,2.064
498215.0,0.01350359,0.0,2.064
498293.0,0.00517358,0.0,1.72
498371.0,0.00370057,0.0,2.064
498449.0,0.03361756,0.0,1.72
498527.0,-0.01392446,0.0,1.376
498605.0,0.04941409,0.0,2.064
498683.0,0.02086851,0.0,1.72
498762.0,0.00781481,0.0,1.72
498840.0,0.00786565,0.0,1.376
498918.0,0.01294483,0.0,1.72
498996.0,0.01949717,0.0,2.064
499074.0,0.01223378,0.0,1.72
499152.0,0.01700831,0.0,1.376
499230.0,0.02731926,0.0,1.72
499308.0,0.01010048,0.0,1.72
499387.0,0.02157964,0.0,2.064
499465.0,0.02584624,0.0,2.064
499543.0,0.03341429,0.0,1.376
499621.0,0.01878605,0.0,1.72
499699.0,0.03011285,0.0,2.064
499777.0,0.02340814,0.0,1.72
499855.0,0.02350974,0.0,2.064
499933.0,0.01604322,0.0,2.064
500011.0,0.03458265,0.0,1.72
500090.0,0.02284945,0.0,1.032
500168.0,0.02112255,0.0,2.064
500246.0,0.02843671,0.0,2.064
500324.0,0.0179734,0.0,1.72
500402.0,0.01599246,0.0,1.72
500480.0,0.00811954,0.0,1.72
500558.0,0.01248782,0.0,2.408
500636.0,0.01289414,0.0,1.72
500714.0,0.02366218,0.0,1.72
500793.0,0.01502744,0.0,2.064
500871.0,0.01624642,0.0,1.376
500949.0,0.02076691,0.0,2.408
501027.0,0.02411927,0.0,1.376
501105.0,0.02300189,0.0,2.064
501183.0,0.01380839,0.0,2.064
501261.0,0.02117339,0.0,2.064
501339.0,0.02234153,0.0,1.376
501418.0,0.03580163,0.0,2.064
501496.0,0.01121785,0.0,2.064
501574.0,0.00801794,0.0,2.064
501652.0,0.00679888,0.0,2.064
501730.0,0.01929405,0.0,1.376
501808.0,0.01045604,0.0,2.064
501886.0,0.00573235,0.0,1.72
501964.0,0.02005586,0.0,2.064
502042.0,0.02081782,0.0,2.064
502121.0,0.01507821,0.0,2.064
502199.0,0.02985896,0.0,2.064
502277.0,0.00903379,0.0,2.064
502355.0,0.00111018,0.0,2.064
502433.0,0.01345283,0.0,2.064
502511.0,0.0316367,0.0,2.064
502589.0,0.03036673,0.0,2.064
502667.0,0.01919237,0.0,2.064
502745.0,0.01203065,0.0,2.408
502823.0,0.02589708,0.0,2.064
502902.0,0.01594169,0.0,2.064
502980.0,0.02914783,0.0,2.064
503058.0,0.00334508,0.0,2.064
503136.0,0.01492569,0.0,1.032
503214.0,0.01147189,0.0,2.064
503292.0,0.01599246,0.0,1.72
503370.0,0.00827197,0.0,2.064
503449.0,0.01528133,0.0,2.408
503527.0,0.01502744,0.0,2.408
503605.0,0.00649416,0.0,1.72
503683.0,0.0200051,0.0,2.752
503761.0,0.02422094,0.0,2.408
503839.0,0.00725612,0.0,2.064
503917.0,-0.00747379,0.0,2.752
503995.0,0.0014149,0.0,2.408
504073.0,0.01451944,0.0,1.72
504152.0,0.02132567,0.0,2.408
504230.0,0.01126876,0.0,2.064
504308.0,0.01335123,0.0,2.064
504386.0,0.02584624,0.0,2.408
504464.0,0.03204302,0.0,1.72
504542.0,0.01675435,0.0,1.032
504620.0,0.00400537,0.0,1.376
504698.0,0.01771936,0.0,1.376
504776.0,0.01777027,0.0,1.376
504855.0,0.03250011,0.0,1.032
504933.0,0.02792878,0.0,1.72
505011.0,0.01462097,0.0,1.72
505089.0,0.01294483,0.0,1.72
505167.0,0.02223993,0.0,1.376
505245.0,0.01279254,0.0,2.064
505323.0,0.00502115,0.0,1.72
505401.0,0.02823358,0.0,2.064
505479.0,0.01929405,0.0,1.72
505558.0,0.00050073,0.0,2.064
505636.0,0.01233538,0.0,1.72
505714.0,0.01893841,0.0,1.376
505792.0,0.01390999,0.0,1.376
505870.0,0.00034829,0.0,1.72
505948.0,0.00791641,0.0,1.72
506026.0,-0.00818492,0.0,2.752
506104.0,0.01436716,0.0,2.064
506183.0,0.01528133,0.0,2.408
506261.0,-0.00635642,0.0,2.752
506339.0,0.01319887,0.0,2.752
506417.0,0.0203099,0.0,1.72
506495.0,0.0178718,0.0,2.752
506573.0,0.01350359,0.0,2.752
506651.0,0.02020822,0.0,2.064
506729.0,0.02985896,0.0,2.408
506807.0,0.03173822,0.0,2.752
506886.0,0.01604322,0.0,2.408
506964.0,0.0085767,0.0,1.72
507042.0,0.00867822,0.0,2.408
507120.0,0.03051925,0.0,2.064
507198.0,0.02168124,0.0,1.376
507276.0,0.00872906,0.0,1.032
507354.0,0.02523679,0.0,1.376
507432.0,0.00817037,0.0,1.72
507510.0,0.03427785,0.0,1.376
507588.0,0.00608791,0.0,1.376
507667.0,0.01690671,0.0,1.72
507745.0,0.01375755,0.0,1.72
507823.0,0.02061462,0.0,1.72
507901.0,0.00029745,0.0,1.376
507979.0,-0.00503576,0.0,1.376
508057.0,0.01010048,0.0,1.72
508135.0,0.01878605,0.0,1.72
508214.0,0.01568773,0.0,1.72
508292.0,0.00715445,0.0,1.72
508370.0,-0.00229294,0.0,1.72
508448.0,0.0087799,0.0,1.72
508526.0,0.01584002,0.0,1.72
508604.0,0.02411927,0.0,1.376
508682.0,0.00400537,0.0,2.408
508760.0,0.03168746,0.0,1.72
508838.0,0.00979575,0.0,2.408
508917.0,0.01396068,0.0,2.408
508995.0,0.0106084,0.0,2.408
509073.0,0.01792256,0.0,2.064
509151.0,0.0131481,0.0,2.408
509229.0,0.00497038,0.0,2.408
509307.0,0.00644347,0.0,2.064
509385.0,0.00923699,0.0,2.408
509463.0,0.02797962,0.0,2.064
509541.0,-0.00214057,0.0,2.408
509620.0,0.03036673,0.0,2.064
509698.0,0.03280484,0.0,2.064
509776.0,0.00552915,0.0,1.376
509854.0,0.02513519,0.0,1.376
509932.0,0.02447483,0.0,1.376
510010.0,0.02356058,0.0,1.376
510088.0,0.02513519,0.0,1.376
510166.0,0.03412549,0.0,1.72
510244.0,0.00740849,0.0,1.72
510323.0,0.01893841,0.0,1.376
510401.0,0.01162425,0.0,1.72
510479.0,0.02970644,0.0,2.064
510557.0,0.04123645,0.0,1.72
510635.0,0.0243733,0.0,1.72
510713.0,0.03798576,0.0,1.72
510791.0,0.00964331,0.0,1.72
510869.0,0.01792256,0.0,1.72
510948.0,0.01924313,0.0,2.064
511026.0,0.01614475,0.0,1.72
511104.0,0.01370679,0.0,1.72
511182.0,0.01934474,0.0,2.064
511260.0,0.02066539,0.0,2.752
511338.0,0.01497661,0.0,2.408
511416.0,0.0085767,0.0,2.408
511494.0,0.03285575,0.0,2.752
511572.0,0.00740849,0.0,2.408
511651.0,0.01335123,0.0,2.408
511729.0,0.00730696,0.0,2.064
511807.0,0.00984659,0.0,2.064
511885.0,0.00603707,0.0,2.064
511963.0,0.02564304,0.0,1.72
512041.0,0.02427178,0.0,2.064
512119.0,0.03204302,0.0,2.064
512197.0,0.01025284,0.0,1.72
512275.0,0.01782096,0.0,1.72
512354.0,0.01172593,0.0,2.064
512432.0,0.01258934,0.0,1.376
512510.0,0.02097019,0.0,2.064
512588.0,-0.00076916,0.0,1.72
512666.0,-0.01478802,0.0,1.72
512744.0,0.02894463,0.0,2.064
512822.0,0.03717304,0.0,2.064
512900.0,0.01040528,0.0,2.064
512979.0,0.02660813,0.0,2.064
513057.0,0.0090847,0.0,2.064
513135.0,0.01319887,0.0,2.064
513213.0,0.01782096,0.0,2.064
513291.0,0.02604937,0.0,2.064
513369.0,0.0012117,0.0,2.064
513447.0,0.02091935,0.0,2.064
513525.0,0.01751623,0.0,2.064
513603.0,-0.000312,0.0,2.064
513682.0,0.03270331,0.0,2.064
513760.0,0.01340199,0.0,2.064
513838.0,0.02015746,0.0,2.064
513916.0,0.01964961,0.0,1.72
513994.0,0.03158578,0.0,1.72
514072.0,0.00974499,0.0,2.064
514150.0,0.01584002,0.0,2.064
514228.0,0.02742086,0.0,1.72
514306.0,0.01533217,0.0,1.72
514385.0,0.00969408,0.0,1.72
514463.0,0.00532595,0.0,2.064
514541.0,0.0130465,0.0,1.72
514619.0,0.00339584,0.0,2.064
514697.0,0.02417003,0.0,1.72
514775.0,0.01431624,0.0,1.376
514853.0,0.02462719,0.0,1.032
514931.0,0.02025906,0.0,1.72
515009.0,0.006545,0.0,2.064
515088.0,0.02122407,0.0,2.064
515166.0,0.01187829,0.0,2.064
515244.0,0.00751001,0.0,2.408
515322.0,0.00497038,0.0,1.72
515400.0,0.018075,0.0,1.72
515478.0,-0.00021047,0.0,2.408
515556.0,0.02731926,0.0,1.72
515635.0,0.02762406,0.0,1.72
515713.0,0.02848739,0.0,2.064
515791.0,0.01208134,0.0,2.064
515869.0,0.040627,0.0,1.72
515947.0,-0.00036283,0.0,1.72
516025.0,0.01355443,0.0,1.72
516103.0,0.02340814,0.0,1.72
516181.0,0.00974499,0.0,2.064
516259.0,0.0013133,0.0,1.72
516337.0,0.03605559,0.0,2.064
516415.0,0.00288792,0.0,1.72
516494.0,0.03331276,0.0,1.72
516572.0,0.02315425,0.0,2.064
516650.0,0.00888142,0.0,2.064
516728.0,9.425e-05,0.0,1.72
516806.0,0.01766867,0.0,2.064
516884.0,0.04783947,0.0,1.72
516962.0,0.01528133,0.0,2.064
517041.0,0.0259986,0.0,1.72
517119.0,0.0110148,0.0,2.064
517197.0,0.00842434,0.0,2.064
517275.0,0.03260171,0.0,1.72
517353.0,0.02427178,0.0,2.064
517431.0,0.00872906,0.0,1.72
517509.0,0.02249396,0.0,2.064
517587.0,-0.00300414,0.0,1.72
517665.0,0.01142105,0.0,1.376
517744.0,0.02747154,0.0,1.72
517822.0,0.02381454,0.0,1.376
517900.0,0.00293868,0.0,1.72
517978.0,-0.01219748,0.0,1.376
518056.0,0.01137037,0.0,1.72
518134.0,0.01406236,0.0,2.064
518212.0,0.02142727,0.0,1.376
518290.0,0.00715445,0.0,1.376
518368.0,0.01390999,0.0,1.72
518447.0,0.02122407,0.0,1.72
518525.0,0.0199035,0.0,1.72
518603.0,0.00923699,0.0,2.064
518681.0,0.02173215,0.0,1.032
518759.0,0.01726227,0.0,1.72
518837.0,0.01192905,0.0,1.72
518915.0,0.01502744,0.0,1.376
518993.0,0.02183367,0.0,1.72
519071.0,0.0108116,0.0,1.72
519150.0,0.02584624,0.0,1.72
519228.0,0.0106084,0.0,1.72
519306.0,0.0240685,0.0,2.064
519384.0,-0.00102312,0.0,1.376
519462.0,0.01675435,0.0,1.72
519540.0,0.02137651,0.0,2.064
519618.0,0.02274785,0.0,1.72
519696.0,0.00969408,0.0,1.376
519775.0,0.0487538,0.0,1.72
519853.0,-0.00280086,0.0,1.72
519931.0,0.01299567,0.0,2.064
520009.0,0.0132497,0.0,1.72
520087.0,0.0334652,0.0,1.376
520165.0,9.425e-05,0.0,2.064
520243.0,0.02071615,0.0,1.376
520321.0,0.00044989,0.0,2.064
520400.0,0.00822114,0.0,1.72
520478.0,0.00111018,0.0,1.72
520556.0,0.010202,0.0,1.72
520634.0,0.02274785,0.0,2.064
520712.0,-0.01077538,0.0,1.72
520790.0,0.01670351,0.0,1.72
520868.0,0.01187829,0.0,1.376
520946.0,0.01924313,0.0,2.064
521024.0,-0.00528973,0.0,2.408
521102.0,-0.00401991,0.0,2.752
521181.0,0.01355443,0.0,2.064
521259.0,0.02036059,0.0,2.408
521337.0,0.02772558,0.0,2.408
521415.0,0.02305273,0.0,2.408
521493.0,0.02411927,0.0,2.408
521571.0,0.00735765,0.0,2.752
521649.0,0.01650038,0.0,2.752
521727.0,0.00603707,0.0,2.064
521806.0,0.02538908,0.0,2.064
521884.0,0.01533217,0.0,2.064
521962.0,0.02635417,0.0,2.408
522040.0,0.02919859,0.0,2.408
522118.0,0.02757322,0.0,2.408
522196.0,0.02295105,0.0,2.064
522274.0,0.02254473,0.0,2.064
522352.0,0.02122407,0.0,2.064
522430.0,0.0238653,0.0,2.064
522509.0,0.01792256,0.0,2.064
522587.0,0.02782711,0.0,2.064
522665.0,0.01863368,0.0,2.064
522743.0,0.00903379,0.0,2.408
522821.0,0.01035451,0.0,2.064
522899.0,0.03051925,0.0,2.408
522977.0,0.00390385,0.0,2.752
523055.0,0.00507206,0.0,2.408
523133.0,0.02483039,0.0,2.408
523212.0,0.01431624,0.0,2.064
523290.0,0.01604322,0.0,1.72
523368.0,0.02041142,0.0,2.064
523446.0,0.01924313,0.0,2.408
523524.0,0.0014149,0.0,1.376
523602.0,0.01457028,0.0,2.064
523680.0,0.00888142,0.0,3.096
523758.0,0.00182131,0.0,3.096
523836.0,0.02477955,0.0,2.752
523915.0,0.02269716,0.0,2.408
523993.0,0.01157349,0.0,2.408
524071.0,0.02569388,0.0,2.408
524149.0,0.0173638,0.0,2.064
524227.0,-0.01321341,0.0,3.44
524305.0,0.02604937,0.0,2.408
524383.0,0.00649416,0.0,2.064
524462.0,0.00761169,0.0,2.408
524540.0,0.01152265,0.0,2.408
524618.0,0.02239244,0.0,2.408
524696.0,0.01604322,0.0,2.408
524774.0,0.00385301,0.0,2.408
524852.0,0.02635417,0.0,2.408
524930.0,0.00872906,0.0,2.064
525008.0,0.00359897,0.0,2.064
525086.0,0.01604322,0.0,2.064
525165.0,0.01650038,0.0,2.064
525243.0,-0.01087691,0.0,2.408
525321.0,0.01462097,0.0,2.064
525399.0,0.00766237,0.0,2.064
525477.0,0.017567,0.0,2.064
525555.0,0.00659576,0.0,2.064
525633.0,0.01370679,0.0,2.064
525711.0,0.01695755,0.0,2.064
525789.0,0.01629718,0.0,2.064
525867.0,0.01269094,0.0,2.064
525946.0,0.01502744,0.0,2.064
526024.0,0.0045133,0.0,2.064
526102.0,0.02833518,0.0,2.064
526180.0,0.02477955,0.0,2.064
526258.0,0.01279254,0.0,2.064
526336.0,0.00994811,0.0,2.064
526414.0,0.01812576,0.0,2.752
526492.0,0.01802408,0.0,2.752
526571.0,0.01985274,0.0,2.408
526649.0,0.01705907,0.0,2.408
526727.0,0.03290644,0.0,2.408
526805.0,0.02752238,0.0,2.408
526883.0,-0.00097236,0.0,2.408
526961.0,0.010202,0.0,2.408
527039.0,0.0243733,0.0,2.408
527117.0,0.01705907,0.0,2.408
527196.0,0.00796725,0.0,2.408
527274.0,0.01228454,0.0,2.408
527352.0,0.01299567,0.0,2.408
527430.0,0.00583387,0.0,2.408
527508.0,0.02350974,0.0,2.064
527586.0,-0.00076916,0.0,2.064
527664.0,0.00923699,0.0,2.064
527742.0,0.02462719,0.0,2.408
527820.0,0.01548446,0.0,2.408
527898.0,-0.00148021,0.0,2.408
527977.0,0.01543377,0.0,2.064
528055.0,0.0220368,0.0,2.064
528133.0,0.02417003,0.0,2.408
528211.0,0.01827812,0.0,2.408
528289.0,0.02655737,0.0,2.064
528367.0,0.02335745,0.0,2.064
528445.0,-0.00716907,0.0,2.064
528523.0,0.02066539,0.0,2.064
528601.0,0.00177047,0.0,2.064
528680.0,0.02914783,0.0,2.064
528758.0,0.01330039,0.0,2.064
528836.0,0.03239859,0.0,2.064
528914.0,0.00923699,0.0,2.064
528992.0,0.02010662,0.0,1.72
529070.0,0.01934474,0.0,2.752
529148.0,0.00888142,0.0,2.408
529227.0,0.01010048,0.0,2.752
529305.0,0.0124369,0.0,2.752
529383.0,0.02549068,0.0,2.752
529461.0,0.00293868,0.0,2.408
529539.0,0.02737002,0.0,2.408
529617.0,0.0237637,0.0,2.408
529695.0,0.02157964,0.0,2.408
529773.0,0.01299567,0.0,2.408
529851.0,0.03422709,0.0,2.408
529930.0,0.00888142,0.0,2.408
530008.0,0.02097019,0.0,2.408
530086.0,0.04484276,0.0,2.408
530164.0,0.01411312,0.0,2.064
530242.0,0.01258934,0.0,2.408
530320.0,0.00629103,0.0,2.064
530398.0,-0.00122632,0.0,2.064
530476.0,0.02742086,0.0,2.408
530554.0,0.0381382,0.0,2.408
530632.0,0.00156727,0.0,2.064
530711.0,0.0174654,0.0,2.408
530789.0,0.00273548,0.0,2.064
530867.0,0.01843056,0.0,2.064
530945.0,-0.00132792,0.0,2.408
531023.0,0.0044117,0.0,2.064
531101.0,0.03290644,0.0,2.064
531179.0,0.01812576,0.0,2.064
531257.0,0.02183367,0.0,2.064
531336.0,0.03595399,0.0,2.064
531414.0,0.04108408,0.0,2.064
531492.0,0.01690671,0.0,2.408
531570.0,0.02711613,0.0,2.064
531648.0,0.01848132,0.0,2.064
531726.0,0.0205131,0.0,2.064
531804.0,0.02513519,0.0,1.72
531882.0,0.0243733,0.0,1.376
531961.0,0.02361142,0.0,2.408
532039.0,0.01619566,0.0,1.376
532117.0,0.02300189,0.0,1.72
532195.0,0.04011907,0.0,2.064
532273.0,0.02147811,0.0,1.72
532351.0,0.03143342,0.0,1.72
532429.0,0.02025906,0.0,2.064
532507.0,0.00756085,0.0,1.376
532585.0,0.02569388,0.0,2.064
532663.0,-0.00193737,0.0,2.064
532742.0,0.02244313,0.0,1.376
532820.0,0.01482417,0.0,1.376
532898.0,0.00756085,0.0,1.72
532976.0,-0.00341039,0.0,2.064
533054.0,0.02488123,0.0,2.064
533132.0,0.01878605,0.0,2.064
533210.0,-0.00046443,0.0,2.408
533288.0,0.00364981,0.0,1.72
533366.0,0.00334508,0.0,2.064
533445.0,0.01355443,0.0,2.064
533523.0,0.00761169,0.0,2.064
533601.0,0.02279869,0.0,2.064
533679.0,0.01832896,0.0,2.064
533757.0,0.02630333,0.0,1.72
533835.0,0.0316367,0.0,2.064
533913.0,0.00486886,0.0,1.72
533992.0,0.00903379,0.0,2.064
534070.0,0.01258934,0.0,1.72
534148.0,0.00872906,0.0,1.72
534226.0,0.00461482,0.0,2.064
534304.0,0.02290029,0.0,1.72
534382.0,0.00019585,0.0,2.064
534460.0,0.01898932,0.0,2.064
534538.0,0.00700209,0.0,2.064
534616.0,0.00502115,0.0,2.064
534695.0,0.01406236,0.0,2.064
534773.0,0.01777027,0.0,2.064
534851.0,0.03427785,0.0,2.064
534929.0,0.01832896,0.0,2.064
535007.0,0.01436716,0.0,2.064
535085.0,0.00060225,0.0,2.064
535163.0,0.02813191,0.0,2.064
535241.0,-0.00396915,0.0,2.064
535319.0,0.01477348,0.0,2.064
535398.0,0.01096396,0.0,2.064
535476.0,0.0334652,0.0,1.72
535554.0,0.0381382,0.0,2.064
535632.0,0.01858285,0.0,1.72
535710.0,0.00547831,0.0,2.064
535788.0,0.01553529,0.0,2.064
535866.0,0.01218302,0.0,1.72
535944.0,0.01812576,0.0,1.72
536022.0,0.0126401,0.0,1.72
536100.0,0.00359897,0.0,1.72
536179.0,0.03575086,0.0,1.72
536257.0,0.00111018,0.0,1.72
536335.0,0.00639263,0.0,1.376
536413.0,0.01360512,0.0,1.72
536491.0,0.01751623,0.0,2.064
536569.0,0.00309104,0.0,2.408
536647.0,0.01665274,0.0,1.376
536726.0,0.03412549,0.0,1.376
536804.0,0.01766867,0.0,1.376
536882.0,0.02350974,0.0,1.376
536960.0,0.0349889,0.0,2.064
537038.0,0.02549068,0.0,1.72
537116.0,0.01726227,0.0,1.72
537194.0,0.03971267,0.0,2.064
537272.0,0.02757322,0.0,1.72
537350.0,-0.00153105,0.0,2.752
537428.0,0.01218302,0.0,3.096
537507.0,0.04265862,0.0,2.064
537585.0,0.01893841,0.0,2.408
537663.0,0.03651268,0.0,2.752
537741.0,0.01670351,0.0,2.752
537819.0,0.02244313,0.0,2.064
537897.0,0.01604322,0.0,2.752
537975.0,0.02787794,0.0,2.408
538053.0,0.03387152,0.0,2.752
538131.0,0.01685595,0.0,2.064
538210.0,0.00989728,0.0,2.064
538288.0,0.00725612,0.0,2.064
538366.0,0.03143342,0.0,2.408
538444.0,0.02483039,0.0,2.064
538522.0,0.00273548,0.0,2.752
538600.0,-0.00473096,0.0,2.408
538678.0,0.01594169,0.0,2.752
538757.0,0.01578933,0.0,3.096
538835.0,0.00898303,0.0,2.752
538913.0,0.01614475,0.0,2.752
538991.0,0.03503981,0.0,2.752
539069.0,0.01761783,0.0,2.408
539147.0,0.03402389,0.0,2.752
539225.0,0.00557991,0.0,2.408
539303.0,0.01431624,0.0,2.408
539381.0,0.00756085,0.0,2.752
539459.0,0.03788416,0.0,3.096
539538.0,0.01528133,0.0,3.44
539616.0,0.0243733,0.0,1.72
539694.0,0.02025906,0.0,2.064
539772.0,0.02046219,0.0,2.752
539850.0,0.02330661,0.0,2.064
539928.0,0.02284945,0.0,3.096
540006.0,0.02904616,0.0,2.408
540084.0,0.02422094,0.0,2.752
540162.0,0.01040528,0.0,2.064
540241.0,0.03620795,0.0,3.096
540319.0,0.0173638,0.0,3.096
540397.0,0.01523057,0.0,2.752
540475.0,0.0373254,0.0,3.096
540553.0,0.02178284,0.0,3.44
540631.0,0.02305273,0.0,2.752
540709.0,0.0203099,0.0,2.408
540788.0,0.01660198,0.0,2.064
540866.0,0.02076691,0.0,2.752
540944.0,0.01761783,0.0,2.408
541022.0,0.03534454,0.0,2.408
541100.0,0.0315351,0.0,2.064
541178.0,0.01258934,0.0,2.752
541256.0,0.00217679,0.0,2.064
541334.0,0.02198596,0.0,2.752
541412.0,0.01355443,0.0,2.064
541490.0,0.01502744,0.0,2.408
541569.0,0.01843056,0.0,2.064
541647.0,0.01995434,0.0,2.408
541725.0,0.02924936,0.0,2.064
541803.0,0.01487501,0.0,2.064
541881.0,0.01949717,0.0,2.408
541959.0,0.02904616,0.0,2.752
542037.0,0.01919237,0.0,2.408
542115.0,0.00679888,0.0,2.064
542193.0,0.02503359,0.0,2.408
542272.0,0.02513519,0.0,2.408
542350.0,0.00618943,0.0,3.096
542428.0,0.02350974,0.0,2.064
542506.0,0.02660813,0.0,2.064
542584.0,0.01390999,0.0,2.064
542662.0,0.03473501,0.0,1.72
542740.0,0.00705292,0.0,1.376
542818.0,0.02097019,0.0,2.064
542897.0,0.00959255,0.0,1.72
542975.0,-0.02474333,0.0,2.064
543053.0,0.02315425,0.0,1.72
543131.0,0.006545,0.0,2.064
543209.0,0.02655737,0.0,1.72
543287.0,0.01385915,0.0,2.064
543365.0,0.01370679,0.0,2.064
543443.0,0.03082397,0.0,2.064
543521.0,0.01106556,0.0,1.72
543600.0,0.04702682,0.0,2.064
543678.0,4.349e-05,0.0,2.064
543756.0,0.00883074,0.0,2.064
543834.0,0.00603707,0.0,2.064
543912.0,0.02066539,0.0,2.064
543990.0,0.0393571,0.0,1.72
544068.0,0.02300189,0.0,2.064
544146.0,0.02097019,0.0,2.064
544224.0,-0.00026131,0.0,2.064
544303.0,0.01959877,0.0,2.064
544381.0,0.03285575,0.0,2.064
544459.0,0.00964331,0.0,2.064
544537.0,0.04804275,0.0,2.408
544615.0,0.0238653,0.0,2.064
544693.0,0.02295105,0.0,1.72
544771.0,0.01172593,0.0,2.064
544849.0,0.02163048,0.0,2.752
544928.0,-0.00168349,0.0,1.72
545006.0,0.02823358,0.0,2.752
545084.0,0.01934474,0.0,2.064
545162.0,0.01904001,0.0,2.064
545240.0,0.03884918,0.0,2.064
545318.0,-0.00280086,0.0,1.72
545396.0,0.02269716,0.0,2.064
545474.0,-0.00970869,0.0,2.064
545552.0,0.02543999,0.0,1.72
545631.0,0.02122407,0.0,2.408
545709.0,0.03128106,0.0,2.064
545787.0,0.02533832,0.0,2.064
545865.0,0.00974499,0.0,2.064
545943.0,0.02259549,0.0,2.064
546021.0,0.02797962,0.0,2.064
546099.0,0.0061386,0.0,2.064
546177.0,0.01919237,0.0,2.064
546255.0,0.01467188,0.0,2.064
546334.0,-0.00381671,0.0,2.064
546412.0,0.010202,0.0,2.064
546490.0,0.03011285,0.0,2.064
546568.0,0.00466566,0.0,2.064
546646.0,0.01777027,0.0,2.408
546724.0,0.04001739,0.0,2.064
546802.0,0.0333636,0.0,2.064
546880.0,0.01004971,0.0,2.064
546959.0,0.02493207,0.0,2.064
547037.0,0.01065924,0.0,2.064
547115.0,0.0013133,0.0,2.064
547193.0,0.02391621,0.0,2.064
547271.0,0.01914161,0.0,1.72
547349.0,0.01705907,0.0,2.064
547427.0,0.01812576,0.0,2.064
547505.0,0.00761169,0.0,2.064
547583.0,0.00060225,0.0,1.72
547662.0,0.02975736,0.0,2.064
547740.0,0.01258934,0.0,2.064
547818.0,0.02401774,0.0,2.064
547896.0,0.01157349,0.0,1.72
547974.0,0.00862754,0.0,2.064
548052.0,0.02447483,0.0,2.064
548130.0,0.00969408,0.0,2.064
548208.0,0.00781481,0.0,2.064
548286.0,0.02935088,0.0,2.064
548365.0,0.02823358,0.0,2.408
548443.0,0.02767482,0.0,1.72
548521.0,0.00151651,0.0,1.72
548599.0,0.02823358,0.0,2.752
548677.0,0.0203099,0.0,1.376
548755.0,0.02361142,0.0,2.064
548833.0,0.00974499,0.0,2.064
548911.0,0.01578933,0.0,2.064
548990.0,0.00547831,0.0,2.064
549068.0,0.0178718,0.0,1.72
549146.0,0.01822728,0.0,1.72
549224.0,-0.00828659,0.0,2.064
549302.0,0.03961107,0.0,1.72
549380.0,0.0106084,0.0,2.064
549458.0,0.03102717,0.0,1.376
549536.0,0.02295105,0.0,1.72
549614.0,0.0131481,0.0,1.72
549693.0,0.02625264,0.0,2.064
549771.0,0.00217679,0.0,1.72
549849.0,0.04164284,0.0,2.064
549927.0,0.01904001,0.0,2.064
550005.0,0.02762406,0.0,2.064
550083.0,0.01228454,0.0,1.72
550161.0,0.02056379,0.0,1.72
550239.0,0.02493207,0.0,1.72
550317.0,0.02361142,0.0,2.064
550396.0,0.02919859,0.0,2.064
550474.0,0.00156727,0.0,2.064
550552.0,0.01182745,0.0,2.064
550630.0,0.00715445,0.0,1.72
550708.0,0.02112255,0.0,1.72
550786.0,0.02828434,0.0,1.72
550864.0,0.01411312,0.0,2.064
550942.0,0.03945878,0.0,2.064
551020.0,0.01472264,0.0,2.064
551099.0,0.02142727,0.0,2.064
551177.0,0.01309727,0.0,1.72
551255.0,0.01771936,0.0,2.064
551333.0,-0.00178509,0.0,2.064
551411.0,0.02701453,0.0,2.064
551489.0,0.02107171,0.0,2.064
551567.0,0.00811954,0.0,2.064
551646.0,-0.00737227,0.0,2.064
551724.0,0.0238653,0.0,2.064
551802.0,0.01614475,0.0,2.064
551880.0,0.00938943,0.0,2.064
551958.0,0.01893841,0.0,2.408
552036.0,0.02442399,0.0,2.752
552114.0,0.01685595,0.0,2.064
552192.0,0.02025906,0.0,2.408
552270.0,0.01853208,0.0,2.408
552348.0,0.02533832,0.0,2.408
552427.0,0.03798576,0.0,1.72
552505.0,0.01203065,0.0,1.72
552583.0,0.00532595,0.0,2.064
552661.0,0.01477348,0.0,1.72
552739.0,0.01919237,0.0,1.72
552817.0,0.01213218,0.0,1.376
552895.0,0.02173215,0.0,2.408
552973.0,0.0013133,0.0,2.064
553051.0,0.00166887,0.0,2.752
553130.0,0.00756085,0.0,2.408
553208.0,0.0069514,0.0,2.064
553286.0,0.03823973,0.0,1.376
553364.0,0.01294483,0.0,1.376
553442.0,0.01294483,0.0,1.72
553520.0,0.0063418,0.0,2.064
553598.0,0.02833518,0.0,2.064
553676.0,0.00690049,0.0,1.72
553755.0,0.02899547,0.0,1.72
553833.0,0.02513519,0.0,2.064
553911.0,0.03270331,0.0,1.72
553989.0,0.02787794,0.0,1.376
554067.0,0.00756085,0.0,1.72
554145.0,0.00989728,0.0,2.064
554223.0,0.02554152,0.0,2.064
554301.0,0.0179734,0.0,2.064
554379.0,0.02071615,0.0,1.72
554458.0,0.02147811,0.0,1.72
554536.0,0.01690671,0.0,2.064
554614.0,0.00385301,0.0,2.064
554692.0,0.02945256,0.0,2.064
554770.0,0.0013133,0.0,2.752
554848.0,0.03371916,0.0,2.752
554926.0,-0.0006168,0.0,2.408
555004.0,0.01172593,0.0,2.408
555083.0,0.01517973,0.0,2.752
555161.0,0.00293868,0.0,2.408
555239.0,0.00344661,0.0,2.408
555317.0,0.01563689,0.0,2.408
555395.0,0.0243733,0.0,2.408
555473.0,0.00766237,0.0,2.408
555551.0,0.00893226,0.0,2.408
555629.0,0.02960492,0.0,2.064
555707.0,0.01218302,0.0,2.064
555785.0,0.02198596,0.0,2.408
555864.0,0.01594169,0.0,1.72
555942.0,0.01832896,0.0,1.376
556020.0,0.00735765,0.0,1.032
556098.0,0.01335123,0.0,1.032
556176.0,0.02985896,0.0,2.408
556254.0,0.00669736,0.0,1.376
556332.0,-0.00407068,0.0,1.376
556411.0,0.02183367,0.0,2.064
556489.0,0.00822114,0.0,1.032
556567.0,0.00344661,0.0,2.064
556645.0,0.01888757,0.0,1.376
556723.0,0.00491962,0.0,2.408
556801.0,0.02863991,0.0,1.72
556879.0,0.02467803,0.0,1.376
556957.0,0.0311287,0.0,1.72
557035.0,0.01289414,0.0,1.376
557113.0,0.0311287,0.0,1.72
557192.0,0.0351921,0.0,2.408
557270.0,0.02747154,0.0,1.72
557348.0,0.02097019,0.0,1.72
557426.0,0.02279869,0.0,1.376
557504.0,0.02940172,0.0,1.72
557582.0,0.03077313,0.0,1.376
557660.0,0.02071615,0.0,1.72
557738.0,0.01157349,0.0,1.72
557817.0,0.02706529,0.0,2.408
557895.0,0.01802408,0.0,2.408
557973.0,0.02025906,0.0,2.408
558051.0,0.02427178,0.0,2.408
558129.0,0.00756085,0.0,2.408
558207.0,-0.00173425,0.0,2.408
558285.0,0.01771936,0.0,2.408
558363.0,0.00766237,0.0,2.064
558441.0,0.00324356,0.0,2.408
558520.0,0.01345283,0.0,2.408
558598.0,-0.00320719,0.0,2.408
558676.0,0.01629718,0.0,2.408
558754.0,0.01345283,0.0,1.72
558832.0,0.00080545,0.0,1.376
558910.0,0.01477348,0.0,1.72
558988.0,-0.01443246,0.0,1.72
559066.0,0.02249396,0.0,1.72
559144.0,0.0178718,0.0,1.72
559223.0,0.04321738,0.0,1.72
559301.0,0.02102095,0.0,1.72
559379.0,0.02559235,0.0,1.72
559457.0,0.02884303,0.0,1.72
559535.0,0.02833518,0.0,1.72
559613.0,0.03387152,0.0,1.72
559691.0,0.03250011,0.0,1.72
559769.0,0.02259549,0.0,1.72
559847.0,0.02858907,0.0,2.064
559926.0,0.01909085,0.0,1.032
560004.0,0.01660198,0.0,1.376
560082.0,0.01782096,0.0,1.72
560160.0,0.01629718,0.0,1.376
560238.0,0.02320501,0.0,1.72
560316.0,0.00852594,0.0,1.376
560394.0,0.01670351,0.0,1.72
560472.0,0.0243733,0.0,2.064
560551.0,0.00923699,0.0,2.408
560629.0,0.01741471,0.0,2.408
560707.0,0.01523057,0.0,2.408
560785.0,0.01050688,0.0,2.064
560863.0,0.0205131,0.0,2.064
560941.0,0.02894463,0.0,2.408
561019.0,0.01568773,0.0,2.064
561097.0,0.01904001,0.0,2.408
561175.0,0.02589708,0.0,2.064
561254.0,0.02767482,0.0,1.72
561332.0,0.00720529,0.0,1.376
561410.0,0.01106556,0.0,1.032
561488.0,0.02711613,0.0,1.72
561566.0,0.02061462,0.0,1.72
561644.0,0.0240685,0.0,1.376
561722.0,-0.00823575,0.0,1.376
561800.0,0.01258934,0.0,1.376
561879.0,0.01528133,0.0,1.376
561957.0,0.01558613,0.0,1.376
562035.0,0.01137037,0.0,1.72
562113.0,0.02452566,0.0,1.376
562191.0,0.00471642,0.0,1.72
562269.0,0.0051229,0.0,1.72
562347.0,0.01162425,0.0,1.72
562425.0,0.00166887,0.0,1.72
562503.0,0.01451944,0.0,1.72
562581.0,-0.00188661,0.0,2.408
562660.0,0.01462097,0.0,2.064
562738.0,0.0174654,0.0,1.376
562816.0,0.02356058,0.0,1.72
562894.0,0.01904001,0.0,1.72
562972.0,0.0174654,0.0,1.72
563050.0,0.03656359,0.0,1.72
563128.0,0.02686209,0.0,2.064
563206.0,0.0243733,0.0,1.72
563285.0,0.0128433,0.0,2.064
563363.0,0.04474124,0.0,2.064
563441.0,0.01319887,0.0,2.408
563519.0,0.02543999,0.0,1.72
563597.0,0.02381454,0.0,2.408
563675.0,0.00344661,0.0,2.408
563753.0,0.03961107,0.0,2.408
563831.0,0.00817037,0.0,2.408
563910.0,0.01578933,0.0,2.064
563988.0,0.02183367,0.0,2.064
564066.0,0.00852594,0.0,2.064
564144.0,0.01985274,0.0,2.064
564222.0,0.0355985,0.0,1.72
564300.0,0.03056993,0.0,2.064
564378.0,0.01451944,0.0,1.72
564456.0,0.02996048,0.0,2.064
564534.0,0.03783333,0.0,2.064
564612.0,0.01137037,0.0,1.72
564691.0,0.02046219,0.0,2.064
564769.0,0.02818267,0.0,2.064
564847.0,0.01751623,0.0,1.376
564925.0,-0.00777852,0.0,1.72
565003.0,0.02477955,0.0,1.72
565081.0,0.00933851,0.0,2.064
565159.0,0.00248159,0.0,1.376
565237.0,-0.00132792,0.0,1.72
565315.0,0.01426541,0.0,1.72
565394.0,0.02274785,0.0,2.064
565472.0,0.04570625,0.0,2.064
565550.0,0.01523057,0.0,1.72
565628.0,0.01142105,0.0,1.72
565706.0,0.01071008,0.0,1.72
565784.0,0.00969408,0.0,1.72
565862.0,0.01523057,0.0,2.064
565941.0,0.01558613,0.0,2.064
566019.0,0.02747154,0.0,2.064
566097.0,0.00446253,0.0,2.064
566175.0,-0.00407068,0.0,1.72
566253.0,0.02005586,0.0,2.064
566331.0,0.00730696,0.0,2.064
566409.0,0.03422709,0.0,2.064
566487.0,0.0215288,0.0,2.064
566565.0,-0.0005152,0.0,2.064
566643.0,0.02747154,0.0,2.064
566722.0,0.01837972,0.0,2.064
566800.0,0.00781481,0.0,2.064
566878.0,0.02345898,0.0,2.064
566956.0,0.01517973,0.0,2.064
567034.0,0.01766867,0.0,1.72
567112.0,0.01655122,0.0,2.064
567190.0,0.01025284,0.0,2.064
567268.0,0.0131481,0.0,2.064
567347.0,0.01604322,0.0,2.064
567425.0,0.01817652,0.0,2.064
567503.0,0.00684972,0.0,2.064
567581.0,0.01416388,0.0,2.064
567659.0,0.02300189,0.0,1.72
567737.0,0.01873528,0.0,2.064
567815.0,0.00359897,0.0,2.064
567893.0,0.03097633,0.0,1.72
567972.0,0.00044989,0.0,2.064
568050.0,0.02422094,0.0,2.064
568128.0,0.00705292,0.0,2.064
568206.0,0.01421472,0.0,2.064
568284.0,0.0357001,0.0,2.064
568362.0,0.00227832,0.0,2.064
568440.0,-0.00097236,0.0,2.064
568518.0,0.01446868,0.0,2.064
568596.0,0.00979575,0.0,2.064
568674.0,0.01182745,0.0,1.72
568753.0,0.00314188,0.0,2.064
568831.0,0.01233538,0.0,2.064
568909.0,0.02183367,0.0,2.064
568987.0,0.0124369,0.0,2.064
569065.0,0.01919237,0.0,2.064
569143.0,0.0130465,0.0,1.72
569221.0,0.02036059,0.0,2.064
569299.0,0.02381454,0.0,2.064
569378.0,0.00954171,0.0,2.064
569456.0,0.02249396,0.0,2.064
569534.0,0.02467803,0.0,2.064
569612.0,0.02142727,0.0,2.064
569690.0,0.01152265,0.0,2.064
569768.0,0.0239669,0.0,2.064
569846.0,0.0110148,0.0,2.064
569924.0,0.02747154,0.0,1.376
570003.0,0.00354828,0.0,2.064
570081.0,0.01624642,0.0,2.064
570159.0,0.0179734,0.0,2.408
570237.0,0.0044117,0.0,1.72
570315.0,0.01721151,0.0,2.064
570393.0,0.0041069,0.0,2.064
570471.0,-0.00310566,0.0,2.064
570549.0,0.01274163,0.0,2.064
570627.0,0.02300189,0.0,2.064
570705.0,0.01817652,0.0,2.064
570784.0,0.01934474,0.0,1.72
570862.0,0.00903379,0.0,1.72
570940.0,0.01253858,0.0,2.064
571018.0,0.01878605,0.0,2.064
571096.0,0.03463334,0.0,2.408
571174.0,0.01497661,0.0,2.408
571252.0,0.01436716,0.0,2.064
571331.0,0.02295105,0.0,2.064
571409.0,0.01004971,0.0,2.064
571487.0,0.00573235,0.0,2.064
571565.0,0.00486886,0.0,2.064
571643.0,0.00588471,0.0,2.064
571721.0,0.00486886,0.0,1.72
571799.0,0.00954171,0.0,2.064
571877.0,0.02762406,0.0,2.064
571955.0,0.00339584,0.0,2.064
572033.0,0.03956031,0.0,2.064
572112.0,0.01208134,0.0,2.752
572190.0,0.01137037,0.0,2.064
572268.0,0.02528748,0.0,2.064
572346.0,0.032754,0.0,2.064
572424.0,0.01594169,0.0,3.096
572502.0,0.00156727,0.0,3.096
572580.0,0.02137651,0.0,3.096
572658.0,0.02335745,0.0,2.752
572736.0,0.00867822,0.0,3.096
572815.0,0.00649416,0.0,2.752
572893.0,0.00720529,0.0,2.752
572971.0,0.04042379,0.0,2.408
573049.0,0.00222763,0.0,2.408
573127.0,0.01370679,0.0,2.408
573205.0,0.01208134,0.0,2.408
573283.0,0.00248159,0.0,2.752
573361.0,0.0333636,0.0,2.752
573439.0,0.02985896,0.0,2.752
573518.0,0.00166887,0.0,2.408
573596.0,-5.803e-05,0.0,2.408
573674.0,0.01040528,0.0,2.408
573752.0,0.01848132,0.0,2.408
573830.0,0.03229699,0.0,2.408
573908.0,0.01360512,0.0,2.408
573986.0,0.03189051,0.0,2.752
574064.0,-0.00696594,0.0,2.408
574143.0,-0.00534049,0.0,2.408
574221.0,0.02218916,0.0,2.408
574299.0,0.02178284,0.0,1.72
574377.0,0.00395453,0.0,1.72
574455.0,0.02264625,0.0,1.72
574533.0,0.00375141,0.0,1.72
574611.0,0.01355443,0.0,1.72
574689.0,0.0174654,0.0,2.064
574767.0,0.00730696,0.0,1.72
574846.0,0.00166887,0.0,1.72
574924.0,0.01528133,0.0,1.72
575002.0,0.00751001,0.0,1.72
575080.0,0.00766237,0.0,1.72
575158.0,0.02345898,0.0,2.752
575236.0,-0.00102312,0.0,2.064
575314.0,0.01553529,0.0,2.752
575392.0,0.00207519,0.0,2.752
575470.0,0.02142727,0.0,2.752
575549.0,0.02066539,0.0,2.408
575627.0,0.00969408,0.0,2.408
575705.0,0.01436716,0.0,2.408
575783.0,0.02518595,0.0,2.408
575861.0,0.02498275,0.0,2.408
575939.0,0.02401774,0.0,2.408
576017.0,0.01406236,0.0,2.408
576096.0,0.01853208,0.0,2.408
576174.0,0.01502744,0.0,2.408
576252.0,0.01152265,0.0,2.408
576330.0,0.0198019,0.0,2.064
576408.0,0.03625887,0.0,2.408
576486.0,0.0316367,0.0,2.064
576564.0,0.01116716,0.0,2.408
576642.0,0.01385915,0.0,2.064
576720.0,0.02142727,0.0,2.064
576798.0,0.02848739,0.0,2.408
576877.0,0.02899547,0.0,2.064
576955.0,0.0205131,0.0,2.752
577033.0,0.02244313,0.0,2.064
577111.0,0.0174654,0.0,1.72
577189.0,0.01822728,0.0,2.408
577267.0,0.02229076,0.0,2.064
577345.0,0.01599246,0.0,2.064
577423.0,0.03016368,0.0,2.064
577501.0,0.01299567,0.0,2.064
577580.0,0.01949717,0.0,2.064
577658.0,0.03107793,0.0,1.72
577736.0,0.01035451,0.0,2.064
577814.0,0.00664667,0.0,2.064
577892.0,-0.00615322,0.0,2.408
577970.0,-0.00655954,0.0,2.752
578048.0,0.00304028,0.0,2.408
578126.0,0.01177661,0.0,2.752
578205.0,0.00304028,0.0,2.408
578283.0,-0.02484493,0.0,2.408
578361.0,0.00730696,0.0,2.408
578439.0,-0.00625474,0.0,2.408
578517.0,0.01147189,0.0,2.064
578595.0,0.00766237,0.0,2.408
578673.0,0.01822728,0.0,2.408
578751.0,0.0221384,0.0,2.064
578829.0,0.01949717,0.0,2.408
578908.0,0.01710998,0.0,2.408
578986.0,0.010202,0.0,2.408
579064.0,0.03503981,0.0,2.064
579142.0,0.02513519,0.0,2.408
579220.0,0.00999888,0.0,2.408
579298.0,0.01330039,0.0,2.064
579376.0,0.01365595,0.0,2.408
579454.0,0.01705907,0.0,2.408
579532.0,0.02869059,0.0,2.064
579611.0,0.02350974,0.0,2.064
579689.0,0.01624642,0.0,2.064
579767.0,0.02122407,0.0,2.064
579845.0,0.02848739,0.0,2.064
579923.0,0.02020822,0.0,2.064
580001.0,0.01477348,0.0,2.064
580079.0,0.03041765,0.0,2.064
580158.0,0.00491962,0.0,2.064
580236.0,0.00806877,0.0,1.72
580314.0,0.01629718,0.0,2.064
580392.0,0.0041069,0.0,2.064
580470.0,0.02102095,0.0,2.064
580548.0,0.00903379,0.0,2.408
580626.0,0.02264625,0.0,2.752
580704.0,0.00933851,0.0,2.752
580782.0,0.02025906,0.0,2.408
580860.0,0.02340814,0.0,3.096
580939.0,0.01705907,0.0,2.752
581017.0,0.00283708,0.0,2.064
581095.0,-0.00782935,0.0,2.408
581173.0,0.01289414,0.0,2.752
581251.0,0.0179734,0.0,2.752
581329.0,0.01218302,0.0,2.408
581407.0,0.00380217,0.0,2.752
581485.0,0.02041142,0.0,3.096
581563.0,0.00700209,0.0,2.408
581642.0,0.02208756,0.0,2.408
581720.0,0.02300189,0.0,2.064
581798.0,0.01319887,0.0,3.44
581876.0,0.02513519,0.0,2.752
581954.0,0.02924936,0.0,2.408
582032.0,0.02442399,0.0,2.408
582110.0,0.0243733,0.0,2.408
582188.0,0.02366218,0.0,2.064
582267.0,0.01126876,0.0,2.064
582345.0,0.01390999,0.0,2.064
582423.0,0.01949717,0.0,1.72
582501.0,0.0205131,0.0,1.72
582579.0,0.02269716,0.0,2.408
582657.0,0.02843671,0.0,2.064
582735.0,0.00903379,0.0,2.064
582813.0,0.02863991,0.0,2.064
582891.0,0.01985274,0.0,2.064
582970.0,0.04057616,0.0,2.064
583048.0,0.01782096,0.0,2.064
583126.0,0.0334652,0.0,2.064
583204.0,0.00766237,0.0,2.064
583282.0,0.01533217,0.0,2.064
583360.0,0.03219539,0.0,1.376
583438.0,0.02102095,0.0,2.064
583516.0,9.425e-05,0.0,2.064
583594.0,-0.00650878,0.0,2.064
583673.0,0.02340814,0.0,1.72
583751.0,0.00862754,0.0,2.064
583829.0,0.03016368,0.0,2.064
583907.0,0.01517973,0.0,2.064
583985.0,-0.00838812,0.0,2.064
584063.0,0.01604322,0.0,2.064
584141.0,-0.00046443,0.0,1.72
584219.0,0.01528133,0.0,2.064
584297.0,0.02432247,0.0,1.376
584376.0,0.02543999,0.0,2.064
584454.0,0.01553529,0.0,2.064
584532.0,0.03915398,0.0,2.064
584610.0,0.02071615,0.0,2.064
584688.0,0.01721151,0.0,2.064
584766.0,0.03402389,0.0,2.064
584844.0,0.04321738,0.0,2.064
584922.0,0.01848132,0.0,2.064
585000.0,0.0237637,0.0,1.72
585079.0,0.00578318,0.0,2.064
585157.0,0.02488123,0.0,2.064
585235.0,0.01197982,0.0,2.064
585313.0,0.0376302,0.0,2.064
585391.0,0.0203099,0.0,2.064
585469.0,0.00690049,0.0,1.72
585547.0,0.02061462,0.0,2.064
585626.0,0.03229699,0.0,2.064
585704.0,0.03183982,0.0,1.72
585782.0,0.01629718,0.0,2.064
585860.0,0.02477955,0.0,2.064
585938.0,0.00725612,0.0,2.064
586016.0,0.03991579,0.0,2.064
586094.0,0.03209371,0.0,2.064
586172.0,0.01436716,0.0,2.064
586250.0,0.01929405,0.0,2.064
586328.0,0.02615097,0.0,1.72
586407.0,0.01076076,0.0,1.72
586485.0,0.026405,0.0,1.72
586563.0,0.00883074,0.0,2.064
586641.0,0.03117953,0.0,1.72
586719.0,0.00385301,0.0,2.064
586797.0,0.02960492,0.0,2.064
586875.0,0.00791641,0.0,1.72
586954.0,0.00552915,0.0,2.064
587032.0,0.02711613,0.0,2.064
587110.0,0.00476733,0.0,1.72
587188.0,0.01523057,0.0,2.064
587266.0,0.01350359,0.0,2.064
587344.0,0.02117339,0.0,1.72
587422.0,0.01964961,0.0,2.064
587500.0,-0.00970869,0.0,2.064
587578.0,0.01390999,0.0,2.064
587656.0,0.01071008,0.0,2.064
587735.0,-0.00945481,0.0,2.064
587813.0,0.01340199,0.0,2.064
587891.0,0.00954171,0.0,2.064
587969.0,0.02117339,0.0,2.064
588047.0,0.01182745,0.0,2.064
588125.0,0.00801794,0.0,2.064
588203.0,0.01812576,0.0,2.064
588281.0,0.03829049,0.0,2.064
588359.0,0.0178718,0.0,1.72
588438.0,0.01741471,0.0,2.064
588516.0,0.01426541,0.0,2.064
588594.0,0.00756085,0.0,1.72
588672.0,0.00903379,0.0,2.064
588750.0,0.01111633,0.0,2.064
588828.0,0.03961107,0.0,2.064
588906.0,0.02183367,0.0,1.72
588984.0,0.00563067,0.0,2.064
589063.0,0.0051229,0.0,2.064
589141.0,0.01878605,0.0,2.064
589219.0,0.03427785,0.0,2.064
589297.0,0.033262,0.0,2.064
589375.0,0.0240685,0.0,2.408
589453.0,0.03128106,0.0,2.064
589531.0,0.01888757,0.0,2.064
589609.0,0.006545,0.0,2.064
589687.0,-0.00508653,0.0,2.064
589766.0,0.04377607,0.0,2.408
589844.0,0.02493207,0.0,2.064
589922.0,0.02620181,0.0,1.376
590000.0,0.02361142,0.0,1.72
590078.0,0.01238622,0.0,1.72
590156.0,0.00811954,0.0,1.72
590234.0,0.03219539,0.0,2.408
590312.0,0.01477348,0.0,2.408
590391.0,0.0375286,0.0,2.064
590469.0,0.02894463,0.0,1.376
590547.0,0.02442399,0.0,2.064
590625.0,0.00639263,0.0,2.064
590703.0,0.02625264,0.0,1.72
590781.0,0.01817652,0.0,2.752
590859.0,0.0205131,0.0,1.376
590937.0,0.01761783,0.0,1.376
591015.0,0.03016368,0.0,1.032
591093.0,0.00552915,0.0,2.064
591172.0,0.02015746,0.0,1.72
591250.0,0.02706529,0.0,1.376
591328.0,0.01467188,0.0,2.064
591406.0,-0.00142952,0.0,2.064
591484.0,0.00999888,0.0,1.72
591562.0,0.01137037,0.0,1.72
591640.0,0.01548446,0.0,1.72
591719.0,0.02858907,0.0,2.064
591797.0,0.01223378,0.0,1.72
591875.0,0.01939557,0.0,2.064
591953.0,0.02483039,0.0,2.064
592031.0,0.0373254,0.0,2.064
592109.0,0.03021445,0.0,2.064
592187.0,0.0215288,0.0,1.72
592265.0,0.01035451,0.0,2.064
592343.0,0.01462097,0.0,2.064
592421.0,0.01660198,0.0,2.064
592500.0,0.02081782,0.0,2.064
592578.0,0.03585239,0.0,2.064
592656.0,0.02432247,0.0,2.064
592734.0,0.01091313,0.0,2.064
592812.0,0.01523057,0.0,2.064
592890.0,0.01446868,0.0,2.064
592968.0,0.02061462,0.0,2.064
593046.0,0.02467803,0.0,2.064
593125.0,0.0090847,0.0,2.064
593203.0,0.01116716,0.0,2.064
593281.0,0.01208134,0.0,2.064
593359.0,0.01614475,0.0,2.064
593437.0,0.02163048,0.0,2.064
593515.0,0.0013133,0.0,2.064
593593.0,0.01436716,0.0,2.408
593671.0,0.0126401,0.0,2.064
593749.0,0.01655122,0.0,2.064
593828.0,0.0174654,0.0,2.064
593906.0,-0.00513736,0.0,2.752
593984.0,0.01076076,0.0,2.064
594062.0,0.01878605,0.0,2.408
594140.0,0.02483039,0.0,2.408
594218.0,0.04301418,0.0,2.408
594296.0,0.01985274,0.0,2.752
594374.0,0.00730696,0.0,2.408
594452.0,0.00629103,0.0,2.408
594530.0,0.01330039,0.0,2.408
594609.0,0.01914161,0.0,2.752
594687.0,0.00593547,0.0,1.72
594765.0,0.01345283,0.0,1.376
594843.0,-0.00066756,0.0,1.376
594921.0,0.02081782,0.0,1.032
594999.0,0.01650038,0.0,2.064
595077.0,0.01167509,0.0,2.408
595155.0,0.00232923,0.0,2.752
595234.0,0.00801794,0.0,2.064
595312.0,0.03062077,0.0,2.064
595390.0,-0.00244537,0.0,2.408
595468.0,0.01863368,0.0,1.72
595546.0,0.02848739,0.0,2.064
595624.0,0.01883689,0.0,2.064
595702.0,0.02264625,0.0,2.064
595780.0,0.01777027,0.0,2.064
595859.0,0.01710998,0.0,2.064
595937.0,0.01467188,0.0,2.064
596015.0,0.0083735,0.0,2.064
596093.0,0.03478577,0.0,2.064
596171.0,0.01131953,0.0,2.064
596249.0,0.00786565,0.0,2.064
596327.0,0.01015131,0.0,2.064
596405.0,0.01253858,0.0,1.72
596483.0,0.04743322,0.0,2.064
596562.0,0.02071615,0.0,2.064
596640.0,0.02173215,0.0,2.064
596718.0,0.02168124,0.0,2.064
596796.0,0.01837972,0.0,2.064
596874.0,0.0110148,0.0,2.064
596952.0,0.02996048,0.0,1.72
597030.0,0.02477955,0.0,2.064
597108.0,0.02036059,0.0,2.064
597186.0,0.0219352,0.0,2.064
597265.0,0.01538293,0.0,2.064
597343.0,0.01578933,0.0,1.72
597421.0,0.04433484,0.0,1.72
597499.0,0.02762406,0.0,1.72
597577.0,0.02244313,0.0,1.376
597655.0,-0.00493416,0.0,2.064
597733.0,0.00923699,0.0,1.376
597811.0,0.00893226,0.0,2.064
597889.0,0.00207519,0.0,1.376
597968.0,-0.00107388,0.0,2.064
598046.0,0.01487501,0.0,1.376
598124.0,-0.00132792,0.0,1.72
598202.0,0.01350359,0.0,1.72
598280.0,0.00370057,0.0,1.72
598358.0,0.03295727,0.0,1.72
598436.0,0.01944634,0.0,2.064
598514.0,0.01121785,0.0,1.72
598593.0,0.0013133,0.0,2.064
598671.0,0.01929405,0.0,1.72
598749.0,0.01528133,0.0,2.064
598827.0,0.02797962,0.0,1.72
598905.0,0.01345283,0.0,2.752
598983.0,0.02528748,0.0,1.72
599061.0,0.02422094,0.0,2.408
599139.0,0.01076076,0.0,2.064
599217.0,0.02721765,0.0,2.064
599296.0,0.02249396,0.0,1.376
599374.0,0.00588471,0.0,1.72
599452.0,0.0354969,0.0,1.376
599530.0,0.02813191,0.0,1.376
599608.0,0.03554766,0.0,1.72
599686.0,0.0178718,0.0,2.064
599764.0,0.00913546,0.0,1.376
599842.0,0.01766867,0.0,2.064
599920.0,0.00994811,0.0,1.376
599999.0,-0.00021047,0.0,2.064
600077.0,0.01680511,0.0,1.72
600155.0,0.01705907,0.0,2.064
600233.0,0.02391621,0.0,1.72
600311.0,0.02356058,0.0,2.064
600389.0,0.02660813,0.0,1.72
600467.0,0.01599246,0.0,2.064
600545.0,0.02894463,0.0,2.064
600624.0,0.02411927,0.0,2.408
600702.0,0.02254473,0.0,2.064
600780.0,0.04016983,0.0,2.064
600858.0,0.03011285,0.0,1.72
600936.0,-0.00559445,0.0,2.064
601014.0,0.01116716,0.0,2.064
601092.0,0.0110148,0.0,1.72
601170.0,0.03382076,0.0,2.064
601249.0,0.00944019,0.0,2.064
601327.0,0.0316367,0.0,2.064
601405.0,0.01137037,0.0,2.064
601483.0,0.00938943,0.0,2.064
601561.0,0.00644347,0.0,2.064
601639.0,0.03265247,0.0,2.064
601717.0,0.02076691,0.0,2.064
601795.0,0.01355443,0.0,1.72
601873.0,0.01584002,0.0,2.064
601951.0,0.03082397,0.0,2.064
602030.0,0.02290029,0.0,2.064
602108.0,0.00095774,0.0,2.752
602186.0,0.00725612,0.0,2.408
602264.0,0.0083735,0.0,1.72
602342.0,0.02523679,0.0,2.064
602420.0,0.02894463,0.0,1.72
602498.0,0.02056379,0.0,2.064
602576.0,0.02234153,0.0,2.064
602654.0,0.01523057,0.0,1.72
602733.0,0.00502115,0.0,2.408
602811.0,0.02701453,0.0,2.064
602889.0,0.00710376,0.0,2.064
602967.0,0.00476733,0.0,2.064
603045.0,0.02107171,0.0,1.72
603123.0,-0.00087076,0.0,3.096
603201.0,0.03189051,0.0,1.376
603280.0,0.01898932,0.0,2.408
603358.0,0.01248782,0.0,1.376
603436.0,0.01904001,0.0,3.096
603514.0,0.03229699,0.0,2.064
603592.0,0.00177047,0.0,2.064
603670.0,0.00349737,0.0,2.064
603748.0,0.02706529,0.0,2.064
603826.0,0.02625264,0.0,1.376
603904.0,0.02025906,0.0,1.72
603983.0,0.0243733,0.0,1.376
604061.0,0.02198596,0.0,2.064
604139.0,0.00400537,0.0,1.72
604217.0,0.00806877,0.0,2.064
604295.0,0.00791641,0.0,2.064
604373.0,0.01721151,0.0,2.064
604451.0,0.01675435,0.0,1.72
604529.0,0.01533217,0.0,2.064
604607.0,0.00563067,0.0,2.064
604685.0,0.0128433,0.0,2.064
604764.0,0.02122407,0.0,2.064
604842.0,0.02198596,0.0,2.064
604920.0,0.02564304,0.0,2.064
604998.0,-0.01001342,0.0,2.064
605076.0,0.00984659,0.0,2.064
605154.0,0.02533832,0.0,1.376
605232.0,0.03412549,0.0,1.72
605310.0,0.00547831,0.0,2.408
605388.0,-0.00168349,0.0,1.72
605467.0,0.01350359,0.0,2.064
605545.0,0.00583387,0.0,2.064
605623.0,0.02391621,0.0,2.064
605701.0,0.00192283,0.0,2.064
605779.0,0.03798576,0.0,2.064
605857.0,0.03468417,0.0,1.72
605935.0,0.00700209,0.0,2.064
606013.0,0.01025284,0.0,1.72
606092.0,0.01142105,0.0,1.72
606170.0,0.02884303,0.0,2.408
606248.0,0.02417003,0.0,2.408
606326.0,0.033262,0.0,2.408
606404.0,0.01187829,0.0,2.064
606482.0,0.00202451,0.0,2.064
606560.0,-0.00823575,0.0,2.408
606638.0,-0.00132792,0.0,2.064
606717.0,0.01335123,0.0,1.72
606795.0,0.00776405,0.0,2.408
606873.0,0.03204302,0.0,2.064
606951.0,0.01187829,0.0,2.408
607029.0,0.00395453,0.0,1.72
607107.0,0.03463334,0.0,2.064
607185.0,0.02366218,0.0,2.408
607263.0,0.02020822,0.0,2.064
607341.0,0.00375141,0.0,2.408
607420.0,0.02518595,0.0,1.72
607498.0,-0.00549293,0.0,1.376
607576.0,0.01924313,0.0,1.376
607654.0,0.01812576,0.0,1.032
607732.0,0.02010662,0.0,1.376
607810.0,-0.00666114,0.0,1.376
607888.0,0.02269716,0.0,2.064
607966.0,0.04265862,0.0,1.376
608044.0,0.01421472,0.0,1.72
608123.0,0.00111018,0.0,1.72
608201.0,0.02701453,0.0,1.72
608279.0,0.00949103,0.0,1.032
608357.0,0.00776405,0.0,1.376
608435.0,0.01624642,0.0,1.376
608513.0,0.03178899,0.0,1.032
608591.0,0.00436086,0.0,1.032
608669.0,0.03316047,0.0,1.72
608748.0,0.0221384,0.0,1.032
608826.0,0.02345898,0.0,2.064
608904.0,0.00806877,0.0,2.408
608982.0,0.02970644,0.0,2.752
609060.0,-0.0066103,0.0,2.752
609138.0,0.01401152,0.0,2.752
609216.0,-0.02027368,0.0,2.752
609294.0,0.00436086,0.0,2.752
609372.0,0.01741471,0.0,2.752
609450.0,0.01238622,0.0,2.408
609529.0,-0.00026131,0.0,2.408
609607.0,0.01157349,0.0,2.408
609685.0,0.01147189,0.0,2.408
609763.0,0.01563689,0.0,2.064
609841.0,0.03412549,0.0,2.064
609919.0,-0.0070167,0.0,2.064
609997.0,0.01731311,0.0,2.408
610075.0,0.02320501,0.0,2.408
610154.0,0.01345283,0.0,1.376
610232.0,0.00964331,0.0,1.376
610310.0,0.01873528,0.0,1.376
610388.0,0.00339584,0.0,1.376
610466.0,0.00791641,0.0,1.376
610544.0,-0.00615322,0.0,1.376
610622.0,0.01716067,0.0,1.72
610700.0,0.00563067,0.0,1.376
610779.0,0.0200051,0.0,1.72
610857.0,0.02543999,0.0,1.376
610935.0,0.03737617,0.0,1.72
611013.0,-0.00021047,0.0,1.72
611091.0,0.02076691,0.0,1.376
611169.0,0.00644347,0.0,1.72
611247.0,0.02904616,0.0,2.064
611325.0,0.0220368,0.0,1.376
611404.0,0.00999888,0.0,1.72
611482.0,0.02508435,0.0,2.064
611560.0,0.01644962,0.0,2.064
611638.0,0.02127491,0.0,2.408
611716.0,0.00938943,0.0,2.408
611794.0,0.0126401,0.0,2.064
611872.0,0.04083012,0.0,2.408
611950.0,0.00354828,0.0,2.064
612028.0,0.02792878,0.0,2.064
612106.0,0.00974499,0.0,2.064
612185.0,0.00126254,0.0,2.064
612263.0,0.01853208,0.0,1.72
612341.0,0.00568143,0.0,2.064
612419.0,0.02422094,0.0,2.064
612497.0,0.01335123,0.0,1.376
612575.0,0.03265247,0.0,2.064
612653.0,0.02198596,0.0,1.72
612731.0,0.01690671,0.0,2.064
612809.0,0.01578933,0.0,1.72
612887.0,0.03580163,0.0,1.72
612966.0,0.01431624,0.0,1.72
613044.0,0.01904001,0.0,2.408
613122.0,0.00456413,0.0,2.064
613200.0,0.02295105,0.0,2.064
613278.0,0.00903379,0.0,2.064
613356.0,0.01665274,0.0,2.064
613434.0,0.01223378,0.0,2.064
613513.0,0.01253858,0.0,2.064
613591.0,0.01416388,0.0,2.064
613669.0,0.01345283,0.0,2.064
613747.0,0.02863991,0.0,2.064
613825.0,0.02538908,0.0,2.064
613903.0,0.00720529,0.0,2.064
613981.0,0.02350974,0.0,2.064
614059.0,0.01909085,0.0,2.064
614137.0,0.03387152,0.0,2.064
614216.0,0.03412549,0.0,2.408
614294.0,0.00771321,0.0,2.408
614372.0,0.00923699,0.0,2.752
614450.0,0.02071615,0.0,2.752
614528.0,0.00349737,0.0,2.752
614606.0,0.00146574,0.0,2.752
614684.0,0.02772558,0.0,2.752
614762.0,0.00359897,0.0,2.408
614840.0,0.01197982,0.0,3.096
614918.0,0.00100858,0.0,2.408
614997.0,0.01197982,0.0,2.752
615075.0,0.00425926,0.0,2.064
615153.0,0.01248782,0.0,2.408
615231.0,0.01578933,0.0,2.752
615309.0,0.02076691,0.0,2.064
615387.0,0.01065924,0.0,2.064
615465.0,0.03768096,0.0,2.408
615544.0,-0.00127709,0.0,1.376
615622.0,0.00146574,0.0,1.72
615700.0,0.02538908,0.0,1.72
615778.0,0.01650038,0.0,1.72
615856.0,-0.00168349,0.0,1.72
615934.0,0.03514134,0.0,1.72
616012.0,0.00938943,0.0,1.72
616090.0,0.03651268,0.0,1.72
616168.0,0.01726227,0.0,1.376
616247.0,0.01868445,0.0,1.032
616325.0,0.0179734,0.0,1.72
616403.0,0.03976351,0.0,1.72
616481.0,-0.000312,0.0,1.72
616559.0,0.03417632,0.0,1.72
616637.0,0.01050688,0.0,1.032
616715.0,0.01197982,0.0,1.72
616793.0,-0.00335955,0.0,2.064
616871.0,0.03529362,0.0,2.064
616949.0,0.02670973,0.0,1.376
617028.0,0.02452566,0.0,2.064
617106.0,0.03290644,0.0,1.376
617184.0,0.02218916,0.0,1.72
617262.0,0.01954786,0.0,1.72
617340.0,0.00182131,0.0,1.376
617418.0,0.01563689,0.0,2.064
617496.0,0.03158578,0.0,2.064
617575.0,0.00618943,0.0,1.72
617653.0,0.01390999,0.0,1.376
617731.0,0.01172593,0.0,1.376
617809.0,0.01055756,0.0,1.72
617887.0,0.01340199,0.0,2.064
617965.0,0.02447483,0.0,2.064
618043.0,0.02015746,0.0,1.376
618121.0,0.01523057,0.0,1.376
618199.0,0.01568773,0.0,1.72
618278.0,0.00771321,0.0,1.376
618356.0,0.02737002,0.0,2.064
618434.0,-0.00280086,0.0,1.72
618512.0,-0.00239454,0.0,1.376
618590.0,0.01695755,0.0,1.72
618668.0,0.01843056,0.0,2.064
618746.0,0.01065924,0.0,1.376
618824.0,0.00872906,0.0,1.376
618902.0,-0.00711823,0.0,1.72
618980.0,0.02188436,0.0,1.376
619059.0,0.01949717,0.0,2.064
619137.0,0.01634802,0.0,1.72
619215.0,0.01035451,0.0,1.72
619293.0,0.01045604,0.0,1.72
619371.0,0.01172593,0.0,1.72
619449.0,-0.00132792,0.0,2.064
619527.0,0.01782096,0.0,2.064
619606.0,0.00278632,0.0,1.376
619684.0,0.01111633,0.0,1.72
619762.0,0.01147189,0.0,2.064
619840.0,0.00126254,0.0,1.376
619918.0,0.00517358,0.0,2.408
619996.0,0.02650653,0.0,2.064
620074.0,0.02559235,0.0,1.032
620152.0,0.02142727,0.0,1.376
620230.0,0.02086851,0.0,1.376
620309.0,0.02594777,0.0,1.376
620387.0,-0.01478802,0.0,2.064
620465.0,0.02757322,0.0,1.376
620543.0,0.02843671,0.0,2.064
620621.0,0.01416388,0.0,1.72
620699.0,0.02061462,0.0,1.376
620777.0,0.00822114,0.0,1.376
620855.0,0.0287922,0.0,2.064
620933.0,0.02178284,0.0,1.376
621012.0,0.01182745,0.0,1.376
621090.0,0.02528748,0.0,1.72
621168.0,0.02356058,0.0,2.064
621246.0,-0.0028517,0.0,1.72
621324.0,0.01548446,0.0,1.72
621402.0,0.02345898,0.0,1.376
621480.0,0.01731311,0.0,1.376
621558.0,0.02025906,0.0,1.376
621636.0,-0.0115372,0.0,1.72
621715.0,0.02107171,0.0,2.064
621793.0,0.01533217,0.0,1.72
621871.0,0.0199035,0.0,1.72
621949.0,0.0013133,0.0,1.72
622027.0,0.03600483,0.0,1.376
622105.0,0.01253858,0.0,2.064
622183.0,0.01888757,0.0,1.72
622261.0,0.01568773,0.0,2.064
622340.0,0.00395453,0.0,2.064
622418.0,0.02721765,0.0,1.72
622496.0,0.02584624,0.0,2.064
622574.0,0.01548446,0.0,2.064
622652.0,0.01299567,0.0,1.72
622730.0,0.01319887,0.0,2.064
622808.0,0.00903379,0.0,2.064
622886.0,0.0357001,0.0,1.72
622964.0,0.00481802,0.0,1.376
623042.0,0.02117339,0.0,1.72
623121.0,0.02417003,0.0,1.72
623199.0,0.00100858,0.0,2.064
623277.0,0.00964331,0.0,2.064
623355.0,0.01116716,0.0,2.064
623433.0,0.02127491,0.0,2.064
623511.0,0.02025906,0.0,2.064
623589.0,0.02742086,0.0,2.064
623667.0,-0.00965786,0.0,1.72
623746.0,0.01822728,0.0,2.064
623824.0,0.00639263,0.0,2.752
623902.0,0.03397305,0.0,2.064
623980.0,0.02168124,0.0,2.752
624058.0,-0.00183577,0.0,3.096
624136.0,0.00842434,0.0,2.752
624214.0,0.00354828,0.0,2.752
624292.0,0.02574472,0.0,2.752
624371.0,0.00222763,0.0,2.408
624449.0,0.00405613,0.0,2.752
624527.0,0.0108116,0.0,2.752
624605.0,0.04458887,0.0,2.408
624683.0,0.02122407,0.0,2.408
624761.0,0.00126254,0.0,2.408
624839.0,0.0205131,0.0,2.408
624917.0,0.01147189,0.0,2.408
624995.0,-0.00564529,0.0,2.064
625073.0,0.01035451,0.0,2.408
625152.0,0.0103036,0.0,2.064
625230.0,0.01187829,0.0,2.408
625308.0,-0.00010887,0.0,2.064
625386.0,0.01350359,0.0,2.408
625464.0,-0.01331501,0.0,2.064
625542.0,0.01843056,0.0,2.408
625620.0,0.00116102,0.0,2.408
625699.0,0.0091863,0.0,2.064
625777.0,0.0243733,0.0,2.064
625855.0,0.02381454,0.0,2.064
625933.0,0.01309727,0.0,2.064
626011.0,0.017567,0.0,2.408
626089.0,-0.01448322,0.0,2.408
626167.0,0.02122407,0.0,2.064
626245.0,0.02183367,0.0,2.064
626323.0,0.0203099,0.0,2.064
626402.0,-0.01148651,0.0,2.064
626480.0,0.02543999,0.0,2.064
626558.0,0.02422094,0.0,2.064
626636.0,0.02005586,0.0,2.408
626714.0,0.01065924,0.0,2.064
626792.0,0.01573849,0.0,2.752
626870.0,0.03229699,0.0,2.752
626948.0,0.02442399,0.0,2.752
627026.0,0.01111633,0.0,2.752
627104.0,0.03219539,0.0,2.752
627183.0,0.01817652,0.0,2.752
627261.0,0.00994811,0.0,2.408
627339.0,0.0503791,0.0,2.408
627417.0,0.01700831,0.0,2.408
627495.0,0.01416388,0.0,2.408
627573.0,0.02102095,0.0,2.408
627651.0,0.00222763,0.0,2.408
627730.0,0.01396068,0.0,2.408
627808.0,0.01462097,0.0,2.408
627886.0,0.00304028,0.0,2.064
627964.0,0.01594169,0.0,2.408
628042.0,0.01167509,0.0,2.408
628120.0,0.01665274,0.0,2.064
628198.0,0.00771321,0.0,2.408
628276.0,0.01523057,0.0,2.408
628354.0,0.00679888,0.0,2.064
628432.0,0.01848132,0.0,2.408
628511.0,0.00187207,0.0,2.064
628589.0,0.01909085,0.0,2.064
628667.0,0.02660813,0.0,2.064
628745.0,0.00212603,0.0,2.064
628823.0,0.03534454,0.0,2.064
628901.0,0.01548446,0.0,2.064
628979.0,0.02503359,0.0,2.064
629057.0,0.00827197,0.0,2.064
629135.0,0.00304028,0.0,2.064
629214.0,0.02752238,0.0,2.408
629292.0,0.02315425,0.0,2.064
629370.0,0.02960492,0.0,2.752
629448.0,0.01512897,0.0,2.752
629526.0,0.04596014,0.0,2.752
629604.0,0.01680511,0.0,2.752
629682.0,0.01675435,0.0,2.752
629760.0,0.02061462,0.0,2.408
629839.0,0.01670351,0.0,2.408
629917.0,0.01238622,0.0,2.408
629995.0,0.01985274,0.0,2.408
630073.0,0.01650038,0.0,2.752
630151.0,0.01228454,0.0,2.408
630229.0,0.04316662,0.0,2.408
630307.0,0.00588471,0.0,2.408
630385.0,0.03590323,0.0,2.408
630464.0,0.03773173,0.0,2.408
630542.0,0.01578933,0.0,2.408
630620.0,0.0131481,0.0,2.408
630698.0,0.02955416,0.0,2.408
630776.0,0.01360512,0.0,2.064
630854.0,0.02274785,0.0,2.064
630932.0,0.0128433,0.0,2.408
631010.0,0.01111633,0.0,2.064
631088.0,0.01827812,0.0,2.408
631167.0,0.00476733,0.0,2.064
631245.0,0.02538908,0.0,2.408
631323.0,0.00959255,0.0,2.408
631401.0,0.00898303,0.0,2.408
631479.0,0.018075,0.0,2.408
631557.0,0.02889387,0.0,2.408
631635.0,-0.00234385,0.0,2.064
631713.0,0.02538908,0.0,2.064
631791.0,0.02493207,0.0,2.064
631869.0,-0.00396915,0.0,2.752
631948.0,0.01843056,0.0,2.064
632026.0,0.01914161,0.0,2.064
632104.0,0.00913546,0.0,2.752
632182.0,0.01599246,0.0,2.752
632260.0,0.03661428,0.0,2.408
632338.0,0.02645584,0.0,2.752
632416.0,0.01959877,0.0,2.408
632495.0,0.01487501,0.0,1.72
632573.0,0.01832896,0.0,1.72
632651.0,0.02488123,0.0,2.408
632729.0,0.02005586,0.0,1.72
632807.0,0.03905238,0.0,2.064
632885.0,0.01253858,0.0,2.064
632963.0,-0.0006168,0.0,2.408
633041.0,0.00481802,0.0,2.064
633119.0,0.02772558,0.0,2.064
633198.0,-0.00015956,0.0,2.064
633276.0,0.02229076,0.0,2.064
633354.0,0.02036059,0.0,2.064
633432.0,0.02980812,0.0,2.064
633510.0,0.01822728,0.0,2.064
633588.0,0.01858285,0.0,1.72
633666.0,0.00867822,0.0,1.376
633744.0,0.03056993,0.0,1.72
633822.0,0.02091935,0.0,1.72
633900.0,0.01665274,0.0,1.72
633979.0,0.00690049,0.0,1.72
634057.0,0.018075,0.0,1.72
634135.0,0.03244927,0.0,2.064
634213.0,0.00161803,0.0,2.064
634291.0,0.00288792,0.0,2.064
634369.0,0.02391621,0.0,2.064
634447.0,0.01878605,0.0,2.064
634525.0,0.02076691,0.0,2.064
634604.0,0.01441792,0.0,2.064
634682.0,0.01203065,0.0,2.064
634760.0,0.00842434,0.0,2.064
634838.0,-0.02398152,0.0,2.064
634916.0,0.0178718,0.0,1.72
634994.0,0.01995434,0.0,2.064
635072.0,0.0062402,0.0,2.064
635150.0,0.0130465,0.0,2.064
635229.0,0.0199035,0.0,1.72
635307.0,0.00720529,0.0,1.72
635385.0,-0.00026131,0.0,2.064
635463.0,0.01182745,0.0,2.752
635541.0,0.01502744,0.0,2.064
635619.0,0.00334508,0.0,1.72
635697.0,0.00207519,0.0,2.064
635775.0,0.01741471,0.0,2.064
635853.0,0.0128433,0.0,2.064
635932.0,0.01152265,0.0,2.064
636010.0,0.01507821,0.0,2.408
636088.0,0.02909699,0.0,1.72
636166.0,0.01589093,0.0,1.72
636244.0,0.02625264,0.0,1.376
636322.0,0.03864605,0.0,2.064
636400.0,0.02452566,0.0,1.376
636478.0,0.04133805,0.0,1.376
636556.0,0.01533217,0.0,2.064
636634.0,0.01919237,0.0,2.064
636713.0,0.05053154,0.0,2.064
636791.0,0.00989728,0.0,1.72
636869.0,0.02102095,0.0,1.72
636947.0,0.01279254,0.0,1.72
637025.0,0.01416388,0.0,1.72
637103.0,0.01055756,0.0,2.408
637181.0,0.01670351,0.0,1.72
637260.0,0.02305273,0.0,2.408
637338.0,0.03102717,0.0,1.72
637416.0,0.04270946,0.0,2.064
637494.0,0.01604322,0.0,3.096
637572.0,0.01375755,0.0,3.096
637650.0,0.02417003,0.0,2.752
637728.0,0.02178284,0.0,2.064
637806.0,0.02229076,0.0,2.752
637884.0,0.02508435,0.0,2.064
637963.0,0.03209371,0.0,2.408
638041.0,0.00481802,0.0,2.064
638119.0,0.00730696,0.0,2.064
638197.0,0.01396068,0.0,2.408
638275.0,0.00405613,0.0,2.408
638353.0,0.01893841,0.0,2.064
638431.0,0.01959877,0.0,2.064
638509.0,0.02117339,0.0,2.408
638587.0,0.03316047,0.0,2.408
638665.0,0.01071008,0.0,2.064
638744.0,0.01898932,0.0,2.408
638822.0,0.02858907,0.0,2.064
638900.0,0.02625264,0.0,2.064
638978.0,0.01766867,0.0,2.408
639056.0,0.02635417,0.0,2.408
639134.0,0.01406236,0.0,2.408
639212.0,0.02493207,0.0,2.408
639291.0,0.03448105,0.0,2.064
639369.0,0.03173822,0.0,2.408
639447.0,0.02188436,0.0,2.064
639525.0,0.03818889,0.0,2.064
639603.0,0.02508435,0.0,2.752
639681.0,0.00949103,0.0,2.752
639759.0,0.02122407,0.0,2.064
639837.0,0.02838587,0.0,2.064
639915.0,0.01639878,0.0,1.032
639993.0,0.00522442,0.0,2.064
640072.0,0.02863991,0.0,2.408
640150.0,0.02747154,0.0,2.752
640228.0,0.00735765,0.0,2.064
640306.0,0.01467188,0.0,2.408
640384.0,0.03331276,0.0,2.752
640462.0,0.02960492,0.0,1.376
640540.0,0.02813191,0.0,2.408
640618.0,0.0061386,0.0,2.408
640696.0,0.0041069,0.0,1.72
640775.0,0.03189051,0.0,2.752
640853.0,0.0174654,0.0,2.408
640931.0,0.03199219,0.0,2.408
641009.0,0.01604322,0.0,2.064
641087.0,0.04108408,0.0,2.064
641165.0,0.01543377,0.0,2.064
641243.0,0.0243733,0.0,2.408
641321.0,0.01319887,0.0,2.408
641400.0,-0.00071832,0.0,2.752
641478.0,0.00827197,0.0,2.064
641556.0,0.02188436,0.0,2.064
641634.0,0.0130465,0.0,2.408
641712.0,-0.00381671,0.0,2.408
641790.0,0.02716682,0.0,2.064
641868.0,0.02620181,0.0,2.408
641946.0,0.02940172,0.0,2.064
642024.0,0.00405613,0.0,2.064
642103.0,0.02086851,0.0,2.064
642181.0,0.006545,0.0,1.376
642259.0,0.03849361,0.0,1.376
642337.0,0.04976965,0.0,2.064
642415.0,0.02157964,0.0,1.72
642493.0,-0.00107388,0.0,2.408
642571.0,0.02132567,0.0,1.72
642649.0,0.01782096,0.0,2.064
642727.0,0.03021445,0.0,1.72
642806.0,0.02411927,0.0,2.064
642884.0,0.00603707,0.0,2.064
642962.0,0.01944634,0.0,2.064
643040.0,0.01670351,0.0,2.064
643118.0,0.01076076,0.0,2.064
643196.0,0.00359897,0.0,2.064
643274.0,0.02178284,0.0,2.064
643352.0,0.02503359,0.0,2.752
643431.0,0.01177661,0.0,2.064
643509.0,0.03636039,0.0,2.064
643587.0,0.02706529,0.0,1.376
643665.0,0.00237992,0.0,2.064
643743.0,0.03493821,0.0,2.064
643821.0,0.02584624,0.0,2.064
643899.0,0.01898932,0.0,1.72
643977.0,0.02178284,0.0,2.064
644056.0,0.02467803,0.0,2.408
644134.0,0.00730696,0.0,2.064
644212.0,0.03021445,0.0,1.376
644290.0,0.0108116,0.0,2.064
644368.0,0.03041765,0.0,2.064
644446.0,0.02041142,0.0,1.72
644524.0,0.02305273,0.0,2.064
644602.0,0.01213218,0.0,2.064
644680.0,0.0085767,0.0,1.72
644759.0,0.01538293,0.0,2.064
644837.0,0.0287922,0.0,1.72
644915.0,0.006545,0.0,2.064
644993.0,0.02056379,0.0,2.064
645071.0,0.00786565,0.0,2.064
645149.0,0.01517973,0.0,2.064
645227.0,0.00304028,0.0,2.064
645305.0,0.02071615,0.0,2.064
645383.0,0.00532595,0.0,2.064
645461.0,0.01416388,0.0,2.064
645540.0,0.01944634,0.0,2.064
645618.0,0.00349737,0.0,2.064
645696.0,0.01182745,0.0,1.72
645774.0,0.00029745,0.0,2.064
645852.0,0.01660198,0.0,1.72
645930.0,0.01233538,0.0,2.064
646008.0,0.0087799,0.0,2.064
646086.0,0.03798576,0.0,2.064
646165.0,0.02061462,0.0,2.064
646243.0,0.02975736,0.0,2.408
646321.0,0.02442399,0.0,1.72
646399.0,0.02813191,0.0,2.064
646477.0,0.02503359,0.0,2.064
646555.0,0.01192905,0.0,2.064
646633.0,0.02762406,0.0,2.064
646711.0,0.00542762,0.0,2.064
646790.0,0.03610643,0.0,2.064
646868.0,0.02259549,0.0,2.064
646946.0,0.02853831,0.0,2.064
647024.0,0.01883689,0.0,2.064
647102.0,0.01492569,0.0,2.064
647180.0,0.00776405,0.0,2.064
647258.0,0.01345283,0.0,2.064
647336.0,0.0126401,0.0,1.72
647414.0,0.01121785,0.0,2.064
647492.0,0.03016368,0.0,2.064
647571.0,0.01208134,0.0,2.064
647649.0,-0.00137861,0.0,2.064
647727.0,0.0132497,0.0,1.72
647805.0,0.0128433,0.0,2.064
647883.0,0.01817652,0.0,2.064
647961.0,0.01446868,0.0,2.064
648039.0,0.01477348,0.0,1.72
648117.0,0.00537671,0.0,2.064
648195.0,-0.00371511,0.0,2.064
648274.0,0.00801794,0.0,2.408
648352.0,0.00964331,0.0,2.408
648430.0,0.02574472,0.0,2.064
648508.0,0.00603707,0.0,2.064
648586.0,0.01670351,0.0,2.064
648664.0,0.01416388,0.0,2.064
648742.0,0.01365595,0.0,1.376
648821.0,0.02701453,0.0,2.408
648899.0,0.01731311,0.0,1.72
648977.0,0.0259986,0.0,2.064
649055.0,0.00415773,0.0,1.72
649133.0,0.00938943,0.0,2.064
649211.0,0.00903379,0.0,2.064
649289.0,0.00283708,0.0,2.064
649367.0,0.01010048,0.0,2.064
649445.0,0.02985896,0.0,1.72
649524.0,0.00898303,0.0,1.72
649602.0,0.04077936,0.0,1.376
649680.0,0.032754,0.0,2.064
649758.0,0.02691293,0.0,1.72
649836.0,0.0197003,0.0,1.032
649914.0,0.01187829,0.0,2.064
649992.0,0.02924936,0.0,1.376
650070.0,0.01223378,0.0,1.376
650148.0,0.01162425,0.0,1.376
650226.0,0.02091935,0.0,1.72
650305.0,0.00380217,0.0,1.376
650383.0,0.02706529,0.0,2.064
650461.0,0.00806877,0.0,1.72
650539.0,0.01345283,0.0,1.376
650617.0,0.00725612,0.0,1.72
650695.0,0.00725612,0.0,1.72
650773.0,0.00867822,0.0,1.72
650851.0,0.00852594,0.0,2.064
650930.0,0.00603707,0.0,2.064
651008.0,0.0173638,0.0,1.72
651086.0,0.02838587,0.0,2.064
651164.0,-0.00630558,0.0,2.064
651242.0,0.0012117,0.0,2.064
651320.0,0.01289414,0.0,2.064
651398.0,0.02731926,0.0,2.064
651476.0,0.00832266,0.0,2.064
651555.0,0.01375755,0.0,2.064
651633.0,0.03376992,0.0,2.752
651711.0,0.01010048,0.0,2.064
651789.0,0.02417003,0.0,2.064
651867.0,0.03859522,0.0,2.064
651945.0,-0.00330886,0.0,3.096
652023.0,0.01650038,0.0,3.096
652101.0,0.02071615,0.0,2.752
652179.0,0.01370679,0.0,2.408
652258.0,0.01147189,0.0,2.408
652336.0,0.01380839,0.0,2.408
652414.0,0.006545,0.0,2.064
652492.0,0.03366832,0.0,3.096
652570.0,0.02818267,0.0,2.064
652648.0,0.00344661,0.0,2.408
652726.0,0.01451944,0.0,2.408
652804.0,-0.00264857,0.0,2.408
652882.0,0.01289414,0.0,2.408
652961.0,0.0221384,0.0,2.408
653039.0,0.01655122,0.0,2.408
653117.0,0.02665889,0.0,1.376
653195.0,0.02259549,0.0,1.72
653273.0,0.02422094,0.0,1.72
653351.0,0.0173638,0.0,1.72
653429.0,0.01477348,0.0,3.096
653507.0,0.01076076,0.0,3.096
653586.0,-7.27e-06,0.0,2.408
653664.0,0.02559235,0.0,2.064
653742.0,0.00568143,0.0,2.064
653820.0,0.01710998,0.0,2.408
653898.0,0.02066539,0.0,1.72
653976.0,0.01426541,0.0,2.064
654054.0,0.02523679,0.0,2.064
654132.0,0.02432247,0.0,1.72
654210.0,0.04403011,0.0,2.064
654289.0,0.01482417,0.0,2.064
654367.0,0.01360512,0.0,2.064
654445.0,0.00304028,0.0,1.72
654523.0,0.01172593,0.0,2.064
654601.0,0.02117339,0.0,1.72
654679.0,0.02071615,0.0,1.72
654757.0,0.00552915,0.0,2.064
654835.0,0.01086229,0.0,2.064
654913.0,0.02366218,0.0,1.72
654991.0,0.00776405,0.0,2.064
655070.0,0.02076691,0.0,1.72
655148.0,0.01858285,0.0,2.064
655226.0,0.02645584,0.0,2.064
655304.0,0.01436716,0.0,2.752
655382.0,0.01909085,0.0,2.064
655460.0,0.02239244,0.0,1.72
655538.0,0.01319887,0.0,2.064
655617.0,0.02107171,0.0,2.064
655695.0,0.02904616,0.0,1.72
655773.0,0.01142105,0.0,2.064
655851.0,0.00573235,0.0,2.064
655929.0,0.01777027,0.0,1.72
656007.0,0.02477955,0.0,2.064
656085.0,-0.01255312,0.0,2.064
656163.0,0.00664667,0.0,1.376
656241.0,0.01721151,0.0,1.72
656320.0,0.00182131,0.0,1.376
656398.0,0.01888757,0.0,2.064
656476.0,0.03001117,0.0,1.376
656554.0,0.03437945,0.0,1.376
656632.0,0.00217679,0.0,2.408
656710.0,0.00832266,0.0,1.72
656788.0,0.04149048,0.0,2.064
656866.0,0.01558613,0.0,2.064
656944.0,0.01822728,0.0,2.064
657022.0,0.02996048,0.0,2.408
657101.0,0.0128433,0.0,2.064
657179.0,0.02589708,0.0,2.408
657257.0,0.02919859,0.0,2.064
657335.0,0.03986503,0.0,2.064
657413.0,0.02411927,0.0,1.72
657491.0,-0.00407068,0.0,2.064
657569.0,0.01975114,0.0,2.064
657647.0,0.01751623,0.0,1.72
657726.0,0.01751623,0.0,2.408
657804.0,0.01705907,0.0,2.064
657882.0,0.01731311,0.0,2.408
657960.0,0.03610643,0.0,2.064
658038.0,-0.00290246,0.0,2.064
658116.0,0.00898303,0.0,2.064
658194.0,0.00745925,0.0,2.752
658272.0,-0.0004136,0.0,2.752
658351.0,0.01096396,0.0,2.752
658429.0,0.02696369,0.0,2.752
658507.0,0.00761169,0.0,2.752
658585.0,0.00954171,0.0,2.752
658663.0,0.02447483,0.0,2.408
658741.0,0.01421472,0.0,2.408
658819.0,-0.000312,0.0,2.408
658897.0,0.03295727,0.0,2.408
658975.0,0.0069514,0.0,1.032
659053.0,0.02604937,0.0,1.72
659132.0,0.0309255,0.0,1.72
659210.0,0.00502115,0.0,1.376
659288.0,0.00740849,0.0,1.376
659366.0,0.01898932,0.0,1.72
659444.0,0.0333636,0.0,1.72
659522.0,0.02290029,0.0,1.72
659600.0,0.01934474,0.0,1.72
659678.0,0.01192905,0.0,1.72
659757.0,0.01228454,0.0,1.72
659835.0,0.02762406,0.0,1.72
659913.0,0.00659576,0.0,1.72
659991.0,0.01538293,0.0,1.72
660069.0,0.01086229,0.0,1.72
660147.0,0.0174654,0.0,1.72
660225.0,0.00964331,0.0,1.72
660303.0,-0.00513736,0.0,1.72
660382.0,0.04210001,0.0,2.064
660460.0,-0.00478173,0.0,2.064
660538.0,0.02670973,0.0,1.376
660616.0,0.02300189,0.0,1.72
660694.0,0.01964961,0.0,1.72
660772.0,0.01431624,0.0,2.752
660850.0,0.01853208,0.0,1.376
660928.0,-0.00026131,0.0,2.752
661006.0,0.03575086,0.0,2.064
661085.0,0.02935088,0.0,1.72
661163.0,0.01457028,0.0,2.408
661241.0,0.01700831,0.0,2.064
661319.0,0.00253236,0.0,1.72
661397.0,0.01482417,0.0,2.408
661475.0,0.02472879,0.0,2.064
661553.0,0.01888757,0.0,2.064
661631.0,0.00827197,0.0,2.064
661709.0,0.0041069,0.0,1.72
661787.0,0.01106556,0.0,1.376
661866.0,0.02670973,0.0,1.376
661944.0,0.01360512,0.0,1.376
662022.0,0.02488123,0.0,1.376
662100.0,0.02102095,0.0,1.376
662178.0,0.01599246,0.0,1.72
662256.0,0.02904616,0.0,1.72
662334.0,0.01015131,0.0,1.376
662413.0,0.0130465,0.0,1.72
662491.0,0.0126401,0.0,2.408
662569.0,0.00192283,0.0,1.376
662647.0,0.01172593,0.0,1.72
662725.0,0.02528748,0.0,1.72
662803.0,0.01675435,0.0,1.72
662881.0,0.01375755,0.0,1.72
662959.0,0.0103036,0.0,1.376
663037.0,0.01370679,0.0,1.72
663115.0,-0.01148651,0.0,2.064
663194.0,-0.00300414,0.0,2.064
663272.0,0.00964331,0.0,2.064
663350.0,0.02340814,0.0,2.064
663428.0,0.00415773,0.0,2.408
663506.0,0.0219352,0.0,2.752
663584.0,0.01010048,0.0,2.064
663662.0,0.02803031,0.0,2.408
663740.0,0.0090847,0.0,2.064
663819.0,0.02127491,0.0,2.408
663897.0,0.01451944,0.0,2.752
663975.0,0.02198596,0.0,2.064
664053.0,0.00913546,0.0,1.72
664131.0,0.010202,0.0,1.72
664209.0,0.01375755,0.0,2.752
664287.0,0.01335123,0.0,2.408
664365.0,0.01380839,0.0,1.72
664444.0,0.02742086,0.0,1.72
664522.0,-0.00564529,0.0,0.688
664600.0,0.00883074,0.0,1.376
664678.0,0.01492569,0.0,1.376
664756.0,0.02955416,0.0,1.032
664834.0,0.01111633,0.0,1.72
664912.0,0.02208756,0.0,1.72
664990.0,0.00791641,0.0,1.72
665068.0,0.02681126,0.0,1.72
665146.0,0.01523057,0.0,1.72
665225.0,-0.00214057,0.0,2.064
665303.0,0.01680511,0.0,2.064
665381.0,0.00400537,0.0,2.064
665459.0,-0.02372748,0.0,1.72
665537.0,0.02284945,0.0,2.408
665615.0,0.02015746,0.0,2.064
665693.0,0.01340199,0.0,1.72
665772.0,0.0373254,0.0,2.064
665849.0,0.00872906,0.0,2.064
665928.0,0.03874765,0.0,2.408
666006.0,-0.00422319,0.0,2.064
666084.0,0.01111633,0.0,1.72
666162.0,0.02295105,0.0,2.064
666240.0,0.02660813,0.0,2.064
666318.0,0.02163048,0.0,2.064
666396.0,0.02107171,0.0,2.064
666475.0,0.0126401,0.0,1.72
666553.0,0.02071615,0.0,2.408
666631.0,0.01909085,0.0,2.064
666709.0,0.02315425,0.0,2.064
666787.0,0.01843056,0.0,1.72
666865.0,0.00669736,0.0,2.064
666943.0,0.01208134,0.0,2.408
667021.0,0.00070385,0.0,2.064
667099.0,0.01909085,0.0,1.72
667177.0,0.00781481,0.0,1.72
667256.0,0.01111633,0.0,1.72
667334.0,0.04189673,0.0,1.72
667412.0,0.02721765,0.0,2.064
667490.0,0.02081782,0.0,1.72
667568.0,0.00024669,0.0,1.72
667646.0,0.02848739,0.0,2.064
667724.0,0.01695755,0.0,2.064
667802.0,0.01837972,0.0,1.72
667880.0,0.02853831,0.0,2.064
667959.0,0.00720529,0.0,2.064
668037.0,0.00928783,0.0,2.064
668115.0,0.03316047,0.0,1.72
668193.0,0.03102717,0.0,2.064
668271.0,-0.00280086,0.0,1.72
668349.0,0.0197003,0.0,2.064
668427.0,0.02371302,0.0,2.064
668505.0,0.00207519,0.0,2.064
668584.0,0.01893841,0.0,1.72
668662.0,0.01233538,0.0,2.064
668740.0,0.01771936,0.0,2.064
668818.0,0.0313319,0.0,2.064
668896.0,0.00679888,0.0,2.064
668974.0,0.00151651,0.0,2.064
669052.0,0.01269094,0.0,2.064
669130.0,0.01416388,0.0,2.064
669208.0,-0.01031814,0.0,1.72
669287.0,0.00944019,0.0,2.064
669365.0,0.02330661,0.0,2.064
669443.0,-0.0006168,0.0,1.72
669521.0,-0.01595624,0.0,2.064
669599.0,0.02046219,0.0,2.064
669677.0,0.01716067,0.0,2.064
669755.0,0.01568773,0.0,1.72
669833.0,0.02335745,0.0,2.064
669912.0,0.01126876,0.0,1.376
669990.0,-0.00483264,0.0,2.064
670068.0,0.00060225,0.0,2.064
670146.0,0.01589093,0.0,1.72
670224.0,0.04255702,0.0,1.72
670302.0,0.00888142,0.0,2.064
670380.0,0.02081782,0.0,1.72
670458.0,-0.02174654,0.0,1.72
670536.0,0.00573235,0.0,2.064
670615.0,0.02442399,0.0,1.72
670693.0,0.0392555,0.0,1.72
670771.0,0.00649416,0.0,2.064
670849.0,0.00497038,0.0,2.064
670927.0,0.02483039,0.0,2.064
671005.0,0.01548446,0.0,1.72
671083.0,0.03717304,0.0,2.064
671161.0,0.03564926,0.0,2.064
671239.0,0.01675435,0.0,2.408
671318.0,0.01751623,0.0,2.064
671396.0,0.00583387,0.0,1.72
671474.0,0.01888757,0.0,2.064
671552.0,0.02757322,0.0,2.064
671630.0,0.0132497,0.0,2.064
671708.0,0.01365595,0.0,2.064
671786.0,0.00273548,0.0,1.72
671864.0,0.01964961,0.0,2.064
671942.0,0.00969408,0.0,2.064
672021.0,0.00527511,0.0,2.064
672099.0,0.03041765,0.0,2.064
672177.0,-0.00478173,0.0,2.064
672255.0,0.00959255,0.0,2.064
672333.0,-0.0005152,0.0,2.064
672411.0,0.02589708,0.0,2.064
672489.0,0.02417003,0.0,2.064
672567.0,0.02147811,0.0,1.72
672646.0,0.01482417,0.0,1.376
672724.0,0.03382076,0.0,1.72
672802.0,0.01716067,0.0,2.064
672880.0,0.01771936,0.0,2.064
672958.0,0.01614475,0.0,2.064
673036.0,0.01197982,0.0,2.064
673114.0,0.03214455,0.0,2.064
673192.0,-0.00081992,0.0,2.064
673270.0,0.00390385,0.0,2.064
673349.0,0.01157349,0.0,1.72
673427.0,0.03448105,0.0,2.064
673505.0,0.03067153,0.0,2.752
673583.0,0.01279254,0.0,2.064
673661.0,0.0333636,0.0,2.064
673739.0,0.02980812,0.0,2.408
673817.0,0.00603707,0.0,2.064
673895.0,0.04138881,0.0,2.064
673974.0,0.00842434,0.0,1.72
674052.0,0.02417003,0.0,1.72
674130.0,0.00979575,0.0,2.408
674208.0,0.00969408,0.0,2.408
674286.0,0.02833518,0.0,2.064
674364.0,0.02142727,0.0,2.408
674442.0,0.01578933,0.0,2.064
674520.0,0.01594169,0.0,2.064
674598.0,0.01904001,0.0,2.064
674677.0,0.02371302,0.0,2.064
674755.0,0.0067482,0.0,2.064
674833.0,0.00984659,0.0,1.72
674911.0,0.01792256,0.0,2.064
674989.0,0.03366832,0.0,1.376
675067.0,0.02869059,0.0,2.064
675145.0,0.01898932,0.0,1.72
675223.0,0.02767482,0.0,2.064
675301.0,0.01492569,0.0,2.064
675380.0,0.02081782,0.0,1.72
675458.0,0.02615097,0.0,2.064
675536.0,0.04900777,0.0,2.408
675614.0,0.02071615,0.0,2.408
675692.0,0.01680511,0.0,2.752
675770.0,0.02797962,0.0,2.752
675848.0,0.01142105,0.0,2.408
675926.0,0.03138266,0.0,2.752
676004.0,0.0108116,0.0,2.408
676083.0,0.03001117,0.0,2.408
676161.0,0.00268479,0.0,2.408
676239.0,0.010202,0.0,2.408
676317.0,0.01299567,0.0,2.408
676395.0,0.01853208,0.0,2.064
676473.0,0.01462097,0.0,2.064
676551.0,0.01035451,0.0,2.408
676629.0,0.01065924,0.0,2.408
676708.0,0.0469253,0.0,2.408
676786.0,0.01670351,0.0,2.064
676864.0,0.01137037,0.0,2.408
676942.0,0.00476733,0.0,2.408
677020.0,0.01639878,0.0,2.064
677098.0,0.01482417,0.0,2.408
677176.0,0.01568773,0.0,2.064
677254.0,0.02782711,0.0,2.064
677332.0,-0.0004136,0.0,2.064
677411.0,0.00598623,0.0,2.064
677489.0,0.02508435,0.0,2.064
677567.0,0.0259986,0.0,2.064
677645.0,0.02884303,0.0,2.064
677723.0,0.02858907,0.0,2.064
677801.0,0.00979575,0.0,2.064
677879.0,0.01919237,0.0,1.72
677957.0,-0.01941019,0.0,2.064
678035.0,0.03077313,0.0,2.064
678114.0,0.00954171,0.0,2.064
678192.0,0.00476733,0.0,2.752
678270.0,0.00644347,0.0,2.752
678348.0,0.02417003,0.0,2.752
678426.0,0.0067482,0.0,2.408
678504.0,0.00090698,0.0,2.408
678582.0,0.01934474,0.0,2.408
678660.0,0.02528748,0.0,2.408
678739.0,0.01680511,0.0,2.408
678817.0,0.03691915,0.0,2.064
678895.0,0.01782096,0.0,2.064
678973.0,0.0219352,0.0,2.064
679051.0,0.00380217,0.0,2.408
679129.0,0.01375755,0.0,2.064
679207.0,0.01904001,0.0,2.064
679285.0,0.03051925,0.0,2.064
679363.0,0.01213218,0.0,2.064
679442.0,0.00898303,0.0,2.064
679520.0,0.02391621,0.0,2.064
679598.0,0.018075,0.0,1.72
679676.0,0.01350359,0.0,2.064
679754.0,0.00095774,0.0,2.408
679832.0,0.02005586,0.0,1.72
679910.0,0.00954171,0.0,2.064
679988.0,0.0045133,0.0,2.064
680066.0,0.01116716,0.0,1.72
680145.0,0.0311287,0.0,2.064
680223.0,0.00644347,0.0,1.72
680301.0,0.00781481,0.0,2.064
680379.0,0.0103036,0.0,1.376
680457.0,0.006545,0.0,2.064
680535.0,0.017567,0.0,2.064
680613.0,0.03605559,0.0,2.064
680691.0,0.00923699,0.0,2.064
680770.0,0.02071615,0.0,2.064
680848.0,0.0126401,0.0,2.752
680926.0,0.0069514,0.0,2.752
681004.0,0.01705907,0.0,3.44
681082.0,0.01335123,0.0,2.408
681160.0,0.02747154,0.0,2.752
681238.0,0.01086229,0.0,2.752
681316.0,0.02726842,0.0,3.44
681395.0,0.00507206,0.0,2.408
681473.0,0.00486886,0.0,2.408
681551.0,0.04164284,0.0,3.096
681629.0,0.02218916,0.0,2.408
681707.0,-0.00930229,0.0,2.408
681785.0,0.01893841,0.0,2.752
681863.0,0.02168124,0.0,2.064
681941.0,0.00923699,0.0,2.064
682019.0,0.02335745,0.0,2.064
682097.0,0.0061386,0.0,2.064
682176.0,0.01888757,0.0,2.064
682254.0,0.01848132,0.0,2.408
682332.0,0.00486886,0.0,2.064
682410.0,0.0316367,0.0,2.064
682488.0,0.01472264,0.0,2.408
682566.0,0.01330039,0.0,2.064
682644.0,0.00715445,0.0,2.064
682722.0,4.349e-05,0.0,2.064
682801.0,0.02061462,0.0,2.064
682879.0,0.00817037,0.0,2.408
682957.0,0.01802408,0.0,2.064
683035.0,0.0131481,0.0,2.408
683113.0,0.01457028,0.0,2.064
683191.0,0.01721151,0.0,2.064
683269.0,0.01228454,0.0,2.064
683347.0,0.02803031,0.0,2.064
683425.0,0.0220368,0.0,2.064
683504.0,0.02498275,0.0,2.752
683582.0,0.01568773,0.0,2.752
683660.0,0.01213218,0.0,2.752
683738.0,0.02102095,0.0,2.752
683816.0,0.01197982,0.0,2.408
683894.0,0.00436086,0.0,2.408
683972.0,0.03305887,0.0,2.408
684050.0,0.0043101,0.0,2.408
684128.0,0.02813191,0.0,2.064
684207.0,-0.00280086,0.0,2.752
684285.0,0.01802408,0.0,2.408
684363.0,0.01086229,0.0,2.408
684441.0,0.01467188,0.0,1.72
684519.0,0.01360512,0.0,2.408
684597.0,0.02579555,0.0,2.408
684675.0,0.00710376,0.0,2.408
684753.0,0.01761783,0.0,2.408
684831.0,0.02990965,0.0,2.408
684910.0,0.02889387,0.0,2.408
684988.0,0.02630333,0.0,2.064
685066.0,-0.00102312,0.0,2.064
685144.0,0.0315351,0.0,2.064
685222.0,0.01558613,0.0,2.064
685300.0,0.01985274,0.0,2.064
685378.0,0.0219352,0.0,2.064
685456.0,0.02752238,0.0,2.064
685535.0,0.03407465,0.0,2.064
685613.0,0.04174437,0.0,2.064
685691.0,0.01548446,0.0,2.064
685769.0,0.02818267,0.0,2.064
685847.0,0.02046219,0.0,2.064
685925.0,0.02041142,0.0,2.064
686003.0,0.0239669,0.0,2.064
686081.0,0.02025906,0.0,2.064
686160.0,0.00598623,0.0,2.064
686238.0,0.02665889,0.0,2.064
686316.0,0.03062077,0.0,2.064
686394.0,0.01421472,0.0,2.064
686472.0,0.00522442,0.0,2.064
686550.0,0.01396068,0.0,2.064
686628.0,0.00705292,0.0,2.064
686706.0,0.01751623,0.0,2.064
686784.0,0.01091313,0.0,2.064
686862.0,0.0200051,0.0,2.064
686941.0,0.00029745,0.0,1.72
687019.0,0.02909699,0.0,2.064
687097.0,0.01375755,0.0,2.064
687175.0,0.03107793,0.0,2.064
687253.0,0.00273548,0.0,2.408
687331.0,0.0200051,0.0,2.064
687409.0,0.00563067,0.0,2.064
687487.0,0.01563689,0.0,2.064
687566.0,0.01203065,0.0,2.064
687644.0,0.02869059,0.0,2.064
687722.0,0.03859522,0.0,2.064
687800.0,0.02660813,0.0,2.064
687878.0,0.0198019,0.0,2.064
687956.0,0.03671588,0.0,2.064
688034.0,0.02843671,0.0,2.064
688112.0,0.0044117,0.0,2.064
688190.0,4.349e-05,0.0,2.064
688269.0,0.01482417,0.0,2.064
688347.0,0.02498275,0.0,2.064
688425.0,0.00552915,0.0,2.064
688503.0,0.01726227,0.0,2.064
688581.0,0.02899547,0.0,2.064
688659.0,0.01396068,0.0,2.064
688737.0,0.01406236,0.0,2.064
688815.0,-0.00396915,0.0,2.064
688893.0,0.02097019,0.0,2.064
688972.0,0.01477348,0.0,2.064
689050.0,-0.00142952,0.0,2.064
689128.0,0.01548446,0.0,2.064
689206.0,0.00344661,0.0,2.064
689284.0,0.01213218,0.0,2.064
689362.0,0.02041142,0.0,2.064
689440.0,0.01695755,0.0,2.064
689518.0,0.01045604,0.0,2.408
689597.0,-0.00523889,0.0,2.064
689675.0,0.02335745,0.0,2.064
689753.0,0.01015131,0.0,1.72
689831.0,0.01644962,0.0,2.064
689909.0,0.01832896,0.0,2.064
689987.0,0.02229076,0.0,2.064
690065.0,0.02356058,0.0,2.064
690143.0,0.02061462,0.0,1.72
690221.0,0.03255087,0.0,2.064
690300.0,0.0179734,0.0,2.064
690378.0,0.02122407,0.0,2.064
690456.0,0.00944019,0.0,2.408
690534.0,0.0108116,0.0,2.064
690612.0,0.02315425,0.0,2.408
690690.0,0.0353953,0.0,2.408
690768.0,0.0179734,0.0,2.064
690846.0,0.01766867,0.0,2.064
690924.0,0.00380217,0.0,2.064
691003.0,0.00370057,0.0,2.064
691081.0,0.01573849,0.0,2.064
691159.0,0.03117953,0.0,1.376
691237.0,0.02132567,0.0,2.064
691315.0,0.01690671,0.0,1.72
691393.0,0.02742086,0.0,1.376
691471.0,0.01350359,0.0,1.72
691549.0,0.02904616,0.0,1.72
691627.0,0.0333636,0.0,1.72
691706.0,0.00385301,0.0,2.064
691784.0,0.01771936,0.0,2.064
691862.0,0.01604322,0.0,2.064
691940.0,0.00888142,0.0,1.72
692018.0,0.02320501,0.0,2.064
692096.0,0.01675435,0.0,2.064
692174.0,0.02701453,0.0,2.064
692252.0,0.02132567,0.0,2.064
692331.0,0.06551542,0.0,2.064
692409.0,0.00161803,0.0,1.72
692487.0,0.0131481,0.0,2.064
692565.0,-0.00427388,0.0,2.064
692643.0,0.01345283,0.0,2.064
692721.0,0.01253858,0.0,2.064
692799.0,0.01086229,0.0,2.064
692877.0,0.02163048,0.0,1.72
692955.0,0.01777027,0.0,2.064
693034.0,0.01258934,0.0,2.064
693112.0,0.00542762,0.0,2.064
693190.0,0.00872906,0.0,2.064
693268.0,0.04331891,0.0,2.064
693346.0,0.00014517,0.0,2.408
693424.0,0.02056379,0.0,2.064
693502.0,0.02300189,0.0,1.72
693580.0,0.03839201,0.0,2.064
693658.0,0.02762406,0.0,2.064
693737.0,-0.00315642,0.0,2.064
693815.0,-0.00686434,0.0,2.064
693893.0,-0.00066756,0.0,2.064
693971.0,0.03641115,0.0,2.064
694049.0,0.02808114,0.0,2.064
694127.0,0.01944634,0.0,2.064
694205.0,0.04077936,0.0,2.064
694283.0,0.00994811,0.0,2.064
694362.0,0.02142727,0.0,2.064
694440.0,0.01578933,0.0,2.752
694518.0,0.0239669,0.0,2.752
694596.0,0.01705907,0.0,3.096
694674.0,0.01558613,0.0,2.752
694752.0,0.02157964,0.0,2.752
694830.0,-0.01163887,0.0,2.752
694908.0,0.02975736,0.0,2.408
694986.0,0.02290029,0.0,2.408
695065.0,0.02229076,0.0,2.064
695143.0,0.00263396,0.0,1.72
695221.0,0.00842434,0.0,1.72
695299.0,0.01919237,0.0,2.064
695377.0,0.04529985,0.0,2.064
695455.0,0.01238622,0.0,2.064
695533.0,0.03473501,0.0,2.064
695611.0,0.00705292,0.0,2.064
695689.0,0.01451944,0.0,2.064
695768.0,0.00385301,0.0,2.064
695846.0,0.00994811,0.0,2.064
695924.0,0.02350974,0.0,2.064
696002.0,0.02274785,0.0,1.72
696080.0,0.05561087,0.0,2.064
696158.0,0.02655737,0.0,2.064
696236.0,0.02269716,0.0,1.72
696314.0,0.01883689,0.0,1.72
696392.0,0.01584002,0.0,2.064
696471.0,0.01721151,0.0,2.064
696549.0,0.01827812,0.0,2.064
696627.0,0.02305273,0.0,1.72
696705.0,0.04326815,0.0,2.064
696783.0,0.02909699,0.0,1.72
696861.0,0.0393571,0.0,1.72
696939.0,0.02259549,0.0,1.72
697018.0,0.02803031,0.0,1.72
697096.0,0.01914161,0.0,1.376
697174.0,0.01924313,0.0,1.72
697252.0,0.01142105,0.0,1.376
697330.0,-0.00793103,0.0,1.72
697408.0,0.03183982,0.0,2.064
697486.0,0.01345283,0.0,1.72
697564.0,0.02350974,0.0,1.72
697642.0,0.00598623,0.0,1.376
697720.0,0.03265247,0.0,2.408
697799.0,0.00090698,0.0,2.064
697877.0,0.00842434,0.0,2.064
697955.0,0.01741471,0.0,2.064
698033.0,0.01396068,0.0,2.064
698111.0,0.01091313,0.0,2.064
698189.0,-0.0005152,0.0,1.72
698267.0,0.01705907,0.0,2.408
698345.0,0.02071615,0.0,1.376
698423.0,0.02579555,0.0,1.72
698502.0,0.01817652,0.0,2.064
698580.0,0.01812576,0.0,1.72
698658.0,-0.02083237,0.0,2.408
698736.0,0.00969408,0.0,1.72
698814.0,0.0130465,0.0,2.408
698892.0,0.01944634,0.0,1.72
698970.0,0.01177661,0.0,2.408
699048.0,0.00263396,0.0,1.376
699127.0,0.01004971,0.0,2.408
699205.0,0.04834748,0.0,1.376
699283.0,0.00563067,0.0,2.064
699361.0,0.02955416,0.0,2.064
699439.0,0.03945878,0.0,2.064
699517.0,0.02650653,0.0,2.064
699595.0,0.01670351,0.0,2.064
699673.0,0.04215077,0.0,2.064
699751.0,0.01858285,0.0,2.064
699830.0,0.06455041,0.0,2.064
699908.0,0.01599246,0.0,1.72
699986.0,0.01436716,0.0,2.064
700064.0,0.01959877,0.0,1.376
700142.0,0.01578933,0.0,2.752
700220.0,0.02381454,0.0,1.72
700298.0,0.02731926,0.0,2.408
700376.0,0.0110148,0.0,2.064
700454.0,0.01609406,0.0,2.064
700533.0,0.01197982,0.0,2.408
700611.0,0.02452566,0.0,2.064
700689.0,0.01411312,0.0,2.064
700767.0,0.0333636,0.0,2.064
700845.0,0.0205131,0.0,2.064
700923.0,0.02589708,0.0,2.064
701001.0,0.0131481,0.0,2.064
701079.0,0.02767482,0.0,2.064
701157.0,0.04016983,0.0,2.064
701236.0,0.02061462,0.0,2.064
701314.0,0.02371302,0.0,2.064
701392.0,0.02574472,0.0,2.064
701470.0,0.02757322,0.0,2.064
701548.0,0.02488123,0.0,2.064
701626.0,0.0124369,0.0,2.064
701704.0,-0.01326417,0.0,2.064
701783.0,0.0087799,0.0,2.064
701861.0,-0.00615322,0.0,2.064
701939.0,0.02147811,0.0,2.064
702017.0,0.0083735,0.0,2.064
702095.0,0.03503981,0.0,2.408
702173.0,0.01182745,0.0,2.752
702251.0,0.00700209,0.0,2.408
702329.0,0.02173215,0.0,2.064
702407.0,0.01929405,0.0,1.72
702485.0,0.01766867,0.0,1.376
702564.0,0.01822728,0.0,2.064
702642.0,0.00669736,0.0,1.72
702720.0,0.00126254,0.0,1.72
702798.0,0.01670351,0.0,2.064
702876.0,0.01619566,0.0,2.064
702954.0,0.01675435,0.0,1.72
703032.0,0.0334652,0.0,2.064
703110.0,0.01909085,0.0,1.72
703188.0,0.00502115,0.0,2.064
703267.0,0.00400537,0.0,2.752
703345.0,0.02239244,0.0,2.064
703423.0,0.01502744,0.0,2.064
703501.0,0.00486886,0.0,1.376
703579.0,0.03488738,0.0,1.72
703657.0,0.01528133,0.0,2.064
703735.0,0.0051229,0.0,1.72
703814.0,0.01025284,0.0,1.72
703892.0,0.032754,0.0,2.064
703970.0,0.00684972,0.0,1.72
704048.0,0.02970644,0.0,2.064
704126.0,0.01863368,0.0,2.064
704204.0,0.0313319,0.0,2.064
704282.0,0.02447483,0.0,2.064
704360.0,0.0215288,0.0,2.064
704438.0,0.00989728,0.0,1.72
704516.0,-0.00178509,0.0,2.064
704595.0,0.02655737,0.0,2.064
704673.0,0.01655122,0.0,3.096
704751.0,0.03463334,0.0,2.064
704829.0,0.03310956,0.0,2.064
704907.0,0.01624642,0.0,1.72
704985.0,-0.00168349,0.0,1.72
705063.0,0.02498275,0.0,2.064
705141.0,0.01253858,0.0,1.376
705219.0,0.02122407,0.0,1.72
705298.0,0.0316367,0.0,2.064
705376.0,0.02589708,0.0,2.064
705454.0,0.01609406,0.0,2.064
705532.0,0.00380217,0.0,2.064
705610.0,0.02163048,0.0,2.408
705688.0,0.00491962,0.0,2.064
705766.0,0.01619566,0.0,2.064
705844.0,0.01528133,0.0,2.064
705923.0,0.03031605,0.0,1.72
706001.0,0.02477955,0.0,2.408
706079.0,0.05550927,0.0,1.376
706157.0,0.01035451,0.0,2.408
706235.0,0.0132497,0.0,1.72
706313.0,0.02828434,0.0,2.064
706391.0,0.0178718,0.0,1.376
706469.0,0.017567,0.0,2.408
706547.0,0.0295034,0.0,2.752
706626.0,0.02173215,0.0,2.064
706704.0,0.02559235,0.0,2.064
706782.0,0.03321123,0.0,2.064
706860.0,0.01380839,0.0,1.72
706938.0,0.02168124,0.0,2.064
707016.0,0.0200051,0.0,2.064
707094.0,0.00720529,0.0,2.064
707172.0,0.02381454,0.0,2.064
707250.0,-0.0025469,0.0,1.376
707328.0,0.03666512,0.0,2.064
707407.0,0.03062077,0.0,1.72
707485.0,0.018075,0.0,1.72
707563.0,0.00471642,0.0,2.064
707641.0,0.00938943,0.0,1.72
707719.0,0.00202451,0.0,2.064
707797.0,0.01558613,0.0,2.064
707875.0,0.01761783,0.0,2.064
707954.0,0.00745925,0.0,2.064
708032.0,0.01004971,0.0,1.72
708110.0,0.00466566,0.0,2.064
708188.0,0.02229076,0.0,2.064
708266.0,0.01157349,0.0,2.064
708344.0,0.01360512,0.0,1.72
708422.0,-0.01544831,0.0,2.064
708500.0,0.00486886,0.0,2.064
708578.0,0.01853208,0.0,1.72
708656.0,0.01167509,0.0,2.064
708735.0,0.01512897,0.0,2.064
708813.0,0.00771321,0.0,2.064
708891.0,0.01655122,0.0,1.376
708969.0,0.01512897,0.0,2.064
709047.0,0.00872906,0.0,2.064
709125.0,0.01573849,0.0,2.064
709203.0,0.00776405,0.0,2.408
709281.0,0.01573849,0.0,2.752
709360.0,0.02980812,0.0,2.408
709438.0,-0.004985,0.0,2.408
709516.0,0.02335745,0.0,2.408
709594.0,0.0239669,0.0,2.408
709672.0,-0.00645794,0.0,2.752
709750.0,0.02726842,0.0,2.752
709828.0,0.02533832,0.0,2.408
709906.0,0.02533832,0.0,2.408
709985.0,0.02747154,0.0,2.064
710063.0,0.01893841,0.0,2.408
710141.0,0.04138881,0.0,2.408
710219.0,0.01934474,0.0,2.408
710297.0,-0.00539133,0.0,2.408
710375.0,0.00563067,0.0,2.408
710453.0,0.00258319,0.0,1.376
710531.0,0.03453181,0.0,1.72
710609.0,0.02025906,0.0,1.72
710688.0,0.00949103,0.0,1.376
710766.0,0.00502115,0.0,1.72
710844.0,0.02112255,0.0,1.72
710922.0,0.00740849,0.0,1.72
711000.0,0.01071008,0.0,1.72
711078.0,0.03671588,0.0,2.064
711156.0,0.01396068,0.0,1.72
711234.0,0.01451944,0.0,1.72
711312.0,0.03483661,0.0,1.72
711391.0,0.0087799,0.0,2.064
711469.0,0.01172593,0.0,2.752
711547.0,0.00583387,0.0,2.064
711625.0,0.00349737,0.0,2.408
711703.0,0.05571247,0.0,1.72
711781.0,0.0259986,0.0,1.72
711859.0,0.02742086,0.0,1.376
711937.0,0.02869059,0.0,2.752
712015.0,0.0108116,0.0,2.408
712094.0,0.02371302,0.0,1.376
712172.0,0.01238622,0.0,2.752
712250.0,0.02711613,0.0,1.72
712328.0,0.01076076,0.0,1.72
712406.0,0.01121785,0.0,1.72
712484.0,0.01528133,0.0,2.064
712562.0,0.03036673,0.0,1.72
712640.0,0.00725612,0.0,2.064
712719.0,0.0334652,0.0,2.064
712797.0,0.00370057,0.0,2.064
712875.0,0.04250633,0.0,1.72
712953.0,0.03666512,0.0,2.064
713031.0,0.02356058,0.0,1.376
713109.0,-0.00142952,0.0,1.72
713187.0,0.02721765,0.0,2.064
713265.0,-0.00224217,0.0,1.72
713343.0,0.03468417,0.0,1.72
713421.0,0.00161803,0.0,2.064
713500.0,0.02477955,0.0,2.064
713578.0,0.00425926,0.0,1.72
713656.0,0.03036673,0.0,1.72
713734.0,0.00725612,0.0,1.72
713812.0,0.01959877,0.0,1.72
713890.0,0.01589093,0.0,1.72
713968.0,0.00740849,0.0,1.72
714047.0,0.02061462,0.0,2.064
714125.0,0.00583387,0.0,1.72
714203.0,0.01172593,0.0,2.064
714281.0,0.02142727,0.0,1.376
714359.0,0.02452566,0.0,2.408
714437.0,0.01771936,0.0,2.064
714515.0,0.02853831,0.0,2.752
714593.0,0.01802408,0.0,2.752
714671.0,0.02924936,0.0,2.408
714749.0,0.02107171,0.0,2.752
714828.0,0.01726227,0.0,2.752
714906.0,0.01477348,0.0,2.752
714984.0,0.00507206,0.0,2.408
715062.0,0.01817652,0.0,2.064
715140.0,0.01721151,0.0,2.408
715218.0,0.0062402,0.0,2.408
715296.0,0.01137037,0.0,1.72
715374.0,0.02264625,0.0,2.064
715452.0,-0.03667973,0.0,2.064
715531.0,0.02467803,0.0,1.72
715609.0,9.425e-05,0.0,2.064
715687.0,0.02315425,0.0,2.408
715765.0,0.02691293,0.0,1.376
715843.0,0.01685595,0.0,1.032
715921.0,0.01258934,0.0,1.032
715999.0,0.02823358,0.0,1.376
716078.0,0.00928783,0.0,1.376
716156.0,0.00832266,0.0,1.376
716234.0,0.00664667,0.0,1.376
716312.0,0.01685595,0.0,1.376
716390.0,0.02858907,0.0,1.376
716468.0,0.01553529,0.0,1.72
716546.0,0.02945256,0.0,1.72
716624.0,0.0245765,0.0,1.032
716702.0,0.00222763,0.0,1.72
716781.0,0.0124369,0.0,1.72
716859.0,0.04215077,0.0,1.72
716937.0,-0.00330886,0.0,1.376
717015.0,0.02432247,0.0,1.032
717093.0,-0.0121468,0.0,2.064
717171.0,0.01289414,0.0,2.064
717249.0,0.02630333,0.0,1.72
717327.0,0.00324356,0.0,1.72
717405.0,-0.0043754,0.0,2.064
717484.0,0.03143342,0.0,2.064
717562.0,0.00608791,0.0,2.064
717640.0,0.01350359,0.0,2.064
717718.0,0.00649416,0.0,2.408
717796.0,0.03930634,0.0,2.408
717874.0,-0.00036283,0.0,2.408
717952.0,-0.00539133,0.0,2.408
718030.0,0.01289414,0.0,2.408
718108.0,0.01939557,0.0,2.408
718187.0,0.00598623,0.0,2.408
718265.0,0.02188436,0.0,2.408
718343.0,0.00349737,0.0,2.064
718421.0,0.01548446,0.0,2.408
718499.0,0.00893226,0.0,2.408
718577.0,-0.00894688,0.0,2.064
718655.0,0.01898932,0.0,2.064
718733.0,0.0087799,0.0,2.064
718812.0,0.02828434,0.0,2.064
718890.0,0.01482417,0.0,1.72
718968.0,0.03117953,0.0,2.064
719046.0,-0.00163265,0.0,2.064
719124.0,0.02498275,0.0,2.064
719202.0,0.0178718,0.0,2.064
719280.0,0.01076076,0.0,2.064
719358.0,0.01187829,0.0,1.72
719436.0,0.00400537,0.0,1.72
719515.0,0.01695755,0.0,1.72
719593.0,0.01731311,0.0,2.064
719671.0,0.03102717,0.0,2.064
719749.0,0.01390999,0.0,2.064
719827.0,0.01741471,0.0,1.72
719905.0,0.02091935,0.0,1.72
719983.0,0.01614475,0.0,2.064
720061.0,0.00933851,0.0,1.72
720139.0,0.0238653,0.0,1.72
720218.0,0.01934474,0.0,2.064
720296.0,0.03123022,0.0,2.064
720374.0,0.02208756,0.0,1.72
720452.0,0.03097633,0.0,2.064
720530.0,0.01700831,0.0,2.064
720608.0,0.00725612,0.0,2.064
720686.0,0.0203099,0.0,2.064
720764.0,0.00359897,0.0,2.064
720842.0,0.01126876,0.0,2.064
720921.0,0.03209371,0.0,2.408
720999.0,0.00080545,0.0,1.72
721077.0,0.00039898,0.0,2.064
721155.0,0.00349737,0.0,2.064
721233.0,0.0043101,0.0,1.72
721311.0,0.02843671,0.0,1.72
721389.0,0.02330661,0.0,2.064
721467.0,0.01142105,0.0,1.72
721546.0,0.00136414,0.0,1.72
721624.0,0.02833518,0.0,1.72
721702.0,0.0063418,0.0,1.72
721780.0,0.03453181,0.0,2.064
721858.0,-0.00732143,0.0,2.064
721936.0,0.01802408,0.0,1.72
722014.0,0.03321123,0.0,1.72
722092.0,0.00278632,0.0,1.72
722171.0,0.02188436,0.0,2.064
722249.0,0.02229076,0.0,1.72
722327.0,0.02493207,0.0,2.064
722405.0,0.01716067,0.0,1.72
722483.0,0.02985896,0.0,2.064
722561.0,0.02086851,0.0,2.064
722639.0,0.01710998,0.0,2.752
722717.0,0.02046219,0.0,1.72
722795.0,0.0354969,0.0,1.72
722874.0,0.0309255,0.0,1.72
722952.0,0.01660198,0.0,2.064
723030.0,0.01111633,0.0,2.064
723108.0,0.01182745,0.0,2.064
723186.0,0.01695755,0.0,1.72
723264.0,0.01680511,0.0,1.72
723342.0,0.02249396,0.0,2.064
723420.0,0.00222763,0.0,2.064
723498.0,0.00842434,0.0,2.408
723576.0,0.02366218,0.0,2.064
723655.0,0.02823358,0.0,2.408
723733.0,0.02513519,0.0,2.064
723811.0,0.01568773,0.0,2.064
723889.0,-0.01143567,0.0,2.408
723967.0,0.01634802,0.0,2.064
724045.0,0.01065924,0.0,2.064
724123.0,0.0315351,0.0,2.064
724201.0,0.02686209,0.0,2.408
724280.0,0.01253858,0.0,2.064
724358.0,0.00705292,0.0,2.064
724436.0,0.01152265,0.0,2.064
724514.0,0.02676057,0.0,2.064
724592.0,-0.0027501,0.0,2.408
724670.0,0.00583387,0.0,2.064
724748.0,0.01482417,0.0,2.064
724826.0,0.03864605,0.0,2.064
724904.0,0.01782096,0.0,2.064
724983.0,0.0220368,0.0,2.064
725061.0,0.01827812,0.0,2.064
725139.0,-0.00142952,0.0,2.064
725217.0,0.01650038,0.0,2.064
725295.0,0.02589708,0.0,2.064
725373.0,0.01914161,0.0,2.408
725451.0,0.01843056,0.0,2.064
725529.0,0.00573235,0.0,2.064
725607.0,0.033262,0.0,2.064
725686.0,0.00938943,0.0,2.064
725764.0,0.0238653,0.0,2.064
725842.0,0.03910322,0.0,2.064
725920.0,0.00979575,0.0,2.064
725998.0,0.02036059,0.0,2.064
726076.0,-0.01290868,0.0,2.064
726154.0,0.00557991,0.0,2.064
726232.0,0.01162425,0.0,2.064
726310.0,0.02752238,0.0,2.064
726389.0,0.0173638,0.0,2.064
726467.0,0.01401152,0.0,1.72
726545.0,0.02005586,0.0,2.064
726623.0,0.01573849,0.0,2.064
726701.0,0.04042379,0.0,2.064
726779.0,0.00273548,0.0,2.064
726857.0,0.02493207,0.0,2.064
726935.0,0.01309727,0.0,2.064
727013.0,0.00745925,0.0,2.064
727092.0,0.017567,0.0,3.096
727170.0,0.01995434,0.0,3.096
727248.0,0.00639263,0.0,2.752
727326.0,0.02168124,0.0,2.752
727404.0,-0.01077538,0.0,2.752
727482.0,0.02513519,0.0,2.752
727560.0,-0.01031814,0.0,2.408
727639.0,-0.01138483,0.0,2.752
727717.0,0.01010048,0.0,2.408
727795.0,0.01436716,0.0,2.408
727873.0,0.00669736,0.0,2.752
727951.0,0.00116102,0.0,2.408
728029.0,0.02218916,0.0,2.408
728107.0,0.01761783,0.0,2.408
728185.0,0.01700831,0.0,2.408
728263.0,0.0131481,0.0,2.408
728341.0,0.02914783,0.0,2.408
728420.0,0.02488123,0.0,2.064
728498.0,0.03280484,0.0,2.064
728576.0,-0.00046443,0.0,2.064
728654.0,0.01431624,0.0,2.064
728732.0,0.01975114,0.0,2.064
728810.0,0.01528133,0.0,2.408
728888.0,0.0043101,0.0,2.064
728966.0,0.00959255,0.0,2.064
729044.0,-0.01209596,0.0,2.408
729123.0,0.00603707,0.0,2.064
729201.0,0.01929405,0.0,2.064
729279.0,0.01477348,0.0,2.064
729357.0,0.01004971,0.0,2.064
729435.0,0.01985274,0.0,2.064
729513.0,0.03107793,0.0,2.064
729591.0,0.01705907,0.0,3.096
729670.0,0.02020822,0.0,2.752
729748.0,0.04291258,0.0,2.752
729826.0,0.00385301,0.0,3.096
729904.0,0.03051925,0.0,2.752
729982.0,0.00730696,0.0,2.752
730060.0,0.04768719,0.0,3.096
730138.0,0.01472264,0.0,2.752
730216.0,0.0132497,0.0,2.408
730294.0,0.017567,0.0,2.752
730373.0,0.01482417,0.0,2.408
730451.0,0.0373254,0.0,2.408
730529.0,0.00385301,0.0,2.408
730607.0,0.00989728,0.0,2.408
730685.0,0.01451944,0.0,2.408
730763.0,0.02615097,0.0,2.408
730841.0,0.01050688,0.0,2.064
730919.0,0.01152265,0.0,2.408
730997.0,0.02676057,0.0,2.752
731076.0,0.03534454,0.0,2.064
731154.0,0.02102095,0.0,2.752
731232.0,0.01817652,0.0,2.752
731310.0,0.01837972,0.0,2.408
731388.0,0.01700831,0.0,2.064
731466.0,0.01385915,0.0,2.752
731544.0,0.02320501,0.0,2.408
731622.0,0.01558613,0.0,1.72
731700.0,0.05342673,0.0,2.064
731779.0,0.02472879,0.0,2.408
731857.0,0.01258934,0.0,1.72
731935.0,0.01360512,0.0,2.408
732013.0,0.01954786,0.0,1.376
732091.0,0.02813191,0.0,1.72
732169.0,0.01004971,0.0,2.064
732247.0,0.02477955,0.0,1.72
732325.0,0.01589093,0.0,1.376
732403.0,0.018075,0.0,2.408
732482.0,0.01396068,0.0,3.096
732560.0,0.01670351,0.0,2.408
732638.0,0.0087799,0.0,2.408
732716.0,0.01731311,0.0,2.064
732794.0,0.006545,0.0,2.408
732872.0,0.0238653,0.0,2.752
732950.0,0.03529362,0.0,2.408
733029.0,0.02909699,0.0,2.408
733107.0,0.01106556,0.0,2.408
733185.0,0.02975736,0.0,2.408
733263.0,0.00598623,0.0,2.408
733341.0,0.02559235,0.0,2.064
733419.0,0.0041069,0.0,2.064
733497.0,0.01975114,0.0,1.72
733575.0,0.03473501,0.0,2.064
733653.0,0.02498275,0.0,2.064
733731.0,0.01644962,0.0,2.064
733810.0,0.02229076,0.0,2.064
733888.0,0.01517973,0.0,2.064
733966.0,0.01604322,0.0,2.064
734044.0,0.03793493,0.0,1.376
734122.0,0.00522442,0.0,1.376
734200.0,0.03803645,0.0,1.72
734278.0,-0.00188661,0.0,1.72
734356.0,0.01299567,0.0,1.72
734434.0,0.0373254,0.0,1.376
734513.0,0.00593547,0.0,1.376
734591.0,0.01848132,0.0,1.72
734669.0,0.02818267,0.0,1.72
734747.0,0.01563689,0.0,1.72
734825.0,0.01137037,0.0,1.72
734903.0,0.01121785,0.0,1.72
734981.0,0.0205131,0.0,2.064
735059.0,0.02803031,0.0,2.064
735138.0,0.02056379,0.0,2.064
735216.0,0.02594777,0.0,2.752
735294.0,0.02168124,0.0,2.408
735372.0,0.02655737,0.0,2.408
735450.0,0.02488123,0.0,2.064
735528.0,0.01390999,0.0,3.096
735606.0,0.02869059,0.0,2.064
735684.0,0.02315425,0.0,2.752
735762.0,0.00842434,0.0,2.752
735841.0,0.00583387,0.0,2.752
735919.0,0.02594777,0.0,2.752
735997.0,0.02970644,0.0,2.752
736075.0,0.02366218,0.0,2.408
736153.0,0.01416388,0.0,2.408
736231.0,-0.00249614,0.0,2.408
736309.0,-0.01306097,0.0,2.064
736387.0,0.02742086,0.0,2.064
736465.0,0.02239244,0.0,2.064
736544.0,0.02935088,0.0,2.408
736622.0,0.02772558,0.0,1.72
736700.0,0.02899547,0.0,2.408
736778.0,0.00502115,0.0,2.408
736856.0,0.01883689,0.0,2.408
736934.0,0.01812576,0.0,2.752
737012.0,0.01548446,0.0,2.064
737090.0,0.02747154,0.0,1.72
737168.0,0.01086229,0.0,2.064
737247.0,0.02924936,0.0,2.064
737325.0,0.03402389,0.0,2.064
737403.0,0.00944019,0.0,2.408
737481.0,0.04926173,0.0,2.064
737559.0,0.00481802,0.0,2.408
737637.0,0.00126254,0.0,2.064
737715.0,0.02508435,0.0,2.064
737794.0,-0.00503576,0.0,2.064
737872.0,0.01548446,0.0,2.064
737950.0,0.0061386,0.0,2.064
738028.0,0.00817037,0.0,2.064
738106.0,0.01528133,0.0,2.064
738184.0,0.01533217,0.0,2.064
738262.0,0.02493207,0.0,2.064
738340.0,0.01761783,0.0,2.064
738418.0,0.01411312,0.0,2.064
738496.0,0.02909699,0.0,2.064
738575.0,0.03128106,0.0,2.408
738653.0,0.03178899,0.0,2.064
738731.0,0.02528748,0.0,2.408
738809.0,0.00339584,0.0,2.064
738887.0,0.02767482,0.0,2.064
738965.0,0.02142727,0.0,2.064
739043.0,0.01126876,0.0,2.064
739121.0,0.03173822,0.0,2.064
739199.0,0.03229699,0.0,2.752
739278.0,0.02417003,0.0,2.064
739356.0,0.02742086,0.0,2.064
739434.0,0.02569388,0.0,2.408
739512.0,0.00105934,0.0,2.408
739590.0,0.01111633,0.0,1.72
739668.0,0.0178718,0.0,2.752
739746.0,0.01655122,0.0,1.376
739825.0,0.02330661,0.0,2.408
739903.0,0.01777027,0.0,2.752
739981.0,0.02081782,0.0,2.064
740059.0,0.02198596,0.0,2.064
740137.0,0.01335123,0.0,2.408
740215.0,0.02584624,0.0,2.064
740293.0,0.01385915,0.0,2.408
740371.0,0.00827197,0.0,2.064
740449.0,-0.00523889,0.0,3.44
740527.0,0.01157349,0.0,2.064
740606.0,0.01182745,0.0,2.064
740684.0,0.02584624,0.0,2.064
740762.0,0.02863991,0.0,2.408
740840.0,0.01959877,0.0,2.064
740918.0,0.01248782,0.0,2.064
740996.0,0.01858285,0.0,2.752
741074.0,0.00507206,0.0,2.064
741152.0,0.02508435,0.0,2.064
741230.0,0.02086851,0.0,2.064
741309.0,0.02010662,0.0,2.752
741387.0,0.02711613,0.0,2.752
741465.0,0.00014517,0.0,2.064
741543.0,0.00044989,0.0,2.064
741621.0,0.01375755,0.0,2.064
741699.0,0.02086851,0.0,2.064
741777.0,0.01685595,0.0,2.064
741855.0,0.00766237,0.0,2.064
741934.0,0.0333636,0.0,2.408
742012.0,0.01975114,0.0,2.064
742090.0,0.01177661,0.0,2.064
742168.0,0.0069514,0.0,2.064
742246.0,0.01665274,0.0,1.72
742324.0,-0.01229916,0.0,1.72
742402.0,0.02056379,0.0,2.064
742480.0,0.02071615,0.0,2.064
742558.0,0.01223378,0.0,2.064
742637.0,0.02163048,0.0,2.064
742715.0,0.03351604,0.0,2.408
742793.0,-0.0004136,0.0,2.064
742871.0,0.01568773,0.0,2.064
742949.0,0.02767482,0.0,2.064
743027.0,0.01634802,0.0,2.064
743105.0,0.00583387,0.0,2.064
743183.0,0.02919859,0.0,1.72
743261.0,0.01213218,0.0,2.064
743340.0,0.03178899,0.0,2.064
743418.0,0.00537671,0.0,2.064
743496.0,0.02742086,0.0,2.064
743574.0,0.02797962,0.0,2.064
743652.0,0.00568143,0.0,2.064
743730.0,0.01507821,0.0,2.064
743808.0,0.01639878,0.0,2.064
743887.0,0.03803645,0.0,1.72
743965.0,0.0131481,0.0,2.064
744043.0,0.01238622,0.0,2.408
744121.0,0.02223993,0.0,2.064
744199.0,-0.00158189,0.0,1.72
744277.0,0.02350974,0.0,2.064
744355.0,0.02259549,0.0,1.72
744433.0,0.02350974,0.0,2.064
744511.0,0.0239669,0.0,2.064
744589.0,0.01716067,0.0,2.064
744668.0,0.01609406,0.0,2.064
744746.0,0.01121785,0.0,1.72
744824.0,0.01106556,0.0,1.72
744902.0,0.01863368,0.0,2.064
744980.0,0.00745925,0.0,2.408
745058.0,0.01015131,0.0,2.064
745136.0,0.01589093,0.0,1.72
745214.0,0.01106556,0.0,1.72
745292.0,0.01309727,0.0,2.064
745371.0,0.006545,0.0,2.064
745449.0,-0.00335955,0.0,2.064
745527.0,0.01233538,0.0,2.408
745605.0,0.010202,0.0,2.064
745683.0,0.03270331,0.0,1.72
745761.0,0.0069514,0.0,2.064
745839.0,0.00745925,0.0,2.064
745918.0,0.01985274,0.0,2.408
745996.0,0.02269716,0.0,2.064
746074.0,0.03376992,0.0,2.408
746152.0,0.01152265,0.0,2.408
746230.0,0.01401152,0.0,1.72
746308.0,0.00497038,0.0,2.064
746386.0,0.00801794,0.0,1.72
746464.0,0.00740849,0.0,2.064
746542.0,0.00832266,0.0,2.064
746620.0,0.01558613,0.0,1.72
746699.0,0.00933851,0.0,2.064
746777.0,0.02427178,0.0,2.064
746855.0,0.00060225,0.0,2.064
746933.0,0.01710998,0.0,2.064
747011.0,0.00928783,0.0,1.72
747089.0,-0.01438162,0.0,2.064
747167.0,0.01528133,0.0,2.064
747245.0,0.01258934,0.0,2.064
747323.0,0.01878605,0.0,2.064
747402.0,0.0311287,0.0,2.064
747480.0,0.0174654,0.0,2.064
747558.0,0.01319887,0.0,2.064
747636.0,0.00801794,0.0,2.064
747714.0,0.03077313,0.0,1.72
747792.0,0.01680511,0.0,2.064
747870.0,0.01507821,0.0,2.064
747948.0,0.03950947,0.0,2.408
748027.0,0.02442399,0.0,2.064
748105.0,0.02828434,0.0,2.064
748183.0,0.00949103,0.0,2.064
748261.0,0.02569388,0.0,2.408
748339.0,0.0061386,0.0,2.064
748417.0,0.02244313,0.0,2.064
748495.0,0.02483039,0.0,2.064
748573.0,0.0215288,0.0,1.376
748651.0,0.0130465,0.0,2.064
748730.0,0.01375755,0.0,2.064
748808.0,0.01939557,0.0,2.064
748886.0,0.02467803,0.0,1.72
748964.0,0.02594777,0.0,2.064
749042.0,0.02290029,0.0,1.72
749120.0,0.03432861,0.0,1.72
749198.0,0.02747154,0.0,2.064
749276.0,0.02056379,0.0,2.064
749354.0,-0.00102312,0.0,1.72
749432.0,0.02315425,0.0,2.064
749511.0,0.01817652,0.0,2.064
749589.0,-0.00198821,0.0,2.064
749667.0,0.00344661,0.0,2.064
749745.0,0.02564304,0.0,2.064
749823.0,0.02604937,0.0,2.064
749901.0,0.00872906,0.0,1.376
749979.0,0.03036673,0.0,1.72
750058.0,-0.00488348,0.0,1.72
750136.0,0.02168124,0.0,1.72
750214.0,0.04011907,0.0,1.72
750292.0,0.01086229,0.0,2.064
750370.0,0.01670351,0.0,2.064
750448.0,0.02147811,0.0,1.376
750526.0,0.01446868,0.0,1.376
750604.0,0.0179734,0.0,1.376
750682.0,0.01553529,0.0,1.72
750761.0,0.01111633,0.0,1.376
750839.0,0.01721151,0.0,1.72
750917.0,0.01766867,0.0,1.72
750995.0,0.0103036,0.0,1.72
751073.0,0.03392236,0.0,1.72
751151.0,0.02635417,0.0,2.064
751229.0,0.04474124,0.0,1.72
751307.0,0.02549068,0.0,2.064
751385.0,0.02127491,0.0,2.064
751463.0,-0.00046443,0.0,2.064
751542.0,0.01147189,0.0,1.72
751620.0,0.01614475,0.0,2.064
751698.0,-0.01260388,0.0,2.064
751776.0,0.01015131,0.0,2.408
751854.0,0.02218916,0.0,2.064
751932.0,0.0126401,0.0,2.408
752010.0,0.02533832,0.0,2.408
752088.0,0.02483039,0.0,2.408
752167.0,0.03087481,0.0,2.752
752245.0,0.02777642,0.0,2.408
752323.0,0.0103036,0.0,2.408
752401.0,0.04560472,0.0,2.064
752479.0,0.00883074,0.0,2.064
752557.0,0.01370679,0.0,2.064
752635.0,0.00278632,0.0,2.064
752714.0,0.03173822,0.0,2.752
752792.0,0.0132497,0.0,2.064
752870.0,0.02904616,0.0,2.752
752948.0,0.03768096,0.0,2.064
753026.0,-0.00569605,0.0,2.064
753104.0,0.00852594,0.0,2.064
753182.0,0.00156727,0.0,1.72
753260.0,0.0215288,0.0,1.72
753338.0,-0.0163118,0.0,2.064
753416.0,0.04382691,0.0,2.064
753495.0,0.0311287,0.0,2.064
753573.0,0.01832896,0.0,2.064
753651.0,0.02350974,0.0,2.064
753729.0,0.02869059,0.0,1.376
753807.0,0.00664667,0.0,2.408
753885.0,0.02310341,0.0,2.408
753963.0,0.01380839,0.0,1.72
754041.0,0.00715445,0.0,2.064
754119.0,0.01294483,0.0,2.064
754198.0,0.01177661,0.0,2.408
754276.0,0.0174654,0.0,2.064
754354.0,0.00954171,0.0,1.376
754432.0,0.02803031,0.0,2.064
754510.0,0.00720529,0.0,2.064
754588.0,0.0203099,0.0,2.064
754666.0,0.01914161,0.0,1.72
754744.0,0.01294483,0.0,1.72
754823.0,0.03138266,0.0,1.72
754901.0,0.02782711,0.0,1.72
754979.0,0.01822728,0.0,2.064
755057.0,0.01695755,0.0,2.064
755135.0,0.0221384,0.0,2.408
755213.0,0.01492569,0.0,2.064
755291.0,-0.00249614,0.0,2.064
755369.0,0.01416388,0.0,2.064
755447.0,0.02782711,0.0,2.064
755526.0,0.00720529,0.0,1.72
755604.0,0.01096396,0.0,2.408
755682.0,0.00944019,0.0,2.408
755760.0,0.02076691,0.0,2.752
755838.0,0.02249396,0.0,2.064
755916.0,0.0311287,0.0,2.408
755994.0,0.02742086,0.0,2.064
756072.0,0.02218916,0.0,1.72
756150.0,0.0200051,0.0,2.064
756229.0,0.03712228,0.0,2.408
756307.0,0.01035451,0.0,2.752
756385.0,0.02747154,0.0,2.752
756463.0,0.00679888,0.0,2.752
756541.0,0.00786565,0.0,2.408
756619.0,0.02635417,0.0,2.064
756697.0,0.01375755,0.0,1.376
756775.0,0.02980812,0.0,1.72
756853.0,0.0179734,0.0,1.72
756932.0,0.01568773,0.0,2.408
757010.0,0.03072237,0.0,2.064
757088.0,-0.00142952,0.0,1.376
757166.0,0.02914783,0.0,1.72
757244.0,0.01771936,0.0,1.72
757322.0,0.01065924,0.0,2.064
757400.0,0.02036059,0.0,1.032
757479.0,0.02112255,0.0,2.064
757557.0,0.01710998,0.0,2.064
757635.0,0.01594169,0.0,2.064
757713.0,0.03250011,0.0,1.72
757791.0,0.01355443,0.0,1.72
757869.0,0.03026521,0.0,1.72
757947.0,0.02112255,0.0,2.064
758025.0,0.00715445,0.0,2.064
758103.0,0.01396068,0.0,2.064
758181.0,0.01192905,0.0,2.064
758260.0,0.03026521,0.0,2.064
758338.0,0.01792256,0.0,1.72
758416.0,0.01015131,0.0,2.064
758494.0,0.01385915,0.0,1.72
758572.0,0.00684972,0.0,1.72
758650.0,-0.00036283,0.0,1.72
758728.0,0.01319887,0.0,2.064
758806.0,0.0130465,0.0,1.72
758885.0,0.02813191,0.0,1.72
758963.0,0.00349737,0.0,1.72
759041.0,0.01680511,0.0,1.72
759119.0,0.01792256,0.0,1.376
759197.0,0.0511919,0.0,2.064
759275.0,0.00664667,0.0,1.72
759353.0,0.00974499,0.0,1.72
759431.0,-0.00142952,0.0,1.72
759509.0,-0.00163265,0.0,1.376
759588.0,0.01599246,0.0,2.064
759666.0,0.03676672,0.0,2.064
759744.0,0.02071615,0.0,1.72
759822.0,0.01223378,0.0,1.72
759900.0,0.00679888,0.0,2.064
759978.0,0.00994811,0.0,1.72
760056.0,0.01777027,0.0,1.72
760134.0,0.01858285,0.0,1.376
760212.0,0.02218916,0.0,1.72
760290.0,0.02427178,0.0,2.064
760369.0,-0.0005152,0.0,1.376
760447.0,0.0174654,0.0,2.064
760525.0,0.02980812,0.0,2.064
760603.0,0.01507821,0.0,1.72
760681.0,0.02584624,0.0,1.72
760759.0,0.00832266,0.0,2.408
760837.0,0.01365595,0.0,2.064
760916.0,0.02787794,0.0,2.408
760994.0,0.00928783,0.0,2.064
761072.0,0.03265247,0.0,2.408
761150.0,0.02168124,0.0,1.72
761228.0,0.02447483,0.0,2.408
761306.0,0.00425926,0.0,2.408
761384.0,0.0132497,0.0,2.408
761462.0,0.01340199,0.0,2.064
761540.0,-0.00737227,0.0,2.064
761619.0,0.01848132,0.0,2.408
761697.0,0.01644962,0.0,2.408
761775.0,0.0085767,0.0,2.408
761853.0,-0.01270541,0.0,2.408
761931.0,0.02315425,0.0,2.408
762009.0,0.02747154,0.0,2.752
762087.0,0.00806877,0.0,1.72
762165.0,0.01604322,0.0,1.72
762243.0,0.01909085,0.0,1.72
762322.0,0.01340199,0.0,1.72
762400.0,0.00608791,0.0,1.72
762478.0,-0.00107388,0.0,1.72
762556.0,0.01421472,0.0,1.72
762634.0,0.01446868,0.0,1.72
762712.0,0.00044989,0.0,2.064
762790.0,0.01482417,0.0,2.064
762868.0,0.00583387,0.0,1.72
762947.0,0.00649416,0.0,1.72
763025.0,0.02168124,0.0,1.72
763103.0,0.00171963,0.0,1.72
763181.0,0.01253858,0.0,2.064
763259.0,0.01548446,0.0,1.72
763337.0,0.02178284,0.0,1.032
763415.0,-0.00036283,0.0,2.064
763493.0,0.026405,0.0,2.408
763571.0,0.03026521,0.0,2.064
763650.0,-0.01499122,0.0,2.064
763728.0,0.032754,0.0,2.752
763806.0,0.00964331,0.0,2.064
763884.0,0.01558613,0.0,2.064
763962.0,-0.00142952,0.0,2.064
764040.0,0.02137651,0.0,2.064
764118.0,0.0124369,0.0,2.064
764196.0,0.02056379,0.0,2.408
764274.0,0.00527511,0.0,2.064
764353.0,0.01843056,0.0,2.064
764431.0,0.00822114,0.0,2.064
764509.0,0.0173638,0.0,2.752
764587.0,0.02147811,0.0,2.064
764665.0,0.0197003,0.0,1.72
764743.0,0.01517973,0.0,1.032
764821.0,0.02980812,0.0,1.376
764899.0,0.01457028,0.0,1.376
764977.0,0.02472879,0.0,1.376
765055.0,0.02137651,0.0,1.376
765134.0,-0.00361359,0.0,1.72
765212.0,0.01995434,0.0,1.72
765290.0,0.01883689,0.0,1.376
765368.0,0.00527511,0.0,1.72
765446.0,0.02081782,0.0,1.72
765524.0,0.01274163,0.0,1.376
765602.0,0.01248782,0.0,1.72
765681.0,0.00989728,0.0,1.376
765759.0,0.02061462,0.0,2.064
765837.0,0.01655122,0.0,1.72
765915.0,0.01365595,0.0,2.064
765993.0,-0.00473096,0.0,1.72
766071.0,0.00644347,0.0,1.376
766149.0,0.01218302,0.0,2.064
766227.0,0.01396068,0.0,2.064
766305.0,0.03448105,0.0,2.064
766384.0,0.02554152,0.0,2.752
766462.0,-0.00412144,0.0,2.064
766540.0,0.0083735,0.0,2.064
766618.0,0.00344661,0.0,2.064
766696.0,0.01939557,0.0,2.064
766774.0,0.01365595,0.0,2.064
766852.0,0.02858907,0.0,2.064
766930.0,0.01345283,0.0,2.064
767008.0,0.02320501,0.0,2.064
767087.0,-0.00036283,0.0,2.064
767165.0,0.01558613,0.0,2.064
767243.0,0.00751001,0.0,2.064
767321.0,-0.0004136,0.0,1.376
767399.0,0.04844908,0.0,1.376
767477.0,0.0041069,0.0,1.376
767555.0,0.03041765,0.0,1.376
767633.0,0.01543377,0.0,2.064
767711.0,-0.00478173,0.0,1.72
767790.0,0.00832266,0.0,1.72
767868.0,0.00177047,0.0,1.376
767946.0,-0.00015956,0.0,1.032
768024.0,-0.00102312,0.0,1.72
768102.0,0.03468417,0.0,1.72
768180.0,0.03077313,0.0,1.72
768258.0,0.00598623,0.0,1.72
768336.0,0.0357001,0.0,1.376
768415.0,0.0219352,0.0,2.064
768493.0,0.00639263,0.0,1.72
768571.0,-0.01179123,0.0,1.72
768649.0,0.0237637,0.0,1.72
768727.0,0.00390385,0.0,1.72
768805.0,-0.01356897,0.0,2.752
768883.0,0.02361142,0.0,2.752
768961.0,0.0130465,0.0,2.752
769039.0,0.01147189,0.0,2.752
769118.0,0.01868445,0.0,2.752
769196.0,0.03300804,0.0,2.408
769274.0,0.01741471,0.0,2.408
769352.0,0.0243733,0.0,2.408
769430.0,0.00425926,0.0,2.408
769508.0,0.00491962,0.0,2.408
769586.0,0.02107171,0.0,2.064
769664.0,0.02086851,0.0,2.408
769743.0,0.00603707,0.0,2.064
769821.0,0.03321123,0.0,2.408
769899.0,0.03351604,0.0,2.408
769977.0,0.00456413,0.0,1.72
770055.0,0.03636039,0.0,2.064
770133.0,0.02472879,0.0,2.064
770211.0,0.01172593,0.0,2.064
770289.0,0.02310341,0.0,2.064
770367.0,0.02259549,0.0,2.064
770446.0,0.05022682,0.0,2.408
770524.0,0.02046219,0.0,2.064
770602.0,0.02284945,0.0,2.064
770680.0,0.0128433,0.0,2.064
770758.0,0.02117339,0.0,1.72
770836.0,0.01406236,0.0,2.064
770914.0,0.03509058,0.0,1.72
770992.0,0.02132567,0.0,2.064
771070.0,0.01533217,0.0,1.72
771148.0,0.03128106,0.0,2.064
771227.0,0.00928783,0.0,1.72
771305.0,0.01487501,0.0,1.72
771383.0,0.01934474,0.0,1.72
771461.0,0.00827197,0.0,1.72
771539.0,0.01599246,0.0,2.064
771617.0,0.01472264,0.0,2.064
771695.0,0.01182745,0.0,1.72
771774.0,0.02249396,0.0,1.72
771852.0,0.01700831,0.0,2.064
771930.0,0.0174654,0.0,2.064
772008.0,0.01258934,0.0,1.72
772086.0,0.01330039,0.0,1.72
772164.0,0.02117339,0.0,2.064
772242.0,0.02909699,0.0,2.064
772320.0,0.01695755,0.0,2.064
772398.0,0.02584624,0.0,2.064
772477.0,0.01050688,0.0,2.064
772555.0,0.01893841,0.0,2.064
772633.0,0.03468417,0.0,2.064
772711.0,0.0106084,0.0,1.72
772789.0,0.00811954,0.0,1.72
772867.0,0.02716682,0.0,2.408
772945.0,0.017567,0.0,1.376
773023.0,-0.00021047,0.0,2.064
773101.0,0.02919859,0.0,2.064
773180.0,0.00751001,0.0,2.408
773258.0,0.01233538,0.0,2.064
773336.0,0.02477955,0.0,2.064
773414.0,0.00923699,0.0,2.064
773492.0,0.03006201,0.0,1.72
773570.0,0.02452566,0.0,2.064
773648.0,0.01766867,0.0,1.72
773726.0,0.02036059,0.0,1.72
773804.0,0.01238622,0.0,2.064
773883.0,-0.00493416,0.0,1.72
773961.0,0.03788416,0.0,2.064
774039.0,0.01517973,0.0,2.064
774117.0,0.00928783,0.0,2.064
774195.0,0.01629718,0.0,2.064
774273.0,0.02731926,0.0,2.064
774351.0,0.01609406,0.0,2.064
774429.0,0.02762406,0.0,2.064
774508.0,0.03422709,0.0,1.72
774586.0,0.01299567,0.0,1.72
774664.0,-0.00574696,0.0,2.064
774742.0,0.01477348,0.0,1.72
774820.0,0.00852594,0.0,2.064
774898.0,0.02066539,0.0,2.064
774976.0,0.0067482,0.0,2.064
775054.0,0.04453796,0.0,1.72
775132.0,4.349e-05,0.0,2.064
775211.0,0.02361142,0.0,2.064
775289.0,0.03219539,0.0,2.064
775367.0,0.01853208,0.0,2.064
775445.0,0.00644347,0.0,1.72
775523.0,0.00679888,0.0,2.064
775601.0,0.02594777,0.0,2.064
775679.0,0.01137037,0.0,2.064
775757.0,0.01355443,0.0,2.064
775835.0,0.01655122,0.0,2.064
775913.0,0.01792256,0.0,2.064
775992.0,0.01482417,0.0,2.064
776070.0,0.03097633,0.0,2.064
776148.0,0.03895078,0.0,2.064
776226.0,0.02310341,0.0,2.064
776304.0,0.03427785,0.0,1.72
776382.0,0.01167509,0.0,2.064
776460.0,0.02066539,0.0,1.72
776539.0,-0.00422319,0.0,2.064
776617.0,0.01858285,0.0,1.72
776695.0,0.00507206,0.0,2.064
776773.0,0.04377607,0.0,2.064
776851.0,0.01436716,0.0,1.72
776929.0,0.03783333,0.0,1.72
777007.0,0.03376992,0.0,1.376
777085.0,0.02909699,0.0,1.376
777163.0,0.02701453,0.0,1.376
777242.0,0.04118576,0.0,1.032
777320.0,0.01863368,0.0,1.72
777398.0,0.02274785,0.0,1.376
777476.0,0.01401152,0.0,2.064
777554.0,0.01076076,0.0,1.376
777632.0,0.01670351,0.0,1.376
777710.0,0.00720529,0.0,1.376
777788.0,0.01451944,0.0,1.376
777866.0,0.01573849,0.0,1.376
777944.0,0.01670351,0.0,1.376
778023.0,0.02320501,0.0,2.064
778101.0,0.03351604,0.0,1.376
778179.0,-0.00716907,0.0,2.064
778257.0,0.01233538,0.0,1.72
778335.0,0.02477955,0.0,1.032
778413.0,0.0106084,0.0,1.72
778491.0,0.03077313,0.0,1.376
778569.0,0.02071615,0.0,2.408
778648.0,-0.01301028,0.0,2.408
778726.0,0.01269094,0.0,2.408
778804.0,0.01523057,0.0,2.064
778882.0,0.0237637,0.0,2.064
778960.0,0.01650038,0.0,2.408
779038.0,-0.00071832,0.0,2.408
779116.0,0.02320501,0.0,1.72
779194.0,-0.00432471,0.0,2.064
779273.0,0.02863991,0.0,2.064
779351.0,0.01055756,0.0,2.408
779429.0,0.00928783,0.0,2.064
779507.0,0.02737002,0.0,2.408
779585.0,0.017567,0.0,2.064
779663.0,0.0110148,0.0,1.376
779741.0,0.01604322,0.0,2.064
779819.0,0.01203065,0.0,2.064
779897.0,0.01492569,0.0,2.064
779976.0,0.03910322,0.0,2.064
780054.0,0.0062402,0.0,2.408
780132.0,0.01650038,0.0,1.72
780210.0,0.01467188,0.0,2.064
780288.0,0.02960492,0.0,2.064
780366.0,0.0198019,0.0,2.064
780444.0,0.01848132,0.0,2.408
780522.0,0.02574472,0.0,1.72
780600.0,0.01258934,0.0,2.064
780678.0,0.01004971,0.0,2.064
780757.0,0.00400537,0.0,2.064
780835.0,0.01614475,0.0,2.064
780913.0,0.02102095,0.0,2.064
780991.0,-5.803e-05,0.0,1.376
781069.0,0.00872906,0.0,2.064
781147.0,0.01192905,0.0,2.064
781225.0,0.01106556,0.0,2.752
781304.0,0.01914161,0.0,2.064
781382.0,0.01904001,0.0,2.752
781460.0,0.04616341,0.0,2.752
781538.0,0.01685595,0.0,2.064
781616.0,0.00664667,0.0,2.408
781694.0,0.0197003,0.0,2.752
781772.0,0.02290029,0.0,2.408
781850.0,0.00202451,0.0,2.408
781929.0,0.00227832,0.0,2.064
782007.0,0.0295034,0.0,2.408
782085.0,0.00761169,0.0,2.752
782163.0,0.01777027,0.0,2.408
782241.0,0.01985274,0.0,2.408
782319.0,0.00111018,0.0,2.408
782397.0,0.02320501,0.0,2.064
782475.0,0.00893226,0.0,2.408
782553.0,0.03443021,0.0,2.408
782631.0,0.01817652,0.0,2.408
782710.0,0.01792256,0.0,2.064
782788.0,0.02041142,0.0,2.408
782866.0,0.02132567,0.0,2.064
782944.0,0.01482417,0.0,2.064
783022.0,0.00151651,0.0,2.064
783100.0,0.03412549,0.0,1.72
783178.0,0.01436716,0.0,2.064
783256.0,0.03387152,0.0,2.064
783334.0,0.00557991,0.0,2.064
783413.0,0.00888142,0.0,2.064
783491.0,0.01502744,0.0,2.064
783569.0,0.02274785,0.0,1.72
783647.0,0.01650038,0.0,2.064
783725.0,0.0178718,0.0,2.064
783803.0,0.03310956,0.0,2.064
783881.0,0.01040528,0.0,1.72
783959.0,-0.00325795,0.0,2.752
784038.0,0.02716682,0.0,2.752
784116.0,0.02036059,0.0,2.752
784194.0,0.01330039,0.0,1.376
784272.0,0.02015746,0.0,2.408
784350.0,0.01538293,0.0,2.752
784428.0,0.01919237,0.0,2.408
784506.0,-0.00081992,0.0,2.408
784584.0,0.01523057,0.0,2.408
784662.0,-0.00361359,0.0,2.752
784741.0,0.00161803,0.0,2.408
784819.0,0.02726842,0.0,2.408
784897.0,0.02554152,0.0,2.408
784975.0,0.00161803,0.0,2.408
785053.0,0.01644962,0.0,2.064
785131.0,0.03600483,0.0,2.408
785209.0,0.00862754,0.0,2.408
785287.0,0.02498275,0.0,2.408
785365.0,0.00177047,0.0,2.064
785443.0,-0.00193737,0.0,2.064
785522.0,0.00796725,0.0,2.064
785600.0,0.01309727,0.0,2.064
785678.0,0.01614475,0.0,2.064
785756.0,0.01482417,0.0,2.408
785834.0,-0.00087076,0.0,2.408
785912.0,0.04387767,0.0,2.064
785990.0,0.02432247,0.0,2.064
786069.0,-0.01295945,0.0,1.72
786147.0,0.01766867,0.0,1.72
786225.0,0.01584002,0.0,2.064
786303.0,0.0178718,0.0,2.064
786381.0,0.00339584,0.0,2.064
786459.0,0.01675435,0.0,2.064
786537.0,0.01604322,0.0,3.096
786615.0,0.02071615,0.0,3.096
786693.0,0.02295105,0.0,3.096
786772.0,0.02787794,0.0,2.752
786850.0,0.01548446,0.0,2.752
786928.0,0.02274785,0.0,2.752
787006.0,0.01868445,0.0,2.752
787084.0,0.02574472,0.0,2.752
787162.0,0.01721151,0.0,2.408
787240.0,0.0240685,0.0,2.064
787318.0,0.00111018,0.0,2.408
787396.0,0.0197003,0.0,2.408
787475.0,0.00959255,0.0,2.408
787553.0,0.00583387,0.0,2.408
787631.0,0.01152265,0.0,2.408
787709.0,0.0090847,0.0,2.752
787787.0,0.01563689,0.0,2.408
787865.0,0.01279254,0.0,2.408
787943.0,0.04042379,0.0,2.408
788021.0,-0.00935313,0.0,2.064
788100.0,0.01096396,0.0,2.064
788178.0,0.02310341,0.0,2.064
788256.0,0.01147189,0.0,2.408
788334.0,0.03280484,0.0,2.064
788412.0,0.02097019,0.0,2.064
788490.0,-0.0043754,0.0,2.064
788568.0,0.01914161,0.0,2.064
788646.0,0.00659576,0.0,2.408
788724.0,-0.0115372,0.0,2.064
788803.0,0.0245765,0.0,2.064
788881.0,0.02305273,0.0,2.064
788959.0,0.02797962,0.0,2.064
789037.0,0.01131953,0.0,2.064
789115.0,0.0335668,0.0,2.064
789193.0,0.00486886,0.0,2.064
789271.0,0.0220368,0.0,2.064
789349.0,0.03224615,0.0,2.064
789427.0,0.01096396,0.0,2.408
789505.0,0.02863991,0.0,2.064
789584.0,0.00872906,0.0,2.408
789662.0,0.00542762,0.0,2.064
789740.0,0.01319887,0.0,2.064
789818.0,-0.01585464,0.0,2.064
789896.0,0.0334652,0.0,2.064
789974.0,0.02005586,0.0,2.064
790052.0,0.02091935,0.0,2.064
790131.0,0.02249396,0.0,2.408
790209.0,0.01665274,0.0,2.064
790287.0,0.02503359,0.0,2.408
790365.0,0.02782711,0.0,2.064
790443.0,-0.00356275,0.0,2.408
790521.0,0.00324356,0.0,2.408
790599.0,-0.01006426,0.0,1.72
790677.0,0.02320501,0.0,2.064
790755.0,0.03239859,0.0,2.064
790833.0,0.02401774,0.0,2.064
790912.0,-0.00975953,0.0,2.408
790990.0,0.01345283,0.0,2.408
791068.0,0.01675435,0.0,2.064
791146.0,0.01954786,0.0,2.064
791224.0,0.02081782,0.0,1.376
791302.0,0.02625264,0.0,1.72
791380.0,0.00532595,0.0,1.72
791458.0,0.00502115,0.0,1.72
791537.0,-0.00381671,0.0,1.72
791615.0,0.02940172,0.0,2.064
791693.0,0.00817037,0.0,2.064
791771.0,0.01944634,0.0,1.72
791849.0,0.02127491,0.0,1.72
791927.0,0.02518595,0.0,1.72
792005.0,0.00319264,0.0,1.72
792083.0,0.01599246,0.0,1.72
792162.0,0.00476733,0.0,1.72
792240.0,0.02726842,0.0,2.064
792318.0,0.02589708,0.0,1.72
792396.0,0.0200051,0.0,1.72
792474.0,0.00385301,0.0,2.064
792552.0,0.0205131,0.0,2.064
792630.0,0.00781481,0.0,1.72
792708.0,0.03006201,0.0,1.72
792786.0,0.01837972,0.0,2.064
792864.0,0.02813191,0.0,2.064
792943.0,0.0103036,0.0,2.408
793021.0,0.02061462,0.0,2.064
793099.0,0.04220161,0.0,2.064
793177.0,0.01208134,0.0,2.064
793255.0,0.00679888,0.0,2.064
793333.0,0.01584002,0.0,2.064
793411.0,0.00893226,0.0,2.064
793489.0,0.0198019,0.0,2.064
793568.0,-0.02545446,0.0,2.064
793646.0,0.01558613,0.0,2.064
793724.0,0.02223993,0.0,2.064
793802.0,0.00370057,0.0,2.064
793880.0,0.02604937,0.0,2.064
793958.0,0.01863368,0.0,2.064
794036.0,-0.00178509,0.0,2.064
794114.0,0.01512897,0.0,1.72
794193.0,0.02503359,0.0,2.064
794271.0,0.01543377,0.0,2.064
794349.0,0.01319887,0.0,2.064
794427.0,0.01959877,0.0,2.064
794505.0,0.0132497,0.0,2.064
794583.0,0.01858285,0.0,2.064
794661.0,0.03432861,0.0,2.064
794739.0,0.00537671,0.0,2.064
794817.0,-0.00376595,0.0,2.064
794896.0,0.02706529,0.0,2.064
794974.0,0.00883074,0.0,2.064
795052.0,0.00959255,0.0,1.72
795130.0,0.0091863,0.0,1.72
795208.0,0.05926795,0.0,1.72
795286.0,0.0357001,0.0,1.72
795364.0,0.01497661,0.0,1.72
795442.0,0.03183982,0.0,1.72
795520.0,0.01731311,0.0,1.72
795598.0,0.01904001,0.0,1.72
795677.0,0.0178718,0.0,1.72
795755.0,0.04773795,0.0,1.72
795833.0,0.00710376,0.0,2.064
795911.0,0.02858907,0.0,2.064
795989.0,0.03331276,0.0,1.72
796067.0,0.02559235,0.0,2.064
796145.0,0.02264625,0.0,1.72
796223.0,0.00938943,0.0,1.72
796302.0,0.00659576,0.0,2.064
796380.0,0.01924313,0.0,1.72
796458.0,0.01116716,0.0,1.72
796536.0,0.01355443,0.0,1.72
796614.0,0.02066539,0.0,1.72
796692.0,0.01192905,0.0,1.376
796770.0,0.02097019,0.0,1.376
796848.0,0.04311578,0.0,1.72
796927.0,0.01289414,0.0,1.376
797005.0,0.0205131,0.0,2.064
797083.0,0.00227832,0.0,1.72
797161.0,0.02020822,0.0,2.408
797239.0,0.00542762,0.0,2.752
797317.0,0.0215288,0.0,2.064
797395.0,-0.00686434,0.0,2.064
797473.0,0.02442399,0.0,2.408
797551.0,0.00827197,0.0,2.408
797629.0,0.00349737,0.0,2.408
797708.0,0.01411312,0.0,2.408
797786.0,-0.01204512,0.0,3.096
797864.0,0.01858285,0.0,2.064
797942.0,0.00588471,0.0,2.408
798020.0,0.02244313,0.0,2.064
798098.0,0.04484276,0.0,2.064
798176.0,0.02274785,0.0,2.752
798255.0,0.02127491,0.0,2.064
798333.0,0.03077313,0.0,2.064
798411.0,0.02427178,0.0,3.096
798489.0,0.01385915,0.0,2.752
798567.0,0.00710376,0.0,2.408
798645.0,0.02041142,0.0,2.408
798723.0,0.03646199,0.0,2.408
798801.0,0.01614475,0.0,2.408
798879.0,0.02782711,0.0,2.064
798957.0,0.02797962,0.0,2.064
799036.0,0.01543377,0.0,2.752
799114.0,0.01040528,0.0,2.064
799192.0,0.01431624,0.0,2.064
799270.0,0.02132567,0.0,2.064
799348.0,0.00690049,0.0,2.408
799426.0,0.00380217,0.0,2.064
799504.0,0.04519832,0.0,2.408
799582.0,0.01660198,0.0,2.064
799660.0,0.0041069,0.0,2.064
799739.0,0.02244313,0.0,2.408
799817.0,0.0240685,0.0,2.064
799895.0,0.04372539,0.0,2.064
799973.0,0.02345898,0.0,2.408
800051.0,0.01121785,0.0,2.064
800129.0,0.01431624,0.0,2.064
800207.0,0.01690671,0.0,2.064
800285.0,0.00700209,0.0,2.064
800364.0,0.01634802,0.0,2.408
800442.0,0.00649416,0.0,2.064
800520.0,0.03204302,0.0,2.064
800598.0,0.02066539,0.0,2.064
800676.0,0.01949717,0.0,2.064
800754.0,0.01548446,0.0,2.064
800832.0,0.03204302,0.0,2.064
800910.0,0.00913546,0.0,2.064
800988.0,0.0103036,0.0,2.408
801067.0,0.00801794,0.0,2.064
801145.0,0.01355443,0.0,2.064
801223.0,0.02112255,0.0,2.064
801301.0,0.02508435,0.0,1.72
801379.0,0.00786565,0.0,2.064
801457.0,0.00862754,0.0,2.064
801535.0,0.0063418,0.0,2.064
801613.0,0.0103036,0.0,2.064
801691.0,-0.00224217,0.0,2.408
801770.0,0.01299567,0.0,2.064
801848.0,-0.00259766,0.0,2.064
801926.0,0.00730696,0.0,1.72
802004.0,-0.00137861,0.0,2.064
802082.0,0.01208134,0.0,1.72
802160.0,0.01507821,0.0,2.408
802238.0,-0.00234385,0.0,1.72
802316.0,0.01985274,0.0,1.72
802394.0,0.0103036,0.0,2.064
802473.0,0.00476733,0.0,1.376
802551.0,0.02198596,0.0,2.064
802629.0,0.01187829,0.0,2.064
802707.0,0.0110148,0.0,1.72
802785.0,0.00791641,0.0,2.064
802863.0,0.01949717,0.0,2.064
802941.0,0.02904616,0.0,2.064
803019.0,0.02635417,0.0,1.72
803098.0,0.01482417,0.0,2.064
803176.0,0.00786565,0.0,2.408
803254.0,0.01497661,0.0,2.064
803332.0,0.02020822,0.0,2.408
803410.0,0.00811954,0.0,1.72
803488.0,-0.00366443,0.0,1.72
803566.0,0.03681748,0.0,2.064
803644.0,0.00375141,0.0,2.064
803722.0,0.01116716,0.0,2.408
803801.0,0.01934474,0.0,2.064
803879.0,0.00080545,0.0,1.376
803957.0,0.01710998,0.0,2.064
804035.0,0.03503981,0.0,2.064
804113.0,0.00014517,0.0,1.72
804191.0,0.04418247,0.0,2.408
804269.0,0.02924936,0.0,2.064
804347.0,4.349e-05,0.0,1.72
804426.0,0.01573849,0.0,2.064
804504.0,0.02066539,0.0,1.72
804582.0,0.01345283,0.0,1.72
804660.0,0.02533832,0.0,1.72
804738.0,0.01893841,0.0,2.064
804816.0,0.01863368,0.0,2.408
804894.0,0.03265247,0.0,2.064
804972.0,0.01939557,0.0,2.064
805050.0,0.00817037,0.0,2.064
805129.0,0.03580163,0.0,2.064
805207.0,0.03722388,0.0,2.408
805285.0,-0.00183577,0.0,2.064
805363.0,0.01299567,0.0,2.064
805441.0,0.02249396,0.0,2.064
805519.0,0.02488123,0.0,1.376
805597.0,0.01289414,0.0,2.064
805675.0,0.02015746,0.0,2.064
805753.0,0.00065302,0.0,2.408
805832.0,0.02254473,0.0,2.064
805910.0,-0.00376595,0.0,2.064
805988.0,0.00791641,0.0,1.72
806066.0,0.0087799,0.0,2.064
806144.0,0.00872906,0.0,1.72
806222.0,-0.00076916,0.0,2.408
806300.0,0.01985274,0.0,2.064
806378.0,-0.00478173,0.0,2.064
806456.0,0.00461482,0.0,2.064
806535.0,0.00100858,0.0,2.064
806613.0,0.01726227,0.0,1.72
806691.0,0.01934474,0.0,2.408
806769.0,0.01010048,0.0,2.064
806847.0,0.01533217,0.0,1.72
806925.0,0.00532595,0.0,1.376
807003.0,0.00268479,0.0,2.064
807081.0,0.01543377,0.0,1.72
807159.0,0.03844293,0.0,2.064
807238.0,0.0219352,0.0,2.064
807316.0,0.00258319,0.0,2.064
807394.0,0.01228454,0.0,2.064
807472.0,0.00649416,0.0,2.064
807550.0,0.02747154,0.0,2.064
807628.0,-0.00386755,0.0,1.72
807706.0,0.00872906,0.0,2.064
807785.0,0.01604322,0.0,1.376
807863.0,0.01421472,0.0,2.064
807941.0,0.00425926,0.0,2.064
808019.0,0.01893841,0.0,2.064
808097.0,0.01472264,0.0,1.72
808175.0,0.03437945,0.0,2.064
808253.0,0.01055756,0.0,1.376
808331.0,0.00075462,0.0,1.376
808409.0,0.00974499,0.0,1.72
808487.0,0.00944019,0.0,1.72
808566.0,0.02549068,0.0,1.72
808644.0,0.01096396,0.0,1.72
808722.0,0.0355985,0.0,1.72
808800.0,-0.00742295,0.0,1.72
808878.0,0.02747154,0.0,2.064
808956.0,0.02518595,0.0,1.72
809034.0,0.01802408,0.0,1.72
809112.0,0.05164899,0.0,1.376
809191.0,0.04210001,0.0,1.376
809269.0,0.01578933,0.0,2.064
809347.0,0.02356058,0.0,1.376
809425.0,-0.00056603,0.0,2.064
809503.0,0.03031605,0.0,1.72
809581.0,0.01680511,0.0,1.72
809659.0,0.01914161,0.0,2.064
809737.0,0.01741471,0.0,2.064
809815.0,0.00552915,0.0,2.064
809894.0,0.02137651,0.0,1.72
809972.0,0.01904001,0.0,2.064
810050.0,0.01553529,0.0,2.064
810128.0,0.01406236,0.0,2.064
810206.0,0.03260171,0.0,2.064
810284.0,0.02711613,0.0,2.064
810362.0,-0.00376595,0.0,2.064
810440.0,0.01416388,0.0,2.064
810518.0,0.02620181,0.0,2.064
810597.0,0.0259986,0.0,2.064
810675.0,0.0110148,0.0,2.064
810753.0,0.0126401,0.0,2.064
810831.0,0.01360512,0.0,2.064
810909.0,0.01467188,0.0,2.064
810987.0,0.02295105,0.0,2.752
811065.0,0.02498275,0.0,2.064
811143.0,0.01451944,0.0,2.752
811221.0,0.01228454,0.0,2.408
811300.0,0.02117339,0.0,2.752
811378.0,0.01578933,0.0,3.096
811456.0,0.0198019,0.0,2.064
811534.0,0.02086851,0.0,1.72
811612.0,0.0243733,0.0,1.72
811690.0,0.02010662,0.0,2.752
811768.0,0.02356058,0.0,2.752
811847.0,0.03011285,0.0,2.408
811925.0,0.03224615,0.0,2.408
812003.0,-5.803e-05,0.0,1.72
812081.0,0.01116716,0.0,2.064
812159.0,0.03366832,0.0,2.408
812237.0,0.01690671,0.0,2.408
812315.0,0.01660198,0.0,2.752
812393.0,0.00105934,0.0,2.752
812471.0,0.01543377,0.0,2.408
812549.0,-5.803e-05,0.0,2.064
812628.0,0.0091863,0.0,2.064
812706.0,0.03392236,0.0,2.408
812784.0,0.01142105,0.0,2.064
812862.0,0.01050688,0.0,2.408
812940.0,0.0245765,0.0,2.408
813018.0,0.01319887,0.0,2.408
813096.0,0.00761169,0.0,2.064
813174.0,0.01726227,0.0,1.72
813252.0,0.01868445,0.0,2.408
813331.0,0.01675435,0.0,2.752
813409.0,-7.27e-06,0.0,2.408
813487.0,0.02625264,0.0,2.408
813565.0,-0.00508653,0.0,2.064
813643.0,0.02589708,0.0,2.408
813721.0,0.02467803,0.0,2.064
813799.0,0.02076691,0.0,2.408
813877.0,0.00324356,0.0,2.064
813956.0,0.01959877,0.0,1.72
814034.0,0.01893841,0.0,2.064
814112.0,0.01126876,0.0,2.064
814190.0,0.06063936,0.0,2.064
814268.0,0.01873528,0.0,2.064
814346.0,0.03920474,0.0,2.064
814424.0,-0.00361359,0.0,2.408
814502.0,0.01782096,0.0,1.72
814580.0,0.02081782,0.0,2.064
814659.0,0.02528748,0.0,2.064
814737.0,0.01523057,0.0,2.064
814815.0,0.01843056,0.0,2.064
814893.0,0.01131953,0.0,2.752
814971.0,0.01294483,0.0,2.064
815049.0,0.01497661,0.0,1.72
815127.0,0.02117339,0.0,1.72
815205.0,0.02808114,0.0,2.064
815283.0,0.00390385,0.0,1.72
815362.0,0.02432247,0.0,2.752
815440.0,-0.00295322,0.0,3.096
815518.0,0.00329424,0.0,2.752
815596.0,0.01919237,0.0,2.408
815674.0,0.01451944,0.0,2.408
815752.0,0.0287922,0.0,2.408
815830.0,0.02071615,0.0,2.408
815908.0,0.01147189,0.0,2.064
815987.0,0.02620181,0.0,2.408
816065.0,0.01609406,0.0,2.408
816143.0,0.01035451,0.0,1.376
816221.0,0.03204302,0.0,1.376
816299.0,0.02579555,0.0,1.72
816377.0,0.00598623,0.0,1.72
816455.0,0.01121785,0.0,1.376
816533.0,0.03366832,0.0,1.376
816611.0,0.02970644,0.0,1.032
816690.0,0.02188436,0.0,1.72
816768.0,0.02488123,0.0,1.72
816846.0,0.02711613,0.0,2.064
816924.0,0.0353953,0.0,2.064
817002.0,0.03285575,0.0,1.72
817080.0,0.01076076,0.0,1.72
817158.0,0.02422094,0.0,1.72
817236.0,0.03031605,0.0,2.064
817315.0,-0.004477,0.0,2.064
817393.0,0.02462719,0.0,2.064
817471.0,0.03412549,0.0,1.72
817549.0,0.01863368,0.0,1.376
817627.0,0.01670351,0.0,2.064
817705.0,-0.00950557,0.0,2.064
817783.0,0.00212603,0.0,2.064
817861.0,0.02742086,0.0,2.064
817939.0,0.04022059,0.0,2.064
818018.0,0.01812576,0.0,2.752
818096.0,0.01517973,0.0,2.752
818174.0,0.00359897,0.0,2.752
818252.0,0.01203065,0.0,2.752
818330.0,0.01584002,0.0,2.752
818408.0,0.0357001,0.0,2.408
818486.0,0.00827197,0.0,2.408
818564.0,0.0087799,0.0,2.408
818642.0,0.02132567,0.0,2.408
818721.0,0.02757322,0.0,2.408
818799.0,0.01106556,0.0,2.752
818877.0,-0.00107388,0.0,1.72
818955.0,0.02909699,0.0,1.72
819033.0,0.02711613,0.0,1.376
819111.0,0.02945256,0.0,1.72
819189.0,0.01675435,0.0,1.72
819267.0,-0.00203897,0.0,1.72
819345.0,0.01609406,0.0,1.72
819424.0,0.01482417,0.0,1.72
819502.0,0.00903379,0.0,1.72
819580.0,-0.00269926,0.0,1.72
819658.0,0.00888142,0.0,1.72
819736.0,0.02264625,0.0,1.72
819814.0,0.02528748,0.0,1.376
819892.0,0.0083735,0.0,2.064
819970.0,-0.00732143,0.0,2.064
820049.0,0.03869674,0.0,2.064
820127.0,0.02401774,0.0,2.064
820205.0,0.00309104,0.0,1.72
820283.0,0.01949717,0.0,2.064
820361.0,0.03117953,0.0,2.064
820439.0,-0.00650878,0.0,2.064
820517.0,0.00669736,0.0,2.064
820595.0,0.03341429,0.0,2.752
820674.0,0.05596636,0.0,1.72
820752.0,0.02132567,0.0,2.408
820830.0,0.02477955,0.0,2.408
820908.0,0.00949103,0.0,2.408
820986.0,0.03443021,0.0,2.408
821064.0,0.0124369,0.0,1.72
821142.0,0.00974499,0.0,2.408
821220.0,0.01858285,0.0,1.376
821298.0,0.01858285,0.0,2.064
821376.0,0.01695755,0.0,2.408
821455.0,-0.00208981,0.0,2.064
821533.0,0.03006201,0.0,2.064
821611.0,-0.00869284,0.0,1.72
821689.0,0.01848132,0.0,1.72
821767.0,0.01888757,0.0,1.72
821845.0,0.02874143,0.0,1.72
821923.0,0.01619566,0.0,1.72
822001.0,0.01822728,0.0,1.72
822080.0,0.02716682,0.0,1.72
822158.0,0.03173822,0.0,1.72
822236.0,0.00979575,0.0,2.064
822314.0,0.02025906,0.0,1.72
822392.0,-0.00742295,0.0,2.064
822470.0,0.00375141,0.0,1.72
822548.0,0.01644962,0.0,2.064
822626.0,0.02752238,0.0,1.72
822704.0,0.00461482,0.0,2.064
822782.0,0.01604322,0.0,1.72
822861.0,0.00497038,0.0,1.376
822939.0,0.01589093,0.0,1.72
823017.0,0.02325578,0.0,2.064
823095.0,-0.00132792,0.0,2.064
823173.0,0.0200051,0.0,2.064
823251.0,0.03183982,0.0,2.064
823329.0,0.00476733,0.0,2.064
823408.0,0.00751001,0.0,2.064
823486.0,0.03712228,0.0,2.064
823564.0,0.02229076,0.0,2.408
823642.0,0.02559235,0.0,2.064
823720.0,0.02569388,0.0,2.408
823798.0,0.02056379,0.0,2.064
823876.0,0.02097019,0.0,2.064
823954.0,0.0103036,0.0,2.064
824032.0,0.0205131,0.0,1.72
824111.0,0.01543377,0.0,2.064
824189.0,0.00298952,0.0,1.376
824267.0,-0.02210218,0.0,2.064
824345.0,0.01680511,0.0,2.064
824423.0,0.00471642,0.0,2.064
824501.0,0.01162425,0.0,2.064
824579.0,0.00664667,0.0,2.064
824657.0,0.01964961,0.0,2.064
824735.0,-0.00752463,0.0,1.72
824813.0,0.01675435,0.0,2.064
824892.0,0.01944634,0.0,1.72
824970.0,0.01096396,0.0,2.064
825048.0,0.00715445,0.0,2.064
825126.0,0.01299567,0.0,2.064
825204.0,0.01914161,0.0,2.064
825282.0,0.00664667,0.0,1.72
825360.0,-0.00208981,0.0,2.064
825438.0,0.04250633,0.0,2.064
825517.0,0.01487501,0.0,2.064
825595.0,0.02721765,0.0,2.064
825673.0,0.02549068,0.0,2.064
825751.0,0.01848132,0.0,2.064
825829.0,0.00395453,0.0,2.064
825907.0,0.00039898,0.0,2.064
825985.0,0.01528133,0.0,2.064
826063.0,0.01817652,0.0,2.064
826142.0,0.00842434,0.0,2.064
826220.0,0.0091863,0.0,1.72
826298.0,-0.00417228,0.0,2.064
826376.0,0.02737002,0.0,2.064
826454.0,0.02498275,0.0,2.064
826532.0,0.01421472,0.0,2.064
826610.0,0.00232923,0.0,2.064
826688.0,0.02229076,0.0,2.064
826766.0,0.0103036,0.0,2.064
826845.0,0.01142105,0.0,2.064
826923.0,0.02071615,0.0,2.064
827001.0,0.03737617,0.0,2.064
827079.0,0.02716682,0.0,2.064
827157.0,0.01208134,0.0,2.064
827235.0,0.01863368,0.0,2.064
827313.0,0.01228454,0.0,1.72
827391.0,0.01904001,0.0,2.064
827469.0,0.01025284,0.0,2.064
827548.0,0.02076691,0.0,2.064
827626.0,0.02676057,0.0,2.064
827704.0,0.01985274,0.0,2.064
827782.0,0.00136414,0.0,2.064
827860.0,0.02239244,0.0,2.408
827938.0,-0.00879437,0.0,2.064
828016.0,-0.01285785,0.0,2.064
828094.0,0.01142105,0.0,2.064
828173.0,0.00293868,0.0,2.064
828251.0,-0.0028517,0.0,2.064
828329.0,0.02411927,0.0,2.064
828407.0,0.02345898,0.0,2.064
828485.0,0.01716067,0.0,2.064
828563.0,-0.00107388,0.0,2.064
828641.0,0.02604937,0.0,2.064
828719.0,0.00227832,0.0,2.064
828797.0,0.02498275,0.0,2.064
828876.0,0.01035451,0.0,2.064
828954.0,0.00684972,0.0,2.064
829032.0,0.02056379,0.0,2.064
829110.0,0.02107171,0.0,2.064
829188.0,0.03260171,0.0,1.72
829266.0,0.02549068,0.0,2.064
829344.0,0.01634802,0.0,1.72
829422.0,0.01279254,0.0,2.064
829500.0,0.0197003,0.0,2.064
829579.0,0.03387152,0.0,2.064
829657.0,-0.00244537,0.0,2.064
829735.0,0.01975114,0.0,2.064
829813.0,0.04027143,0.0,1.72
829891.0,0.00862754,0.0,1.72
829969.0,0.05149663,0.0,2.408
830047.0,0.01558613,0.0,2.752
830125.0,0.01543377,0.0,2.064
830203.0,0.02188436,0.0,2.752
830282.0,0.01563689,0.0,2.752
830360.0,0.01650038,0.0,2.408
830438.0,0.01147189,0.0,2.752
830516.0,0.02945256,0.0,2.408
830594.0,0.02371302,0.0,2.408
830672.0,0.02315425,0.0,2.064
830750.0,0.01584002,0.0,2.408
830828.0,0.02645584,0.0,2.408
830907.0,0.01533217,0.0,2.408
830985.0,0.02970644,0.0,2.408
831063.0,0.02366218,0.0,2.752
831141.0,0.01309727,0.0,2.408
831219.0,0.02422094,0.0,2.408
831297.0,-0.00148021,0.0,2.064
831375.0,0.01914161,0.0,2.408
831453.0,0.0106084,0.0,2.064
831531.0,0.02350974,0.0,2.064
831610.0,0.00690049,0.0,1.72
831688.0,0.02401774,0.0,2.064
831766.0,0.01939557,0.0,2.064
831844.0,0.00339584,0.0,2.064
831922.0,0.02848739,0.0,2.408
832000.0,0.01573849,0.0,2.408
832078.0,0.01934474,0.0,2.064
832156.0,0.0203099,0.0,2.408
832234.0,0.00578318,0.0,1.72
832313.0,0.02483039,0.0,1.72
832391.0,0.00578318,0.0,2.064
832469.0,0.01690671,0.0,2.064
832547.0,-0.01448322,0.0,2.064
832625.0,0.04265862,0.0,2.408
832703.0,0.02884303,0.0,3.096
832781.0,0.02112255,0.0,2.752
832859.0,0.01512897,0.0,2.752
832937.0,0.01345283,0.0,2.752
833016.0,0.02015746,0.0,2.408
833094.0,0.01914161,0.0,2.408
833172.0,0.02178284,0.0,2.408
833250.0,0.0197003,0.0,2.408
833328.0,0.03636039,0.0,2.064
833406.0,0.00979575,0.0,2.408
833484.0,0.01827812,0.0,2.408
833562.0,0.01650038,0.0,1.72
833641.0,0.01975114,0.0,1.72
833719.0,0.02569388,0.0,1.72
833797.0,0.03768096,0.0,1.72
833875.0,0.00126254,0.0,1.376
833953.0,0.01832896,0.0,1.72
834031.0,0.05180135,0.0,2.064
834109.0,0.01365595,0.0,2.064
834187.0,0.03432861,0.0,2.064
834265.0,0.00456413,0.0,2.064
834343.0,0.0240685,0.0,2.064
834422.0,0.02259549,0.0,2.064
834500.0,0.02361142,0.0,2.064
834578.0,0.01421472,0.0,2.064
834656.0,0.00893226,0.0,2.408
834734.0,0.01309727,0.0,1.72
834812.0,0.00486886,0.0,2.064
834890.0,0.01233538,0.0,1.72
834969.0,0.01853208,0.0,1.376
835047.0,0.00964331,0.0,2.408
835125.0,0.01599246,0.0,2.064
835203.0,0.03808737,0.0,2.408
835281.0,0.01822728,0.0,2.064
835359.0,0.02345898,0.0,2.752
835437.0,0.01147189,0.0,2.752
835515.0,0.02249396,0.0,3.096
835593.0,0.03874765,0.0,3.44
835671.0,0.00938943,0.0,2.752
835750.0,0.01502744,0.0,2.752
835828.0,0.02229076,0.0,3.096
835906.0,0.01858285,0.0,2.752
835984.0,0.02731926,0.0,2.752
836062.0,0.02914783,0.0,3.096
836140.0,0.01528133,0.0,2.752
836218.0,0.02874143,0.0,2.752
836296.0,0.02528748,0.0,2.408
836374.0,0.02772558,0.0,2.408
836453.0,0.01345283,0.0,2.752
836531.0,0.03239859,0.0,2.408
836609.0,0.02142727,0.0,2.408
836687.0,0.02752238,0.0,2.752
836765.0,-0.00386755,0.0,3.096
836843.0,0.03971267,0.0,2.408
836921.0,0.01655122,0.0,2.408
836999.0,0.02249396,0.0,2.064
837078.0,0.0205131,0.0,1.72
837156.0,0.01350359,0.0,2.408
837234.0,0.02335745,0.0,2.064
837312.0,0.00649416,0.0,2.408
837390.0,0.01411312,0.0,2.408
837468.0,0.02345898,0.0,2.064
837546.0,0.01203065,0.0,2.408
837624.0,0.00842434,0.0,2.064
837703.0,0.01548446,0.0,2.064
837781.0,0.02335745,0.0,2.408
837859.0,0.02259549,0.0,2.064
837937.0,0.00390385,0.0,2.064
838015.0,0.02315425,0.0,2.752
838093.0,0.01705907,0.0,3.096
838171.0,0.00481802,0.0,2.752
838249.0,0.01380839,0.0,2.408
838328.0,-0.00848964,0.0,2.752
838406.0,0.00578318,0.0,2.408
838484.0,0.00583387,0.0,2.408
838562.0,0.01853208,0.0,2.408
838640.0,0.0132497,0.0,2.408
838718.0,0.0106084,0.0,2.408
838796.0,0.02112255,0.0,2.408
838874.0,0.01863368,0.0,2.408
838952.0,0.02010662,0.0,2.408
839030.0,0.00664667,0.0,2.064
839109.0,0.02477955,0.0,2.408
839187.0,0.02889387,0.0,2.408
839265.0,0.01162425,0.0,2.408
839343.0,0.01700831,0.0,2.408
839421.0,0.00766237,0.0,1.72
839499.0,0.00766237,0.0,2.064
839577.0,0.02996048,0.0,2.064
839655.0,0.00827197,0.0,2.752
839734.0,-0.00097236,0.0,2.064
839812.0,0.01761783,0.0,2.752
839890.0,-0.00066756,0.0,2.064
839968.0,0.02579555,0.0,2.752
840046.0,0.01766867,0.0,2.064
840124.0,0.03671588,0.0,2.752
840202.0,0.02472879,0.0,2.064
840280.0,-0.00081992,0.0,2.408
840358.0,0.0178718,0.0,2.408
840437.0,0.03351604,0.0,2.064
840515.0,0.00913546,0.0,2.064
840593.0,0.01853208,0.0,2.752
840671.0,0.02259549,0.0,2.752
840749.0,0.02858907,0.0,2.408
840827.0,0.00888142,0.0,2.064
840905.0,0.02076691,0.0,2.064
840983.0,0.01563689,0.0,2.064
841061.0,0.0043101,0.0,2.064
841140.0,0.01035451,0.0,2.752
841218.0,0.00497038,0.0,2.064
841296.0,0.00923699,0.0,2.064
841374.0,0.03884918,0.0,2.064
841452.0,0.00166887,0.0,2.064
841530.0,0.02157964,0.0,2.064
841608.0,0.0014149,0.0,2.064
841686.0,0.02543999,0.0,2.064
841765.0,0.00044989,0.0,1.72
841843.0,0.01832896,0.0,2.064
841921.0,0.00481802,0.0,2.064
841999.0,0.01274163,0.0,2.064
842077.0,0.01416388,0.0,2.064
842155.0,0.01614475,0.0,2.064
842233.0,0.00324356,0.0,2.064
842311.0,0.0083735,0.0,2.064
842389.0,0.03493821,0.0,2.064
842468.0,0.01238622,0.0,2.064
842546.0,0.01929405,0.0,1.376
842624.0,0.00964331,0.0,2.064
842702.0,0.0215288,0.0,2.064
842780.0,0.01644962,0.0,2.064
842858.0,0.037427,0.0,1.72
842936.0,0.02838587,0.0,2.064
843014.0,0.00933851,0.0,2.064
843092.0,0.01700831,0.0,2.064
843171.0,0.00659576,0.0,2.064
843249.0,0.03234775,0.0,2.064
843327.0,0.01929405,0.0,2.064
843405.0,0.0044117,0.0,2.064
843483.0,0.03077313,0.0,2.064
843561.0,0.01695755,0.0,2.064
843639.0,0.01954786,0.0,2.064
843717.0,0.01411312,0.0,2.064
843795.0,0.01025284,0.0,1.72
843874.0,0.01751623,0.0,2.064
843952.0,0.01873528,0.0,2.064
844030.0,0.0240685,0.0,2.064
844108.0,0.00847518,0.0,2.064
844186.0,0.02249396,0.0,2.064
844264.0,0.00192283,0.0,1.72
844342.0,0.02005586,0.0,1.72
844420.0,0.02462719,0.0,2.064
844499.0,0.03488738,0.0,2.064
844577.0,0.04590945,0.0,1.72
844655.0,0.02102095,0.0,2.064
844733.0,0.01086229,0.0,2.064
844811.0,0.02564304,0.0,2.064
844889.0,0.01385915,0.0,1.72
844967.0,0.01609406,0.0,2.064
845045.0,0.02528748,0.0,1.376
845123.0,0.02020822,0.0,2.064
845202.0,0.017567,0.0,1.72
845280.0,-0.00909917,0.0,2.064
845358.0,0.00786565,0.0,2.064
845436.0,0.0124369,0.0,2.064
845514.0,0.02223993,0.0,1.72
845592.0,0.00552915,0.0,2.064
845670.0,0.01116716,0.0,2.064
845748.0,0.00933851,0.0,2.064
845826.0,0.01919237,0.0,2.064
845904.0,0.017567,0.0,2.408
845983.0,0.02173215,0.0,1.72
846061.0,0.02020822,0.0,2.064
846139.0,0.02300189,0.0,2.064
846217.0,0.00471642,0.0,2.064
846295.0,0.0124369,0.0,2.064
846373.0,0.01446868,0.0,2.064
846451.0,0.02554152,0.0,1.72
846530.0,0.0131481,0.0,1.72
846608.0,0.02665889,0.0,2.064
846686.0,0.00588471,0.0,2.064
846764.0,0.01512897,0.0,2.064
846842.0,0.03473501,0.0,2.064
846920.0,0.03072237,0.0,2.064
846998.0,0.01177661,0.0,2.064
847076.0,0.03676672,0.0,2.064
847154.0,0.02716682,0.0,1.72
847233.0,0.01330039,0.0,2.064
847311.0,-0.01361973,0.0,2.064
847389.0,0.0313319,0.0,2.064
847467.0,0.02361142,0.0,1.72
847545.0,-0.00899757,0.0,2.064
847623.0,0.0130465,0.0,2.064
847701.0,0.01218302,0.0,1.72
847779.0,0.01924313,0.0,2.064
847857.0,0.00903379,0.0,2.064
847936.0,0.0069514,0.0,2.064
848014.0,0.03056993,0.0,2.064
848092.0,0.00801794,0.0,2.408
848170.0,0.01126876,0.0,2.064
848248.0,0.02808114,0.0,2.408
848326.0,0.02081782,0.0,2.064
848404.0,0.01340199,0.0,2.064
848482.0,0.00740849,0.0,2.408
848560.0,4.349e-05,0.0,2.408
848639.0,0.02117339,0.0,2.064
848717.0,0.00994811,0.0,1.72
848795.0,0.02290029,0.0,1.376
848873.0,0.02208756,0.0,1.72
848951.0,0.02315425,0.0,1.72
849029.0,0.02899547,0.0,2.064
849107.0,0.01700831,0.0,2.064
849185.0,0.03905238,0.0,2.408
849264.0,0.01883689,0.0,1.72
849342.0,0.0178718,0.0,1.72
849420.0,0.01548446,0.0,1.72
849498.0,0.00979575,0.0,2.064
849576.0,0.02107171,0.0,2.064
849654.0,0.01203065,0.0,2.064
849732.0,0.00745925,0.0,2.064
849810.0,0.02990965,0.0,1.72
849888.0,0.02163048,0.0,2.064
849967.0,0.00202451,0.0,1.376
850045.0,0.02325578,0.0,2.064
850123.0,0.00446253,0.0,1.72
850201.0,0.02919859,0.0,1.376
850279.0,0.01147189,0.0,1.72
850357.0,-0.00021047,0.0,2.064
850435.0,0.02254473,0.0,1.72
850513.0,0.01741471,0.0,1.376
850592.0,0.02792878,0.0,1.376
850670.0,0.03503981,0.0,1.72
850748.0,0.01203065,0.0,1.72
850826.0,0.02244313,0.0,1.72
850904.0,0.01543377,0.0,2.064
850982.0,-0.00473096,0.0,2.064
851060.0,0.00994811,0.0,2.064
851138.0,0.00786565,0.0,2.064
851216.0,0.02350974,0.0,1.72
851295.0,0.01233538,0.0,2.064
851373.0,-0.00137861,0.0,2.064
851451.0,-0.00554376,0.0,2.064
851529.0,0.01157349,0.0,2.064
851607.0,0.02274785,0.0,2.064
851685.0,0.00370057,0.0,2.064
851763.0,0.00436086,0.0,2.064
851841.0,0.01319887,0.0,2.408
851919.0,0.01233538,0.0,2.064
851998.0,0.01330039,0.0,2.064
852076.0,0.02173215,0.0,2.408
852154.0,0.0044117,0.0,2.064
852232.0,0.01182745,0.0,2.064
852310.0,0.0174654,0.0,1.72
852388.0,0.00822114,0.0,2.064
852466.0,0.0174654,0.0,2.064
852544.0,0.02325578,0.0,2.064
852622.0,0.01878605,0.0,2.752
852701.0,-0.0087436,0.0,2.408
852779.0,0.00258319,0.0,2.408
852857.0,0.02477955,0.0,2.408
852935.0,0.05149663,0.0,2.064
853013.0,0.00806877,0.0,2.408
853091.0,0.02467803,0.0,2.408
853169.0,0.02102095,0.0,2.064
853247.0,0.0559156,0.0,2.064
853325.0,0.0309255,0.0,2.408
853404.0,0.0203099,0.0,2.064
853482.0,0.04636654,0.0,1.72
853560.0,0.02615097,0.0,1.72
853638.0,0.00842434,0.0,1.72
853716.0,0.04240466,0.0,2.408
853794.0,0.01817652,0.0,2.064
853872.0,0.01340199,0.0,1.72
853950.0,0.01741471,0.0,2.064
854029.0,0.02742086,0.0,2.064
854107.0,0.01548446,0.0,1.72
854185.0,-0.00427388,0.0,2.064
854263.0,0.01919237,0.0,1.72
854341.0,0.02422094,0.0,1.72
854419.0,-0.0046802,0.0,2.752
854497.0,0.01929405,0.0,2.752
854575.0,0.00319264,0.0,2.408
854653.0,0.00913546,0.0,2.408
854732.0,0.0238653,0.0,2.408
854810.0,0.04921097,0.0,1.72
854888.0,0.04433484,0.0,1.72
854966.0,0.02721765,0.0,2.064
855044.0,0.00791641,0.0,2.408
855122.0,0.01457028,0.0,2.752
855200.0,0.02284945,0.0,2.408
855278.0,0.00329424,0.0,2.064
855356.0,0.00456413,0.0,1.72
855435.0,0.026405,0.0,2.064
855513.0,0.01106556,0.0,2.064
855591.0,0.03392236,0.0,2.064
855669.0,0.01680511,0.0,2.064
855747.0,0.02036059,0.0,2.064
855825.0,0.03006201,0.0,2.064
855903.0,0.01817652,0.0,1.72
855981.0,0.00537671,0.0,2.064
856060.0,0.00603707,0.0,2.064
856138.0,0.02676057,0.0,2.064
856216.0,0.02828434,0.0,2.064
856294.0,0.02020822,0.0,2.408
856372.0,0.03041765,0.0,2.064
856450.0,0.02813191,0.0,2.064
856528.0,0.03823973,0.0,2.064
856606.0,0.03463334,0.0,2.064
856684.0,0.05815057,0.0,2.064
856763.0,0.03056993,0.0,2.064
856841.0,0.02467803,0.0,1.72
856919.0,0.00608791,0.0,1.032
856997.0,0.01467188,0.0,1.72
857075.0,0.01721151,0.0,1.72
857153.0,0.02168124,0.0,1.72
857231.0,0.00776405,0.0,2.064
857309.0,0.03798576,0.0,1.72
857388.0,0.02721765,0.0,2.064
857466.0,0.01436716,0.0,2.064
857544.0,0.018075,0.0,1.72
857622.0,0.02163048,0.0,1.72
857700.0,0.01177661,0.0,1.72
857778.0,0.01802408,0.0,2.064
857856.0,0.02366218,0.0,1.376
857934.0,0.02523679,0.0,1.72
858012.0,0.00603707,0.0,1.72
858091.0,-0.00808332,0.0,1.72
858169.0,0.00822114,0.0,1.72
858247.0,0.01822728,0.0,1.72
858325.0,0.01446868,0.0,1.72
858403.0,0.03011285,0.0,1.376
858481.0,0.02117339,0.0,1.72
858559.0,0.02523679,0.0,1.032
858637.0,0.02589708,0.0,1.72
858715.0,0.0349889,0.0,1.72
858793.0,0.02554152,0.0,1.72
858872.0,0.02071615,0.0,1.72
858950.0,0.03300804,0.0,1.72
859028.0,0.02345898,0.0,1.72
859106.0,0.037427,0.0,2.064
859184.0,0.05296964,0.0,2.064
859262.0,0.04403011,0.0,1.72
859340.0,0.02498275,0.0,2.064
859419.0,-0.0006168,0.0,2.064
859497.0,0.02726842,0.0,2.064
859575.0,0.01330039,0.0,1.376
859653.0,0.02427178,0.0,1.72
859731.0,0.02274785,0.0,2.064
859809.0,0.01446868,0.0,1.72
859887.0,0.00055142,0.0,1.72
859965.0,0.01573849,0.0,1.376
860043.0,0.02269716,0.0,1.376
860122.0,0.02320501,0.0,2.064
860200.0,0.03610643,0.0,2.064
860278.0,0.02244313,0.0,2.064
860356.0,0.01385915,0.0,1.72
860434.0,0.03524294,0.0,2.064
860512.0,0.01269094,0.0,1.72
860590.0,0.02330661,0.0,2.064
860668.0,0.01863368,0.0,1.376
860746.0,0.00852594,0.0,2.064
860825.0,0.0173638,0.0,1.376
860903.0,0.02518595,0.0,2.064
860981.0,0.02239244,0.0,2.064
861059.0,0.04616341,0.0,2.064
861137.0,0.01010048,0.0,1.376
861215.0,0.01147189,0.0,2.064
861293.0,0.02838587,0.0,2.064
861371.0,-0.00122632,0.0,2.064
861449.0,0.01116716,0.0,2.064
861528.0,0.01573849,0.0,2.064
861606.0,0.00258319,0.0,2.408
861684.0,0.00705292,0.0,2.064
861762.0,0.02945256,0.0,2.408
861840.0,0.00791641,0.0,2.064
861918.0,0.01065924,0.0,2.064
861996.0,0.01975114,0.0,2.752
862074.0,0.01660198,0.0,2.408
862153.0,0.00639263,0.0,2.752
862231.0,0.02417003,0.0,2.064
862309.0,0.01340199,0.0,2.408
862387.0,0.02371302,0.0,2.064
862465.0,0.02173215,0.0,2.408
862543.0,0.01604322,0.0,2.064
862621.0,0.01954786,0.0,2.064
862699.0,0.01873528,0.0,2.064
862777.0,0.02701453,0.0,2.064
862856.0,0.01365595,0.0,1.72
862934.0,0.00182131,0.0,2.064
863012.0,-0.00117548,0.0,2.408
863090.0,0.02488123,0.0,2.064
863168.0,0.02274785,0.0,2.064
863246.0,-0.00859132,0.0,1.72
863324.0,0.00314188,0.0,1.376
863402.0,0.01883689,0.0,2.064
863480.0,0.01167509,0.0,2.408
863559.0,-0.00960717,0.0,1.72
863637.0,0.0128433,0.0,1.376
863715.0,0.02295105,0.0,1.72
863793.0,-0.00640725,0.0,1.72
863871.0,0.0357001,0.0,2.752
863949.0,0.00832266,0.0,2.064
864027.0,-0.0027501,0.0,1.72
864105.0,-0.00015956,0.0,1.376
864183.0,0.04250633,0.0,1.72
864262.0,0.00222763,0.0,1.376
864340.0,0.01802408,0.0,2.064
864418.0,0.01375755,0.0,2.752
864496.0,0.02731926,0.0,2.064
864574.0,0.0085767,0.0,1.72
864652.0,0.01792256,0.0,2.064
864730.0,0.01228454,0.0,2.064
864808.0,0.02091935,0.0,2.752
864887.0,0.01898932,0.0,2.064
864965.0,0.01533217,0.0,2.752
865043.0,0.0221384,0.0,1.72
865121.0,0.0132497,0.0,1.72
865199.0,0.03036673,0.0,1.376
865277.0,0.00111018,0.0,1.72
865355.0,0.02401774,0.0,1.376
865433.0,0.00938943,0.0,1.72
865511.0,0.0511919,0.0,1.72
865590.0,0.00771321,0.0,1.376
865668.0,0.02833518,0.0,1.72
865746.0,0.00420857,0.0,1.376
865824.0,0.01380839,0.0,1.72
865902.0,0.02833518,0.0,1.72
865980.0,0.026405,0.0,1.72
866058.0,0.00984659,0.0,1.376
866136.0,0.01040528,0.0,1.72
866215.0,0.02503359,0.0,1.72
866293.0,0.02427178,0.0,1.032
866371.0,0.0197003,0.0,1.376
866449.0,0.02345898,0.0,1.72
866527.0,0.01025284,0.0,1.72
866605.0,0.00949103,0.0,1.72
866683.0,-0.0025469,0.0,1.72
866761.0,0.02706529,0.0,2.064
866839.0,0.00364981,0.0,3.096
866918.0,0.00080545,0.0,2.064
866996.0,0.01726227,0.0,2.064
867074.0,0.01685595,0.0,2.064
867152.0,0.03265247,0.0,2.064
867230.0,0.01853208,0.0,2.064
867308.0,0.01253858,0.0,1.72
867386.0,0.01055756,0.0,1.72
867464.0,0.01401152,0.0,2.064
867542.0,0.02762406,0.0,2.064
867620.0,4.349e-05,0.0,2.064
867699.0,0.03224615,0.0,1.72
867777.0,0.0063418,0.0,1.72
867855.0,0.02686209,0.0,1.376
867933.0,0.04215077,0.0,1.376
868011.0,0.02010662,0.0,1.376
868089.0,0.01228454,0.0,1.72
868167.0,0.03295727,0.0,1.376
868245.0,0.00949103,0.0,1.72
868323.0,0.01695755,0.0,1.376
868402.0,0.00928783,0.0,1.72
868480.0,0.02295105,0.0,1.376
868558.0,0.01832896,0.0,1.72
868636.0,0.01853208,0.0,1.72
868714.0,-0.00188661,0.0,1.72
868792.0,0.02985896,0.0,1.72
868870.0,0.02701453,0.0,2.064
868949.0,0.02356058,0.0,1.72
869027.0,0.006545,0.0,2.408
869105.0,0.0090847,0.0,2.752
869183.0,0.03443021,0.0,2.408
869261.0,0.01837972,0.0,2.752
869339.0,0.01507821,0.0,2.408
869417.0,0.01848132,0.0,2.408
869495.0,0.04164284,0.0,2.752
869573.0,0.02259549,0.0,2.408
869651.0,0.01106556,0.0,2.408
869730.0,0.01766867,0.0,2.064
869808.0,0.05779494,0.0,2.064
869886.0,0.00944019,0.0,2.064
869964.0,0.00471642,0.0,2.064
870042.0,0.03453181,0.0,2.064
870120.0,0.01660198,0.0,1.72
870198.0,0.02163048,0.0,2.064
870277.0,0.00872906,0.0,1.376
870355.0,0.01228454,0.0,1.376
870433.0,0.0199035,0.0,2.064
870511.0,0.02996048,0.0,1.72
870589.0,0.01050688,0.0,1.376
870667.0,0.02254473,0.0,1.376
870745.0,0.00832266,0.0,1.72
870823.0,0.00761169,0.0,1.72
870901.0,0.02899547,0.0,1.72
870979.0,0.02340814,0.0,1.72
871058.0,0.00461482,0.0,2.752
871136.0,0.01644962,0.0,2.064
871214.0,0.01609406,0.0,1.72
871292.0,0.01888757,0.0,1.72
871370.0,0.01731311,0.0,1.72
871448.0,0.03006201,0.0,2.064
871526.0,0.02594777,0.0,1.72
871604.0,0.02330661,0.0,2.064
871682.0,0.0295034,0.0,1.376
871761.0,0.02366218,0.0,2.064
871839.0,0.00177047,0.0,2.064
871917.0,0.03148426,0.0,2.064
871995.0,0.01025284,0.0,1.72
872073.0,0.02366218,0.0,2.064
872151.0,0.0085767,0.0,1.72
872229.0,0.01655122,0.0,2.064
872308.0,-0.0084388,0.0,2.064
872386.0,0.01594169,0.0,2.064
872464.0,0.01843056,0.0,2.064
872542.0,0.01934474,0.0,2.064
872620.0,0.01802408,0.0,2.064
872698.0,0.01898932,0.0,1.72
872776.0,0.01248782,0.0,1.72
872854.0,0.01995434,0.0,2.064
872932.0,0.02361142,0.0,1.72
873011.0,0.01995434,0.0,1.72
873089.0,0.00420857,0.0,1.72
873167.0,0.00852594,0.0,1.376
873245.0,0.00232923,0.0,1.72
873323.0,0.01822728,0.0,1.376
873401.0,0.02320501,0.0,1.376
873479.0,0.01421472,0.0,1.72
873557.0,0.04580785,0.0,1.376
873635.0,0.02254473,0.0,1.032
873713.0,0.0238653,0.0,1.72
873792.0,0.01050688,0.0,1.72
873870.0,0.02010662,0.0,1.376
873948.0,0.0126401,0.0,2.064
874026.0,0.02183367,0.0,1.72
874104.0,0.01878605,0.0,1.72
874182.0,0.00243076,0.0,2.064
874260.0,0.0044117,0.0,2.064
874338.0,0.00903379,0.0,2.064
874417.0,0.00801794,0.0,2.064
874495.0,0.00461482,0.0,1.72
874573.0,0.02315425,0.0,2.064
874651.0,0.0237637,0.0,2.064
874729.0,0.00248159,0.0,1.72
874807.0,0.0197003,0.0,2.064
874885.0,0.0205131,0.0,2.064
874963.0,0.02904616,0.0,1.72
875041.0,0.03300804,0.0,1.72
875120.0,0.0178718,0.0,1.72
875198.0,0.01954786,0.0,1.376
875276.0,0.01710998,0.0,1.72
875354.0,0.02310341,0.0,1.72
875432.0,0.03046841,0.0,1.376
875510.0,0.01421472,0.0,1.72
875588.0,0.02584624,0.0,1.72
875666.0,0.01939557,0.0,1.72
875744.0,0.00014517,0.0,1.72
875823.0,0.02300189,0.0,1.72
875901.0,0.03402389,0.0,1.72
875979.0,0.00852594,0.0,1.72
876057.0,0.02325578,0.0,1.72
876135.0,0.0237637,0.0,1.72
876213.0,0.01853208,0.0,2.064
876291.0,0.04656974,0.0,1.72
876369.0,0.02452566,0.0,1.72
876447.0,0.00684972,0.0,1.72
876526.0,0.03310956,0.0,2.064
876604.0,0.02234153,0.0,1.72
876682.0,0.04316662,0.0,2.064
876760.0,0.02508435,0.0,1.72
876838.0,0.01909085,0.0,1.72
876916.0,0.0044117,0.0,2.064
876994.0,0.018075,0.0,1.72
877073.0,0.01213218,0.0,1.72
877151.0,0.01365595,0.0,1.376
877229.0,0.00405613,0.0,1.72
877307.0,0.03189051,0.0,1.376
877385.0,0.0197003,0.0,1.72
877463.0,0.01528133,0.0,2.064
877541.0,0.00664667,0.0,1.72
877619.0,0.01253858,0.0,2.064
877697.0,0.02244313,0.0,1.72
877775.0,0.0044117,0.0,2.064
877854.0,0.0126401,0.0,1.376
877932.0,-0.00630558,0.0,2.064
878010.0,0.02178284,0.0,1.376
878088.0,0.01330039,0.0,1.72
878166.0,0.026405,0.0,1.72
878244.0,0.03209371,0.0,1.72
878322.0,0.0179734,0.0,1.72
878400.0,0.02772558,0.0,1.72
878478.0,0.02477955,0.0,1.376
878557.0,0.00080545,0.0,1.72
878635.0,0.01898932,0.0,1.376
878713.0,0.02803031,0.0,1.376
878791.0,0.0353953,0.0,1.72
878869.0,0.02046219,0.0,1.72
878947.0,0.02401774,0.0,1.72
879025.0,0.01731311,0.0,1.376
879104.0,0.01655122,0.0,1.72
879182.0,0.04987125,0.0,1.72
879260.0,0.02559235,0.0,2.064
879338.0,0.03920474,0.0,1.72
879416.0,0.02696369,0.0,1.376
879494.0,0.00893226,0.0,2.064
879572.0,0.02056379,0.0,2.064
879650.0,-0.00183577,0.0,2.064
879728.0,0.01131953,0.0,1.72
879806.0,0.02970644,0.0,2.064
879885.0,0.00248159,0.0,2.064
879963.0,0.01274163,0.0,1.72
880041.0,0.00994811,0.0,2.408
880119.0,-0.00290246,0.0,1.72
880197.0,0.02147811,0.0,1.376
880275.0,0.02452566,0.0,1.72
880353.0,0.01157349,0.0,2.064
880431.0,0.03082397,0.0,2.064
880509.0,0.02295105,0.0,2.064
880588.0,0.00075462,0.0,2.064
880666.0,0.00872906,0.0,1.72
880744.0,0.01604322,0.0,1.72
880822.0,0.02899547,0.0,2.064
880900.0,0.0237637,0.0,1.72
880978.0,0.02543999,0.0,1.72
881056.0,0.02422094,0.0,1.72
881134.0,0.02208756,0.0,2.064
881213.0,0.0259986,0.0,1.72
881291.0,0.01959877,0.0,1.72
881369.0,0.0205131,0.0,2.064
881447.0,0.00268479,0.0,1.72
881525.0,0.02838587,0.0,2.752
881603.0,0.02036059,0.0,3.096
881681.0,-5.803e-05,0.0,3.44
881759.0,0.00984659,0.0,2.752
881838.0,0.01096396,0.0,3.096
881916.0,0.01614475,0.0,2.752
881994.0,0.01436716,0.0,2.752
882072.0,0.03717304,0.0,2.752
882150.0,0.02899547,0.0,2.752
882228.0,0.01792256,0.0,2.408
882306.0,0.00705292,0.0,2.752
882384.0,0.02295105,0.0,2.408
882462.0,0.00405613,0.0,2.408
882540.0,0.01716067,0.0,3.096
882619.0,0.02432247,0.0,2.408
882697.0,0.00039898,0.0,2.408
882775.0,0.01639878,0.0,2.408
882853.0,0.01441792,0.0,2.408
882931.0,0.01782096,0.0,2.408
883009.0,0.01660198,0.0,2.408
883087.0,0.0220368,0.0,2.408
883165.0,0.00192283,0.0,2.408
883244.0,0.02305273,0.0,2.064
883322.0,0.00288792,0.0,2.064
883400.0,0.02137651,0.0,2.064
883478.0,0.03229699,0.0,2.064
883556.0,0.00938943,0.0,2.064
883634.0,0.02020822,0.0,2.064
883712.0,0.00979575,0.0,2.064
883790.0,0.0238653,0.0,2.064
883869.0,0.03138266,0.0,2.064
883947.0,-0.00366443,0.0,2.064
884025.0,0.03290644,0.0,2.064
884103.0,0.01451944,0.0,2.064
884181.0,0.01162425,0.0,3.096
884259.0,0.00522442,0.0,3.44
884337.0,0.01543377,0.0,3.096
884415.0,0.01553529,0.0,2.752
884493.0,0.01975114,0.0,2.752
884572.0,0.01858285,0.0,2.752
884650.0,0.01893841,0.0,2.752
884728.0,0.02239244,0.0,2.752
884806.0,0.03757944,0.0,2.752
884884.0,0.01944634,0.0,2.408
884962.0,0.02284945,0.0,2.408
885040.0,0.02970644,0.0,2.408
885118.0,0.01594169,0.0,2.752
885196.0,0.00725612,0.0,2.408
885274.0,0.01472264,0.0,2.408
885353.0,0.01533217,0.0,2.408
885431.0,0.0179734,0.0,2.408
885509.0,0.02701453,0.0,2.408
885587.0,0.01451944,0.0,2.064
885665.0,0.01523057,0.0,2.408
885743.0,0.02295105,0.0,2.064
885821.0,0.00522442,0.0,2.408
885899.0,0.00222763,0.0,2.408
885977.0,0.00786565,0.0,2.408
886056.0,0.01919237,0.0,2.064
886134.0,0.02102095,0.0,2.064
886212.0,0.01355443,0.0,2.408
886290.0,-0.00264857,0.0,2.408
886368.0,0.0067482,0.0,2.064
886446.0,0.02066539,0.0,2.064
886524.0,-0.00117548,0.0,2.408
886603.0,0.01710998,0.0,2.064
886681.0,0.00517358,0.0,2.064
886759.0,-0.00341039,0.0,2.408
886837.0,0.03976351,0.0,2.064
886915.0,0.03158578,0.0,3.096
886993.0,0.01619566,0.0,3.096
887071.0,0.03219539,0.0,3.096
887149.0,0.01629718,0.0,3.096
887227.0,0.01477348,0.0,3.096
887305.0,0.0103036,0.0,3.096
887384.0,0.00105934,0.0,2.752
887462.0,0.01995434,0.0,2.752
887540.0,0.03646199,0.0,2.408
887618.0,0.01431624,0.0,2.408
887696.0,0.02813191,0.0,2.408
887774.0,0.03615719,0.0,2.752
887852.0,0.02843671,0.0,2.408
887930.0,0.00618943,0.0,2.408
888009.0,-0.00615322,0.0,2.064
888087.0,0.01629718,0.0,2.408
888165.0,0.026405,0.0,2.064
888243.0,0.01721151,0.0,2.408
888321.0,-0.00335955,0.0,2.408
888399.0,0.01695755,0.0,2.408
888477.0,0.01721151,0.0,2.408
888555.0,0.03072237,0.0,2.408
888634.0,0.01584002,0.0,2.064
888712.0,0.02091935,0.0,2.064
888790.0,0.01045604,0.0,2.064
888868.0,0.0128433,0.0,2.064
888946.0,0.01741471,0.0,2.408
889024.0,0.0200051,0.0,2.064
889102.0,0.01644962,0.0,2.064
889180.0,0.03864605,0.0,2.064
889258.0,0.02137651,0.0,2.064
889336.0,0.00380217,0.0,2.064
889415.0,0.02290029,0.0,2.064
889493.0,0.00557991,0.0,2.064
889571.0,0.03316047,0.0,3.44
889649.0,0.02091935,0.0,3.096
889727.0,0.02178284,0.0,2.752
889805.0,0.01619566,0.0,3.44
889883.0,0.00446253,0.0,3.096
889961.0,0.00974499,0.0,3.784
890040.0,0.0239669,0.0,2.408
890118.0,0.02300189,0.0,2.408
890196.0,0.02503359,0.0,2.408
890274.0,0.01553529,0.0,2.408
890352.0,0.01380839,0.0,3.096
890430.0,0.02513519,0.0,2.408
890508.0,0.0238653,0.0,2.408
890586.0,0.00923699,0.0,2.408
890665.0,0.01939557,0.0,1.72
890743.0,0.00065302,0.0,2.408
890821.0,0.02361142,0.0,2.064
890899.0,0.02086851,0.0,2.064
890977.0,0.0090847,0.0,2.064
891055.0,0.03224615,0.0,2.408
891133.0,0.0215288,0.0,2.064
891211.0,-0.0004136,0.0,2.064
891289.0,0.02447483,0.0,2.064
891367.0,0.01192905,0.0,1.376
891446.0,0.02350974,0.0,2.408
891524.0,0.01624642,0.0,1.72
891602.0,0.01578933,0.0,1.376
891680.0,-0.00290246,0.0,1.72
891758.0,0.03382076,0.0,1.72
891836.0,0.01370679,0.0,1.72
891914.0,-0.00117548,0.0,1.72
891992.0,0.00842434,0.0,2.064
892070.0,-0.00346115,0.0,2.064
892149.0,0.03509058,0.0,1.376
892227.0,0.01477348,0.0,2.064
892305.0,0.02874143,0.0,1.376
892383.0,0.00166887,0.0,1.72
892461.0,0.01543377,0.0,1.376
892539.0,0.01512897,0.0,1.72
892617.0,-0.00097236,0.0,1.72
892696.0,0.02853831,0.0,2.064
892774.0,0.01589093,0.0,1.72
892852.0,0.01898932,0.0,2.064
892930.0,0.02711613,0.0,2.064
893008.0,0.02589708,0.0,2.064
893086.0,0.02305273,0.0,1.72
893164.0,0.01167509,0.0,1.72
893242.0,0.02417003,0.0,1.72
893320.0,0.00182131,0.0,1.72
893399.0,0.01741471,0.0,2.064
893477.0,0.02503359,0.0,2.064
893555.0,-0.02047681,0.0,2.064
893633.0,0.02533832,0.0,2.064
893711.0,0.02884303,0.0,2.064
893789.0,0.02549068,0.0,2.064
893867.0,0.02853831,0.0,2.064
893945.0,0.02432247,0.0,2.064
894023.0,0.01944634,0.0,1.72
894101.0,0.01365595,0.0,1.72
894180.0,0.02168124,0.0,2.064
894258.0,0.01771936,0.0,2.064
894336.0,0.02848739,0.0,2.064
894414.0,0.0131481,0.0,2.064
894492.0,0.01096396,0.0,2.064
894570.0,0.01975114,0.0,2.064
894648.0,0.03067153,0.0,2.064
894726.0,0.01197982,0.0,2.064
894805.0,0.02223993,0.0,2.064
894883.0,0.0130465,0.0,1.72
894961.0,0.00842434,0.0,2.064
895039.0,0.01502744,0.0,2.064
895117.0,0.02442399,0.0,1.72
895195.0,0.03285575,0.0,2.064
895273.0,0.01563689,0.0,2.408
895351.0,0.01700831,0.0,2.064
895430.0,0.02787794,0.0,2.064
895508.0,0.01741471,0.0,2.408
895586.0,0.0205131,0.0,2.408
895664.0,0.01076076,0.0,2.064
895742.0,0.01482417,0.0,2.064
895820.0,0.01203065,0.0,2.064
895898.0,-0.01499122,0.0,2.064
895976.0,0.01700831,0.0,2.408
896054.0,0.03067153,0.0,2.064
896132.0,0.00933851,0.0,1.72
896211.0,0.00034829,0.0,2.064
896289.0,0.02284945,0.0,1.376
896367.0,0.0373254,0.0,2.064
896445.0,0.03905238,0.0,1.72
896523.0,0.02157964,0.0,1.72
896601.0,0.03158578,0.0,1.72
896679.0,0.02025906,0.0,1.72
896757.0,0.02091935,0.0,1.72
896836.0,0.01345283,0.0,1.72
896914.0,0.032754,0.0,2.408
896992.0,0.01705907,0.0,2.064
897070.0,0.04103324,0.0,2.064
897148.0,0.0200051,0.0,2.408
897226.0,0.00898303,0.0,2.064
897304.0,0.03529362,0.0,2.064
897382.0,0.01716067,0.0,2.408
897461.0,0.02589708,0.0,2.064
897539.0,-0.0028517,0.0,2.752
897617.0,0.00055142,0.0,2.064
897695.0,0.01467188,0.0,3.096
897773.0,0.02356058,0.0,2.064
897851.0,-0.01316265,0.0,2.408
897929.0,0.0130465,0.0,2.408
898007.0,0.01777027,0.0,2.408
898085.0,0.01675435,0.0,1.72
898164.0,0.01487501,0.0,2.408
898242.0,0.01223378,0.0,2.408
898320.0,0.0051229,0.0,2.408
898398.0,0.01517973,0.0,2.064
898476.0,0.00786565,0.0,2.408
898554.0,0.02645584,0.0,1.72
898632.0,0.03712228,0.0,2.064
898710.0,0.01004971,0.0,2.408
898788.0,0.03590323,0.0,2.408
898866.0,0.02234153,0.0,2.064
898945.0,0.02874143,0.0,2.408
899023.0,0.02670973,0.0,2.408
899101.0,0.00954171,0.0,3.096
899179.0,0.03366832,0.0,3.096
899257.0,0.01975114,0.0,2.064
899335.0,0.02345898,0.0,2.064
899413.0,0.03001117,0.0,2.064
899492.0,-0.0068135,0.0,2.064
899570.0,0.01507821,0.0,2.752
899648.0,0.02183367,0.0,2.408
899726.0,0.0045133,0.0,2.408
899804.0,0.02803031,0.0,2.408
899882.0,0.02269716,0.0,2.408
899960.0,0.03696984,0.0,2.408
900038.0,0.00730696,0.0,2.064
900116.0,0.02665889,0.0,1.72
900194.0,0.00171963,0.0,2.064
900273.0,0.02427178,0.0,2.752
900351.0,0.02904616,0.0,2.064
900429.0,0.0179734,0.0,2.064
900507.0,0.01558613,0.0,2.064
900585.0,0.01695755,0.0,2.064
900663.0,0.02533832,0.0,2.408
900741.0,0.01589093,0.0,2.408
900819.0,0.0203099,0.0,2.752
900897.0,0.0219352,0.0,2.408
900976.0,0.02112255,0.0,2.064
901054.0,0.01451944,0.0,2.064
901132.0,0.02290029,0.0,2.064
901210.0,0.01751623,0.0,2.064
901288.0,0.02884303,0.0,2.408
901366.0,0.01995434,0.0,2.064
901444.0,0.010202,0.0,2.064
901523.0,-0.00173425,0.0,2.064
901601.0,0.02909699,0.0,2.064
901679.0,0.01873528,0.0,2.064
901757.0,0.02269716,0.0,2.752
901835.0,0.03224615,0.0,2.064
901913.0,0.01827812,0.0,2.752
901991.0,0.032754,0.0,2.064
902069.0,0.02853831,0.0,2.064
902147.0,0.017567,0.0,1.72
902226.0,0.01853208,0.0,2.064
902304.0,-0.02906078,0.0,1.72
902382.0,0.01568773,0.0,2.064
902460.0,0.02838587,0.0,1.72
902538.0,0.01710998,0.0,2.064
902616.0,0.00847518,0.0,2.064
902694.0,0.03001117,0.0,1.72
902772.0,0.00461482,0.0,2.064
902850.0,0.01436716,0.0,1.72
902929.0,-0.0139753,0.0,1.72
903007.0,0.00395453,0.0,2.064
903085.0,0.01837972,0.0,2.064
903163.0,-0.01031814,0.0,2.064
903241.0,0.01832896,0.0,1.72
903319.0,0.01380839,0.0,1.72
903397.0,0.02742086,0.0,1.72
903475.0,0.02970644,0.0,2.064
903553.0,0.01218302,0.0,1.72
903631.0,0.02269716,0.0,1.72
903710.0,0.0043101,0.0,2.064
903788.0,0.01700831,0.0,1.72
903866.0,0.01888757,0.0,1.376
903944.0,0.01858285,0.0,2.064
904022.0,0.01832896,0.0,1.72
904100.0,0.00974499,0.0,1.72
904178.0,-0.00087076,0.0,2.064
904257.0,0.01700831,0.0,2.064
904335.0,0.03316047,0.0,2.408
904413.0,0.02945256,0.0,2.408
904491.0,0.01985274,0.0,2.064
904569.0,0.04255702,0.0,1.72
904647.0,0.0083735,0.0,2.064
904725.0,0.03107793,0.0,2.064
904803.0,-0.01707369,0.0,2.064
904881.0,0.01975114,0.0,2.064
904960.0,-0.00102312,0.0,2.408
905038.0,0.02909699,0.0,2.064
905116.0,0.01055756,0.0,2.064
905194.0,0.01782096,0.0,1.72
905272.0,0.01848132,0.0,2.064
905350.0,0.00019585,0.0,2.064
905428.0,-0.00772783,0.0,2.064
905506.0,0.02792878,0.0,1.72
905584.0,0.0110148,0.0,2.064
905662.0,0.01619566,0.0,2.064
905741.0,0.01015131,0.0,2.064
905819.0,0.00705292,0.0,1.376
905897.0,0.02924936,0.0,2.064
905975.0,0.02493207,0.0,2.064
906053.0,-0.00056603,0.0,2.064
906131.0,0.0178718,0.0,2.064
906209.0,-0.01681965,0.0,2.752
906288.0,0.01025284,0.0,2.064
906366.0,0.01939557,0.0,2.064
906444.0,0.01670351,0.0,2.064
906522.0,0.03829049,0.0,2.064
906600.0,0.00817037,0.0,2.064
906678.0,0.00827197,0.0,2.064
906756.0,0.03107793,0.0,1.376
906834.0,0.02401774,0.0,2.064
906912.0,-0.00940389,0.0,2.064
906991.0,-0.01168963,0.0,1.72
907069.0,0.02792878,0.0,2.064
907147.0,0.04575701,0.0,1.72
907225.0,0.01827812,0.0,2.752
907303.0,0.01533217,0.0,2.064
907381.0,0.00136414,0.0,2.064
907459.0,0.01218302,0.0,2.064
907537.0,0.00684972,0.0,2.064
907615.0,0.01868445,0.0,2.064
907693.0,0.00309104,0.0,1.72
907772.0,0.01680511,0.0,2.064
907850.0,0.03747791,0.0,2.064
907928.0,0.00014517,0.0,2.064
908006.0,0.01040528,0.0,2.064
908084.0,0.0427603,0.0,1.72
908162.0,0.01629718,0.0,2.064
908240.0,0.02869059,0.0,2.064
908318.0,0.01258934,0.0,2.064
908396.0,0.00466566,0.0,1.72
908475.0,0.010202,0.0,2.064
908553.0,0.04941409,0.0,1.72
908631.0,0.01294483,0.0,2.064
908709.0,0.01269094,0.0,1.376
908787.0,0.02706529,0.0,2.064
908865.0,0.00390385,0.0,2.064
908943.0,0.01604322,0.0,1.376
909022.0,0.00237992,0.0,1.72
909100.0,0.02340814,0.0,1.376
909178.0,0.02919859,0.0,1.72
909256.0,0.01822728,0.0,1.376
909334.0,0.01142105,0.0,1.72
909412.0,0.00959255,0.0,1.72
909490.0,-0.00046443,0.0,2.064
909568.0,0.02823358,0.0,1.72
909646.0,0.02147811,0.0,1.72
909725.0,0.0239669,0.0,1.376
909803.0,0.00024669,0.0,1.72
909881.0,0.0062402,0.0,1.72
909959.0,0.02274785,0.0,1.72
910037.0,0.02290029,0.0,2.064
910115.0,0.00446253,0.0,1.72
910193.0,0.03798576,0.0,2.064
910271.0,0.0128433,0.0,2.064
910349.0,0.026405,0.0,2.064
910427.0,0.02102095,0.0,2.064
910506.0,0.01655122,0.0,2.064
910584.0,0.02279869,0.0,2.064
910662.0,0.010202,0.0,2.064
910740.0,0.0087799,0.0,2.064
910818.0,0.026405,0.0,2.064
910896.0,0.02681126,0.0,2.064
910974.0,0.00563067,0.0,2.064
911053.0,-0.004985,0.0,2.064
911131.0,0.02284945,0.0,2.064
911209.0,0.0354969,0.0,2.752
911287.0,0.01858285,0.0,2.064
911365.0,0.02061462,0.0,2.408
911443.0,0.02427178,0.0,2.064
911521.0,0.01589093,0.0,2.064
911599.0,0.02691293,0.0,2.408
911677.0,0.01015131,0.0,2.408
911755.0,0.01883689,0.0,2.064
911834.0,0.01609406,0.0,2.752
911912.0,0.0063418,0.0,2.408
911990.0,0.0174654,0.0,1.72
912068.0,0.0103036,0.0,2.408
912146.0,0.04037296,0.0,1.72
912224.0,0.02066539,0.0,2.408
912302.0,0.00578318,0.0,2.064
912380.0,0.02244313,0.0,2.064
912458.0,0.01710998,0.0,2.064
912537.0,0.02985896,0.0,2.408
912615.0,0.00842434,0.0,2.408
912693.0,0.01472264,0.0,2.408
912771.0,0.01964961,0.0,2.408
912849.0,0.02635417,0.0,2.408
912927.0,0.01959877,0.0,2.064
913005.0,0.02137651,0.0,2.064
913083.0,0.02472879,0.0,2.064
913162.0,0.0245765,0.0,2.064
913240.0,0.01639878,0.0,2.064
913318.0,0.02315425,0.0,2.064
913396.0,0.02858907,0.0,2.064
913474.0,0.02254473,0.0,2.064
913552.0,0.02036059,0.0,2.064
913630.0,0.01223378,0.0,2.064
913708.0,0.02579555,0.0,2.064
913787.0,0.01812576,0.0,2.064
913865.0,0.03087481,0.0,2.064
913943.0,-0.00351199,0.0,2.064
914021.0,0.00796725,0.0,2.064
914099.0,0.01665274,0.0,2.064
914177.0,-0.00478173,0.0,2.064
914255.0,0.02401774,0.0,2.064
914333.0,0.01832896,0.0,2.064
914411.0,0.02691293,0.0,2.064
914489.0,0.03605559,0.0,2.064
914568.0,0.00867822,0.0,2.064
914646.0,0.0198019,0.0,2.064
914724.0,0.03138266,0.0,1.376
914802.0,0.01065924,0.0,1.72
914880.0,0.02259549,0.0,2.064
914958.0,0.01340199,0.0,2.064
915036.0,0.00258319,0.0,1.376
915114.0,0.02020822,0.0,2.064
915193.0,0.01431624,0.0,2.408
915271.0,0.02198596,0.0,2.408
915349.0,0.00177047,0.0,2.752
915427.0,0.00964331,0.0,2.408
915505.0,0.02381454,0.0,2.064
915583.0,0.00329424,0.0,2.408
915661.0,0.01065924,0.0,2.752
915739.0,0.01203065,0.0,3.096
915818.0,0.02107171,0.0,2.752
915896.0,0.00710376,0.0,2.064
915974.0,0.01614475,0.0,3.096
916052.0,-0.00823575,0.0,2.408
916130.0,0.01878605,0.0,2.408
916208.0,0.0333636,0.0,2.752
916286.0,0.03234775,0.0,2.408
916364.0,0.02229076,0.0,2.408
916442.0,0.00659576,0.0,2.752
916520.0,0.01878605,0.0,1.72
916599.0,0.00720529,0.0,1.72
916677.0,0.02538908,0.0,1.72
916755.0,0.04128728,0.0,1.376
916833.0,0.04885533,0.0,1.72
916911.0,0.03026521,0.0,1.72
916989.0,0.01213218,0.0,1.72
917067.0,0.00745925,0.0,1.72
917146.0,-0.01295945,0.0,1.72
917224.0,0.01863368,0.0,1.72
917302.0,0.00258319,0.0,1.72
917380.0,0.01777027,0.0,1.72
917458.0,0.01837972,0.0,1.72
917536.0,0.01390999,0.0,1.72
917614.0,0.00324356,0.0,2.064
917692.0,0.00070385,0.0,1.72
917770.0,0.00903379,0.0,2.064
917849.0,0.00928783,0.0,2.064
917927.0,-0.00925161,0.0,2.064
918005.0,0.02122407,0.0,2.408
918083.0,0.01695755,0.0,2.064
918161.0,0.02020822,0.0,2.064
918239.0,0.01604322,0.0,3.096
918317.0,0.03503981,0.0,3.096
918395.0,0.03366832,0.0,2.752
918473.0,0.01568773,0.0,3.096
918551.0,0.01827812,0.0,2.752
918630.0,0.01812576,0.0,2.752
918708.0,0.00811954,0.0,2.408
918786.0,0.00060225,0.0,2.752
918864.0,0.03102717,0.0,2.408
918942.0,0.02655737,0.0,2.408
919020.0,0.0219352,0.0,2.408
919098.0,0.02762406,0.0,1.376
919176.0,-0.01097858,0.0,1.376
919255.0,0.01904001,0.0,1.376
919333.0,0.0173638,0.0,1.376
919411.0,0.01578933,0.0,1.376
919489.0,0.0091863,0.0,1.376
919567.0,-5.803e-05,0.0,1.376
919645.0,0.0090847,0.0,1.72
919723.0,0.03067153,0.0,1.376
919801.0,0.01426541,0.0,1.72
919879.0,-0.00203897,0.0,1.376
919958.0,0.04022059,0.0,1.72
920036.0,0.01629718,0.0,1.376
920114.0,0.02218916,0.0,1.72
920192.0,-0.00305482,0.0,1.376
920270.0,0.00791641,0.0,1.72
920348.0,0.00822114,0.0,1.72
920426.0,0.05642352,0.0,1.032
920504.0,0.01868445,0.0,1.72
920582.0,0.03072237,0.0,2.064
920661.0,0.03006201,0.0,2.064
920739.0,0.03844293,0.0,1.032
920817.0,0.01771936,0.0,2.064
920895.0,0.0069514,0.0,2.064
920973.0,0.01594169,0.0,2.064
921051.0,0.00527511,0.0,2.064
921129.0,0.02061462,0.0,2.064
921207.0,0.01802408,0.0,2.064
921286.0,0.0131481,0.0,2.064
921364.0,0.0131481,0.0,2.064
921442.0,0.02828434,0.0,2.408
921520.0,0.01197982,0.0,2.408
921598.0,0.01639878,0.0,1.72
921676.0,0.01299567,0.0,2.064
921754.0,0.02061462,0.0,2.064
921832.0,0.02909699,0.0,1.376
921910.0,0.00542762,0.0,1.72
921989.0,0.01121785,0.0,1.376
922067.0,0.01853208,0.0,1.376
922145.0,0.02076691,0.0,1.376
922223.0,0.03183982,0.0,1.376
922301.0,0.04479192,0.0,1.376
922379.0,0.01934474,0.0,1.72
922457.0,0.01121785,0.0,1.376
922535.0,0.01289414,0.0,1.72
922613.0,0.03768096,0.0,1.72
922692.0,0.00415773,0.0,1.72
922770.0,0.03382076,0.0,1.72
922848.0,0.00024669,0.0,1.376
922926.0,0.02427178,0.0,1.72
923004.0,0.00791641,0.0,2.064
923082.0,0.02477955,0.0,2.064
923160.0,0.01685595,0.0,1.376
923238.0,0.01203065,0.0,1.72
923316.0,0.00883074,0.0,2.064
923395.0,0.0311287,0.0,2.408
923473.0,0.03869674,0.0,2.064
923551.0,0.02594777,0.0,2.064
923629.0,0.02061462,0.0,2.408
923707.0,0.00298952,0.0,1.376
923785.0,0.01914161,0.0,1.72
923863.0,0.01914161,0.0,2.408
923941.0,0.0124369,0.0,2.408
924020.0,0.02528748,0.0,2.408
924098.0,0.0240685,0.0,2.408
924176.0,0.02432247,0.0,2.408
924254.0,0.00872906,0.0,2.064
924332.0,0.01157349,0.0,2.064
924410.0,0.02122407,0.0,2.408
924488.0,-0.00315642,0.0,1.72
924566.0,0.02610028,0.0,1.72
924644.0,0.00608791,0.0,2.064
924723.0,0.02483039,0.0,1.72
924801.0,0.01716067,0.0,1.72
924879.0,0.00801794,0.0,1.72
924957.0,0.01350359,0.0,2.064
925035.0,0.01406236,0.0,2.064
925113.0,0.03448105,0.0,2.064
925191.0,0.02615097,0.0,1.72
925269.0,0.01467188,0.0,2.064
925348.0,-0.00153105,0.0,2.064
925426.0,0.033262,0.0,1.72
925504.0,0.02508435,0.0,2.064
925582.0,0.02411927,0.0,2.064
925660.0,0.01553529,0.0,2.064
925738.0,0.02102095,0.0,2.064
925816.0,0.01289414,0.0,2.064
925894.0,0.01680511,0.0,2.064
925972.0,0.01538293,0.0,2.064
926051.0,0.01812576,0.0,2.064
926129.0,0.03087481,0.0,2.064
926207.0,0.01563689,0.0,2.064
926285.0,0.02645584,0.0,2.064
926363.0,0.03082397,0.0,2.064
926441.0,0.0124369,0.0,1.72
926519.0,0.00898303,0.0,2.064
926597.0,0.01700831,0.0,2.064
926675.0,0.00319264,0.0,2.064
926754.0,-0.00132792,0.0,2.064
926832.0,0.00974499,0.0,2.064
926910.0,0.00304028,0.0,2.064
926988.0,0.00588471,0.0,2.064
927066.0,0.01213218,0.0,2.064
927144.0,0.00730696,0.0,2.064
927222.0,0.03884918,0.0,2.064
927300.0,-0.0156006,0.0,2.064
927379.0,0.01589093,0.0,1.72
927457.0,0.01457028,0.0,2.064
927535.0,0.01517973,0.0,2.064
927613.0,0.01131953,0.0,2.064
927691.0,0.0215288,0.0,2.064
927769.0,0.02528748,0.0,2.064
927847.0,0.01888757,0.0,2.064
927925.0,0.00527511,0.0,2.064
928003.0,0.01949717,0.0,2.064
928082.0,0.00984659,0.0,1.72
928160.0,0.02508435,0.0,2.064
928238.0,-0.01468642,0.0,2.064
928316.0,0.00933851,0.0,2.064
928394.0,0.00111018,0.0,2.064
928472.0,0.02711613,0.0,2.064
928550.0,0.01421472,0.0,2.064
928628.0,0.02234153,0.0,2.064
928706.0,0.01858285,0.0,2.408
928785.0,0.01609406,0.0,2.064
928863.0,-0.00625474,0.0,2.064
928941.0,0.02543999,0.0,2.064
929019.0,0.01502744,0.0,2.064
929097.0,0.00375141,0.0,2.064
929175.0,0.00319264,0.0,2.064
929253.0,0.02538908,0.0,2.064
929331.0,0.01934474,0.0,1.72
929409.0,0.026405,0.0,1.72
929488.0,0.02569388,0.0,2.064
929566.0,0.00415773,0.0,1.72
929644.0,0.02681126,0.0,2.064
929722.0,0.01964961,0.0,2.064
929800.0,0.02188436,0.0,1.72
929878.0,0.02208756,0.0,2.064
929956.0,0.02056379,0.0,2.064
930034.0,0.00791641,0.0,2.064
930113.0,0.01929405,0.0,1.72
930191.0,0.01655122,0.0,2.064
930269.0,0.01467188,0.0,2.408
930347.0,0.01573849,0.0,2.064
930425.0,-0.00584849,0.0,2.064
930503.0,0.01116716,0.0,2.064
930581.0,0.02229076,0.0,2.064
930659.0,0.01868445,0.0,2.064
930737.0,0.02218916,0.0,2.064
930816.0,0.01584002,0.0,2.064
930894.0,0.03448105,0.0,2.064
930972.0,0.00304028,0.0,2.064
931050.0,0.02625264,0.0,2.064
931128.0,0.02996048,0.0,2.408
931206.0,-0.00371511,0.0,2.064
931284.0,0.01446868,0.0,2.064
931362.0,0.02264625,0.0,2.408
931440.0,0.02472879,0.0,2.064
931519.0,0.02711613,0.0,2.064
931597.0,0.02122407,0.0,1.72
931675.0,0.0239669,0.0,2.064
931753.0,0.00349737,0.0,1.72
931831.0,0.02163048,0.0,2.064
931909.0,0.01309727,0.0,2.408
931987.0,0.02350974,0.0,1.376
932065.0,0.01187829,0.0,2.064
932143.0,0.03056993,0.0,2.064
932222.0,0.017567,0.0,2.064
932300.0,0.02523679,0.0,2.064
932378.0,0.01924313,0.0,2.064
932456.0,0.04113485,0.0,2.064
932534.0,0.01904001,0.0,1.72
932612.0,0.03376992,0.0,2.064
932690.0,0.02163048,0.0,2.064
932769.0,0.0069514,0.0,2.064
932847.0,0.01309727,0.0,1.72
932925.0,0.01416388,0.0,2.752
933003.0,0.02442399,0.0,3.096
933081.0,0.01441792,0.0,2.752
933159.0,0.02147811,0.0,2.752
933237.0,0.01309727,0.0,2.752
933315.0,0.01655122,0.0,2.752
933393.0,0.04458887,0.0,2.408
933472.0,0.00583387,0.0,2.408
933550.0,0.02305273,0.0,2.408
933628.0,0.0221384,0.0,2.408
933706.0,0.01258934,0.0,2.408
933784.0,0.01731311,0.0,2.408
933862.0,0.04220161,0.0,2.408
933940.0,0.01843056,0.0,2.408
934018.0,0.02107171,0.0,2.064
934096.0,0.02290029,0.0,2.408
934174.0,0.01624642,0.0,2.064
934253.0,-5.803e-05,0.0,2.064
934331.0,0.02716682,0.0,1.376
934409.0,0.01533217,0.0,1.376
934487.0,0.01157349,0.0,1.376
934565.0,0.02366218,0.0,1.376
934643.0,0.01274163,0.0,2.064
934721.0,0.02274785,0.0,2.064
934799.0,0.04423323,0.0,2.064
934878.0,0.02828434,0.0,2.064
934956.0,0.02935088,0.0,2.064
935034.0,0.00395453,0.0,2.064
935112.0,0.03427785,0.0,2.064
935190.0,0.00893226,0.0,2.064
935268.0,0.02696369,0.0,2.064
935346.0,0.0219352,0.0,2.064
935424.0,0.02488123,0.0,2.064
935502.0,0.01858285,0.0,2.064
935581.0,0.00806877,0.0,2.408
935659.0,0.03021445,0.0,2.064
935737.0,0.01208134,0.0,2.752
935815.0,0.0062402,0.0,2.752
935893.0,0.01421472,0.0,2.752
935971.0,0.01929405,0.0,2.752
936049.0,0.02239244,0.0,2.752
936127.0,0.02142727,0.0,2.752
936205.0,0.01390999,0.0,3.44
936284.0,0.00080545,0.0,2.408
936362.0,0.03503981,0.0,3.096
936440.0,0.03818889,0.0,3.096
936518.0,0.02417003,0.0,2.408
936596.0,0.03712228,0.0,2.408
936674.0,0.03722388,0.0,2.064
936752.0,0.02858907,0.0,2.408
936831.0,0.02904616,0.0,2.408
936909.0,0.00273548,0.0,2.408
936987.0,0.02838587,0.0,2.064
937065.0,-0.00879437,0.0,2.408
937143.0,0.02660813,0.0,2.408
937221.0,0.03651268,0.0,2.064
937299.0,0.02686209,0.0,2.064
937377.0,0.0061386,0.0,2.064
937455.0,0.01045604,0.0,2.064
937533.0,0.01355443,0.0,2.064
937612.0,0.01670351,0.0,2.408
937690.0,-0.00894688,0.0,2.408
937768.0,0.02650653,0.0,2.064
937846.0,0.01492569,0.0,2.064
937924.0,0.02483039,0.0,2.064
938002.0,0.02711613,0.0,2.064
938080.0,0.02264625,0.0,1.72
938158.0,-0.00153105,0.0,2.064
938236.0,0.03321123,0.0,1.72
938315.0,0.02874143,0.0,2.064
938393.0,0.0334652,0.0,2.408
938471.0,0.02025906,0.0,2.752
938549.0,0.01609406,0.0,2.752
938627.0,0.02157964,0.0,2.408
938705.0,0.03402389,0.0,2.752
938783.0,0.01634802,0.0,2.408
938862.0,0.02142727,0.0,2.408
938940.0,0.00893226,0.0,2.408
939018.0,0.02178284,0.0,2.408
939096.0,0.01959877,0.0,2.064
939174.0,0.02889387,0.0,2.408
939252.0,0.01822728,0.0,2.408
939330.0,0.02752238,0.0,2.408
939408.0,0.00217679,0.0,2.408
939486.0,0.01792256,0.0,2.064
939564.0,0.02041142,0.0,2.064
939643.0,0.0316367,0.0,2.752
939721.0,0.01639878,0.0,2.408
939799.0,-0.00788012,0.0,1.72
939877.0,0.02823358,0.0,2.064
939955.0,0.01258934,0.0,2.408
940033.0,0.00288792,0.0,2.408
940111.0,0.02041142,0.0,2.408
940189.0,0.01893841,0.0,2.408
940267.0,0.01147189,0.0,2.064
940346.0,-0.01971492,0.0,1.72
940424.0,0.01726227,0.0,2.408
940502.0,0.02046219,0.0,3.096
940580.0,0.01177661,0.0,2.064
940658.0,0.01142105,0.0,2.408
940736.0,0.01538293,0.0,2.064
940814.0,-5.803e-05,0.0,2.752
940892.0,0.00710376,0.0,2.064
940970.0,0.01609406,0.0,2.408
941049.0,0.0043101,0.0,2.064
941127.0,0.00730696,0.0,3.44
941205.0,0.01365595,0.0,2.752
941283.0,0.05972504,0.0,2.752
941361.0,0.03026521,0.0,2.752
941439.0,0.0393571,0.0,3.44
941517.0,0.03270331,0.0,3.44
941596.0,0.03310956,0.0,2.408
941674.0,0.02909699,0.0,2.408
941752.0,0.03503981,0.0,2.408
941830.0,0.00476733,0.0,2.064
941908.0,0.0199035,0.0,2.408
941986.0,0.00974499,0.0,2.408
942064.0,0.01675435,0.0,2.408
942142.0,0.01710998,0.0,2.408
942220.0,0.0315351,0.0,2.408
942298.0,0.01883689,0.0,2.408
942377.0,0.01512897,0.0,2.408
942455.0,-0.00214057,0.0,2.408
942533.0,0.0067482,0.0,2.064
942611.0,0.03768096,0.0,2.064
942689.0,0.00730696,0.0,2.408
942767.0,0.00491962,0.0,2.064
942845.0,0.01629718,0.0,2.064
942923.0,0.01253858,0.0,2.064
943001.0,0.00964331,0.0,2.064
943080.0,0.00954171,0.0,2.408
943158.0,0.00344661,0.0,2.064
943236.0,0.01340199,0.0,2.408
943314.0,-0.00097236,0.0,2.064
943392.0,0.0124369,0.0,1.376
943470.0,0.01959877,0.0,2.064
943548.0,0.01858285,0.0,2.064
943626.0,0.00420857,0.0,2.064
943705.0,-0.00335955,0.0,2.064
943783.0,0.0178718,0.0,2.064
943861.0,0.01517973,0.0,2.064
943939.0,0.01223378,0.0,2.064
944017.0,-0.00356275,0.0,1.376
944095.0,0.03224615,0.0,2.064
944173.0,0.02706529,0.0,1.72
944251.0,0.02147811,0.0,2.064
944329.0,0.02493207,0.0,2.064
944408.0,0.02137651,0.0,2.064
944486.0,0.02356058,0.0,1.376
944564.0,-0.01732758,0.0,2.064
944642.0,0.01675435,0.0,2.064
944720.0,0.0128433,0.0,2.064
944798.0,0.0131481,0.0,2.064
944876.0,0.01893841,0.0,2.064
944954.0,0.02909699,0.0,2.064
945032.0,0.00171963,0.0,2.064
945111.0,0.01675435,0.0,2.064
945189.0,0.00415773,0.0,2.064
945267.0,0.0103036,0.0,2.064
945345.0,0.02889387,0.0,1.72
945423.0,0.03006201,0.0,1.72
945501.0,-0.00122632,0.0,2.408
945579.0,0.01771936,0.0,2.064
945657.0,0.01568773,0.0,2.064
945735.0,0.00852594,0.0,2.064
945814.0,0.01716067,0.0,2.408
945892.0,0.00563067,0.0,2.064
945970.0,-0.01280708,0.0,2.064
946048.0,0.02340814,0.0,2.064
946126.0,0.02315425,0.0,2.064
946204.0,0.02833518,0.0,2.064
946282.0,0.0199035,0.0,2.064
946361.0,0.01563689,0.0,2.064
946439.0,0.0376302,0.0,1.72
946517.0,0.01492569,0.0,2.064
946595.0,0.01888757,0.0,2.064
946673.0,0.00182131,0.0,2.064
946751.0,0.01197982,0.0,1.72
946829.0,0.02696369,0.0,2.064
946907.0,0.02538908,0.0,2.064
946985.0,0.01832896,0.0,1.72
947063.0,0.00715445,0.0,2.064
947142.0,0.02315425,0.0,2.064
947220.0,-0.00036283,0.0,2.064
947298.0,0.01873528,0.0,2.064
947376.0,0.02122407,0.0,1.72
947454.0,0.00994811,0.0,2.064
947532.0,0.00603707,0.0,2.064
947610.0,0.02091935,0.0,2.064
947688.0,0.02371302,0.0,2.064
947767.0,0.01604322,0.0,2.064
947845.0,0.02305273,0.0,2.064
947923.0,-0.0009216,0.0,1.72
948001.0,0.01335123,0.0,2.064
948079.0,0.02828434,0.0,2.064
948157.0,0.01375755,0.0,2.064
948235.0,-0.00579765,0.0,2.408
948313.0,0.01431624,0.0,2.408
948391.0,0.02168124,0.0,2.064
948470.0,0.00730696,0.0,2.408
948548.0,0.01380839,0.0,2.064
948626.0,0.01299567,0.0,1.72
948704.0,0.00263396,0.0,2.064
948782.0,0.02635417,0.0,2.064
948860.0,0.01995434,0.0,2.064
948938.0,-7.27e-06,0.0,2.064
949016.0,0.02737002,0.0,1.72
949095.0,0.01599246,0.0,1.72
949173.0,0.01335123,0.0,2.408
949251.0,0.01680511,0.0,1.72
949329.0,0.01594169,0.0,2.064
949407.0,0.02975736,0.0,1.72
949485.0,0.00883074,0.0,2.064
949563.0,0.02290029,0.0,2.064
949641.0,-0.00772783,0.0,2.064
949719.0,0.02503359,0.0,2.064
949797.0,0.026405,0.0,2.064
949876.0,0.04814435,0.0,2.064
949954.0,0.02076691,0.0,2.064
950032.0,0.01345283,0.0,2.064
950110.0,0.03138266,0.0,2.064
950188.0,0.02808114,0.0,2.064
950266.0,0.01233538,0.0,2.064
950344.0,0.00806877,0.0,2.064
950423.0,0.03371916,0.0,1.376
950501.0,0.01924313,0.0,2.064
950579.0,0.01406236,0.0,1.72
950657.0,0.00568143,0.0,1.72
950735.0,0.00989728,0.0,1.72
950813.0,-0.00655954,0.0,1.72
950891.0,0.01655122,0.0,1.376
950969.0,0.0124369,0.0,1.72
951047.0,0.01045604,0.0,1.376
951125.0,0.03849361,0.0,2.064
951204.0,0.01375755,0.0,2.064
951282.0,0.0393571,0.0,2.064
951360.0,0.01578933,0.0,2.064
951438.0,0.01700831,0.0,2.064
951516.0,0.02620181,0.0,2.064
951594.0,0.02610028,0.0,1.72
951672.0,0.01594169,0.0,2.064
951750.0,0.01309727,0.0,1.72
951829.0,0.00497038,0.0,2.064
951907.0,0.00080545,0.0,2.064
951985.0,0.02676057,0.0,2.064
952063.0,0.02574472,0.0,1.72
952141.0,0.02356058,0.0,2.064
952219.0,0.0315351,0.0,2.064
952297.0,0.00293868,0.0,2.408
952375.0,0.02290029,0.0,2.064
952453.0,0.02990965,0.0,2.064
952532.0,-0.00391831,0.0,1.72
952610.0,0.00527511,0.0,2.064
952688.0,0.04077936,0.0,2.064
952766.0,0.02147811,0.0,2.064
952844.0,0.00999888,0.0,2.064
952922.0,0.02427178,0.0,2.064
953000.0,0.02483039,0.0,2.064
953078.0,0.01914161,0.0,2.064
953156.0,-0.00132792,0.0,1.72
953235.0,0.02391621,0.0,2.064
953313.0,0.01396068,0.0,1.72
953391.0,0.02442399,0.0,2.064
953469.0,0.0085767,0.0,2.064
953547.0,0.01853208,0.0,1.72
953625.0,0.01401152,0.0,1.72
953703.0,0.01482417,0.0,2.064
953781.0,0.02914783,0.0,2.752
953859.0,0.02584624,0.0,2.752
953938.0,0.01126876,0.0,2.408
954016.0,0.01355443,0.0,2.752
954094.0,0.02574472,0.0,2.408
954172.0,0.02163048,0.0,2.752
954250.0,0.01258934,0.0,2.408
954328.0,-0.00325795,0.0,2.408
954406.0,0.01893841,0.0,2.408
954485.0,0.01716067,0.0,2.408
954563.0,0.01944634,0.0,1.72
954641.0,0.02391621,0.0,2.408
954719.0,0.02483039,0.0,2.064
954797.0,0.00497038,0.0,2.064
954875.0,0.00182131,0.0,2.408
954953.0,0.02107171,0.0,2.064
955031.0,-0.00503576,0.0,2.064
955109.0,0.01091313,0.0,2.064
955187.0,0.01111633,0.0,2.064
955266.0,0.03823973,0.0,1.72
955344.0,0.02056379,0.0,2.064
955422.0,0.02315425,0.0,2.064
955500.0,0.03707144,0.0,2.064
955578.0,0.02528748,0.0,1.72
955656.0,0.02320501,0.0,2.064
955734.0,0.02955416,0.0,2.064
955812.0,0.02112255,0.0,2.064
955891.0,0.02894463,0.0,2.408
955969.0,0.0203099,0.0,2.064
956047.0,-0.02215302,0.0,2.408
956125.0,0.00923699,0.0,2.408
956203.0,0.03488738,0.0,2.064
956281.0,0.02452566,0.0,2.064
956359.0,0.02930019,0.0,1.72
956437.0,0.03453181,0.0,2.064
956515.0,-0.01163887,0.0,1.72
956594.0,0.0131481,0.0,1.376
956672.0,0.02498275,0.0,2.064
956750.0,0.00578318,0.0,1.72
956828.0,0.02681126,0.0,1.72
956906.0,0.02604937,0.0,1.032
956984.0,0.00766237,0.0,1.376
957062.0,0.01802408,0.0,1.72
957140.0,0.02701453,0.0,1.72
957218.0,0.01375755,0.0,2.752
957297.0,0.00593547,0.0,2.064
957375.0,0.04281106,0.0,1.72
957453.0,0.01380839,0.0,1.72
957531.0,0.00705292,0.0,1.376
957609.0,-0.00965786,0.0,1.72
957687.0,0.01330039,0.0,1.72
957765.0,-0.00945481,0.0,2.408
957843.0,0.01731311,0.0,2.064
957921.0,0.0287922,0.0,2.064
958000.0,0.01893841,0.0,2.064
958078.0,0.01650038,0.0,2.064
958156.0,0.0130465,0.0,1.376
958234.0,0.00319264,0.0,1.72
958312.0,0.01639878,0.0,2.064
958390.0,0.01700831,0.0,1.72
958468.0,0.01639878,0.0,1.376
958546.0,0.03529362,0.0,1.72
958625.0,0.0197003,0.0,2.064
958703.0,0.02594777,0.0,2.064
958781.0,0.02264625,0.0,2.064
958859.0,0.01350359,0.0,1.72
958937.0,0.01832896,0.0,2.064
959015.0,0.00456413,0.0,1.376
959093.0,0.0205131,0.0,2.064
959171.0,0.00354828,0.0,2.064
959249.0,0.01771936,0.0,1.72
959328.0,0.02990965,0.0,2.064
959406.0,0.01512897,0.0,2.064
959484.0,0.01223378,0.0,2.064
959562.0,0.01609406,0.0,1.72
959640.0,0.01777027,0.0,2.064
959718.0,0.03194142,0.0,1.72
959796.0,0.03641115,0.0,2.064
959874.0,0.02163048,0.0,1.72
959952.0,-0.00081992,0.0,2.064
960031.0,0.03773173,0.0,2.064
960109.0,0.03376992,0.0,2.064
960187.0,0.0131481,0.0,2.064
960265.0,0.02411927,0.0,2.064
960343.0,0.00933851,0.0,2.064
960421.0,-0.01509275,0.0,2.064
960499.0,0.01975114,0.0,2.064
960577.0,0.01873528,0.0,2.064
960655.0,0.0287922,0.0,2.064
960734.0,0.02975736,0.0,2.064
960812.0,0.02990965,0.0,2.064
960890.0,0.03844293,0.0,2.064
960968.0,0.03514134,0.0,2.064
961046.0,0.01462097,0.0,2.064
961124.0,0.01878605,0.0,2.064
961202.0,0.02025906,0.0,2.064
961280.0,0.00608791,0.0,2.064
961359.0,0.00949103,0.0,2.064
961437.0,0.02787794,0.0,2.064
961515.0,0.02178284,0.0,2.064
961593.0,0.02361142,0.0,2.408
961671.0,0.01492569,0.0,2.064
961749.0,0.02686209,0.0,2.064
961827.0,0.00232923,0.0,1.72
961905.0,0.01934474,0.0,1.72
961983.0,0.0205131,0.0,1.72
962061.0,-0.00788012,0.0,2.064
962140.0,0.01832896,0.0,1.376
962218.0,0.01360512,0.0,2.408
962296.0,0.01665274,0.0,1.72
962374.0,0.02366218,0.0,1.72
962452.0,-0.00259766,0.0,1.376
962530.0,0.02112255,0.0,2.408
962608.0,0.01467188,0.0,2.064
962687.0,-0.00574696,0.0,2.752
962765.0,0.0221384,0.0,2.064
962843.0,0.01837972,0.0,2.064
962921.0,0.03798576,0.0,1.72
962999.0,0.00928783,0.0,2.752
963077.0,0.00354828,0.0,2.064
963155.0,0.0045133,0.0,1.72
963233.0,0.01548446,0.0,1.72
963311.0,0.00415773,0.0,1.72
963390.0,0.01782096,0.0,1.72
963468.0,0.0245765,0.0,1.72
963546.0,0.01858285,0.0,2.064
963624.0,0.02284945,0.0,2.064
963702.0,0.03778264,0.0,2.064
963780.0,0.01883689,0.0,2.064
963858.0,0.02975736,0.0,2.064
963936.0,0.02919859,0.0,2.064
964014.0,0.02244313,0.0,2.064
964092.0,0.01197982,0.0,2.064
964171.0,0.03046841,0.0,2.064
964249.0,0.04413163,0.0,2.064
964327.0,0.01766867,0.0,2.064
964405.0,0.00690049,0.0,2.064
964483.0,0.01086229,0.0,2.064
964561.0,0.01477348,0.0,1.72
964639.0,0.00705292,0.0,2.064
964718.0,0.01497661,0.0,2.752
964796.0,0.00776405,0.0,2.064
964874.0,0.02483039,0.0,1.72
964952.0,0.01360512,0.0,2.064
965030.0,0.00070385,0.0,1.72
965108.0,0.02239244,0.0,2.064
965186.0,0.0220368,0.0,2.064
965264.0,0.0215288,0.0,2.408
965342.0,-0.00859132,0.0,2.064
965421.0,0.02305273,0.0,2.064
965499.0,0.04504596,0.0,2.064
965577.0,0.01436716,0.0,2.064
965655.0,0.02930019,0.0,2.064
965733.0,0.01340199,0.0,2.408
965811.0,0.01446868,0.0,2.064
965889.0,0.01431624,0.0,2.064
965967.0,0.02422094,0.0,2.064
966045.0,0.03219539,0.0,1.72
966124.0,0.02894463,0.0,2.064
966202.0,0.01868445,0.0,2.064
966280.0,0.01782096,0.0,2.064
966358.0,0.02498275,0.0,2.064
966436.0,0.01832896,0.0,2.064
966514.0,0.00090698,0.0,1.72
966592.0,0.02081782,0.0,1.72
966670.0,0.02965576,0.0,1.72
966748.0,0.01152265,0.0,1.72
966827.0,0.02305273,0.0,1.72
966905.0,0.02574472,0.0,1.72
966983.0,0.00974499,0.0,2.064
967061.0,0.02279869,0.0,1.72
967139.0,0.01253858,0.0,2.064
967217.0,0.0349889,0.0,2.064
967295.0,0.01563689,0.0,2.064
967373.0,0.02168124,0.0,2.408
967451.0,0.0091863,0.0,2.064
967530.0,0.00806877,0.0,2.064
967608.0,0.00598623,0.0,2.064
967686.0,0.01929405,0.0,2.064
967764.0,0.00715445,0.0,2.064
967842.0,0.01619566,0.0,2.064
967920.0,0.02686209,0.0,2.408
967998.0,0.01543377,0.0,1.376
968076.0,0.0200051,0.0,1.72
968154.0,0.0106084,0.0,1.376
968233.0,0.00639263,0.0,1.72
968311.0,0.00283708,0.0,1.032
968389.0,0.01817652,0.0,1.72
968467.0,-0.00097236,0.0,1.72
968545.0,0.01868445,0.0,1.72
968623.0,0.01258934,0.0,1.72
968701.0,0.0197003,0.0,1.72
968780.0,0.010202,0.0,1.72
968858.0,-0.00127709,0.0,1.72
968936.0,0.00171963,0.0,1.72
969014.0,0.0044117,0.0,1.72
969092.0,0.01228454,0.0,1.72
969170.0,0.01507821,0.0,1.72
969248.0,0.00964331,0.0,1.72
969326.0,0.01431624,0.0,2.064
969404.0,-0.00132792,0.0,2.408
969482.0,0.01670351,0.0,2.752
969561.0,0.00314188,0.0,2.408
969639.0,0.02655737,0.0,2.408
969717.0,0.00552915,0.0,2.408
969795.0,0.02178284,0.0,2.408
969873.0,0.01898932,0.0,2.064
969951.0,0.02239244,0.0,2.408
970029.0,-0.00036283,0.0,2.408
970107.0,0.0091863,0.0,2.064
970186.0,0.03651268,0.0,2.064
970264.0,0.03387152,0.0,2.408
970342.0,0.01639878,0.0,2.064
970420.0,0.02538908,0.0,2.064
970498.0,0.00573235,0.0,2.064
970576.0,0.02645584,0.0,1.376
970654.0,0.02208756,0.0,1.72
970732.0,0.00893226,0.0,2.408
970810.0,0.01644962,0.0,2.064
970889.0,0.0245765,0.0,2.752
970967.0,0.00248159,0.0,1.72
971045.0,0.02630333,0.0,2.064
971123.0,-0.00412144,0.0,2.064
971201.0,0.01446868,0.0,2.064
971279.0,0.01675435,0.0,1.72
971357.0,0.02183367,0.0,1.376
971435.0,0.01177661,0.0,2.064
971514.0,0.0131481,0.0,1.72
971592.0,0.00243076,0.0,1.376
971670.0,0.01639878,0.0,2.064
971748.0,0.02020822,0.0,1.72
971826.0,0.03966198,0.0,1.032
971904.0,0.02869059,0.0,1.376
971982.0,0.0051229,0.0,1.376
972060.0,0.02914783,0.0,1.72
972138.0,0.02488123,0.0,2.408
972216.0,0.00786565,0.0,2.408
972295.0,-0.00838812,0.0,2.408
972373.0,0.02041142,0.0,2.064
972451.0,0.01802408,0.0,2.408
972529.0,0.02036059,0.0,2.408
972607.0,0.00476733,0.0,2.408
972685.0,0.02594777,0.0,2.408
972763.0,0.00862754,0.0,2.408
972841.0,0.03590323,0.0,2.752
972920.0,0.01644962,0.0,2.064
972998.0,0.01680511,0.0,3.096
973076.0,0.00791641,0.0,2.064
973154.0,0.01106556,0.0,1.72
973232.0,0.02066539,0.0,1.72
973310.0,0.02884303,0.0,1.72
973388.0,0.01975114,0.0,1.72
973466.0,0.0373254,0.0,1.72
973544.0,0.01614475,0.0,1.72
973623.0,0.0215288,0.0,1.72
973701.0,0.02615097,0.0,2.408
973779.0,0.02335745,0.0,2.064
973857.0,0.02097019,0.0,1.72
973935.0,0.00867822,0.0,2.064
974013.0,0.02284945,0.0,2.064
974091.0,0.01959877,0.0,2.064
974169.0,0.02300189,0.0,2.064
974247.0,0.01919237,0.0,1.72
974326.0,0.01589093,0.0,1.72
974404.0,0.02777642,0.0,2.064
974482.0,0.02914783,0.0,2.064
974560.0,0.00700209,0.0,2.064
974638.0,0.02930019,0.0,1.72
974716.0,0.01716067,0.0,2.064
974794.0,0.0237637,0.0,1.72
974873.0,0.0197003,0.0,1.72
974951.0,0.01279254,0.0,1.72
975029.0,0.0240685,0.0,1.72
975107.0,0.00913546,0.0,2.752
975185.0,0.02625264,0.0,2.408
975263.0,0.01670351,0.0,2.064
975341.0,-0.00513736,0.0,2.408
975419.0,0.01457028,0.0,2.408
975497.0,0.01827812,0.0,2.064
975575.0,0.02660813,0.0,2.408
975654.0,0.02533832,0.0,2.064
975732.0,0.00715445,0.0,2.064
975810.0,0.02391621,0.0,2.064
975888.0,0.03168746,0.0,2.408
975966.0,0.01868445,0.0,2.064
976044.0,0.00268479,0.0,1.72
976122.0,0.01497661,0.0,1.72
976200.0,0.01619566,0.0,1.72
976279.0,0.05276644,0.0,1.72
976357.0,0.0243733,0.0,2.064
976435.0,0.02366218,0.0,1.72
976513.0,0.03646199,0.0,1.72
976591.0,0.03417632,0.0,1.72
976669.0,0.01253858,0.0,1.376
976747.0,0.03956031,0.0,2.064
976825.0,0.01197982,0.0,1.72
976903.0,0.02742086,0.0,2.064
976981.0,0.01502744,0.0,1.72
977060.0,0.02310341,0.0,2.064
977138.0,0.01777027,0.0,2.064
977216.0,0.02071615,0.0,2.064
977294.0,-0.00513736,0.0,2.064
977372.0,0.02229076,0.0,2.064
977450.0,0.00761169,0.0,1.376
977528.0,-0.00442624,0.0,2.064
977607.0,0.00547831,0.0,2.064
977685.0,0.00715445,0.0,1.72
977763.0,0.00817037,0.0,2.064
977841.0,0.00537671,0.0,1.376
977919.0,0.01528133,0.0,2.064
977997.0,0.00639263,0.0,1.72
978075.0,0.01629718,0.0,2.064
978153.0,0.02477955,0.0,1.72
978231.0,0.01446868,0.0,1.72
978309.0,0.01487501,0.0,1.72
978388.0,0.03173822,0.0,1.376
978466.0,0.02523679,0.0,2.064
978544.0,0.02477955,0.0,1.376
978622.0,0.01497661,0.0,2.064
978700.0,0.01644962,0.0,1.72
978778.0,0.01035451,0.0,2.064
978856.0,0.03600483,0.0,1.376
978934.0,0.00801794,0.0,2.064
979012.0,0.01258934,0.0,2.064
979091.0,0.02442399,0.0,1.376
979169.0,0.00527511,0.0,2.064
979247.0,0.01604322,0.0,2.064
979325.0,0.02259549,0.0,1.72
979403.0,0.00786565,0.0,2.064
979481.0,0.01482417,0.0,1.72
979559.0,0.01675435,0.0,2.064
979637.0,0.02102095,0.0,1.376
979716.0,0.02655737,0.0,1.72
979794.0,0.03453181,0.0,1.72
979872.0,0.01126876,0.0,1.72
979950.0,0.01385915,0.0,2.064
980028.0,-0.00026131,0.0,2.064
980106.0,0.0245765,0.0,1.72
980184.0,0.02427178,0.0,1.72
980262.0,0.01025284,0.0,1.72
980341.0,0.02112255,0.0,1.72
980419.0,0.01909085,0.0,1.72
980497.0,0.02757322,0.0,1.72
980575.0,0.04687446,0.0,1.72
980653.0,0.01665274,0.0,2.064
980731.0,0.0132497,0.0,1.72
980809.0,-0.00838812,0.0,2.064
980887.0,0.0205131,0.0,2.064
980965.0,0.01274163,0.0,2.064
981043.0,0.04636654,0.0,2.064
981122.0,0.0237637,0.0,1.72
981200.0,0.01624642,0.0,2.064
981278.0,-0.00046443,0.0,2.064
981356.0,0.0243733,0.0,1.72
981434.0,0.03407465,0.0,2.408
981512.0,0.00827197,0.0,2.408
981590.0,-0.0027501,0.0,2.064
981668.0,0.03808737,0.0,2.064
981747.0,0.02442399,0.0,2.064
981825.0,0.03021445,0.0,2.064
981903.0,0.02533832,0.0,2.064
981981.0,0.00730696,0.0,1.72
982059.0,0.01091313,0.0,2.064
982137.0,0.0238653,0.0,2.064
982215.0,0.03478577,0.0,2.408
982293.0,0.01441792,0.0,1.72
982371.0,0.01929405,0.0,2.064
982450.0,0.0014149,0.0,2.064
982528.0,0.02554152,0.0,1.376
982606.0,0.0333636,0.0,2.064
982684.0,0.02041142,0.0,2.064
982762.0,0.01680511,0.0,2.064
982840.0,0.03036673,0.0,2.064
982918.0,0.02716682,0.0,2.064
982996.0,0.01700831,0.0,2.064
983075.0,0.01822728,0.0,2.064
983153.0,-0.00483264,0.0,2.064
983231.0,0.00293868,0.0,2.064
983309.0,0.01639878,0.0,2.064
983387.0,0.01441792,0.0,2.064
983465.0,0.01385915,0.0,1.72
983543.0,0.01192905,0.0,2.064
983621.0,0.01563689,0.0,2.064
983699.0,0.01436716,0.0,2.064
983777.0,0.00298952,0.0,2.064
983856.0,0.0103036,0.0,2.408
983934.0,0.01548446,0.0,2.064
984012.0,0.00471642,0.0,2.064
984090.0,0.01619566,0.0,1.72
984168.0,-0.0025469,0.0,2.064
984246.0,0.01909085,0.0,2.064
984324.0,0.03412549,0.0,2.064
984402.0,0.00684972,0.0,2.064
984481.0,0.03046841,0.0,2.408
984559.0,0.01995434,0.0,2.408
984637.0,0.02183367,0.0,2.752
984715.0,0.02274785,0.0,2.752
984793.0,-0.00503576,0.0,2.752
984871.0,0.01477348,0.0,2.408
984949.0,0.02361142,0.0,2.752
985027.0,0.02711613,0.0,2.408
985105.0,0.01777027,0.0,2.408
985184.0,0.00029745,0.0,2.408
985262.0,0.02665889,0.0,2.752
985340.0,0.00888142,0.0,2.064
985418.0,-0.00757539,0.0,2.064
985496.0,-0.00407068,0.0,2.408
985574.0,0.0295034,0.0,2.408
985652.0,0.00405613,0.0,2.064
985730.0,0.02508435,0.0,2.752
985809.0,0.02863991,0.0,2.064
985887.0,0.03214455,0.0,2.064
985965.0,0.00639263,0.0,2.064
986043.0,-0.01768314,0.0,2.064
986121.0,0.02467803,0.0,2.064
986199.0,0.01771936,0.0,2.064
986277.0,0.02792878,0.0,2.064
986355.0,0.00268479,0.0,2.064
986433.0,0.0243733,0.0,2.064
986512.0,0.04636654,0.0,2.064
986590.0,0.02157964,0.0,1.72
986668.0,0.00273548,0.0,2.064
986746.0,0.02757322,0.0,2.064
986824.0,0.00527511,0.0,2.064
986902.0,0.01568773,0.0,2.064
986980.0,0.00862754,0.0,2.064
987058.0,0.00608791,0.0,2.064
987136.0,0.03387152,0.0,2.064
987215.0,0.00888142,0.0,3.096
987293.0,0.01538293,0.0,2.408
987371.0,0.02025906,0.0,2.752
987449.0,0.01142105,0.0,2.408
987527.0,0.01477348,0.0,2.408
987605.0,0.01182745,0.0,2.408
987683.0,0.00095774,0.0,2.752
987761.0,-0.00539133,0.0,2.408
987839.0,0.0051229,0.0,2.408
987918.0,0.03636039,0.0,2.408
987996.0,0.01375755,0.0,2.064
988074.0,0.0106084,0.0,2.408
988152.0,0.03234775,0.0,2.064
988230.0,0.00715445,0.0,2.408
988308.0,0.00705292,0.0,2.064
988386.0,0.0219352,0.0,2.064
988464.0,-0.00376595,0.0,2.064
988543.0,0.06363608,0.0,2.408
988621.0,0.01121785,0.0,2.064
988699.0,0.00182131,0.0,2.408
988777.0,0.01228454,0.0,2.064
988855.0,0.01065924,0.0,2.064
988933.0,0.01050688,0.0,2.064
989011.0,0.01995434,0.0,2.408
989089.0,0.02178284,0.0,2.064
989168.0,0.03940794,0.0,1.72
989246.0,0.00710376,0.0,2.064
989324.0,0.03961107,0.0,2.064
989402.0,0.04753475,0.0,2.064
989480.0,0.02117339,0.0,2.064
989558.0,0.01269094,0.0,1.72
989636.0,0.02061462,0.0,1.376
989714.0,0.01345283,0.0,1.72
989792.0,0.03270331,0.0,2.752
989870.0,0.02295105,0.0,3.096
989949.0,0.01690671,0.0,3.096
990027.0,0.00573235,0.0,2.752
990105.0,0.00547831,0.0,2.752
990183.0,0.01091313,0.0,2.752
990261.0,0.02234153,0.0,2.752
990339.0,0.01883689,0.0,3.096
990417.0,0.01538293,0.0,2.408
990495.0,0.01558613,0.0,2.408
990574.0,0.01655122,0.0,2.408
990652.0,0.01634802,0.0,1.376
990730.0,0.02056379,0.0,2.408
990808.0,-0.00193737,0.0,2.408
990886.0,0.02477955,0.0,2.752
990964.0,0.02239244,0.0,2.408
991042.0,0.01568773,0.0,2.408
991120.0,0.02650653,0.0,2.408
991198.0,0.02670973,0.0,2.408
991277.0,0.02066539,0.0,1.376
991355.0,0.01964961,0.0,2.064
991433.0,0.01553529,0.0,2.064
991511.0,0.01446868,0.0,2.408
991589.0,0.00766237,0.0,1.72
991667.0,0.00999888,0.0,2.064
991745.0,0.01330039,0.0,1.72
991823.0,0.0178718,0.0,2.064
991902.0,0.02508435,0.0,2.064
991980.0,0.01040528,0.0,1.72
992058.0,0.01157349,0.0,1.72
992136.0,0.03290644,0.0,1.72
992214.0,0.01228454,0.0,1.72
992292.0,0.03971267,0.0,2.064
992370.0,0.03966198,0.0,2.064
992448.0,0.01091313,0.0,2.064
992526.0,0.01777027,0.0,2.064
992605.0,0.01558613,0.0,2.064
992683.0,0.03788416,0.0,2.408
992761.0,0.01949717,0.0,2.064
992839.0,0.03371916,0.0,2.408
992917.0,0.00608791,0.0,2.408
992995.0,0.01873528,0.0,2.408
993073.0,0.0240685,0.0,2.408
993151.0,0.02249396,0.0,2.408
993229.0,0.01106556,0.0,2.408
993308.0,0.01665274,0.0,1.72
993386.0,0.03920474,0.0,2.064
993464.0,0.01959877,0.0,2.064
993542.0,-0.00559445,0.0,1.72
993620.0,0.0062402,0.0,2.064
993698.0,0.0239669,0.0,1.72
993776.0,0.02335745,0.0,2.064
993854.0,0.0311287,0.0,2.064
993932.0,0.02066539,0.0,2.064
994011.0,0.00999888,0.0,2.064
994089.0,0.02157964,0.0,2.064
994167.0,0.01406236,0.0,2.064
994245.0,0.01010048,0.0,2.064
994323.0,0.032754,0.0,2.064
994401.0,0.00644347,0.0,2.064
994479.0,0.03204302,0.0,1.72
994557.0,0.01858285,0.0,2.064
994636.0,0.03128106,0.0,2.064
994714.0,0.00055142,0.0,1.376
994792.0,0.02284945,0.0,2.064
994870.0,0.01385915,0.0,2.064
994948.0,-0.00305482,0.0,2.408
995026.0,0.02330661,0.0,2.752
995104.0,0.03493821,0.0,2.752
995182.0,0.00354828,0.0,2.064
995260.0,0.01604322,0.0,2.064
995338.0,0.02061462,0.0,2.752
995417.0,0.0215288,0.0,2.408
995495.0,0.0237637,0.0,2.408
995573.0,0.0106084,0.0,2.064
995651.0,0.02005586,0.0,2.408
995729.0,0.02147811,0.0,2.408
995807.0,0.02681126,0.0,2.408
995885.0,0.01751623,0.0,2.408
995964.0,0.03554766,0.0,2.408
996042.0,0.0243733,0.0,2.408
996120.0,0.0085767,0.0,1.72
996198.0,0.02122407,0.0,2.408
996276.0,0.02863991,0.0,1.72
996354.0,0.03976351,0.0,1.72
996432.0,0.03016368,0.0,1.72
996510.0,0.02112255,0.0,1.72
996588.0,0.02914783,0.0,2.408
996666.0,0.03046841,0.0,2.752
996745.0,0.02787794,0.0,2.408
996823.0,-0.02408304,0.0,2.064
996901.0,0.01436716,0.0,2.064
996979.0,0.01375755,0.0,2.752
997057.0,0.01147189,0.0,2.752
997135.0,0.00822114,0.0,2.408
997213.0,0.0200051,0.0,2.408
997291.0,-0.01636256,0.0,2.064
997370.0,0.00893226,0.0,2.408
997448.0,0.00639263,0.0,2.064
997526.0,0.00329424,0.0,2.408
997604.0,0.0349889,0.0,2.064
997682.0,0.0174654,0.0,2.064
997760.0,0.01782096,0.0,2.064
997838.0,0.02071615,0.0,2.408
997916.0,0.00436086,0.0,2.408
997994.0,0.02081782,0.0,2.408
998072.0,0.00725612,0.0,2.752
998151.0,0.02325578,0.0,2.064
998229.0,0.01909085,0.0,2.752
998307.0,0.03590323,0.0,2.408
998385.0,0.01904001,0.0,2.752
998463.0,0.03046841,0.0,2.064
998541.0,0.01954786,0.0,2.064
998619.0,0.0083735,0.0,2.408
998698.0,-5.803e-05,0.0,2.064
998776.0,0.01792256,0.0,2.064
998854.0,0.0197003,0.0,2.752
998932.0,0.06419484,0.0,2.408
999010.0,0.03087481,0.0,2.064
999088.0,0.03199219,0.0,2.408
999166.0,0.02970644,0.0,2.064
999244.0,0.03016368,0.0,1.72
999322.0,0.01904001,0.0,2.408
999400.0,-0.00503576,0.0,2.408
999479.0,0.02295105,0.0,2.064
999557.0,0.02884303,0.0,2.064
999635.0,0.04067768,0.0,2.064
999713.0,0.02670973,0.0,2.064
999791.0,0.02107171,0.0,2.408
999869.0,0.00344661,0.0,2.408
999947.0,0.0106084,0.0,2.752
1000025.0,0.00385301,0.0,2.064
1000104.0,0.02564304,0.0,2.408
1000182.0,0.01827812,0.0,2.064
1000260.0,0.02615097,0.0,2.064
1000338.0,0.03798576,0.0,2.408
1000416.0,0.02462719,0.0,2.408
1000494.0,0.02884303,0.0,2.408
1000572.0,0.00151651,0.0,2.408
1000650.0,0.00664667,0.0,2.064
1000728.0,0.00984659,0.0,2.408
1000807.0,0.01929405,0.0,2.064
1000885.0,0.0245765,0.0,2.064
1000963.0,0.01436716,0.0,2.752
1001041.0,0.04413163,0.0,2.408
1001119.0,-0.00605169,0.0,2.408
1001197.0,0.01909085,0.0,2.408
1001275.0,0.00994811,0.0,2.408
1001353.0,0.00227832,0.0,2.064
1001432.0,0.01121785,0.0,2.064
1001510.0,0.02102095,0.0,2.064
1001588.0,-5.803e-05,0.0,2.064
1001666.0,0.02914783,0.0,2.064
1001744.0,0.02467803,0.0,2.064
1001822.0,0.01665274,0.0,1.376
1001900.0,0.0013133,0.0,2.408
1001978.0,0.01619566,0.0,1.376
1002056.0,0.00075462,0.0,2.064
1002135.0,0.01568773,0.0,1.376
1002213.0,0.01665274,0.0,2.064
1002291.0,0.03158578,0.0,2.064
1002369.0,0.01502744,0.0,2.064
1002447.0,0.01401152,0.0,2.064
1002525.0,0.00232923,0.0,2.064
1002603.0,0.00639263,0.0,2.064
1002681.0,0.0287922,0.0,2.064
1002759.0,0.02305273,0.0,2.064
1002838.0,0.00202451,0.0,1.376
1002916.0,-0.01016586,0.0,1.72
1002994.0,0.01517973,0.0,2.408
1003072.0,0.0069514,0.0,1.376
1003150.0,0.01929405,0.0,2.064
1003228.0,-0.00615322,0.0,2.064
1003306.0,0.01086229,0.0,2.064
1003384.0,0.01614475,0.0,2.064
1003462.0,0.0357001,0.0,2.064
1003541.0,0.00888142,0.0,1.72
1003619.0,0.01477348,0.0,2.064
1003697.0,0.03331276,0.0,2.064
1003775.0,0.02229076,0.0,2.408
1003853.0,0.00938943,0.0,2.064
1003931.0,0.00979575,0.0,2.064
1004009.0,0.006545,0.0,2.408
1004087.0,-0.0005152,0.0,2.064
1004166.0,0.03940794,0.0,2.064
1004244.0,0.0044117,0.0,2.064
1004322.0,0.00527511,0.0,2.064
1004400.0,0.03534454,0.0,2.064
1004478.0,0.0085767,0.0,2.064
1004556.0,0.02345898,0.0,2.064
1004634.0,0.00593547,0.0,2.064
1004712.0,0.01837972,0.0,2.064
1004791.0,0.06597258,0.0,2.408
1004869.0,0.02960492,0.0,2.064
1004947.0,0.02447483,0.0,2.064
1005025.0,0.00278632,0.0,2.064
1005103.0,0.01817652,0.0,2.064
1005181.0,0.00989728,0.0,1.72
1005259.0,0.02630333,0.0,2.064
1005337.0,0.0106084,0.0,1.72
1005415.0,0.02869059,0.0,1.72
1005494.0,0.01995434,0.0,2.064
1005572.0,0.02422094,0.0,2.064
1005650.0,0.02345898,0.0,2.064
1005728.0,0.03107793,0.0,2.064
1005806.0,0.02650653,0.0,2.064
1005884.0,-0.00544209,0.0,2.064
1005962.0,-0.00208981,0.0,2.064
1006040.0,-0.00595001,0.0,2.064
1006118.0,0.01883689,0.0,2.064
1006196.0,0.00014517,0.0,2.064
1006275.0,0.02493207,0.0,1.72
1006353.0,0.02066539,0.0,2.064
1006431.0,0.0083735,0.0,1.376
1006509.0,0.03341429,0.0,1.72
1006587.0,0.01350359,0.0,2.408
1006665.0,0.02797962,0.0,2.064
1006743.0,0.02894463,0.0,2.064
1006821.0,0.03270331,0.0,1.72
1006900.0,0.02610028,0.0,2.064
1006978.0,-0.00782935,0.0,2.064
1007056.0,0.02432247,0.0,2.064
1007134.0,0.02538908,0.0,2.064
1007212.0,0.00222763,0.0,2.064
1007290.0,0.00806877,0.0,1.72
1007368.0,0.03564926,0.0,2.064
1007446.0,0.01375755,0.0,1.72
1007524.0,0.02081782,0.0,2.064
1007603.0,0.02462719,0.0,2.064
1007681.0,0.01248782,0.0,1.72
1007759.0,0.00182131,0.0,2.064
1007837.0,0.01152265,0.0,2.064
1007915.0,0.01848132,0.0,2.064
1007993.0,0.00720529,0.0,2.064
1008071.0,0.03509058,0.0,2.064
1008149.0,0.02823358,0.0,2.064
1008228.0,0.0090847,0.0,2.064
1008306.0,0.02168124,0.0,2.064
1008384.0,0.02452566,0.0,2.064
1008462.0,0.00852594,0.0,2.064
1008540.0,0.05434098,0.0,2.064
1008618.0,0.02604937,0.0,1.376
1008696.0,0.00847518,0.0,2.064
1008774.0,0.01929405,0.0,1.376
1008852.0,-0.00148021,0.0,2.064
1008931.0,0.02223993,0.0,2.064
1009009.0,0.02086851,0.0,1.72
1009087.0,0.03158578,0.0,2.064
1009165.0,0.0198019,0.0,1.72
1009243.0,0.02147811,0.0,2.064
1009321.0,0.02249396,0.0,1.72
1009399.0,0.01446868,0.0,2.064
1009477.0,0.02564304,0.0,1.376
1009555.0,0.01126876,0.0,1.72
1009634.0,0.02335745,0.0,2.064
1009712.0,0.03341429,0.0,1.376
1009790.0,0.02549068,0.0,1.72
1009868.0,0.010202,0.0,1.72
1009946.0,0.03062077,0.0,1.72
1010024.0,0.02498275,0.0,1.72
1010102.0,0.00888142,0.0,2.064
1010180.0,0.02488123,0.0,2.064
1010258.0,0.0126401,0.0,2.064
1010337.0,0.00105934,0.0,1.72
1010415.0,0.02980812,0.0,2.064
1010493.0,0.02615097,0.0,2.064
1010571.0,0.01157349,0.0,2.064
1010649.0,-0.00259766,0.0,2.064
1010727.0,0.006545,0.0,2.064
1010805.0,0.01858285,0.0,2.064
1010883.0,0.03351604,0.0,2.064
1010962.0,-0.00742295,0.0,1.72
1011040.0,0.01888757,0.0,2.064
1011118.0,0.01619566,0.0,2.408
1011196.0,0.0219352,0.0,2.752
1011274.0,0.01898932,0.0,2.064
1011352.0,0.02025906,0.0,2.408
1011430.0,0.02249396,0.0,2.408
1011508.0,0.01071008,0.0,2.064
1011586.0,0.02914783,0.0,2.064
1011664.0,0.01390999,0.0,2.408
1011743.0,0.00309104,0.0,2.408
1011821.0,0.02345898,0.0,2.752
1011899.0,0.02117339,0.0,2.408
1011977.0,0.02127491,0.0,2.064
1012055.0,0.04189673,0.0,2.408
1012133.0,0.01502744,0.0,2.408
1012211.0,0.0051229,0.0,2.064
1012290.0,0.01721151,0.0,1.72
1012368.0,0.01274163,0.0,1.376
1012446.0,0.00522442,0.0,1.72
1012524.0,0.03123022,0.0,2.408
1012602.0,0.01182745,0.0,2.408
1012680.0,0.0295034,0.0,2.064
1012758.0,0.01086229,0.0,1.72
1012836.0,0.0215288,0.0,1.72
1012914.0,-0.00813408,0.0,1.72
1012993.0,0.0240685,0.0,1.72
1013071.0,0.0220368,0.0,2.064
1013149.0,0.0287922,0.0,2.064
1013227.0,0.01685595,0.0,2.064
1013305.0,0.02071615,0.0,1.376
1013383.0,0.00751001,0.0,1.376
1013461.0,0.02300189,0.0,2.064
1013539.0,0.02284945,0.0,2.408
1013617.0,0.02366218,0.0,2.408
1013696.0,0.03173822,0.0,2.064
1013774.0,0.01131953,0.0,2.064
1013852.0,0.03610643,0.0,2.064
1013930.0,0.02417003,0.0,1.72
1014008.0,0.02858907,0.0,2.064
1014086.0,0.02411927,0.0,2.064
1014164.0,0.00151651,0.0,2.064
1014242.0,0.0197003,0.0,1.72
1014321.0,0.01568773,0.0,2.064
1014399.0,0.02320501,0.0,1.72
1014477.0,0.02137651,0.0,1.72
1014555.0,0.01152265,0.0,2.064
1014633.0,0.0197003,0.0,2.064
1014711.0,0.02914783,0.0,2.064
1014789.0,0.01345283,0.0,2.064
1014867.0,0.01431624,0.0,2.064
1014945.0,0.00527511,0.0,1.72
1015023.0,0.03072237,0.0,2.064
1015102.0,0.00116102,0.0,2.064
1015180.0,0.02767482,0.0,2.064
1015258.0,0.02269716,0.0,2.064
1015336.0,-0.00513736,0.0,2.064
1015414.0,0.01451944,0.0,2.064
1015492.0,0.02173215,0.0,2.752
1015570.0,0.01289414,0.0,2.064
1015648.0,0.03544606,0.0,3.096
1015727.0,0.00080545,0.0,3.096
1015805.0,0.00664667,0.0,2.408
1015883.0,0.02020822,0.0,1.72
1015961.0,0.00659576,0.0,2.752
1016039.0,-0.00239454,0.0,3.096
1016117.0,0.01832896,0.0,2.064
1016195.0,0.00720529,0.0,3.44
1016273.0,0.01832896,0.0,2.408
1016351.0,0.02721765,0.0,2.064
1016430.0,0.02076691,0.0,2.408
1016508.0,0.03234775,0.0,2.752
1016586.0,0.01995434,0.0,2.408
1016664.0,0.01274163,0.0,1.72
1016742.0,0.00268479,0.0,2.064
1016820.0,0.02589708,0.0,2.064
1016898.0,0.0428619,0.0,2.064
1016976.0,0.01187829,0.0,2.064
1017055.0,0.00786565,0.0,2.064
1017133.0,-0.00295322,0.0,2.064
1017211.0,0.0124369,0.0,2.064
1017289.0,0.02863991,0.0,2.408
1017367.0,-0.00960717,0.0,2.064
1017445.0,0.02066539,0.0,2.064
1017523.0,0.00664667,0.0,2.064
1017601.0,0.01670351,0.0,2.064
1017679.0,0.01497661,0.0,2.064
1017758.0,0.00649416,0.0,2.064
1017836.0,0.00334508,0.0,2.064
1017914.0,-0.00808332,0.0,2.064
1017992.0,0.01172593,0.0,2.064
1018070.0,0.03443021,0.0,2.064
1018148.0,0.02310341,0.0,1.72
1018226.0,0.01690671,0.0,1.72
1018304.0,0.02157964,0.0,1.72
1018382.0,0.05083634,0.0,1.72
1018461.0,0.03097633,0.0,1.72
1018539.0,0.02569388,0.0,2.064
1018617.0,0.01893841,0.0,3.096
1018695.0,0.01837972,0.0,2.752
1018773.0,0.02427178,0.0,2.752
1018851.0,0.02350974,0.0,2.752
1018929.0,0.02452566,0.0,2.752
1019007.0,0.01289414,0.0,2.752
1019085.0,0.02122407,0.0,2.752
1019164.0,0.01954786,0.0,2.408
1019242.0,0.01335123,0.0,2.408
1019320.0,-0.00269926,0.0,2.064
1019398.0,0.01213218,0.0,2.408
1019476.0,0.01721151,0.0,2.064
1019554.0,0.01071008,0.0,1.72
1019632.0,0.01812576,0.0,1.032
1019711.0,0.02269716,0.0,1.72
1019789.0,0.02102095,0.0,1.376
1019867.0,0.0128433,0.0,1.72
1019945.0,0.01279254,0.0,1.72
1020023.0,0.00618943,0.0,1.72
1020101.0,0.00080545,0.0,1.72
1020179.0,0.02264625,0.0,1.72
1020257.0,0.00690049,0.0,1.72
1020335.0,0.02198596,0.0,2.064
1020413.0,0.04555389,0.0,1.72
1020492.0,0.01812576,0.0,1.376
1020570.0,0.00552915,0.0,1.032
1020648.0,0.0353953,0.0,1.72
1020726.0,0.03458265,0.0,1.72
1020804.0,0.01223378,0.0,1.376
1020882.0,0.00532595,0.0,1.376
1020960.0,0.02533832,0.0,1.72
1021038.0,0.0205131,0.0,1.376
1021117.0,0.01172593,0.0,1.72
1021195.0,0.01040528,0.0,1.72
1021273.0,0.02747154,0.0,1.72
1021351.0,0.0295034,0.0,1.376
1021429.0,0.02574472,0.0,2.064
1021507.0,0.02229076,0.0,1.72
1021585.0,0.01843056,0.0,1.72
1021663.0,-0.0087436,0.0,2.064
1021741.0,0.02645584,0.0,2.064
1021820.0,0.01954786,0.0,1.72
1021898.0,0.0381382,0.0,3.096
1021976.0,0.02020822,0.0,2.064
1022054.0,0.01858285,0.0,2.752
1022132.0,0.00237992,0.0,2.408
1022210.0,0.01792256,0.0,1.72
1022288.0,0.03021445,0.0,1.72
1022366.0,0.01675435,0.0,2.064
1022444.0,0.02056379,0.0,1.72
1022523.0,0.02884303,0.0,2.408
1022601.0,0.00715445,0.0,2.064
1022679.0,0.01441792,0.0,1.72
1022757.0,-0.00076916,0.0,1.376
1022835.0,0.0045133,0.0,2.408
1022913.0,0.00806877,0.0,1.72
1022991.0,-0.00361359,0.0,2.064
1023069.0,0.01253858,0.0,2.408
1023148.0,0.02290029,0.0,1.72
1023226.0,0.01604322,0.0,1.72
1023304.0,0.0198019,0.0,1.72
1023382.0,0.0174654,0.0,1.72
1023460.0,0.01609406,0.0,1.376
1023538.0,-0.02093397,0.0,1.72
1023616.0,0.01878605,0.0,1.376
1023694.0,0.02980812,0.0,2.408
1023772.0,0.01233538,0.0,1.72
1023851.0,0.02269716,0.0,1.376
1023929.0,0.01426541,0.0,1.72
1024007.0,0.01203065,0.0,2.064
1024085.0,0.02620181,0.0,1.72
1024163.0,-0.01473719,0.0,2.064
1024241.0,0.02930019,0.0,2.064
1024319.0,0.0198019,0.0,1.032
1024397.0,0.03062077,0.0,2.752
1024475.0,0.02391621,0.0,1.72
1024554.0,0.00725612,0.0,2.408
1024632.0,0.02990965,0.0,1.376
1024710.0,0.0219352,0.0,2.064
1024788.0,0.01655122,0.0,2.064
1024866.0,0.00359897,0.0,2.408
1024944.0,0.00888142,0.0,1.376
1025022.0,0.00999888,0.0,1.376
1025100.0,0.0106084,0.0,1.376
1025178.0,0.02264625,0.0,1.376
1025257.0,0.02350974,0.0,1.376
1025335.0,0.01726227,0.0,1.72
1025413.0,0.04494436,0.0,1.72
1025491.0,0.01446868,0.0,1.72
1025569.0,0.01629718,0.0,1.72
1025647.0,-0.00528973,0.0,1.72
1025725.0,0.01573849,0.0,2.064
1025803.0,0.02427178,0.0,1.72
1025882.0,0.02091935,0.0,2.064
1025960.0,0.03661428,0.0,2.064
1026038.0,-0.01209596,0.0,2.064
1026116.0,0.03610643,0.0,1.72
1026194.0,0.01340199,0.0,1.72
1026272.0,0.02686209,0.0,2.064
1026350.0,0.00964331,0.0,2.064
1026428.0,0.02137651,0.0,1.72
1026506.0,0.01116716,0.0,2.064
1026584.0,0.0067482,0.0,1.72
1026663.0,0.01462097,0.0,2.064
1026741.0,0.00095774,0.0,2.064
1026819.0,0.02554152,0.0,2.064
1026897.0,0.01279254,0.0,1.72
1026975.0,0.00537671,0.0,2.064
1027053.0,-0.0025469,0.0,1.72
1027131.0,0.01162425,0.0,2.064
1027210.0,0.01766867,0.0,2.064
1027288.0,-0.01229916,0.0,1.72
1027366.0,0.01477348,0.0,1.72
1027444.0,0.01380839,0.0,2.064
1027522.0,0.00502115,0.0,1.72
1027600.0,0.0205131,0.0,1.72
1027678.0,0.02300189,0.0,2.064
1027756.0,0.0126401,0.0,2.064
1027834.0,0.01197982,0.0,2.064
1027912.0,0.0238653,0.0,1.72
1027991.0,-0.00183577,0.0,1.72
1028069.0,0.01482417,0.0,2.064
1028147.0,0.00827197,0.0,2.064
1028225.0,0.01858285,0.0,2.064
1028303.0,0.00832266,0.0,2.064
1028381.0,0.03265247,0.0,2.064
1028459.0,0.01624642,0.0,2.064
1028537.0,0.02340814,0.0,2.064
1028616.0,0.00776405,0.0,1.72
1028694.0,-0.00534049,0.0,2.064
1028772.0,0.01939557,0.0,2.064
1028850.0,0.02635417,0.0,2.064
1028928.0,0.01192905,0.0,1.72
1029006.0,0.01421472,0.0,2.064
1029084.0,0.02132567,0.0,2.064
1029162.0,-0.004477,0.0,2.064
1029240.0,0.00832266,0.0,2.408
1029319.0,-0.00351199,0.0,2.064
1029397.0,0.01076076,0.0,2.408
1029475.0,0.01609406,0.0,2.064
1029553.0,0.03387152,0.0,2.064
1029631.0,0.01548446,0.0,1.72
1029709.0,0.02493207,0.0,2.064
1029787.0,0.03671588,0.0,2.064
1029865.0,0.00817037,0.0,1.72
1029944.0,0.02498275,0.0,2.064
1030022.0,0.02071615,0.0,1.72
1030100.0,0.00745925,0.0,2.064
1030178.0,0.01142105,0.0,2.064
1030256.0,0.00491962,0.0,2.064
1030334.0,0.01914161,0.0,2.064
1030412.0,0.01802408,0.0,2.064
1030490.0,0.03265247,0.0,1.72
1030568.0,0.032754,0.0,2.064
1030646.0,0.01411312,0.0,2.064
1030725.0,0.0178718,0.0,2.064
1030803.0,0.01335123,0.0,2.064
1030881.0,0.01111633,0.0,2.064
1030959.0,0.01619566,0.0,2.064
1031037.0,0.0130465,0.0,2.064
1031115.0,0.0219352,0.0,2.064
1031193.0,0.01426541,0.0,2.064
1031272.0,0.01716067,0.0,2.408
1031350.0,0.00319264,0.0,2.064
1031428.0,0.0334652,0.0,1.72
1031506.0,-0.00798172,0.0,2.064
1031584.0,0.01685595,0.0,2.064
1031662.0,0.01497661,0.0,2.064
1031740.0,0.0245765,0.0,1.72
1031818.0,0.02061462,0.0,2.408
1031896.0,-0.00615322,0.0,2.064
1031974.0,0.01106556,0.0,1.72
1032053.0,0.01010048,0.0,2.408
1032131.0,0.01939557,0.0,2.064
1032209.0,0.01909085,0.0,1.72
1032287.0,0.01904001,0.0,2.064
1032365.0,0.01269094,0.0,2.064
1032443.0,0.00466566,0.0,2.064
1032521.0,0.01335123,0.0,2.064
1032599.0,0.03016368,0.0,2.064
1032678.0,0.01670351,0.0,2.064
1032756.0,0.01142105,0.0,2.408
1032834.0,0.0240685,0.0,2.064
1032912.0,0.03757944,0.0,2.064
1032990.0,0.02533832,0.0,2.064
1033068.0,0.02371302,0.0,2.064
1033146.0,0.01817652,0.0,2.064
1033224.0,0.00745925,0.0,2.064
1033302.0,0.01680511,0.0,2.064
1033380.0,0.01421472,0.0,2.064
1033459.0,0.0085767,0.0,2.064
1033537.0,0.02025906,0.0,2.064
1033615.0,0.03107793,0.0,2.064
1033693.0,0.01477348,0.0,2.064
1033771.0,0.03778264,0.0,2.064
1033849.0,0.01655122,0.0,2.064
1033927.0,0.01863368,0.0,1.72
1034005.0,0.03478577,0.0,2.064
1034084.0,0.01492569,0.0,2.064
1034162.0,0.0124369,0.0,1.72
1034240.0,0.0126401,0.0,2.064
1034318.0,0.01451944,0.0,2.064
1034396.0,0.01487501,0.0,2.064
1034474.0,0.02117339,0.0,2.064
1034552.0,0.03148426,0.0,2.064
1034630.0,0.02173215,0.0,2.064
1034709.0,0.02046219,0.0,2.064
1034787.0,0.01330039,0.0,2.064
1034865.0,0.01411312,0.0,2.064
1034943.0,0.01959877,0.0,2.064
1035021.0,-0.00381671,0.0,2.064
1035099.0,0.0173638,0.0,1.72
1035177.0,0.02975736,0.0,1.72
1035255.0,0.00349737,0.0,2.064
1035333.0,0.02660813,0.0,2.064
1035412.0,0.04281106,0.0,2.064
1035490.0,0.01142105,0.0,2.064
1035568.0,0.02945256,0.0,2.064
1035646.0,0.03168746,0.0,2.064
1035724.0,0.0128433,0.0,1.72
1035802.0,0.0295034,0.0,2.064
1035880.0,0.03209371,0.0,2.064
1035958.0,0.01848132,0.0,2.752
1036036.0,0.02254473,0.0,3.44
1036115.0,0.00263396,0.0,3.096
1036193.0,0.02279869,0.0,3.096
1036271.0,0.01914161,0.0,3.784
1036349.0,0.00486886,0.0,3.44
1036427.0,0.03869674,0.0,2.752
1036505.0,0.01131953,0.0,2.752
1036583.0,0.01528133,0.0,2.752
1036661.0,0.01441792,0.0,2.408
1036740.0,0.01436716,0.0,2.408
1036818.0,0.01634802,0.0,2.408
1036896.0,0.01319887,0.0,2.064
1036974.0,0.03260171,0.0,2.408
1037052.0,0.01401152,0.0,2.408
1037130.0,0.02391621,0.0,2.064
1037208.0,0.0259986,0.0,2.408
1037286.0,0.02168124,0.0,2.064
1037364.0,0.02924936,0.0,2.064
1037442.0,0.03971267,0.0,2.408
1037521.0,0.01192905,0.0,2.064
1037599.0,0.01137037,0.0,2.064
1037677.0,0.0044117,0.0,2.408
1037755.0,0.0062402,0.0,2.408
1037833.0,-0.00148021,0.0,1.72
1037911.0,0.00608791,0.0,2.064
1037989.0,0.01868445,0.0,2.064
1038068.0,-0.00854048,0.0,2.064
1038146.0,0.00883074,0.0,2.064
1038224.0,0.01792256,0.0,2.064
1038302.0,0.01604322,0.0,1.72
1038380.0,0.0316367,0.0,2.064
1038458.0,-0.00036283,0.0,2.064
1038536.0,0.03900162,0.0,1.72
1038614.0,0.0063418,0.0,2.752
1038692.0,0.02310341,0.0,3.096
1038770.0,0.01319887,0.0,3.096
1038848.0,0.00801794,0.0,2.752
1038927.0,0.01650038,0.0,2.752
1039005.0,0.01213218,0.0,2.752
1039083.0,0.00497038,0.0,2.752
1039161.0,0.02549068,0.0,2.752
1039239.0,0.01218302,0.0,2.408
1039317.0,0.01106556,0.0,2.408
1039395.0,0.01390999,0.0,2.408
1039474.0,0.01721151,0.0,2.408
1039552.0,0.00466566,0.0,2.408
1039630.0,0.01843056,0.0,2.064
1039708.0,0.02117339,0.0,2.408
1039786.0,0.00964331,0.0,2.064
1039864.0,0.03031605,0.0,3.096
1039942.0,0.00989728,0.0,2.408
1040020.0,0.01137037,0.0,2.408
1040098.0,0.0351921,0.0,2.408
1040176.0,0.0091863,0.0,2.408
1040255.0,0.0128433,0.0,2.408
1040333.0,0.02061462,0.0,1.72
1040411.0,0.02747154,0.0,2.064
1040489.0,0.03580163,0.0,2.408
1040567.0,0.02249396,0.0,2.064
1040645.0,0.01599246,0.0,2.064
1040723.0,0.02808114,0.0,2.064
1040802.0,0.02259549,0.0,1.72
1040880.0,0.02335745,0.0,1.72
1040958.0,0.01878605,0.0,2.064
1041036.0,0.01274163,0.0,1.72
1041114.0,0.01964961,0.0,2.064
1041192.0,0.01106556,0.0,2.064
1041270.0,0.02427178,0.0,2.064
1041348.0,0.00527511,0.0,3.096
1041426.0,0.00745925,0.0,3.096
1041504.0,0.04717919,0.0,3.096
1041583.0,0.0106084,0.0,2.752
1041661.0,0.01152265,0.0,3.096
1041739.0,0.0240685,0.0,2.752
1041817.0,0.00309104,0.0,2.752
1041895.0,0.00913546,0.0,2.752
1041973.0,0.00928783,0.0,2.408
1042051.0,0.01096396,0.0,2.752
1042130.0,0.00248159,0.0,2.752
1042208.0,0.01096396,0.0,2.752
1042286.0,0.01203065,0.0,2.752
1042364.0,0.0106084,0.0,2.408
1042442.0,0.01192905,0.0,2.408
1042520.0,-0.00325795,0.0,2.408
1042598.0,0.00756085,0.0,2.408
1042676.0,0.02889387,0.0,2.408
1042754.0,0.01441792,0.0,2.408
1042832.0,0.00608791,0.0,2.408
1042911.0,-0.00015956,0.0,2.408
1042989.0,0.02188436,0.0,2.408
1043067.0,-0.00396915,0.0,2.064
1043145.0,0.02086851,0.0,2.064
1043223.0,0.02564304,0.0,2.064
1043301.0,-0.00239454,0.0,2.408
1043379.0,0.00811954,0.0,2.408
1043457.0,0.0335668,0.0,2.064
1043536.0,-0.01361973,0.0,2.064
1043614.0,0.02163048,0.0,2.064
1043692.0,0.02808114,0.0,2.064
1043770.0,0.03300804,0.0,1.72
1043848.0,0.02229076,0.0,2.064
1043926.0,0.02147811,0.0,2.064
1044004.0,0.01487501,0.0,2.064
1044082.0,0.0067482,0.0,2.752
1044160.0,0.02117339,0.0,3.096
1044238.0,0.00832266,0.0,3.096
1044317.0,0.02559235,0.0,2.752
1044395.0,0.02137651,0.0,2.752
1044473.0,0.01401152,0.0,2.752
1044551.0,0.02411927,0.0,2.408
1044629.0,0.02757322,0.0,2.752
1044707.0,0.00639263,0.0,2.752
1044785.0,0.00182131,0.0,2.752
1044864.0,0.0014149,0.0,2.752
1044942.0,0.03361756,0.0,2.408
1045020.0,0.02742086,0.0,2.408
1045098.0,0.01248782,0.0,2.408
1045176.0,0.01213218,0.0,2.408
1045254.0,0.01406236,0.0,2.408
1045332.0,0.01975114,0.0,2.408
1045410.0,0.01050688,0.0,2.408
1045488.0,-0.00305482,0.0,2.064
1045566.0,0.02274785,0.0,2.064
1045645.0,0.00370057,0.0,2.408
1045723.0,0.02452566,0.0,2.064
1045801.0,0.00517358,0.0,2.064
1045879.0,0.02660813,0.0,2.408
1045957.0,0.00090698,0.0,2.064
1046035.0,0.02924936,0.0,2.064
1046113.0,0.02173215,0.0,2.064
1046192.0,0.01944634,0.0,2.064
1046270.0,0.0106084,0.0,2.408
1046348.0,0.02244313,0.0,2.408
1046426.0,0.00268479,0.0,2.408
1046504.0,0.02112255,0.0,2.064
1046582.0,0.03062077,0.0,2.064
1046660.0,0.01502744,0.0,2.064
1046738.0,0.02782711,0.0,1.72
1046816.0,0.02041142,0.0,2.064
1046894.0,0.02731926,0.0,2.064
1046973.0,0.01619566,0.0,2.064
1047051.0,0.03376992,0.0,2.064
1047129.0,0.01584002,0.0,1.72
1047207.0,0.02168124,0.0,2.064
1047285.0,0.00542762,0.0,2.064
1047363.0,0.01578933,0.0,2.064
1047441.0,0.01523057,0.0,2.064
1047519.0,0.01589093,0.0,2.064
1047598.0,0.03260171,0.0,2.064
1047676.0,0.01716067,0.0,2.064
1047754.0,0.02168124,0.0,2.064
1047832.0,0.01096396,0.0,2.064
1047910.0,0.0174654,0.0,2.408
1047988.0,0.03371916,0.0,2.064
1048066.0,0.00893226,0.0,2.064
1048144.0,0.01512897,0.0,1.72
1048222.0,0.01883689,0.0,2.064
1048300.0,-0.00346115,0.0,2.408
1048379.0,0.02574472,0.0,2.064
1048457.0,-0.008642,0.0,2.064
1048535.0,0.00370057,0.0,2.064
1048613.0,-0.00310566,0.0,2.064
1048691.0,-0.00452791,0.0,2.064
1048769.0,0.01467188,0.0,2.064
1048847.0,0.00801794,0.0,2.064
1048925.0,0.0106084,0.0,1.72
1049004.0,0.01650038,0.0,1.72
1049082.0,0.00649416,0.0,2.408
1049160.0,0.02625264,0.0,2.064
1049238.0,0.02665889,0.0,1.72
1049316.0,0.01843056,0.0,2.064
1049394.0,0.03747791,0.0,2.064
1049472.0,0.00161803,0.0,2.064
1049550.0,0.01467188,0.0,2.064
1049628.0,0.03605559,0.0,2.064
1049707.0,0.02005586,0.0,2.064
1049785.0,0.01162425,0.0,2.064
1049863.0,0.01655122,0.0,2.064
1049941.0,0.01533217,0.0,2.064
1050019.0,0.03468417,0.0,2.064
1050097.0,0.03031605,0.0,2.064
1050175.0,0.00100858,0.0,2.064
1050253.0,0.02483039,0.0,2.064
1050331.0,0.02157964,0.0,2.064
1050410.0,0.00283708,0.0,2.064
1050488.0,0.01457028,0.0,2.064
1050566.0,0.00801794,0.0,2.064
1050644.0,0.00862754,0.0,2.064
1050722.0,0.02071615,0.0,1.376
1050800.0,0.02335745,0.0,1.72
1050878.0,0.0200051,0.0,1.72
1050956.0,0.01609406,0.0,1.376
1051035.0,0.02477955,0.0,1.72
1051113.0,0.01355443,0.0,2.064
1051191.0,0.01848132,0.0,1.72
1051269.0,0.0239669,0.0,2.064
1051347.0,0.00822114,0.0,1.72
1051425.0,0.01832896,0.0,1.72
1051503.0,0.00354828,0.0,1.72
1051581.0,0.01619566,0.0,1.72
1051659.0,0.01340199,0.0,2.064
1051738.0,0.03006201,0.0,2.064
1051816.0,0.01863368,0.0,2.064
1051894.0,0.01832896,0.0,2.064
1051972.0,0.01761783,0.0,2.064
1052050.0,0.03097633,0.0,1.72
1052128.0,0.0085767,0.0,2.064
1052206.0,0.00339584,0.0,2.064
1052284.0,0.0357001,0.0,2.064
1052362.0,0.01934474,0.0,1.72
1052441.0,0.01457028,0.0,2.064
1052519.0,0.01457028,0.0,2.064
1052597.0,0.01177661,0.0,2.064
1052675.0,0.01675435,0.0,2.064
1052753.0,0.00486886,0.0,2.064
1052831.0,0.01716067,0.0,2.064
1052909.0,0.04118576,0.0,2.064
1052987.0,0.01487501,0.0,2.064
1053066.0,0.01853208,0.0,2.064
1053144.0,0.00339584,0.0,2.064
1053222.0,0.03194142,0.0,1.72
1053300.0,0.02543999,0.0,2.064
1053378.0,0.0110148,0.0,2.064
1053456.0,0.02188436,0.0,2.064
1053534.0,0.00563067,0.0,1.72
1053612.0,0.00888142,0.0,1.72
1053690.0,0.00903379,0.0,2.064
1053768.0,0.03224615,0.0,2.064
1053847.0,-0.00737227,0.0,2.064
1053925.0,0.02472879,0.0,2.064
1054003.0,0.00959255,0.0,2.064
1054081.0,0.01827812,0.0,2.064
1054159.0,-0.0117404,0.0,1.72
1054237.0,0.01563689,0.0,1.72
1054315.0,0.0245765,0.0,2.064
1054393.0,0.02787794,0.0,2.064
1054472.0,0.00913546,0.0,2.064
1054550.0,0.02223993,0.0,1.72
1054628.0,0.01071008,0.0,2.064
1054706.0,0.01319887,0.0,2.064
1054784.0,0.00339584,0.0,2.064
1054862.0,0.01319887,0.0,2.064
1054940.0,0.01365595,0.0,1.72
1055018.0,0.00532595,0.0,1.72
1055097.0,0.02477955,0.0,2.064
1055175.0,0.01370679,0.0,2.064
1055253.0,0.02097019,0.0,2.064
1055331.0,0.00507206,0.0,2.064
1055409.0,0.01528133,0.0,2.064
1055487.0,0.03458265,0.0,2.064
1055565.0,0.01035451,0.0,1.72
1055643.0,0.01010048,0.0,2.064
1055721.0,0.02477955,0.0,2.064
1055800.0,0.01634802,0.0,1.376
1055878.0,0.02538908,0.0,2.064
1055956.0,0.03651268,0.0,2.064
1056034.0,0.03696984,0.0,1.72
1056112.0,0.03168746,0.0,2.064
1056190.0,0.02381454,0.0,2.064
1056268.0,0.04479192,0.0,2.064
1056346.0,0.0349889,0.0,2.064
1056424.0,0.01253858,0.0,1.72
1056502.0,0.02381454,0.0,2.064
1056581.0,0.02579555,0.0,2.408
1056659.0,-0.00081992,0.0,2.064
1056737.0,0.03011285,0.0,2.064
1056815.0,0.0239669,0.0,1.72
1056893.0,0.01934474,0.0,1.72
1056971.0,0.01015131,0.0,1.72
1057049.0,0.00893226,0.0,2.064
1057128.0,0.0238653,0.0,1.72
1057206.0,0.01919237,0.0,2.064
1057284.0,0.01192905,0.0,2.064
1057362.0,0.00090698,0.0,2.408
1057440.0,0.00578318,0.0,2.408
1057518.0,0.01330039,0.0,2.064
1057596.0,0.0200051,0.0,2.408
1057674.0,-0.01732758,0.0,2.064
1057752.0,0.01639878,0.0,2.408
1057831.0,0.02284945,0.0,1.72
1057909.0,0.02254473,0.0,1.72
1057987.0,0.0062402,0.0,2.064
1058065.0,0.01858285,0.0,2.064
1058143.0,0.01873528,0.0,2.064
1058221.0,0.03727464,0.0,1.376
1058299.0,0.03432861,0.0,2.752
1058377.0,0.00659576,0.0,2.064
1058455.0,0.02208756,0.0,2.064
1058534.0,0.02945256,0.0,2.064
1058612.0,0.03392236,0.0,2.408
1058690.0,0.01467188,0.0,2.064
1058768.0,0.00842434,0.0,2.064
1058846.0,0.01192905,0.0,2.064
1058924.0,0.01929405,0.0,2.064
1059002.0,0.02411927,0.0,2.064
1059080.0,0.04601097,0.0,2.064
1059159.0,0.00989728,0.0,2.064
1059237.0,0.03158578,0.0,2.064
1059315.0,0.01629718,0.0,2.064
1059393.0,0.02579555,0.0,2.064
1059471.0,0.02884303,0.0,2.064
1059549.0,0.0238653,0.0,2.064
1059627.0,0.0237637,0.0,2.064
1059705.0,0.01584002,0.0,2.064
1059783.0,0.02239244,0.0,2.064
1059861.0,0.02569388,0.0,2.064
1059940.0,0.00766237,0.0,2.064
1060018.0,0.01771936,0.0,2.064
1060096.0,0.01604322,0.0,2.064
1060174.0,0.03123022,0.0,2.064
1060252.0,0.040627,0.0,2.064
1060330.0,0.00903379,0.0,2.064
1060408.0,0.01822728,0.0,2.064
1060487.0,0.02625264,0.0,2.064
1060565.0,0.00522442,0.0,1.72
1060643.0,0.01152265,0.0,1.72
1060721.0,0.03686832,0.0,2.064
1060799.0,0.02625264,0.0,2.064
1060877.0,0.01523057,0.0,2.064
1060955.0,0.01517973,0.0,2.064
1061033.0,0.01482417,0.0,2.064
1061111.0,0.00959255,0.0,2.064
1061190.0,0.01538293,0.0,2.064
1061268.0,0.02442399,0.0,2.064
1061346.0,0.04057616,0.0,2.408
1061424.0,0.01934474,0.0,2.064
1061502.0,0.02315425,0.0,2.408
1061580.0,0.00842434,0.0,2.064
1061658.0,0.02025906,0.0,2.752
1061736.0,0.01802408,0.0,2.064
1061814.0,0.01629718,0.0,2.064
1061892.0,0.0067482,0.0,1.72
1061971.0,0.01121785,0.0,1.72
1062049.0,0.01675435,0.0,1.72
1062127.0,0.01040528,0.0,2.064
1062205.0,0.0179734,0.0,1.376
1062283.0,-0.01367057,0.0,2.064
1062361.0,0.01685595,0.0,1.72
1062439.0,0.01716067,0.0,2.064
1062517.0,0.01624642,0.0,2.064
1062596.0,0.01868445,0.0,2.408
1062674.0,0.01335123,0.0,1.72
1062752.0,0.01523057,0.0,2.064
1062830.0,0.01416388,0.0,2.064
1062908.0,0.0335668,0.0,2.408
1062986.0,0.0200051,0.0,2.064
1063064.0,0.02284945,0.0,1.72
1063142.0,0.01446868,0.0,1.376
1063220.0,0.01868445,0.0,1.72
1063299.0,0.0106084,0.0,2.064
1063377.0,0.02432247,0.0,2.064
1063455.0,0.01223378,0.0,1.376
1063533.0,0.02350974,0.0,2.064
1063611.0,0.02869059,0.0,2.064
1063689.0,-0.00930229,0.0,2.064
1063767.0,0.00207519,0.0,2.064
1063845.0,0.02142727,0.0,2.064
1063923.0,0.02107171,0.0,2.064
1064002.0,-0.0068135,0.0,2.064
1064080.0,0.01182745,0.0,2.064
1064158.0,0.0539855,0.0,2.064
1064236.0,0.01888757,0.0,2.752
1064314.0,0.0295034,0.0,2.064
1064392.0,0.03173822,0.0,1.72
1064470.0,0.03082397,0.0,2.064
1064548.0,0.01634802,0.0,2.064
1064627.0,0.02142727,0.0,2.064
1064705.0,0.02853831,0.0,2.064
1064783.0,0.01365595,0.0,2.064
1064861.0,0.03123022,0.0,2.064
1064939.0,0.01045604,0.0,1.72
1065017.0,0.01274163,0.0,2.064
1065095.0,0.02518595,0.0,2.064
1065173.0,0.03041765,0.0,2.064
1065251.0,0.01614475,0.0,2.408
1065330.0,0.03001117,0.0,2.064
1065408.0,0.01340199,0.0,2.064
1065486.0,0.01888757,0.0,2.064
1065564.0,0.00552915,0.0,2.064
1065642.0,0.01208134,0.0,2.064
1065720.0,0.02097019,0.0,2.408
1065798.0,0.01650038,0.0,2.064
1065876.0,0.00822114,0.0,2.064
1065954.0,0.0174654,0.0,2.408
1066033.0,0.01492569,0.0,2.064
1066111.0,0.01954786,0.0,2.064
1066189.0,0.00563067,0.0,2.064
1066267.0,0.02188436,0.0,2.064
1066345.0,-0.00330886,0.0,2.064
1066423.0,0.01213218,0.0,2.064
1066501.0,0.02676057,0.0,2.064
1066579.0,0.0355985,0.0,2.064
1066658.0,0.01695755,0.0,2.064
1066736.0,0.01340199,0.0,2.064
1066814.0,0.0110148,0.0,2.064
1066892.0,0.02340814,0.0,2.064
1066970.0,0.01924313,0.0,2.064
1067048.0,0.03087481,0.0,2.064
1067126.0,-0.00544209,0.0,2.064
1067204.0,0.00202451,0.0,2.064
1067282.0,-0.0045786,0.0,2.064
1067361.0,0.006545,0.0,2.064
1067439.0,0.00497038,0.0,1.72
1067517.0,0.00563067,0.0,2.064
1067595.0,0.01274163,0.0,2.064
1067673.0,0.01467188,0.0,2.064
1067751.0,0.01131953,0.0,2.408
1067829.0,0.00344661,0.0,2.064
1067907.0,0.02564304,0.0,2.064
1067985.0,0.01192905,0.0,1.72
1068064.0,0.01573849,0.0,1.72
1068142.0,-0.00198821,0.0,1.72
1068220.0,-0.00021047,0.0,2.064
1068298.0,0.02036059,0.0,1.72
1068376.0,0.00989728,0.0,1.72
1068454.0,0.0043101,0.0,1.72
1068532.0,0.01782096,0.0,1.72
1068610.0,0.01782096,0.0,2.064
1068689.0,0.0126401,0.0,2.064
1068767.0,0.01004971,0.0,1.72
1068845.0,0.01914161,0.0,2.064
1068923.0,0.01685595,0.0,2.064
1069001.0,0.03016368,0.0,2.064
1069079.0,0.0199035,0.0,1.72
1069157.0,-0.03317486,0.0,2.064
1069235.0,0.04621417,0.0,2.064
1069313.0,0.02401774,0.0,1.72
1069392.0,-0.00015956,0.0,2.064
1069470.0,0.02889387,0.0,2.064
1069548.0,0.02757322,0.0,2.064
1069626.0,0.032754,0.0,2.064
1069704.0,0.02229076,0.0,2.752
1069782.0,-0.01737841,0.0,2.752
1069860.0,0.01802408,0.0,3.096
1069938.0,0.01111633,0.0,2.752
1070016.0,0.01685595,0.0,2.752
1070095.0,0.00339584,0.0,2.752
1070173.0,0.018075,0.0,2.408
1070251.0,0.01004971,0.0,2.408
1070329.0,0.02168124,0.0,2.752
1070407.0,0.01396068,0.0,2.408
1070485.0,-0.0084388,0.0,2.408
1070563.0,0.01837972,0.0,2.408
1070641.0,0.00964331,0.0,2.408
1070719.0,0.04159201,0.0,1.376
1070798.0,0.03422709,0.0,1.376
1070876.0,0.01248782,0.0,1.376
1070954.0,0.00684972,0.0,1.72
1071032.0,0.00893226,0.0,2.064
1071110.0,0.02716682,0.0,1.72
1071188.0,0.00933851,0.0,1.72
1071266.0,-0.00193737,0.0,2.064
1071344.0,0.02823358,0.0,2.064
1071422.0,0.0313319,0.0,1.72
1071501.0,0.00095774,0.0,2.064
1071579.0,0.0198019,0.0,2.064
1071657.0,-0.00117548,0.0,2.064
1071735.0,0.02625264,0.0,1.72
1071813.0,0.01558613,0.0,2.064
1071891.0,0.03458265,0.0,1.72
1071969.0,0.02731926,0.0,2.064
1072048.0,0.0132497,0.0,1.72
1072126.0,0.03036673,0.0,2.064
1072204.0,0.03056993,0.0,2.064
1072282.0,0.02218916,0.0,2.064
1072360.0,0.01548446,0.0,2.064
1072438.0,0.01502744,0.0,2.064
1072516.0,0.02086851,0.0,2.752
1072594.0,0.01172593,0.0,2.064
1072672.0,0.0130465,0.0,2.064
1072750.0,0.01528133,0.0,2.752
1072829.0,0.01914161,0.0,2.408
1072907.0,0.00771321,0.0,2.064
1072985.0,0.01863368,0.0,1.72
1073063.0,0.04088096,0.0,3.096
1073141.0,0.01934474,0.0,2.752
1073219.0,0.02787794,0.0,3.096
1073297.0,0.01512897,0.0,1.72
1073375.0,0.00161803,0.0,2.752
1073454.0,0.01848132,0.0,2.064
1073532.0,0.02823358,0.0,2.064
1073610.0,0.01573849,0.0,2.408
1073688.0,0.02742086,0.0,2.408
1073766.0,0.01436716,0.0,2.408
1073844.0,0.00339584,0.0,2.408
1073922.0,0.01446868,0.0,2.064
1074000.0,0.02996048,0.0,2.408
1074078.0,0.00669736,0.0,1.72
1074157.0,0.02061462,0.0,1.376
1074235.0,0.01350359,0.0,2.408
1074313.0,0.0178718,0.0,2.408
1074391.0,0.00684972,0.0,1.376
1074469.0,0.0124369,0.0,1.72
1074547.0,0.0311287,0.0,1.72
1074625.0,0.00359897,0.0,1.376
1074703.0,0.00949103,0.0,1.376
1074782.0,0.04296342,0.0,1.376
1074860.0,0.00349737,0.0,1.032
1074938.0,0.01126876,0.0,1.032
1075016.0,0.01492569,0.0,1.376
1075094.0,-0.00280086,0.0,1.376
1075172.0,0.01472264,0.0,2.064
1075250.0,0.02665889,0.0,1.376
1075328.0,0.01482417,0.0,1.72
1075406.0,-0.004985,0.0,1.72
1075484.0,0.02955416,0.0,1.376
1075563.0,0.01157349,0.0,2.064
1075641.0,0.00598623,0.0,2.408
1075719.0,0.0316367,0.0,2.064
1075797.0,0.00679888,0.0,2.064
1075875.0,0.03976351,0.0,2.064
1075953.0,0.02223993,0.0,1.72
1076031.0,0.02848739,0.0,1.72
1076110.0,0.01573849,0.0,1.72
1076188.0,0.02066539,0.0,2.064
1076266.0,0.01634802,0.0,2.064
1076344.0,0.0245765,0.0,1.032
1076422.0,0.02909699,0.0,1.376
1076500.0,0.02147811,0.0,1.376
1076578.0,0.00842434,0.0,1.376
1076656.0,-0.02992426,0.0,1.376
1076734.0,0.00639263,0.0,1.72
1076813.0,0.00969408,0.0,1.376
1076891.0,0.02610028,0.0,1.72
1076969.0,0.01777027,0.0,1.72
1077047.0,0.0067482,0.0,1.376
1077125.0,0.01782096,0.0,1.72
1077203.0,0.00415773,0.0,1.72
1077281.0,0.01568773,0.0,2.064
1077359.0,0.02874143,0.0,1.72
1077437.0,0.00395453,0.0,2.064
1077515.0,0.01771936,0.0,1.72
1077594.0,-0.01001342,0.0,2.064
1077672.0,0.02208756,0.0,2.064
1077750.0,0.01385915,0.0,2.408
1077828.0,0.00979575,0.0,2.408
1077906.0,0.01076076,0.0,2.408
1077984.0,0.02538908,0.0,2.064
1078062.0,0.0238653,0.0,2.064
1078141.0,0.02025906,0.0,3.096
1078219.0,0.01878605,0.0,3.096
1078297.0,0.03509058,0.0,2.752
1078375.0,0.02787794,0.0,3.096
1078453.0,0.0044117,0.0,2.752
1078531.0,0.02188436,0.0,2.752
1078609.0,0.02589708,0.0,2.752
1078687.0,0.02696369,0.0,2.408
1078765.0,0.02371302,0.0,2.408
1078844.0,0.0219352,0.0,2.752
1078922.0,0.01893841,0.0,2.408
1079000.0,0.01817652,0.0,1.72
1079078.0,0.01914161,0.0,1.72
1079156.0,0.05703305,0.0,1.72
1079234.0,0.0132497,0.0,2.064
1079312.0,0.01639878,0.0,1.72
1079390.0,0.01172593,0.0,1.376
1079468.0,0.01975114,0.0,1.72
1079547.0,0.01944634,0.0,1.72
1079625.0,0.01121785,0.0,2.064
1079703.0,0.0087799,0.0,1.376
1079781.0,0.00405613,0.0,1.72
1079859.0,0.01741471,0.0,1.376
1079937.0,0.02808114,0.0,1.72
1080015.0,0.00715445,0.0,1.72
1080093.0,-0.00605169,0.0,2.064
1080171.0,0.00649416,0.0,2.064
1080249.0,0.01528133,0.0,2.064
1080328.0,0.01076076,0.0,2.064
1080406.0,-0.01346745,0.0,1.72
1080484.0,0.0178718,0.0,2.064
1080562.0,0.00024669,0.0,2.064
1080640.0,0.02163048,0.0,1.72
1080718.0,-0.00381671,0.0,2.064
1080796.0,0.01517973,0.0,2.064
1080874.0,0.00359897,0.0,2.064
1080953.0,0.0205131,0.0,2.064
1081031.0,-0.01179123,0.0,1.72
1081109.0,0.03712228,0.0,2.064
1081187.0,0.01507821,0.0,2.064
1081265.0,0.04301418,0.0,2.064
1081343.0,0.01904001,0.0,2.064
1081421.0,0.01055756,0.0,1.72
1081499.0,0.00801794,0.0,1.72
1081577.0,0.01126876,0.0,2.064
1081656.0,0.01843056,0.0,1.72
1081734.0,0.01634802,0.0,1.72
1081812.0,0.00537671,0.0,2.064
1081890.0,0.01528133,0.0,2.064
1081968.0,-0.00026131,0.0,1.72
1082046.0,0.01878605,0.0,2.064
1082124.0,0.01700831,0.0,2.408
1082202.0,0.00771321,0.0,1.72
1082280.0,0.01436716,0.0,1.72
1082359.0,0.02061462,0.0,2.064
1082437.0,0.03087481,0.0,2.408
1082515.0,0.02178284,0.0,2.408
1082593.0,0.03077313,0.0,2.064
1082671.0,0.03473501,0.0,2.064
1082749.0,-7.27e-06,0.0,2.064
1082827.0,0.01223378,0.0,2.064
1082905.0,-0.01158803,0.0,2.064
1082984.0,-0.00960717,0.0,2.064
1083062.0,0.02056379,0.0,2.064
1083140.0,-0.00630558,0.0,2.064
1083218.0,-0.00940389,0.0,2.064
1083296.0,0.00050073,0.0,2.064
1083374.0,0.01390999,0.0,2.064
1083452.0,0.03234775,0.0,2.064
1083530.0,0.01340199,0.0,2.064
1083608.0,0.0108116,0.0,2.064
1083687.0,0.03316047,0.0,2.064
1083765.0,0.02417003,0.0,2.408
1083843.0,0.02442399,0.0,2.064
1083921.0,0.01883689,0.0,2.064
1083999.0,0.00283708,0.0,2.064
1084077.0,0.00751001,0.0,2.064
1084155.0,0.04199833,0.0,1.72
1084233.0,0.01543377,0.0,2.408
1084311.0,0.02046219,0.0,2.064
1084390.0,0.00852594,0.0,2.064
1084468.0,0.02274785,0.0,2.064
1084546.0,0.0173638,0.0,2.064
1084624.0,0.01934474,0.0,2.064
1084702.0,-0.00168349,0.0,2.064
1084780.0,0.03808737,0.0,2.064
1084858.0,0.02498275,0.0,2.064
1084936.0,0.01629718,0.0,2.064
1085014.0,0.00522442,0.0,2.064
1085093.0,0.02757322,0.0,2.408
1085171.0,0.00278632,0.0,2.064
1085249.0,0.00806877,0.0,1.72
1085327.0,0.01680511,0.0,2.064
1085405.0,0.03818889,0.0,2.064
1085483.0,0.02056379,0.0,2.064
1085561.0,0.01589093,0.0,2.064
1085640.0,0.00522442,0.0,2.064
1085718.0,0.01695755,0.0,1.72
1085796.0,0.01208134,0.0,2.064
1085874.0,0.02097019,0.0,2.064
1085952.0,0.01624642,0.0,2.064
1086030.0,0.01091313,0.0,2.064
1086108.0,0.00146574,0.0,2.064
1086186.0,0.02076691,0.0,2.064
1086264.0,0.00288792,0.0,2.064
1086342.0,0.01802408,0.0,1.72
1086421.0,0.01507821,0.0,2.064
1086499.0,0.0063418,0.0,2.064
1086577.0,0.01660198,0.0,2.064
1086655.0,0.01573849,0.0,2.064
1086733.0,0.01457028,0.0,2.064
1086811.0,0.00212603,0.0,2.064
1086889.0,0.03671588,0.0,2.064
1086967.0,0.00253236,0.0,1.72
1087045.0,0.01766867,0.0,2.064
1087124.0,0.01802408,0.0,2.064
1087202.0,0.01873528,0.0,2.064
1087280.0,0.02249396,0.0,2.064
1087358.0,0.02411927,0.0,2.064
1087436.0,0.01985274,0.0,2.064
1087514.0,0.01111633,0.0,2.752
1087592.0,0.00111018,0.0,2.408
1087670.0,0.02305273,0.0,2.408
1087749.0,0.01751623,0.0,2.752
1087827.0,0.01827812,0.0,2.408
1087905.0,0.01812576,0.0,2.064
1087983.0,-0.00153105,0.0,2.408
1088061.0,0.03986503,0.0,2.064
1088139.0,0.01995434,0.0,2.408
1088217.0,0.01421472,0.0,2.408
1088295.0,0.02122407,0.0,2.064
1088373.0,0.00436086,0.0,2.408
1088452.0,0.02432247,0.0,2.408
1088530.0,0.01355443,0.0,2.408
1088608.0,0.00187207,0.0,1.72
1088686.0,0.02853831,0.0,2.408
1088764.0,0.02579555,0.0,2.408
1088842.0,-0.00503576,0.0,2.408
1088920.0,0.01213218,0.0,2.064
1088998.0,0.03295727,0.0,2.408
1089076.0,0.01832896,0.0,2.064
1089155.0,0.00751001,0.0,2.064
1089233.0,0.0178718,0.0,2.064
1089311.0,0.01782096,0.0,2.064
1089389.0,0.01609406,0.0,2.064
1089467.0,0.01015131,0.0,2.408
1089545.0,0.01197982,0.0,2.408
1089623.0,0.01477348,0.0,2.408
1089701.0,0.02584624,0.0,2.064
1089780.0,-0.00300414,0.0,2.064
1089858.0,0.02097019,0.0,2.064
1089936.0,0.02726842,0.0,2.408
1090014.0,0.00893226,0.0,2.064
1090092.0,0.01634802,0.0,2.064
1090170.0,0.02620181,0.0,2.408
1090248.0,0.01863368,0.0,2.752
1090326.0,0.01675435,0.0,2.408
1090404.0,0.01817652,0.0,2.752
1090483.0,0.00766237,0.0,2.752
1090561.0,0.0173638,0.0,2.408
1090639.0,0.03194142,0.0,2.408
1090717.0,0.03001117,0.0,2.408
1090795.0,0.01929405,0.0,2.408
1090873.0,0.01055756,0.0,2.064
1090951.0,0.01248782,0.0,2.408
1091029.0,0.00568143,0.0,2.408
1091108.0,0.02132567,0.0,2.408
1091186.0,0.01172593,0.0,2.064
1091264.0,0.0085767,0.0,2.408
1091342.0,0.03773173,0.0,2.064
1091420.0,0.01710998,0.0,2.408
1091498.0,0.02137651,0.0,2.064
1091576.0,0.03041765,0.0,2.064
1091654.0,0.02772558,0.0,2.064
1091732.0,0.01761783,0.0,2.408
1091810.0,0.01147189,0.0,2.408
1091889.0,0.02711613,0.0,2.064
1091967.0,0.02081782,0.0,2.408
1092045.0,0.00573235,0.0,2.064
1092123.0,-0.00376595,0.0,2.408
1092201.0,0.01401152,0.0,2.064
1092279.0,0.00070385,0.0,2.064
1092357.0,0.02122407,0.0,1.376
1092435.0,0.00608791,0.0,1.72
1092514.0,0.00852594,0.0,1.72
1092592.0,0.03402389,0.0,1.72
1092670.0,0.04215077,0.0,2.064
1092748.0,0.01238622,0.0,2.064
1092826.0,0.01716067,0.0,2.752
1092904.0,0.01137037,0.0,2.752
1092982.0,0.02147811,0.0,2.408
1093060.0,0.01792256,0.0,2.408
1093139.0,0.0179734,0.0,2.408
1093217.0,0.03514134,0.0,2.064
1093295.0,0.02173215,0.0,1.72
1093373.0,0.01578933,0.0,2.064
1093451.0,0.02178284,0.0,2.408
1093529.0,0.00349737,0.0,2.064
1093607.0,0.02269716,0.0,2.408
1093685.0,0.00187207,0.0,2.408
1093763.0,0.00994811,0.0,2.408
1093842.0,0.01985274,0.0,2.064
1093920.0,0.00872906,0.0,2.408
1093998.0,0.03067153,0.0,2.064
1094076.0,-0.00452791,0.0,2.064
1094154.0,0.00690049,0.0,1.376
1094232.0,0.00938943,0.0,1.376
1094310.0,0.02874143,0.0,1.72
1094388.0,0.02310341,0.0,2.064
1094466.0,-0.00122632,0.0,2.408
1094544.0,0.04001739,0.0,1.72
1094623.0,0.01467188,0.0,2.408
1094701.0,0.01644962,0.0,2.408
1094779.0,0.01512897,0.0,3.096
1094857.0,0.03244927,0.0,2.408
1094935.0,0.02335745,0.0,2.752
1095013.0,0.01319887,0.0,3.096
1095091.0,0.02071615,0.0,2.752
1095169.0,0.02752238,0.0,3.096
1095248.0,0.02122407,0.0,2.064
1095326.0,0.01233538,0.0,2.752
1095404.0,0.02335745,0.0,3.096
1095482.0,0.01050688,0.0,2.408
1095560.0,0.02356058,0.0,3.44
1095638.0,0.02208756,0.0,3.784
1095716.0,0.01888757,0.0,3.096
1095794.0,0.03468417,0.0,3.44
1095873.0,0.02985896,0.0,2.752
1095951.0,0.00964331,0.0,3.44
1096029.0,0.02269716,0.0,2.752
1096107.0,0.02417003,0.0,3.44
1096185.0,0.03641115,0.0,3.096
1096263.0,0.02848739,0.0,2.752
1096341.0,0.02137651,0.0,3.44
1096419.0,0.00370057,0.0,3.096
1096497.0,0.02792878,0.0,2.408
1096576.0,0.02391621,0.0,2.408
1096654.0,0.03823973,0.0,2.408
1096732.0,-0.00010887,0.0,2.752
1096810.0,0.01655122,0.0,2.408
1096888.0,0.01782096,0.0,2.408
1096966.0,-0.00473096,0.0,2.408
1097044.0,0.02208756,0.0,2.064
1097122.0,0.01065924,0.0,2.408
1097201.0,0.00050073,0.0,2.408
1097279.0,0.02422094,0.0,2.064
1097357.0,0.03702068,0.0,2.408
1097435.0,-0.00544209,0.0,2.408
1097513.0,0.01167509,0.0,2.408
1097591.0,0.02010662,0.0,2.064
1097669.0,0.00578318,0.0,2.064
1097747.0,0.0313319,0.0,2.064
1097825.0,0.00766237,0.0,2.064
1097904.0,0.02498275,0.0,2.408
1097982.0,0.02350974,0.0,3.096
1098060.0,0.02259549,0.0,2.064
1098138.0,0.03595399,0.0,2.064
1098216.0,0.01421472,0.0,2.064
1098294.0,0.03036673,0.0,1.72
1098372.0,-0.00066756,0.0,2.064
1098450.0,0.01253858,0.0,1.72
1098528.0,0.01131953,0.0,2.064
1098606.0,0.00761169,0.0,1.72
1098685.0,0.01523057,0.0,3.096
1098763.0,0.0062402,0.0,1.72
1098841.0,0.01639878,0.0,2.064
1098919.0,0.00959255,0.0,1.72
1098997.0,0.01390999,0.0,1.72
1099075.0,0.02543999,0.0,2.064
1099153.0,0.00105934,0.0,2.064
1099231.0,0.02137651,0.0,1.72
1099309.0,0.01411312,0.0,2.064
1099388.0,0.0131481,0.0,2.064
1099466.0,-0.00010887,0.0,2.064
1099544.0,0.01015131,0.0,2.064
1099622.0,0.00339584,0.0,2.408
1099700.0,0.01416388,0.0,2.408
1099778.0,0.01837972,0.0,3.096
1099856.0,0.01355443,0.0,1.72
1099934.0,0.01289414,0.0,2.408
1100013.0,0.01573849,0.0,2.752
1100091.0,0.01543377,0.0,2.408
1100169.0,0.02107171,0.0,2.064
1100247.0,0.03280484,0.0,2.408
1100325.0,0.01995434,0.0,2.064
1100403.0,0.02579555,0.0,3.096
1100481.0,0.00801794,0.0,2.064
1100559.0,0.00969408,0.0,2.752
1100638.0,0.01162425,0.0,2.064
1100716.0,0.02076691,0.0,2.064
1100794.0,0.03026521,0.0,2.408
1100872.0,-0.01301028,0.0,2.408
1100950.0,0.02371302,0.0,2.408
1101028.0,-0.00711823,0.0,2.064
1101106.0,0.0334652,0.0,2.064
1101184.0,0.02081782,0.0,2.752
1101262.0,0.0083735,0.0,1.72
1101340.0,0.02630333,0.0,1.72
1101419.0,0.01218302,0.0,2.064
1101497.0,0.01411312,0.0,2.064
1101575.0,0.00618943,0.0,2.064
1101653.0,0.05302041,0.0,1.376
1101731.0,0.01873528,0.0,2.064
1101809.0,0.0199035,0.0,2.064
1101887.0,0.01436716,0.0,2.064
1101966.0,0.01512897,0.0,1.72
1102044.0,0.01959877,0.0,2.064
1102122.0,0.0014149,0.0,2.064
1102200.0,0.01116716,0.0,2.064
1102278.0,0.01904001,0.0,2.064
1102356.0,-0.00838812,0.0,1.72
1102434.0,0.0178718,0.0,2.064
1102512.0,0.01396068,0.0,1.72
1102590.0,0.03453181,0.0,2.064
1102669.0,0.01604322,0.0,1.72
1102747.0,0.03183982,0.0,2.064
1102825.0,0.00817037,0.0,2.064
1102903.0,0.02432247,0.0,2.064
1102981.0,0.00253236,0.0,2.064
1103059.0,-0.00889604,0.0,2.064
1103137.0,-0.00462944,0.0,2.064
1103215.0,0.02137651,0.0,2.064
1103293.0,0.02127491,0.0,2.064
1103372.0,0.0043101,0.0,2.064
1103450.0,0.02488123,0.0,2.064
1103528.0,0.037427,0.0,1.72
1103606.0,0.01995434,0.0,2.064
1103684.0,0.01802408,0.0,2.408
1103762.0,0.00781481,0.0,2.064
1103840.0,0.0013133,0.0,1.72
1103918.0,0.01411312,0.0,2.064
1103996.0,0.03117953,0.0,2.064
1104075.0,0.01319887,0.0,2.408
1104153.0,0.01055756,0.0,1.72
1104231.0,0.02356058,0.0,1.72
1104309.0,0.01299567,0.0,1.72
1104387.0,0.02239244,0.0,1.72
1104465.0,0.0126401,0.0,2.064
1104543.0,0.01817652,0.0,2.064
1104621.0,0.00014517,0.0,1.72
1104700.0,0.02772558,0.0,2.064
1104778.0,0.00959255,0.0,2.064
1104856.0,0.02295105,0.0,2.064
1104934.0,0.01751623,0.0,2.064
1105012.0,0.0067482,0.0,2.064
1105090.0,0.02538908,0.0,1.72
1105168.0,0.00817037,0.0,2.064
1105246.0,0.01584002,0.0,2.064
1105324.0,0.01584002,0.0,2.408
1105403.0,0.01340199,0.0,2.064
1105481.0,0.02229076,0.0,2.064
1105559.0,-0.000312,0.0,2.064
1105637.0,0.03189051,0.0,1.72
1105715.0,0.00872906,0.0,1.72
1105793.0,0.02284945,0.0,2.064
1105871.0,0.00588471,0.0,2.064
1105949.0,0.02554152,0.0,2.064
1106027.0,0.05423946,0.0,2.064
1106106.0,0.02020822,0.0,2.064
1106184.0,0.02097019,0.0,2.064
1106262.0,0.02975736,0.0,1.72
1106340.0,0.00740849,0.0,2.064
1106418.0,0.01538293,0.0,1.72
1106496.0,0.01644962,0.0,1.72
1106574.0,0.02731926,0.0,2.064
1106652.0,0.01380839,0.0,2.064
1106731.0,0.01218302,0.0,2.064
1106809.0,0.0045133,0.0,1.376
1106887.0,0.00273548,0.0,2.064
1106965.0,0.01695755,0.0,2.064
1107043.0,0.0427603,0.0,2.064
1107121.0,0.01213218,0.0,2.408
1107199.0,0.02056379,0.0,2.064
1107277.0,0.02452566,0.0,2.064
1107355.0,0.00578318,0.0,2.064
1107434.0,0.02731926,0.0,2.064
1107512.0,0.01558613,0.0,2.064
1107590.0,0.01782096,0.0,2.064
1107668.0,0.02097019,0.0,2.408
1107746.0,0.01766867,0.0,2.064
1107824.0,0.02117339,0.0,2.064
1107902.0,0.0392555,0.0,2.064
1107980.0,0.02381454,0.0,2.064
1108058.0,0.01751623,0.0,2.064
1108137.0,0.0239669,0.0,1.72
1108215.0,0.01076076,0.0,2.064
1108293.0,0.01172593,0.0,1.72
1108371.0,0.01802408,0.0,2.064
1108449.0,0.00796725,0.0,2.064
1108527.0,0.01360512,0.0,1.376
1108605.0,0.02401774,0.0,2.064
1108683.0,0.03661428,0.0,1.72
1108762.0,0.00542762,0.0,2.064
1108840.0,0.01507821,0.0,1.72
1108918.0,0.00111018,0.0,2.064
1108996.0,0.02340814,0.0,1.376
1109074.0,-0.00534049,0.0,2.064
1109152.0,0.01660198,0.0,1.376
1109230.0,0.01655122,0.0,1.72
1109308.0,0.02157964,0.0,1.72
1109386.0,0.00954171,0.0,2.064
1109465.0,0.00964331,0.0,1.376
1109543.0,0.02340814,0.0,2.064
1109621.0,-0.00417228,0.0,1.72
1109699.0,0.01147189,0.0,1.72
1109777.0,0.0219352,0.0,1.72
1109855.0,0.02742086,0.0,1.376
1109933.0,0.01152265,0.0,1.72
1110011.0,0.02554152,0.0,1.72
1110089.0,0.01543377,0.0,2.064
1110168.0,0.0245765,0.0,1.72
1110246.0,0.00298952,0.0,1.72
1110324.0,0.01685595,0.0,2.064
1110402.0,0.01695755,0.0,1.72
1110480.0,0.0357001,0.0,2.064
1110558.0,0.01721151,0.0,2.064
1110636.0,0.02122407,0.0,2.064
1110714.0,0.00811954,0.0,2.064
1110792.0,0.01675435,0.0,2.064
1110871.0,0.01213218,0.0,2.064
1110949.0,0.0173638,0.0,1.72
1111027.0,0.00745925,0.0,2.064
1111105.0,0.03595399,0.0,2.064
1111183.0,0.01457028,0.0,2.064
1111261.0,0.03397305,0.0,2.752
1111339.0,0.0237637,0.0,2.064
1111417.0,0.00304028,0.0,1.72
1111496.0,0.00039898,0.0,2.064
1111574.0,0.01385915,0.0,2.064
1111652.0,0.03615719,0.0,2.064
1111730.0,0.03183982,0.0,2.752
1111808.0,0.01065924,0.0,2.752
1111886.0,0.00349737,0.0,2.064
1111964.0,0.00370057,0.0,2.408
1112042.0,0.02356058,0.0,2.408
1112120.0,0.00415773,0.0,2.408
1112199.0,0.02650653,0.0,2.408
1112277.0,0.01563689,0.0,2.064
1112355.0,0.00243076,0.0,2.064
1112433.0,0.03250011,0.0,2.408
1112511.0,0.01467188,0.0,2.408
1112589.0,0.01517973,0.0,2.752
1112667.0,0.04047456,0.0,2.064
1112745.0,0.01909085,0.0,3.096
1112823.0,0.00776405,0.0,2.408
1112902.0,0.00314188,0.0,1.72
1112980.0,0.00913546,0.0,2.064
1113058.0,0.01208134,0.0,2.064
1113136.0,-0.00401991,0.0,2.064
1113214.0,0.0333636,0.0,2.064
1113292.0,0.0061386,0.0,2.064
1113370.0,0.01538293,0.0,1.72
1113448.0,0.02417003,0.0,1.72
1113527.0,0.02869059,0.0,1.72
1113605.0,0.03143342,0.0,2.064
1113683.0,0.01898932,0.0,2.752
1113761.0,0.02919859,0.0,1.72
1113839.0,0.01629718,0.0,2.752
1113917.0,0.03641115,0.0,2.408
1113995.0,0.02223993,0.0,2.408
1114073.0,0.02076691,0.0,2.408
1114151.0,0.01238622,0.0,2.064
1114230.0,0.01584002,0.0,2.408
1114308.0,0.02635417,0.0,2.408
1114386.0,0.02884303,0.0,2.408
1114464.0,0.0238653,0.0,1.72
1114542.0,-0.0070167,0.0,1.376
1114620.0,0.02325578,0.0,2.064
1114698.0,0.0219352,0.0,1.72
1114776.0,-0.00564529,0.0,2.064
1114854.0,0.0259986,0.0,2.752
1114933.0,0.0130465,0.0,2.064
1115011.0,0.03803645,0.0,2.064
1115089.0,0.01543377,0.0,2.064
1115167.0,0.02477955,0.0,2.752
1115245.0,0.03722388,0.0,2.408
1115323.0,0.02569388,0.0,2.408
1115401.0,0.04514749,0.0,2.752
1115479.0,0.03468417,0.0,2.408
1115557.0,0.00502115,0.0,2.064
1115636.0,0.02508435,0.0,2.408
1115714.0,0.01665274,0.0,2.408
1115792.0,0.02579555,0.0,2.064
1115870.0,0.00603707,0.0,2.752
1115948.0,0.01365595,0.0,2.408
1116026.0,0.03656359,0.0,2.064
1116104.0,0.03783333,0.0,2.408
1116182.0,-0.00021047,0.0,2.064
1116261.0,0.01330039,0.0,2.064
1116339.0,0.02584624,0.0,2.064
1116417.0,0.02533832,0.0,2.064
1116495.0,0.02655737,0.0,2.064
1116573.0,0.01223378,0.0,2.064
1116651.0,0.01182745,0.0,2.064
1116729.0,0.01812576,0.0,1.72
1116807.0,0.01761783,0.0,2.064
1116885.0,0.01594169,0.0,2.064
1116963.0,0.02025906,0.0,2.064
1117042.0,0.02777642,0.0,2.064
1117120.0,0.03016368,0.0,2.064
1117198.0,0.02132567,0.0,2.064
1117276.0,-0.01509275,0.0,2.064
1117354.0,0.00710376,0.0,2.064
1117432.0,0.02569388,0.0,1.72
1117510.0,0.01187829,0.0,2.064
1117589.0,0.02676057,0.0,2.064
1117667.0,0.01360512,0.0,2.064
1117745.0,0.01741471,0.0,1.72
1117823.0,0.01964961,0.0,2.064
1117901.0,0.04093172,0.0,2.064
1117979.0,0.02625264,0.0,1.72
1118057.0,0.01502744,0.0,1.72
1118135.0,0.03036673,0.0,1.72
1118213.0,0.02269716,0.0,1.72
1118292.0,0.04245549,0.0,1.72
1118370.0,0.01025284,0.0,1.72
1118448.0,0.02503359,0.0,1.72
1118526.0,0.02533832,0.0,1.376
1118604.0,0.02345898,0.0,1.72
1118682.0,0.00344661,0.0,1.72
1118760.0,0.02117339,0.0,1.72
1118838.0,0.02650653,0.0,1.72
1118916.0,0.02930019,0.0,1.72
1118994.0,0.00197359,0.0,1.72
1119073.0,0.01670351,0.0,1.72
1119151.0,-0.00178509,0.0,1.72
1119229.0,0.02112255,0.0,1.376
1119307.0,0.02188436,0.0,1.72
1119385.0,0.01380839,0.0,1.376
1119463.0,0.00293868,0.0,2.064
1119541.0,0.03148426,0.0,1.72
1119620.0,0.02686209,0.0,2.064
1119698.0,0.01071008,0.0,1.376
1119776.0,0.0220368,0.0,2.064
1119854.0,-0.00249614,0.0,1.72
1119932.0,0.01837972,0.0,2.064
1120010.0,0.01482417,0.0,2.064
1120088.0,0.03244927,0.0,2.064
1120166.0,0.00928783,0.0,1.72
1120244.0,0.01152265,0.0,2.064
1120323.0,0.02777642,0.0,1.72
1120401.0,0.02945256,0.0,2.064
1120479.0,0.01533217,0.0,2.064
1120557.0,0.02828434,0.0,2.064
1120635.0,0.00974499,0.0,2.408
1120713.0,0.01614475,0.0,2.064
1120791.0,0.00679888,0.0,2.064
1120869.0,0.00842434,0.0,1.72
1120947.0,0.03021445,0.0,2.064
1121025.0,0.02853831,0.0,2.408
1121104.0,0.01985274,0.0,1.376
1121182.0,0.0126401,0.0,1.72
1121260.0,0.00573235,0.0,1.72
1121338.0,0.00202451,0.0,1.376
1121416.0,0.01761783,0.0,2.064
1121494.0,0.02417003,0.0,2.064
1121572.0,0.00745925,0.0,1.72
1121651.0,0.01050688,0.0,2.064
1121729.0,0.0110148,0.0,2.408
1121807.0,0.00730696,0.0,2.064
1121885.0,0.00182131,0.0,2.408
1121963.0,0.01411312,0.0,2.064
1122041.0,0.02391621,0.0,2.408
1122119.0,0.03168746,0.0,2.408
1122197.0,0.01350359,0.0,2.408
1122275.0,0.01462097,0.0,2.408
1122353.0,0.0173638,0.0,2.408
1122432.0,0.00593547,0.0,2.408
1122510.0,0.01924313,0.0,2.408
1122588.0,0.01177661,0.0,1.72
1122666.0,0.02137651,0.0,1.72
1122744.0,0.03722388,0.0,1.72
1122822.0,0.01924313,0.0,1.376
1122900.0,0.02432247,0.0,1.376
1122978.0,0.01055756,0.0,1.72
1123057.0,0.00532595,0.0,2.408
1123135.0,0.01421472,0.0,2.064
1123213.0,0.03051925,0.0,1.72
1123291.0,0.04367455,0.0,1.72
1123369.0,0.01497661,0.0,1.376
1123447.0,0.01832896,0.0,1.72
1123525.0,-0.00132792,0.0,1.376
1123603.0,0.00187207,0.0,1.032
1123681.0,0.01670351,0.0,2.064
1123760.0,0.00557991,0.0,2.064
1123838.0,0.03636039,0.0,1.032
1123916.0,0.01985274,0.0,1.376
1123994.0,0.01172593,0.0,1.376
1124072.0,0.02005586,0.0,1.72
1124150.0,0.03397305,0.0,1.72
1124228.0,0.01817652,0.0,2.064
1124306.0,0.01421472,0.0,2.064
1124384.0,0.02564304,0.0,1.376
1124463.0,0.00400537,0.0,1.72
1124541.0,0.00862754,0.0,1.72
1124619.0,0.01401152,0.0,1.72
1124697.0,0.00390385,0.0,1.72
1124775.0,0.01685595,0.0,1.72
1124853.0,0.03351604,0.0,1.72
1124931.0,0.00827197,0.0,2.064
1125009.0,0.02523679,0.0,1.72
1125087.0,0.02538908,0.0,1.72
1125166.0,0.02157964,0.0,2.064
1125244.0,0.0085767,0.0,1.72
1125322.0,0.01975114,0.0,1.376
1125400.0,0.00740849,0.0,1.376
1125478.0,0.01238622,0.0,1.376
1125556.0,0.01848132,0.0,1.376
1125634.0,0.02645584,0.0,1.72
1125712.0,0.0205131,0.0,1.376
1125791.0,0.01507821,0.0,1.72
1125869.0,0.037427,0.0,1.376
1125947.0,0.01624642,0.0,1.72
1126025.0,0.03046841,0.0,1.72
1126103.0,0.02513519,0.0,1.72
1126181.0,0.01858285,0.0,1.72
1126259.0,0.0239669,0.0,1.72
1126337.0,0.00903379,0.0,1.72
1126416.0,0.02142727,0.0,1.72
1126494.0,0.0240685,0.0,1.032
1126572.0,0.01883689,0.0,1.376
1126650.0,-0.00310566,0.0,1.376
1126728.0,0.02142727,0.0,1.376
1126806.0,0.02869059,0.0,1.72
1126884.0,0.01853208,0.0,1.72
1126962.0,0.01680511,0.0,1.72
1127040.0,0.03036673,0.0,1.72
1127119.0,0.01766867,0.0,2.064
1127197.0,0.01975114,0.0,2.408
1127275.0,-0.01346745,0.0,2.408
1127353.0,-0.00036283,0.0,2.064
1127431.0,0.02721765,0.0,2.064
1127509.0,0.01091313,0.0,2.064
1127587.0,0.01568773,0.0,2.064
1127665.0,0.01523057,0.0,2.064
1127743.0,0.00263396,0.0,2.408
1127822.0,-0.01570227,0.0,2.064
1127900.0,-0.00173425,0.0,1.376
1127978.0,0.03844293,0.0,1.376
1128056.0,0.02533832,0.0,1.72
1128134.0,-0.00229294,0.0,1.72
1128212.0,0.03808737,0.0,1.72
1128290.0,-0.0140769,0.0,1.72
1128368.0,0.00847518,0.0,1.72
1128447.0,0.03117953,0.0,1.72
1128525.0,0.01512897,0.0,1.72
1128603.0,0.006545,0.0,1.72
1128681.0,0.00339584,0.0,1.72
1128759.0,-0.00788012,0.0,2.064
1128837.0,0.01380839,0.0,2.064
1128915.0,0.01726227,0.0,2.064
1128993.0,-0.01102934,0.0,2.064
1129071.0,0.02025906,0.0,2.064
1129149.0,0.00309104,0.0,1.72
1129228.0,0.0313319,0.0,2.064
1129306.0,0.00938943,0.0,2.752
1129384.0,0.02117339,0.0,2.752
1129462.0,0.01228454,0.0,2.752
1129540.0,0.01269094,0.0,2.408
1129618.0,0.02884303,0.0,2.408
1129696.0,0.02259549,0.0,2.408
1129774.0,0.01269094,0.0,2.064
1129852.0,0.0179734,0.0,2.064
1129931.0,0.03884918,0.0,2.408
1130009.0,0.00893226,0.0,2.408
1130087.0,0.02726842,0.0,2.408
1130165.0,0.01492569,0.0,2.408
1130243.0,0.01898932,0.0,2.408
1130321.0,0.01233538,0.0,2.408
1130399.0,0.00933851,0.0,2.064
1130478.0,-0.00305482,0.0,2.064
1130556.0,0.02472879,0.0,2.064
1130634.0,0.00070385,0.0,2.064
1130712.0,0.02356058,0.0,2.064
1130790.0,0.03788416,0.0,2.064
1130868.0,-0.00462944,0.0,2.064
1130946.0,0.01451944,0.0,1.72
1131024.0,-0.01011509,0.0,2.064
1131102.0,0.01914161,0.0,2.064
1131180.0,0.02706529,0.0,2.064
1131259.0,0.02132567,0.0,2.064
1131337.0,0.00776405,0.0,2.064
1131415.0,0.02305273,0.0,1.376
1131493.0,0.01528133,0.0,1.72
1131571.0,0.02127491,0.0,2.064
1131649.0,0.0243733,0.0,1.72
1131727.0,0.01004971,0.0,1.72
1131805.0,0.01157349,0.0,1.72
1131883.0,0.02239244,0.0,2.064
1131962.0,0.03595399,0.0,1.72
1132040.0,0.0110148,0.0,2.064
1132118.0,0.01421472,0.0,1.72
1132196.0,0.01665274,0.0,1.376
1132274.0,-0.01514351,0.0,1.72
1132352.0,0.01548446,0.0,2.064
1132430.0,0.00608791,0.0,1.72
1132509.0,0.01436716,0.0,2.064
1132587.0,0.02767482,0.0,2.408
1132665.0,0.04265862,0.0,1.72
1132743.0,0.01837972,0.0,2.064
1132821.0,0.00618943,0.0,2.064
1132899.0,0.02970644,0.0,2.064
1132977.0,0.01208134,0.0,2.064
1133055.0,0.01634802,0.0,1.72
1133133.0,0.01457028,0.0,2.064
1133211.0,0.0085767,0.0,1.72
1133290.0,0.01644962,0.0,2.064
1133368.0,-0.00148021,0.0,2.064
1133446.0,0.02097019,0.0,2.064
1133524.0,0.01248782,0.0,2.064
1133602.0,0.0197003,0.0,2.064
1133680.0,0.03879849,0.0,2.064
1133758.0,0.01959877,0.0,2.064
1133836.0,-0.01260388,0.0,2.064
1133914.0,0.01071008,0.0,2.064
1133993.0,0.02863991,0.0,2.064
1134071.0,0.00684972,0.0,2.064
1134149.0,0.00390385,0.0,2.064
1134227.0,0.03067153,0.0,2.064
1134305.0,0.02676057,0.0,2.064
1134383.0,0.02823358,0.0,2.064
1134461.0,0.026405,0.0,2.064
1134540.0,-0.01031814,0.0,1.72
1134618.0,0.010202,0.0,2.064
1134696.0,0.00557991,0.0,2.064
1134774.0,0.01436716,0.0,2.064
1134852.0,0.02493207,0.0,2.064
1134930.0,0.01716067,0.0,2.064
1135008.0,0.00771321,0.0,1.72
1135086.0,0.00532595,0.0,1.72
1135164.0,0.00390385,0.0,1.72
1135243.0,0.00690049,0.0,2.064
1135321.0,0.04037296,0.0,2.064
1135399.0,0.03595399,0.0,2.064
1135477.0,0.02218916,0.0,1.72
1135555.0,0.0203099,0.0,2.064
1135633.0,0.02198596,0.0,2.064
1135711.0,0.01345283,0.0,2.064
1135789.0,0.0085767,0.0,1.72
1135867.0,0.01904001,0.0,2.064
1135945.0,0.01619566,0.0,2.064
1136024.0,0.03402389,0.0,2.064
1136102.0,0.03006201,0.0,2.064
1136180.0,0.01954786,0.0,2.064
1136258.0,0.02828434,0.0,2.064
1136336.0,0.02472879,0.0,1.72
1136414.0,0.01904001,0.0,2.064
1136492.0,0.02747154,0.0,1.72
1136570.0,0.02046219,0.0,2.064
1136649.0,0.00466566,0.0,1.72
1136727.0,0.00039898,0.0,1.72
1136805.0,0.0240685,0.0,2.064
1136883.0,0.02244313,0.0,1.72
1136961.0,0.0051229,0.0,1.72
1137039.0,0.01523057,0.0,2.064
1137117.0,0.02919859,0.0,2.064
1137195.0,0.01655122,0.0,1.72
1137274.0,-0.00569605,0.0,2.064
1137352.0,0.03620795,0.0,2.064
1137430.0,-0.00716907,0.0,2.064
1137508.0,0.02254473,0.0,1.376
1137586.0,0.02320501,0.0,1.72
1137664.0,-0.00366443,0.0,1.376
1137742.0,0.01035451,0.0,1.72
1137820.0,-0.00528973,0.0,1.376
1137898.0,0.02792878,0.0,1.72
1137977.0,0.00817037,0.0,1.72
1138055.0,0.04529985,0.0,1.72
1138133.0,0.01858285,0.0,1.376
1138211.0,0.01396068,0.0,1.72
1138289.0,0.02218916,0.0,1.032
1138367.0,0.00979575,0.0,2.064
1138445.0,0.01822728,0.0,1.376
1138523.0,0.00085622,0.0,1.376
1138601.0,0.03255087,0.0,1.376
1138679.0,0.00603707,0.0,1.72
1138758.0,0.01975114,0.0,1.72
1138836.0,0.0178718,0.0,1.376
1138914.0,0.02716682,0.0,2.064
1138992.0,0.01218302,0.0,2.408
1139070.0,0.03244927,0.0,2.408
1139148.0,0.01614475,0.0,2.752
1139226.0,0.02554152,0.0,2.408
1139305.0,0.01568773,0.0,2.064
1139383.0,0.01385915,0.0,2.408
1139461.0,0.01878605,0.0,2.064
1139539.0,0.02234153,0.0,2.064
1139617.0,0.0067482,0.0,1.72
1139695.0,0.0221384,0.0,2.064
1139773.0,0.02183367,0.0,2.064
1139851.0,0.02762406,0.0,1.376
1139929.0,0.037427,0.0,2.408
1140008.0,0.0061386,0.0,2.752
1140086.0,0.0103036,0.0,1.72
1140164.0,0.02660813,0.0,2.752
1140242.0,0.006545,0.0,2.064
1140320.0,0.00766237,0.0,2.408
1140398.0,0.00324356,0.0,2.064
1140476.0,0.01152265,0.0,1.72
1140554.0,0.00832266,0.0,2.408
1140632.0,0.03250011,0.0,2.064
1140710.0,0.02366218,0.0,2.064
1140789.0,0.0124369,0.0,2.064
1140867.0,-0.01646409,0.0,1.032
1140945.0,0.01375755,0.0,1.72
1141023.0,0.010202,0.0,1.72
1141101.0,0.03051925,0.0,2.064
1141179.0,-0.00310566,0.0,2.064
1141257.0,0.01665274,0.0,1.72
1141336.0,0.01380839,0.0,1.72
1141414.0,0.02848739,0.0,1.72
1141492.0,0.00547831,0.0,2.064
1141570.0,0.04636654,0.0,2.064
1141648.0,0.01726227,0.0,2.064
1141726.0,0.0219352,0.0,3.096
1141804.0,0.02427178,0.0,2.752
1141882.0,0.01705907,0.0,2.752
1141960.0,0.01218302,0.0,2.752
1142038.0,0.0381382,0.0,2.408
1142117.0,0.00339584,0.0,2.752
1142195.0,0.02350974,0.0,2.752
1142273.0,0.02655737,0.0,2.408
1142351.0,0.01152265,0.0,2.408
1142429.0,0.00883074,0.0,2.408
1142507.0,0.01533217,0.0,2.408
1142585.0,0.017567,0.0,2.408
1142663.0,0.01390999,0.0,2.408
1142741.0,0.01253858,0.0,2.064
1142820.0,0.0220368,0.0,2.408
1142898.0,0.02411927,0.0,2.408
1142976.0,0.03138266,0.0,2.064
1143054.0,0.01065924,0.0,2.408
1143132.0,0.03265247,0.0,2.064
1143210.0,0.00979575,0.0,2.064
1143288.0,0.02660813,0.0,2.064
1143366.0,0.02345898,0.0,2.408
1143445.0,0.02335745,0.0,2.064
1143523.0,0.01279254,0.0,2.408
1143601.0,0.01995434,0.0,2.408
1143679.0,0.01863368,0.0,2.064
1143757.0,0.00314188,0.0,1.376
1143835.0,0.01553529,0.0,2.064
1143913.0,0.03194142,0.0,1.376
1143991.0,0.01985274,0.0,2.064
1144069.0,0.010202,0.0,1.72
1144148.0,-0.00376595,0.0,2.064
1144226.0,0.01619566,0.0,2.064
1144304.0,0.02538908,0.0,2.064
1144382.0,0.02787794,0.0,2.408
1144460.0,0.01726227,0.0,2.752
1144538.0,0.02229076,0.0,3.784
1144616.0,0.03138266,0.0,2.408
1144694.0,0.0173638,0.0,2.752
1144772.0,0.0126401,0.0,2.408
1144851.0,0.0200051,0.0,2.408
1144929.0,0.01634802,0.0,2.408
1145007.0,0.02863991,0.0,2.408
1145085.0,0.01700831,0.0,2.064
1145163.0,0.01700831,0.0,2.408
1145241.0,0.01167509,0.0,2.408
1145319.0,0.02417003,0.0,2.408
1145397.0,0.01843056,0.0,2.408
1145475.0,0.00664667,0.0,2.064
1145554.0,0.01716067,0.0,2.064
1145632.0,0.0240685,0.0,2.064
1145710.0,0.01208134,0.0,2.408
1145788.0,0.00720529,0.0,2.408
1145866.0,0.04220161,0.0,2.408
1145944.0,0.01431624,0.0,2.064
1146022.0,0.03844293,0.0,2.408
1146101.0,0.02391621,0.0,2.064
1146179.0,0.00400537,0.0,2.064
1146257.0,0.01660198,0.0,2.064
1146335.0,0.00989728,0.0,2.064
1146413.0,0.00568143,0.0,2.064
1146491.0,0.00954171,0.0,2.064
1146569.0,0.02858907,0.0,2.064
1146647.0,0.0090847,0.0,2.064
1146725.0,0.0295034,0.0,2.064
1146803.0,0.01162425,0.0,2.064
1146882.0,0.01553529,0.0,2.064
1146960.0,0.01507821,0.0,2.064
1147038.0,0.02604937,0.0,2.752
1147116.0,0.03031605,0.0,2.752
1147194.0,0.03056993,0.0,2.408
1147272.0,0.02620181,0.0,2.752
1147350.0,0.02036059,0.0,2.408
1147428.0,0.02579555,0.0,2.408
1147507.0,-0.00407068,0.0,2.408
1147585.0,0.01040528,0.0,2.408
1147663.0,0.01274163,0.0,2.408
1147741.0,0.02366218,0.0,2.408
1147819.0,0.02686209,0.0,2.408
1147897.0,-0.00330886,0.0,2.064
1147975.0,0.01162425,0.0,2.408
1148053.0,0.02005586,0.0,2.408
1148131.0,0.02833518,0.0,2.408
1148210.0,0.01589093,0.0,2.408
1148288.0,-0.00666114,0.0,2.408
1148366.0,0.03615719,0.0,2.408
1148444.0,0.02239244,0.0,2.408
1148522.0,0.03062077,0.0,2.064
1148600.0,0.00761169,0.0,2.064
1148678.0,0.01634802,0.0,2.408
1148756.0,0.02899547,0.0,2.408
1148834.0,0.0237637,0.0,1.72
1148913.0,0.02767482,0.0,2.064
1148991.0,0.02132567,0.0,3.096
1149069.0,0.02742086,0.0,2.064
1149147.0,0.02838587,0.0,2.064
1149225.0,0.01843056,0.0,2.408
1149303.0,0.02173215,0.0,1.72
1149381.0,0.02452566,0.0,2.064
1149459.0,0.01335123,0.0,2.064
1149538.0,0.02340814,0.0,2.064
1149616.0,0.01675435,0.0,2.064
1149694.0,0.02056379,0.0,2.064
1149772.0,0.04067768,0.0,2.064
1149850.0,0.02041142,0.0,2.064
1149928.0,0.00989728,0.0,2.064
1150006.0,0.03021445,0.0,2.064
1150084.0,0.01340199,0.0,2.064
1150163.0,0.00791641,0.0,2.064
1150241.0,0.0199035,0.0,2.064
1150319.0,0.00425926,0.0,2.064
1150397.0,0.01182745,0.0,2.064
1150475.0,-0.00503576,0.0,2.064
1150553.0,0.01355443,0.0,1.72
1150631.0,0.01299567,0.0,2.408
1150709.0,0.00959255,0.0,2.064
1150787.0,0.02188436,0.0,1.376
1150865.0,0.02452566,0.0,1.72
1150944.0,0.02635417,0.0,1.72
1151022.0,0.00959255,0.0,1.72
1151100.0,0.04961729,0.0,1.72
1151178.0,0.00761169,0.0,2.064
1151256.0,0.01726227,0.0,2.064
1151334.0,0.0174654,0.0,2.064
1151412.0,0.02259549,0.0,1.376
1151490.0,0.02701453,0.0,1.72
1151568.0,0.01182745,0.0,1.72
1151647.0,0.02564304,0.0,1.72
1151725.0,0.03244927,0.0,1.72
1151803.0,0.02295105,0.0,2.064
1151881.0,0.02218916,0.0,2.064
1151959.0,0.01533217,0.0,2.064
1152037.0,0.00111018,0.0,2.064
1152115.0,0.00959255,0.0,2.064
1152194.0,0.03514134,0.0,1.72
1152272.0,0.03102717,0.0,1.72
1152350.0,0.00872906,0.0,1.72
1152428.0,0.01182745,0.0,2.064
1152506.0,0.02747154,0.0,2.064
1152584.0,0.00659576,0.0,2.064
1152662.0,0.01817652,0.0,2.064
1152740.0,0.00659576,0.0,2.064
1152818.0,0.03712228,0.0,2.064
1152896.0,0.01512897,0.0,2.064
1152975.0,0.0069514,0.0,2.064
1153053.0,0.01192905,0.0,1.72
1153131.0,0.01634802,0.0,2.064
1153209.0,0.01380839,0.0,2.064
1153287.0,0.02025906,0.0,2.064
1153365.0,0.03041765,0.0,2.408
1153443.0,0.00629103,0.0,2.064
1153521.0,0.03788416,0.0,2.064
1153599.0,0.01619566,0.0,2.064
1153678.0,0.01431624,0.0,1.72
1153756.0,0.01040528,0.0,1.72
1153834.0,0.01528133,0.0,1.72
1153912.0,0.02173215,0.0,2.064
1153990.0,-7.27e-06,0.0,2.064
1154068.0,0.01599246,0.0,1.376
1154146.0,-0.0046802,0.0,2.064
1154224.0,0.02005586,0.0,1.72
1154303.0,0.01782096,0.0,2.064
1154381.0,0.02122407,0.0,2.064
1154459.0,0.03696984,0.0,2.064
1154537.0,0.02340814,0.0,2.064
1154615.0,0.02564304,0.0,2.064
1154693.0,0.01878605,0.0,2.064
1154771.0,0.0045133,0.0,2.064
1154849.0,0.02036059,0.0,2.064
1154928.0,0.01543377,0.0,2.064
1155006.0,0.0200051,0.0,2.064
1155084.0,0.0130465,0.0,2.064
1155162.0,0.01436716,0.0,1.72
1155240.0,0.02767482,0.0,2.064
1155318.0,0.026405,0.0,2.064
1155396.0,0.02198596,0.0,1.72
1155474.0,0.03854445,0.0,1.72
1155552.0,0.00375141,0.0,1.72
1155630.0,0.03712228,0.0,1.72
1155709.0,0.01863368,0.0,1.72
1155787.0,0.0126401,0.0,1.72
1155865.0,0.02046219,0.0,1.72
1155943.0,0.0287922,0.0,2.064
1156021.0,0.0108116,0.0,1.72
1156099.0,0.01477348,0.0,1.72
1156177.0,0.02660813,0.0,2.064
1156255.0,0.02762406,0.0,2.064
1156334.0,0.01467188,0.0,2.408
1156412.0,0.02620181,0.0,1.376
1156490.0,0.03605559,0.0,2.752
1156568.0,0.02366218,0.0,2.064
1156646.0,0.01634802,0.0,2.408
1156724.0,0.02670973,0.0,2.752
1156802.0,0.00690049,0.0,2.752
1156880.0,0.02249396,0.0,2.752
1156958.0,0.0503791,0.0,2.064
1157037.0,0.02173215,0.0,2.408
1157115.0,0.02229076,0.0,2.752
1157193.0,0.01573849,0.0,2.408
1157271.0,0.02056379,0.0,2.064
1157349.0,0.01350359,0.0,2.752
1157427.0,0.04342066,0.0,2.408
1157505.0,0.01680511,0.0,2.408
1157583.0,0.01106556,0.0,3.096
1157661.0,0.02244313,0.0,2.408
1157740.0,0.0392555,0.0,3.096
1157818.0,0.02462719,0.0,2.408
1157896.0,-0.00208981,0.0,2.752
1157974.0,0.01375755,0.0,2.752
1158052.0,0.00740849,0.0,2.064
1158130.0,0.02589708,0.0,2.064
1158208.0,0.02274785,0.0,2.408
1158286.0,0.03448105,0.0,2.752
1158364.0,0.0197003,0.0,2.408
1158443.0,0.01507821,0.0,2.064
1158521.0,0.0215288,0.0,2.408
1158599.0,0.03041765,0.0,2.064
1158677.0,0.02863991,0.0,2.408
1158755.0,0.00557991,0.0,2.408
1158833.0,0.00547831,0.0,2.064
1158911.0,0.0287922,0.0,2.064
1158989.0,0.01782096,0.0,2.752
1159068.0,0.02340814,0.0,2.064
1159146.0,0.02178284,0.0,2.064
1159224.0,0.01914161,0.0,2.408
1159302.0,0.02239244,0.0,2.408
1159380.0,0.01538293,0.0,2.064
1159458.0,0.01045604,0.0,2.064
1159536.0,0.02518595,0.0,2.752
1159614.0,0.0215288,0.0,2.064
1159692.0,0.02330661,0.0,2.064
1159771.0,0.0349889,0.0,2.064
1159849.0,0.01411312,0.0,2.408
1159927.0,0.01904001,0.0,2.408
1160005.0,0.01116716,0.0,2.408
1160083.0,0.01944634,0.0,2.064
1160161.0,0.00700209,0.0,2.064
1160239.0,0.01116716,0.0,2.064
1160317.0,-0.00280086,0.0,2.408
1160396.0,0.01294483,0.0,2.064
1160474.0,0.02284945,0.0,2.408
1160552.0,0.00156727,0.0,2.408
1160630.0,0.00502115,0.0,2.408
1160708.0,0.00984659,0.0,2.064
1160786.0,0.02853831,0.0,2.064
1160864.0,0.01837972,0.0,2.408
1160942.0,0.02462719,0.0,2.752
1161020.0,-0.01671812,0.0,2.408
1161098.0,0.03321123,0.0,2.408
1161177.0,0.00283708,0.0,1.72
1161255.0,0.0179734,0.0,2.064
1161333.0,0.0334652,0.0,2.064
1161411.0,0.00563067,0.0,1.72
1161489.0,0.04509665,0.0,1.72
1161567.0,0.01924313,0.0,1.72
1161645.0,0.02472879,0.0,2.064
1161724.0,0.03300804,0.0,2.064
1161802.0,0.01365595,0.0,2.064
1161880.0,0.01558613,0.0,2.064
1161958.0,0.00542762,0.0,2.064
1162036.0,0.02173215,0.0,1.72
1162114.0,0.01741471,0.0,1.72
1162192.0,0.01721151,0.0,2.064
1162270.0,0.02279869,0.0,2.064
1162348.0,0.01076076,0.0,2.064
1162426.0,0.00659576,0.0,2.408
1162505.0,0.01634802,0.0,1.72
1162583.0,0.02147811,0.0,2.064
1162661.0,0.00827197,0.0,2.064
1162739.0,0.00974499,0.0,2.064
1162817.0,-0.00122632,0.0,2.064
1162895.0,0.01050688,0.0,2.064
1162973.0,0.01837972,0.0,2.064
1163051.0,0.01426541,0.0,2.064
1163129.0,0.01929405,0.0,1.72
1163208.0,0.00776405,0.0,2.064
1163286.0,0.00872906,0.0,2.064
1163364.0,0.03128106,0.0,2.064
1163442.0,0.01253858,0.0,1.72
1163520.0,0.00659576,0.0,2.064
1163598.0,0.05566156,0.0,1.72
1163676.0,0.02137651,0.0,1.72
1163755.0,-0.00909917,0.0,2.064
1163833.0,0.01523057,0.0,2.064
1163911.0,0.00588471,0.0,2.064
1163989.0,0.02752238,0.0,2.064
1164067.0,0.02401774,0.0,2.064
1164145.0,0.01959877,0.0,2.064
1164223.0,0.00425926,0.0,1.72
1164301.0,0.02711613,0.0,2.064
1164379.0,0.01670351,0.0,2.064
1164457.0,0.02198596,0.0,2.064
1164536.0,-0.00259766,0.0,2.064
1164614.0,0.00740849,0.0,2.408
1164692.0,0.02173215,0.0,2.064
1164770.0,0.02015746,0.0,1.72
1164848.0,0.01589093,0.0,1.72
1164926.0,0.02650653,0.0,2.064
1165004.0,0.02543999,0.0,2.064
1165082.0,0.02493207,0.0,2.064
1165160.0,0.00913546,0.0,2.064
1165239.0,0.00999888,0.0,2.064
1165317.0,0.00664667,0.0,1.72
1165395.0,0.00456413,0.0,2.064
1165473.0,0.03026521,0.0,1.72
1165551.0,0.00903379,0.0,2.408
1165629.0,0.0238653,0.0,2.064
1165707.0,0.02091935,0.0,1.72
1165785.0,0.01131953,0.0,2.064
1165864.0,0.01375755,0.0,2.408
1165942.0,0.00227832,0.0,2.064
1166020.0,0.01528133,0.0,2.064
1166098.0,0.02127491,0.0,2.064
1166176.0,0.01695755,0.0,2.064
1166254.0,0.02137651,0.0,2.064
1166332.0,0.00796725,0.0,2.064
1166410.0,-0.01473719,0.0,2.064
1166488.0,0.01436716,0.0,2.064
1166567.0,0.00542762,0.0,2.064
1166645.0,0.02665889,0.0,1.72
1166723.0,0.02508435,0.0,2.064
1166801.0,0.0220368,0.0,2.064
1166879.0,0.00375141,0.0,2.064
1166957.0,0.01822728,0.0,2.408
1167035.0,0.03138266,0.0,2.064
1167113.0,0.01055756,0.0,2.064
1167191.0,0.02010662,0.0,2.064
1167270.0,0.01319887,0.0,1.72
1167348.0,0.02025906,0.0,2.064
1167426.0,0.01639878,0.0,2.064
1167504.0,0.01548446,0.0,1.72
1167582.0,0.0083735,0.0,2.064
1167660.0,0.00974499,0.0,2.064
1167738.0,0.00471642,0.0,2.064
1167817.0,-0.0115372,0.0,2.064
1167895.0,0.01248782,0.0,2.064
1167973.0,0.00756085,0.0,1.72
1168051.0,0.00827197,0.0,1.376
1168129.0,0.00507206,0.0,1.72
1168207.0,0.02996048,0.0,2.064
1168285.0,0.01401152,0.0,1.72
1168363.0,0.01868445,0.0,1.376
1168441.0,0.02086851,0.0,1.72
1168519.0,0.03214455,0.0,2.064
1168598.0,0.01548446,0.0,1.72
1168676.0,0.02721765,0.0,1.376
1168754.0,0.00659576,0.0,1.72
1168832.0,0.01832896,0.0,1.72
1168910.0,-0.00026131,0.0,1.72
1168988.0,0.0335668,0.0,1.72
1169066.0,-0.00986106,0.0,1.72
1169144.0,0.01258934,0.0,2.064
1169222.0,0.03219539,0.0,1.72
1169301.0,0.01716067,0.0,2.064
1169379.0,0.02945256,0.0,1.72
1169457.0,0.01035451,0.0,2.064
1169535.0,0.03168746,0.0,2.064
1169613.0,0.01898932,0.0,2.064
1169691.0,0.03509058,0.0,2.064
1169769.0,0.0219352,0.0,2.064
1169847.0,0.02549068,0.0,2.064
1169925.0,-0.00615322,0.0,2.408
1170004.0,0.02330661,0.0,2.064
1170082.0,0.02996048,0.0,2.064
1170160.0,0.00207519,0.0,2.408
1170238.0,0.01573849,0.0,2.064
1170316.0,-0.01387377,0.0,1.72
1170394.0,0.01954786,0.0,1.72
1170472.0,0.01385915,0.0,2.064
1170551.0,-0.00356275,0.0,2.064
1170629.0,0.02350974,0.0,2.752
1170707.0,0.00822114,0.0,2.064
1170785.0,0.01553529,0.0,2.408
1170863.0,0.03199219,0.0,2.408
1170941.0,0.02838587,0.0,2.064
1171019.0,0.02183367,0.0,2.408
1171097.0,0.00684972,0.0,2.752
1171175.0,0.01548446,0.0,1.376
1171253.0,0.02036059,0.0,1.72
1171332.0,0.03427785,0.0,2.752
1171410.0,0.02660813,0.0,2.408
1171488.0,0.0245765,0.0,2.408
1171566.0,0.03168746,0.0,2.064
1171644.0,0.00537671,0.0,1.72
1171722.0,0.02919859,0.0,1.72
1171800.0,0.02752238,0.0,2.064
1171878.0,0.02020822,0.0,2.064
1171957.0,0.00111018,0.0,2.064
1172035.0,0.01548446,0.0,1.376
1172113.0,0.02838587,0.0,1.376
1172191.0,0.01741471,0.0,1.72
1172269.0,0.04377607,0.0,2.064
1172347.0,0.03072237,0.0,2.064
1172425.0,0.01959877,0.0,1.72
1172503.0,0.01248782,0.0,2.064
1172582.0,0.03295727,0.0,1.72
1172660.0,-0.00097236,0.0,2.408
1172738.0,0.03006201,0.0,3.096
1172816.0,-0.00584849,0.0,3.096
1172894.0,0.00019585,0.0,3.44
1172972.0,0.02112255,0.0,3.096
1173050.0,0.02076691,0.0,2.752
1173128.0,0.02137651,0.0,2.408
1173206.0,0.01335123,0.0,2.752
1173284.0,0.02356058,0.0,2.752
1173363.0,0.03290644,0.0,2.752
1173441.0,0.018075,0.0,2.752
1173519.0,0.02086851,0.0,2.752
1173597.0,0.00105934,0.0,1.72
1173675.0,0.01406236,0.0,1.376
1173753.0,0.02315425,0.0,1.72
1173831.0,0.01995434,0.0,1.72
1173909.0,0.040627,0.0,1.72
1173987.0,0.0198019,0.0,1.72
1174066.0,0.0044117,0.0,2.064
1174144.0,0.01695755,0.0,1.376
1174222.0,0.01197982,0.0,1.376
1174300.0,0.02498275,0.0,2.408
1174378.0,0.02737002,0.0,1.72
1174456.0,0.02041142,0.0,2.064
1174534.0,0.03676672,0.0,2.064
1174612.0,0.0238653,0.0,2.064
1174691.0,0.02178284,0.0,1.72
1174769.0,0.00019585,0.0,1.72
1174847.0,0.02569388,0.0,2.064
1174925.0,0.02828434,0.0,1.72
1175003.0,0.00771321,0.0,1.72
1175081.0,0.01543377,0.0,1.72
1175159.0,0.01655122,0.0,1.72
1175237.0,0.02762406,0.0,2.408
1175316.0,0.00618943,0.0,2.064
1175394.0,0.01604322,0.0,2.064
1175472.0,0.02462719,0.0,2.064
1175550.0,0.01162425,0.0,2.408
1175628.0,0.01512897,0.0,2.408
1175706.0,-0.00401991,0.0,2.408
1175784.0,0.02935088,0.0,3.096
1175862.0,0.01751623,0.0,3.096
1175940.0,0.02752238,0.0,1.72
1176019.0,0.01832896,0.0,1.72
1176097.0,0.03681748,0.0,1.72
1176175.0,0.02579555,0.0,1.72
1176253.0,0.03214455,0.0,2.752
1176331.0,0.03630955,0.0,2.408
1176409.0,0.00659576,0.0,2.408
1176487.0,0.03905238,0.0,2.408
1176565.0,0.00507206,0.0,2.408
1176643.0,0.02498275,0.0,2.408
1176721.0,0.01548446,0.0,1.72
1176800.0,0.02737002,0.0,1.72
1176878.0,0.02620181,0.0,2.064
1176956.0,0.01121785,0.0,2.064
1177034.0,0.02086851,0.0,2.064
1177112.0,-0.00310566,0.0,2.064
1177190.0,0.03006201,0.0,1.72
1177268.0,0.01538293,0.0,2.064
1177346.0,0.00070385,0.0,1.72
1177425.0,0.02391621,0.0,1.72
1177503.0,0.01502744,0.0,1.72
1177581.0,0.00476733,0.0,2.064
1177659.0,0.02005586,0.0,2.064
1177737.0,0.0259986,0.0,2.064
1177815.0,0.00055142,0.0,1.72
1177893.0,0.00050073,0.0,2.064
1177971.0,0.01142105,0.0,2.064
1178050.0,0.01385915,0.0,2.064
1178128.0,0.01964961,0.0,1.72
1178206.0,0.02015746,0.0,1.72
1178284.0,0.01741471,0.0,2.064
1178362.0,0.02020822,0.0,1.72
1178440.0,0.0465189,0.0,2.408
1178518.0,0.01040528,0.0,3.096
1178596.0,0.03366832,0.0,3.096
1178674.0,-0.00010887,0.0,3.096
1178752.0,0.00883074,0.0,2.752
1178831.0,0.02838587,0.0,3.096
1178909.0,0.01091313,0.0,2.752
1178987.0,0.00811954,0.0,2.752
1179065.0,0.01665274,0.0,2.408
1179143.0,0.01182745,0.0,2.752
1179221.0,0.00989728,0.0,2.408
1179299.0,0.00116102,0.0,2.408
1179377.0,-0.00630558,0.0,2.064
1179456.0,0.02427178,0.0,1.72
1179534.0,0.01269094,0.0,1.72
1179612.0,0.01853208,0.0,2.064
1179690.0,0.02635417,0.0,1.72
1179768.0,0.00461482,0.0,1.72
1179846.0,0.01121785,0.0,1.032
1179924.0,0.02305273,0.0,1.72
1180002.0,0.01406236,0.0,1.032
1180081.0,0.00502115,0.0,1.72
1180159.0,-0.00036283,0.0,1.376
1180237.0,0.02279869,0.0,1.72
1180315.0,0.00700209,0.0,1.72
1180393.0,0.00182131,0.0,1.72
1180471.0,0.01360512,0.0,1.376
1180549.0,0.00954171,0.0,2.064
1180627.0,0.00883074,0.0,1.72
1180705.0,0.01502744,0.0,2.064
1180783.0,0.02076691,0.0,1.72
1180862.0,0.02295105,0.0,1.72
1180940.0,0.03087481,0.0,1.72
1181018.0,0.00710376,0.0,1.72
1181096.0,0.03072237,0.0,2.064
1181174.0,0.00486886,0.0,1.72
1181252.0,0.02665889,0.0,2.064
1181330.0,0.02696369,0.0,2.064
1181408.0,0.00933851,0.0,2.408
1181487.0,0.03036673,0.0,2.064
1181565.0,0.0178718,0.0,2.064
1181643.0,0.02493207,0.0,1.72
1181721.0,0.02239244,0.0,2.752
1181799.0,0.02533832,0.0,2.408
1181877.0,0.01451944,0.0,2.408
1181955.0,0.01177661,0.0,2.408
1182033.0,0.02899547,0.0,2.064
1182111.0,0.01050688,0.0,2.064
1182190.0,0.01111633,0.0,1.376
1182268.0,0.01914161,0.0,1.72
1182346.0,0.0200051,0.0,2.408
1182424.0,0.0108116,0.0,1.72
1182502.0,0.01197982,0.0,2.064
1182580.0,0.00425926,0.0,2.064
1182658.0,0.00969408,0.0,2.064
1182736.0,0.02630333,0.0,2.064
1182814.0,0.02046219,0.0,1.376
1182893.0,-0.01483879,0.0,2.064
1182971.0,0.02249396,0.0,1.72
1183049.0,0.02107171,0.0,1.72
1183127.0,0.0237637,0.0,2.064
1183205.0,-0.01626096,0.0,2.064
1183283.0,0.01634802,0.0,2.064
1183361.0,0.0198019,0.0,1.72
1183439.0,0.01573849,0.0,2.064
1183518.0,-0.02052749,0.0,2.064
1183596.0,0.00314188,0.0,2.064
1183674.0,0.02157964,0.0,2.064
1183752.0,0.01187829,0.0,1.72
1183830.0,0.01670351,0.0,2.064
1183908.0,0.02102095,0.0,2.064
1183986.0,0.01944634,0.0,2.064
1184064.0,0.00568143,0.0,1.72
1184142.0,0.01431624,0.0,2.064
1184221.0,0.01777027,0.0,2.064
1184299.0,0.02305273,0.0,2.064
1184377.0,0.02091935,0.0,2.064
1184455.0,0.01152265,0.0,2.064
1184533.0,0.03143342,0.0,2.064
1184611.0,0.03986503,0.0,2.064
1184689.0,0.02996048,0.0,1.72
1184767.0,0.02041142,0.0,2.064
1184846.0,0.01294483,0.0,2.064
1184924.0,0.00537671,0.0,2.064
1185002.0,-0.00528973,0.0,2.064
1185080.0,0.01192905,0.0,1.72
1185158.0,0.01710998,0.0,1.72
1185236.0,0.00684972,0.0,2.064
1185314.0,0.0203099,0.0,2.064
1185392.0,0.0376302,0.0,2.064
1185470.0,0.00862754,0.0,2.064
1185548.0,0.00420857,0.0,2.064
1185627.0,0.00898303,0.0,2.064
1185705.0,0.01457028,0.0,2.064
1185783.0,0.01914161,0.0,2.064
1185861.0,0.0237637,0.0,2.064
1185939.0,0.02284945,0.0,2.064
1186017.0,0.00385301,0.0,2.064
1186095.0,0.01457028,0.0,2.064
1186173.0,0.01726227,0.0,2.064
1186252.0,0.02686209,0.0,2.064
1186330.0,0.01812576,0.0,2.064
1186408.0,-0.00361359,0.0,1.72
1186486.0,0.04321738,0.0,2.064
1186564.0,0.01472264,0.0,2.064
1186642.0,0.0014149,0.0,2.064
1186720.0,0.02229076,0.0,2.064
1186798.0,0.0103036,0.0,1.72
1186876.0,0.00994811,0.0,2.064
1186955.0,0.01731311,0.0,1.72
1187033.0,0.00984659,0.0,2.064
1187111.0,0.01319887,0.0,2.408
1187189.0,0.01065924,0.0,2.064
1187267.0,0.01253858,0.0,2.064
1187345.0,0.01411312,0.0,2.064
1187423.0,0.00745925,0.0,2.064
1187501.0,0.00126254,0.0,2.408
1187580.0,0.00954171,0.0,2.408
1187658.0,0.00959255,0.0,2.064
1187736.0,0.01528133,0.0,2.064
1187814.0,0.01238622,0.0,2.408
1187892.0,0.04397927,0.0,1.72
1187970.0,0.02462719,0.0,2.064
1188048.0,0.00735765,0.0,1.72
1188126.0,0.02477955,0.0,2.064
1188204.0,0.01766867,0.0,1.72
1188283.0,0.02401774,0.0,2.064
1188361.0,0.01832896,0.0,2.064
1188439.0,0.00425926,0.0,2.064
1188517.0,0.03158578,0.0,2.064
1188595.0,0.0174654,0.0,1.72
1188673.0,0.01822728,0.0,1.72
1188751.0,0.02249396,0.0,2.064
1188829.0,0.01964961,0.0,2.064
1188907.0,0.00446253,0.0,2.064
1188986.0,0.02594777,0.0,2.064
1189064.0,0.02066539,0.0,1.72
1189142.0,0.03016368,0.0,2.064
1189220.0,0.00730696,0.0,2.064
1189298.0,0.01843056,0.0,2.064
1189376.0,0.01462097,0.0,2.064
1189454.0,0.00842434,0.0,1.72
1189532.0,0.00456413,0.0,2.064
1189611.0,0.02147811,0.0,2.064
1189689.0,0.02706529,0.0,1.72
1189767.0,0.02117339,0.0,1.72
1189845.0,0.01482417,0.0,2.064
1189923.0,0.00248159,0.0,2.064
1190001.0,0.02173215,0.0,2.064
1190079.0,0.02432247,0.0,2.064
1190157.0,0.006545,0.0,2.064
1190236.0,0.00232923,0.0,2.408
1190314.0,0.00913546,0.0,2.064
1190392.0,-0.01301028,0.0,2.064
1190470.0,0.01390999,0.0,2.064
1190548.0,0.01004971,0.0,3.44
1190626.0,0.00314188,0.0,3.096
1190704.0,0.01269094,0.0,2.408
1190782.0,0.03712228,0.0,2.752
1190860.0,0.00964331,0.0,2.408
1190938.0,0.00237992,0.0,2.408
1191017.0,0.01985274,0.0,2.408
1191095.0,-0.00757539,0.0,2.408
1191173.0,0.01228454,0.0,2.408
1191251.0,0.01451944,0.0,2.408
1191329.0,0.02300189,0.0,2.408
1191407.0,0.01462097,0.0,2.408
1191485.0,0.01853208,0.0,2.408
1191563.0,0.01502744,0.0,2.408
1191642.0,0.03158578,0.0,2.064
1191720.0,0.00608791,0.0,2.064
1191798.0,0.01619566,0.0,2.408
1191876.0,0.02528748,0.0,2.408
1191954.0,0.01248782,0.0,2.408
1192032.0,0.02975736,0.0,2.064
1192110.0,0.01873528,0.0,2.408
1192188.0,0.02630333,0.0,2.064
1192266.0,0.00822114,0.0,2.064
1192345.0,0.00720529,0.0,2.064
1192423.0,0.01563689,0.0,2.064
1192501.0,0.00212603,0.0,2.064
1192579.0,0.01634802,0.0,2.408
1192657.0,0.01096396,0.0,2.064
1192735.0,0.0062402,0.0,2.064
1192813.0,0.01837972,0.0,2.064
1192891.0,0.01213218,0.0,2.064
1192970.0,0.02645584,0.0,2.064
1193048.0,0.01655122,0.0,2.064
1193126.0,0.02462719,0.0,3.096
1193204.0,0.02066539,0.0,2.064
1193282.0,0.02955416,0.0,2.064
1193360.0,0.01457028,0.0,2.752
1193438.0,0.04428407,0.0,1.72
1193516.0,0.02721765,0.0,2.064
1193594.0,0.02940172,0.0,2.064
1193672.0,0.02726842,0.0,1.72
1193751.0,0.02005586,0.0,2.064
1193829.0,0.01893841,0.0,2.064
1193907.0,0.00029745,0.0,2.064
1193985.0,0.00471642,0.0,2.064
1194063.0,0.01700831,0.0,1.72
1194141.0,0.00044989,0.0,2.064
1194219.0,0.02721765,0.0,2.064
1194297.0,0.00756085,0.0,2.408
1194375.0,0.01055756,0.0,2.408
1194454.0,0.03514134,0.0,2.408
1194532.0,0.00842434,0.0,2.752
1194610.0,0.01472264,0.0,2.408
1194688.0,0.03123022,0.0,2.064
1194766.0,0.03493821,0.0,2.408
1194844.0,-0.00767699,0.0,2.064
1194922.0,0.01172593,0.0,2.408
1195000.0,0.01975114,0.0,2.408
1195079.0,0.02574472,0.0,2.408
1195157.0,0.02178284,0.0,2.408
1195235.0,0.02650653,0.0,3.096
1195313.0,0.02208756,0.0,2.064
1195391.0,0.00034829,0.0,2.064
1195469.0,0.02117339,0.0,2.408
1195547.0,0.04433484,0.0,2.064
1195625.0,0.00979575,0.0,2.408
1195704.0,0.02477955,0.0,2.064
1195782.0,0.0174654,0.0,2.064
1195860.0,0.03305887,0.0,3.784
1195938.0,0.01959877,0.0,4.128
1196016.0,0.0051229,0.0,3.784
1196094.0,0.00715445,0.0,2.752
1196172.0,0.0295034,0.0,2.752
1196250.0,0.02543999,0.0,2.752
1196328.0,0.01177661,0.0,2.752
1196406.0,0.02752238,0.0,2.752
1196485.0,0.00969408,0.0,2.752
1196563.0,0.02691293,0.0,2.408
1196641.0,0.01578933,0.0,2.752
1196719.0,0.01624642,0.0,2.752
1196797.0,0.01401152,0.0,2.408
1196875.0,0.01655122,0.0,2.752
1196953.0,0.0090847,0.0,2.408
1197032.0,0.02173215,0.0,2.408
1197110.0,0.00832266,0.0,2.408
1197188.0,0.00618943,0.0,2.408
1197266.0,0.02325578,0.0,2.408
1197344.0,0.02919859,0.0,2.408
1197422.0,0.01837972,0.0,2.408
1197500.0,0.018075,0.0,2.408
1197578.0,0.02340814,0.0,2.408
1197656.0,0.03717304,0.0,2.408
1197734.0,0.02188436,0.0,2.408
1197813.0,0.02411927,0.0,2.408
1197891.0,0.02559235,0.0,2.408
1197969.0,0.01909085,0.0,2.408
1198047.0,0.0062402,0.0,2.408
1198125.0,0.02543999,0.0,1.72
1198203.0,0.01533217,0.0,2.064
1198281.0,0.0051229,0.0,2.064
1198359.0,0.02483039,0.0,2.408
1198437.0,0.00923699,0.0,2.064
1198516.0,0.01710998,0.0,2.064
1198594.0,0.03514134,0.0,3.096
1198672.0,0.03087481,0.0,2.752
1198750.0,0.01294483,0.0,2.752
1198828.0,0.02889387,0.0,3.44
1198906.0,0.03341429,0.0,2.752
1198984.0,0.0203099,0.0,2.752
1199062.0,0.01878605,0.0,2.752
1199141.0,-0.00066756,0.0,2.752
1199219.0,0.00029745,0.0,2.752
1199297.0,0.02757322,0.0,2.408
1199375.0,0.02813191,0.0,2.408
1199453.0,0.01909085,0.0,2.752
1199531.0,0.0173638,0.0,3.44
1199609.0,0.03041765,0.0,2.408
1199687.0,0.01853208,0.0,2.752
1199765.0,0.01690671,0.0,2.064
1199844.0,0.01177661,0.0,2.064
1199922.0,0.0198019,0.0,2.408
1200000.0,0.02340814,0.0,2.752
1200078.0,0.03493821,0.0,2.408
1200156.0,0.00552915,0.0,2.408
1200234.0,0.01644962,0.0,2.752
1200312.0,0.00258319,0.0,2.408
1200390.0,0.01634802,0.0,2.408
1200469.0,0.0130465,0.0,2.064
1200547.0,0.00751001,0.0,2.408
1200625.0,0.02813191,0.0,2.408
1200703.0,0.01350359,0.0,2.408
1200781.0,0.0090847,0.0,2.064
1200859.0,0.0205131,0.0,2.408
1200937.0,0.01162425,0.0,2.064
1201015.0,0.01411312,0.0,2.064
1201093.0,0.00466566,0.0,1.72
1201171.0,0.00395453,0.0,2.064
1201250.0,0.02198596,0.0,1.376
1201328.0,0.01782096,0.0,2.064
1201406.0,0.01584002,0.0,2.064
1201484.0,0.01401152,0.0,2.064
1201562.0,0.00100858,0.0,2.064
1201640.0,0.02188436,0.0,2.064
1201718.0,0.01898932,0.0,2.064
1201797.0,0.0221384,0.0,2.064
1201875.0,0.02574472,0.0,2.064
1201953.0,0.01670351,0.0,2.064
1202031.0,0.01472264,0.0,2.064
1202109.0,-0.00772783,0.0,2.064
1202187.0,0.04621417,0.0,2.064
1202265.0,0.01832896,0.0,1.72
1202343.0,0.0198019,0.0,2.064
1202421.0,0.04037296,0.0,2.064
1202499.0,0.02132567,0.0,1.72
1202578.0,0.0091863,0.0,2.064
1202656.0,0.02091935,0.0,2.064
1202734.0,0.00578318,0.0,2.408
1202812.0,0.0069514,0.0,2.064
1202890.0,0.02808114,0.0,2.064
1202968.0,0.01599246,0.0,2.064
1203046.0,0.02630333,0.0,2.064
1203124.0,0.00974499,0.0,2.064
1203202.0,0.03524294,0.0,2.064
1203281.0,0.02371302,0.0,2.064
1203359.0,0.00954171,0.0,2.408
1203437.0,0.0243733,0.0,2.064
1203515.0,0.00903379,0.0,2.064
1203593.0,0.01685595,0.0,2.064
1203671.0,0.01634802,0.0,1.72
1203749.0,0.00532595,0.0,2.064
1203828.0,0.017567,0.0,1.72
1203906.0,0.02223993,0.0,2.064
1203984.0,0.00192283,0.0,1.72
1204062.0,0.00700209,0.0,1.72
1204140.0,0.00583387,0.0,2.064
1204218.0,0.01010048,0.0,2.064
1204296.0,0.0091863,0.0,2.064
1204374.0,0.02269716,0.0,1.72
1204452.0,0.02528748,0.0,1.72
1204530.0,0.01644962,0.0,2.064
1204609.0,0.02742086,0.0,1.376
1204687.0,0.00522442,0.0,2.064
1204765.0,-0.01844503,0.0,1.72
1204843.0,0.00974499,0.0,2.064
1204921.0,0.00400537,0.0,2.064
1204999.0,0.006545,0.0,2.064
1205077.0,0.01238622,0.0,2.064
1205155.0,0.02269716,0.0,2.064
1205234.0,0.00761169,0.0,2.064
1205312.0,0.00949103,0.0,2.064
1205390.0,0.05190288,0.0,2.064
1205468.0,0.01827812,0.0,2.064
1205546.0,0.01507821,0.0,2.064
1205624.0,0.02061462,0.0,2.064
1205702.0,0.02081782,0.0,2.064
1205780.0,0.01431624,0.0,2.064
1205858.0,0.02574472,0.0,2.064
1205937.0,0.01883689,0.0,2.064
1206015.0,0.00893226,0.0,2.064
1206093.0,0.02493207,0.0,2.064
1206171.0,0.01131953,0.0,1.72
1206249.0,0.03138266,0.0,2.408
1206327.0,0.03062077,0.0,1.72
1206405.0,0.02020822,0.0,2.064
1206483.0,0.02264625,0.0,2.064
1206561.0,0.03260171,0.0,2.064
1206640.0,0.03194142,0.0,1.376
1206718.0,0.01116716,0.0,2.064
1206796.0,0.01868445,0.0,1.72
1206874.0,0.01888757,0.0,2.064
1206952.0,0.03001117,0.0,2.408
1207030.0,0.02427178,0.0,2.064
1207108.0,0.01995434,0.0,2.064
1207186.0,0.01939557,0.0,2.408
1207265.0,-0.00615322,0.0,2.064
1207343.0,0.0063418,0.0,1.376
1207421.0,0.00415773,0.0,2.064
1207499.0,0.01086229,0.0,1.72
1207577.0,0.00324356,0.0,2.064
1207655.0,0.01594169,0.0,2.752
1207733.0,-0.00615322,0.0,2.064
1207811.0,0.02904616,0.0,2.064
1207889.0,0.01705907,0.0,1.72
1207968.0,0.0069514,0.0,2.064
1208046.0,0.01904001,0.0,2.064
1208124.0,-0.00427388,0.0,2.064
1208202.0,-0.00010887,0.0,2.064
1208280.0,0.01126876,0.0,2.064
1208358.0,-0.00417228,0.0,2.064
1208436.0,0.0243733,0.0,2.064
1208514.0,0.00715445,0.0,2.064
1208592.0,0.00304028,0.0,2.064
1208670.0,0.02249396,0.0,2.064
1208749.0,0.01411312,0.0,2.064
1208827.0,0.01771936,0.0,2.064
1208905.0,0.00491962,0.0,2.064
1208983.0,0.01121785,0.0,2.064
1209061.0,0.010202,0.0,2.064
1209139.0,0.0335668,0.0,2.064
1209217.0,0.01330039,0.0,2.064
1209296.0,0.00817037,0.0,2.064
1209374.0,0.01340199,0.0,2.064
1209452.0,0.02549068,0.0,2.064
1209530.0,0.01710998,0.0,1.376
1209608.0,0.00761169,0.0,2.064
1209686.0,0.0128433,0.0,1.72
1209764.0,0.0351921,0.0,1.72
1209842.0,0.02777642,0.0,1.72
1209920.0,0.01553529,0.0,1.72
1209999.0,0.02803031,0.0,1.376
1210077.0,0.01538293,0.0,2.064
1210155.0,0.01959877,0.0,1.72
1210233.0,0.02097019,0.0,2.064
1210311.0,0.02975736,0.0,1.376
1210389.0,-0.00346115,0.0,1.032
1210467.0,0.00888142,0.0,1.376
1210545.0,-0.00015956,0.0,1.72
1210623.0,0.02005586,0.0,2.064
1210702.0,0.03250011,0.0,1.72
1210780.0,-0.00539133,0.0,2.064
1210858.0,0.02345898,0.0,2.064
1210936.0,0.01431624,0.0,2.064
1211014.0,0.00740849,0.0,2.064
1211092.0,0.03478577,0.0,2.064
1211170.0,0.00608791,0.0,2.064
1211248.0,0.01086229,0.0,2.064
1211326.0,0.02005586,0.0,2.064
1211405.0,0.01878605,0.0,2.064
1211483.0,0.01741471,0.0,2.064
1211561.0,0.03285575,0.0,1.72
1211639.0,0.00415773,0.0,2.064
1211717.0,0.01954786,0.0,2.064
1211795.0,0.02361142,0.0,2.408
1211873.0,0.01832896,0.0,2.408
1211951.0,0.01766867,0.0,2.064
1212030.0,0.02828434,0.0,2.064
1212108.0,0.00502115,0.0,2.408
1212186.0,0.02366218,0.0,2.064
1212264.0,0.00385301,0.0,1.72
1212342.0,0.02498275,0.0,2.752
1212420.0,0.00100858,0.0,2.752
1212498.0,0.03321123,0.0,2.752
1212576.0,0.02310341,0.0,2.752
1212654.0,0.01888757,0.0,2.408
1212733.0,0.01218302,0.0,2.408
1212811.0,0.03229699,0.0,2.408
1212889.0,0.04926173,0.0,2.064
1212967.0,0.01832896,0.0,2.064
1213045.0,0.02183367,0.0,2.408
1213123.0,0.02930019,0.0,1.376
1213201.0,0.03021445,0.0,1.376
1213279.0,0.00954171,0.0,2.064
1213357.0,0.0091863,0.0,1.376
1213435.0,0.02381454,0.0,1.376
1213514.0,0.0205131,0.0,1.376
1213592.0,0.02564304,0.0,1.72
1213670.0,0.03585239,0.0,1.72
1213748.0,0.01868445,0.0,1.376
1213826.0,0.01091313,0.0,1.376
1213904.0,0.01843056,0.0,1.72
1213982.0,0.00400537,0.0,1.72
1214061.0,0.02518595,0.0,1.72
1214139.0,0.02696369,0.0,1.72
1214217.0,0.03961107,0.0,1.72
1214295.0,-0.00224217,0.0,2.064
1214373.0,0.01634802,0.0,2.064
1214451.0,0.01629718,0.0,2.064
1214529.0,0.00989728,0.0,2.064
1214607.0,0.01985274,0.0,2.408
1214685.0,0.02615097,0.0,2.064
1214764.0,0.02218916,0.0,2.064
1214842.0,0.03493821,0.0,2.064
1214920.0,0.01446868,0.0,2.064
1214998.0,0.01040528,0.0,2.064
1215076.0,0.02422094,0.0,2.064
1215154.0,0.02508435,0.0,1.72
1215232.0,0.01370679,0.0,2.064
1215310.0,0.0173638,0.0,2.064
1215388.0,0.01751623,0.0,1.72
1215467.0,0.02676057,0.0,1.376
1215545.0,0.02980812,0.0,2.064
1215623.0,0.01269094,0.0,2.064
1215701.0,0.03041765,0.0,2.064
1215779.0,0.02340814,0.0,2.408
1215857.0,0.01695755,0.0,2.064
1215935.0,0.03529362,0.0,2.064
1216013.0,0.02818267,0.0,2.064
1216091.0,0.01345283,0.0,2.064
1216170.0,0.02549068,0.0,2.064
1216248.0,0.04093172,0.0,2.064
1216326.0,0.01294483,0.0,2.064
1216404.0,0.02218916,0.0,2.064
1216482.0,0.03173822,0.0,1.72
1216560.0,0.01812576,0.0,1.376
1216638.0,0.02315425,0.0,1.72
1216716.0,0.01380839,0.0,1.72
1216795.0,0.01482417,0.0,2.064
1216873.0,0.03295727,0.0,1.72
1216951.0,0.00984659,0.0,2.064
1217029.0,0.02772558,0.0,1.376
1217107.0,0.00573235,0.0,1.72
1217185.0,0.00720529,0.0,2.064
1217263.0,-0.00600078,0.0,1.72
1217341.0,0.00969408,0.0,1.72
1217419.0,0.01639878,0.0,1.72
1217498.0,0.01390999,0.0,2.064
1217576.0,0.0239669,0.0,1.72
1217654.0,0.01345283,0.0,2.064
1217732.0,0.02604937,0.0,1.72
1217810.0,0.02589708,0.0,2.064
1217888.0,0.01690671,0.0,2.064
1217966.0,0.02645584,0.0,1.72
1218044.0,-0.00366443,0.0,1.376
1218122.0,0.02198596,0.0,2.064
1218201.0,0.01507821,0.0,1.376
1218279.0,0.03417632,0.0,1.72
1218357.0,0.03097633,0.0,2.064
1218435.0,0.02142727,0.0,1.376
1218513.0,0.05185219,0.0,1.376
1218591.0,0.00542762,0.0,1.72
1218669.0,0.01126876,0.0,1.376
1218747.0,0.00522442,0.0,1.72
1218826.0,0.02594777,0.0,1.376
1218904.0,0.01705907,0.0,1.376
1218982.0,0.0013133,0.0,1.72
1219060.0,0.01451944,0.0,2.408
1219138.0,0.03696984,0.0,1.72
1219216.0,0.03341429,0.0,2.064
1219294.0,0.0219352,0.0,1.72
1219372.0,0.02858907,0.0,2.064
1219450.0,0.02107171,0.0,2.064
1219529.0,0.01157349,0.0,2.064
1219607.0,0.02208756,0.0,2.064
1219685.0,0.00563067,0.0,2.064
1219763.0,0.02076691,0.0,2.064
1219841.0,0.00964331,0.0,2.064
1219919.0,0.0128433,0.0,1.376
1219997.0,0.02066539,0.0,2.064
1220075.0,0.02686209,0.0,2.064
1220154.0,0.02254473,0.0,2.064
1220232.0,0.00984659,0.0,1.72
1220310.0,0.0043101,0.0,2.064
1220388.0,0.00806877,0.0,2.064
1220466.0,0.00669736,0.0,2.064
1220544.0,0.01573849,0.0,2.408
1220622.0,0.00334508,0.0,1.376
1220700.0,0.02427178,0.0,2.064
1220778.0,0.0334652,0.0,2.408
1220856.0,0.0444872,0.0,2.064
1220935.0,0.02025906,0.0,2.064
1221013.0,0.02574472,0.0,2.408
1221091.0,0.01137037,0.0,2.064
1221169.0,0.02229076,0.0,2.064
1221247.0,0.01837972,0.0,2.064
1221325.0,0.01954786,0.0,2.064
1221403.0,0.02284945,0.0,2.064
1221481.0,0.02117339,0.0,3.096
1221559.0,0.02660813,0.0,2.064
1221638.0,0.01441792,0.0,1.72
1221716.0,0.02173215,0.0,2.064
1221794.0,-0.01133407,0.0,1.72
1221872.0,0.02523679,0.0,1.72
1221950.0,-0.00427388,0.0,1.72
1222028.0,0.01309727,0.0,2.064
1222106.0,0.01985274,0.0,2.064
1222185.0,0.00735765,0.0,2.064
1222263.0,0.01274163,0.0,1.72
1222341.0,0.02645584,0.0,2.064
1222419.0,0.04265862,0.0,2.064
1222497.0,0.0203099,0.0,2.064
1222575.0,0.01893841,0.0,2.064
1222653.0,0.00847518,0.0,2.408
1222731.0,0.01771936,0.0,1.72
1222809.0,0.01863368,0.0,1.72
1222887.0,0.01629718,0.0,2.408
1222966.0,0.00811954,0.0,1.72
1223044.0,0.0103036,0.0,2.408
1223122.0,0.01934474,0.0,2.064
1223200.0,0.018075,0.0,2.064
1223278.0,0.01594169,0.0,2.064
1223356.0,0.01050688,0.0,2.064
1223434.0,-0.00142952,0.0,2.064
1223512.0,0.00949103,0.0,2.064
1223590.0,0.01812576,0.0,2.752
1223669.0,0.00080545,0.0,1.72
1223747.0,0.01924313,0.0,1.72
1223825.0,0.02645584,0.0,2.064
1223903.0,0.02107171,0.0,2.064
1223981.0,0.01731311,0.0,2.408
1224059.0,0.010202,0.0,2.064
1224137.0,0.03666512,0.0,3.096
1224216.0,0.0091863,0.0,2.064
1224294.0,0.01467188,0.0,1.72
1224372.0,0.03351604,0.0,2.064
1224450.0,0.03199219,0.0,2.408
1224528.0,0.01533217,0.0,2.064
1224606.0,0.03219539,0.0,2.064
1224684.0,0.00075462,0.0,2.064
1224762.0,0.00806877,0.0,2.064
1224840.0,0.01878605,0.0,2.064
1224918.0,0.02691293,0.0,2.064
1224997.0,0.03021445,0.0,2.064
1225075.0,0.01517973,0.0,2.064
1225153.0,0.01761783,0.0,2.408
1225231.0,0.00522442,0.0,2.064
1225309.0,0.02401774,0.0,2.064
1225387.0,0.0110148,0.0,2.064
1225465.0,0.03448105,0.0,1.376
1225543.0,0.02686209,0.0,1.376
1225621.0,0.00446253,0.0,1.376
1225700.0,-0.00198821,0.0,1.376
1225778.0,0.01837972,0.0,1.376
1225856.0,0.02132567,0.0,1.72
1225934.0,0.02142727,0.0,1.72
1226012.0,0.01924313,0.0,1.376
1226090.0,0.01705907,0.0,1.72
1226168.0,0.01319887,0.0,1.72
1226246.0,0.01777027,0.0,1.72
1226325.0,0.01390999,0.0,1.72
1226403.0,0.00187207,0.0,1.72
1226481.0,0.02559235,0.0,1.72
1226559.0,0.00563067,0.0,1.72
1226637.0,0.00024669,0.0,1.72
1226715.0,0.01624642,0.0,2.064
1226793.0,0.01939557,0.0,1.72
1226871.0,0.00664667,0.0,2.064
1226950.0,0.0240685,0.0,2.064
1227028.0,0.01766867,0.0,1.72
1227106.0,0.01197982,0.0,2.064
1227184.0,0.01721151,0.0,2.408
1227262.0,0.01071008,0.0,1.72
1227340.0,0.02574472,0.0,2.064
1227418.0,0.03021445,0.0,2.064
1227496.0,0.01629718,0.0,1.72
1227574.0,0.0287922,0.0,2.408
1227653.0,0.00182131,0.0,1.72
1227731.0,0.00080545,0.0,2.408
1227809.0,0.02737002,0.0,2.064
1227887.0,0.00938943,0.0,2.064
1227965.0,0.02097019,0.0,2.064
1228043.0,0.01858285,0.0,2.408
1228121.0,0.0239669,0.0,1.376
1228199.0,0.02503359,0.0,1.376
1228277.0,0.0132497,0.0,1.376
1228355.0,0.01665274,0.0,1.376
1228434.0,0.00801794,0.0,1.376
1228512.0,0.01690671,0.0,1.72
1228590.0,0.02310341,0.0,1.72
1228668.0,0.02442399,0.0,1.72
1228746.0,0.00471642,0.0,1.72
1228824.0,0.01197982,0.0,1.72
1228902.0,0.01919237,0.0,1.376
1228980.0,0.00324356,0.0,1.72
1229059.0,0.0131481,0.0,1.72
1229137.0,0.00745925,0.0,1.376
1229215.0,0.0014149,0.0,1.72
1229293.0,0.02549068,0.0,1.376
1229371.0,0.01898932,0.0,1.72
1229449.0,0.01909085,0.0,1.72
1229527.0,0.02442399,0.0,2.752
1229605.0,0.02620181,0.0,2.752
1229683.0,0.00964331,0.0,2.752
1229762.0,0.00872906,0.0,2.408
1229840.0,0.00776405,0.0,2.064
1229918.0,0.02036059,0.0,2.408
1229996.0,0.01929405,0.0,2.408
1230074.0,0.00583387,0.0,2.408
1230152.0,0.00532595,0.0,2.064
1230230.0,0.0205131,0.0,2.408
1230308.0,0.01462097,0.0,2.408
1230386.0,0.02274785,0.0,2.408
1230465.0,0.0243733,0.0,2.064
1230543.0,0.00964331,0.0,1.376
1230621.0,0.02381454,0.0,1.72
1230699.0,-0.0066103,0.0,1.376
1230777.0,0.02081782,0.0,1.376
1230855.0,0.01289414,0.0,2.064
1230933.0,0.01705907,0.0,2.064
1231011.0,0.01624642,0.0,1.72
1231090.0,0.02589708,0.0,1.72
1231168.0,0.02300189,0.0,2.064
1231246.0,0.00314188,0.0,2.064
1231324.0,0.00781481,0.0,2.064
1231402.0,0.00822114,0.0,2.064
1231480.0,0.01457028,0.0,2.064
1231558.0,0.03290644,0.0,2.064
1231636.0,0.01802408,0.0,2.064
1231715.0,0.01106556,0.0,2.408
1231793.0,0.01416388,0.0,2.408
1231871.0,0.03361756,0.0,2.064
1231949.0,-0.00427388,0.0,2.408
1232027.0,0.00446253,0.0,1.72
1232105.0,0.01726227,0.0,2.064
1232183.0,0.0110148,0.0,1.72
1232261.0,0.03666512,0.0,2.752
1232339.0,0.00669736,0.0,2.752
1232417.0,0.01076076,0.0,3.096
1232496.0,0.04143964,0.0,1.72
1232574.0,0.03859522,0.0,2.752
1232652.0,4.349e-05,0.0,2.408
1232730.0,0.01512897,0.0,2.064
1232808.0,9.425e-05,0.0,2.064
1232886.0,-0.00188661,0.0,1.72
1232964.0,-0.00076916,0.0,2.408
1233043.0,0.02884303,0.0,2.064
1233121.0,0.00862754,0.0,2.408
1233199.0,0.02940172,0.0,2.408
1233277.0,0.02691293,0.0,2.064
1233355.0,0.02117339,0.0,2.064
1233433.0,0.02569388,0.0,2.064
1233511.0,0.02345898,0.0,2.064
1233589.0,0.02767482,0.0,2.064
1233667.0,0.02005586,0.0,1.72
1233745.0,0.01578933,0.0,2.064
1233824.0,0.01670351,0.0,1.72
1233902.0,0.01771936,0.0,2.064
1233980.0,0.02777642,0.0,2.064
1234058.0,0.02168124,0.0,2.064
1234136.0,-0.00605169,0.0,2.064
1234214.0,0.01096396,0.0,2.064
1234292.0,0.02980812,0.0,2.064
1234370.0,0.03493821,0.0,1.376
1234448.0,-0.00442624,0.0,1.72
1234527.0,-5.803e-05,0.0,1.376
1234605.0,0.02284945,0.0,1.376
1234683.0,0.02610028,0.0,1.72
1234761.0,0.02234153,0.0,1.72
1234839.0,0.02467803,0.0,2.064
1234917.0,0.01401152,0.0,1.376
1234995.0,0.00923699,0.0,2.064
1235073.0,0.02005586,0.0,1.72
1235152.0,0.0199035,0.0,1.376
1235230.0,0.00370057,0.0,1.376
1235308.0,0.00370057,0.0,1.72
1235386.0,0.0130465,0.0,1.376
1235464.0,0.00497038,0.0,1.376
1235542.0,-0.01377217,0.0,1.376
1235620.0,0.00497038,0.0,1.72
1235698.0,0.03097633,0.0,2.064
1235776.0,0.00629103,0.0,1.376
1235855.0,0.02615097,0.0,1.72
1235933.0,0.00766237,0.0,2.064
1236011.0,0.03224615,0.0,1.72
1236089.0,0.00598623,0.0,2.064
1236167.0,0.0205131,0.0,1.376
1236245.0,0.01553529,0.0,1.72
1236323.0,0.00471642,0.0,1.72
1236401.0,0.01655122,0.0,1.376
1236480.0,0.03564926,0.0,1.72
1236558.0,0.02056379,0.0,1.72
1236636.0,0.02615097,0.0,2.064
1236714.0,0.01954786,0.0,1.72
1236792.0,0.01858285,0.0,1.376
1236870.0,-0.00229294,0.0,1.72
1236948.0,0.00862754,0.0,1.72
1237026.0,0.00532595,0.0,1.376
1237104.0,0.01360512,0.0,1.376
1237182.0,0.01055756,0.0,1.72
1237261.0,0.00105934,0.0,1.72
1237339.0,0.01777027,0.0,2.064
1237417.0,0.02178284,0.0,1.72
1237495.0,0.02076691,0.0,1.376
1237573.0,0.00568143,0.0,1.72
1237651.0,0.0220368,0.0,1.72
1237729.0,0.03214455,0.0,1.72
1237808.0,0.02284945,0.0,2.064
1237886.0,0.01584002,0.0,1.72
1237964.0,0.0044117,0.0,1.376
1238042.0,0.01650038,0.0,1.72
1238120.0,0.02142727,0.0,2.064
1238198.0,0.02198596,0.0,1.376
1238276.0,0.01517973,0.0,1.72
1238354.0,0.0334652,0.0,1.376
1238432.0,0.01959877,0.0,1.376
1238510.0,-0.00513736,0.0,1.72
1238589.0,0.00903379,0.0,2.064
1238667.0,0.00883074,0.0,1.72
1238745.0,0.03671588,0.0,1.72
1238823.0,0.00563067,0.0,1.72
1238901.0,0.02696369,0.0,1.72
1238979.0,0.02488123,0.0,1.72
1239057.0,0.02188436,0.0,2.064
1239135.0,0.0198019,0.0,1.376
1239213.0,0.01502744,0.0,2.064
1239292.0,-0.00391831,0.0,1.376
1239370.0,0.00324356,0.0,1.376
1239448.0,0.03036673,0.0,1.72
1239526.0,0.00593547,0.0,2.064
1239604.0,0.02645584,0.0,2.064
1239682.0,0.02747154,0.0,2.408
1239760.0,-0.00539133,0.0,2.064
1239839.0,0.01792256,0.0,1.032
1239917.0,0.01614475,0.0,1.376
1239995.0,0.03443021,0.0,1.72
1240073.0,-0.00021047,0.0,2.752
1240151.0,-0.00676267,0.0,2.064
1240229.0,0.02930019,0.0,1.376
1240307.0,0.01898932,0.0,1.72
1240385.0,0.01045604,0.0,2.064
1240463.0,0.03971267,0.0,1.72
1240541.0,0.02803031,0.0,1.72
1240620.0,0.01639878,0.0,2.064
1240698.0,0.02223993,0.0,2.064
1240776.0,0.02528748,0.0,1.376
1240854.0,0.00126254,0.0,2.064
1240932.0,0.02432247,0.0,2.408
1241010.0,0.02320501,0.0,2.064
1241088.0,0.03427785,0.0,2.752
1241166.0,0.02086851,0.0,2.064
1241245.0,0.0173638,0.0,2.408
1241323.0,0.02813191,0.0,2.064
1241401.0,0.01589093,0.0,2.064
1241479.0,0.01426541,0.0,2.064
1241557.0,0.02996048,0.0,1.72
1241635.0,0.01690671,0.0,2.064
1241713.0,0.01365595,0.0,2.064
1241791.0,0.00527511,0.0,2.064
1241869.0,0.018075,0.0,2.064
1241948.0,0.01868445,0.0,2.408
1242026.0,0.02970644,0.0,2.752
1242104.0,0.02483039,0.0,2.752
1242182.0,0.0245765,0.0,2.408
1242260.0,0.00039898,0.0,2.408
1242338.0,0.01650038,0.0,2.752
1242416.0,0.02061462,0.0,2.408
1242494.0,0.01909085,0.0,2.408
1242572.0,0.02498275,0.0,2.408
1242651.0,0.00039898,0.0,2.752
1242729.0,0.04154132,0.0,2.408
1242807.0,0.00304028,0.0,2.408
1242885.0,0.01761783,0.0,2.408
1242963.0,0.02097019,0.0,1.72
1243041.0,0.02330661,0.0,2.408
1243119.0,0.01157349,0.0,2.408
1243197.0,0.01441792,0.0,2.064
1243275.0,0.00126254,0.0,2.064
1243354.0,0.01700831,0.0,2.408
1243432.0,0.0245765,0.0,2.064
1243510.0,0.01131953,0.0,2.064
1243588.0,0.02091935,0.0,2.064
1243666.0,0.01954786,0.0,2.064
1243744.0,0.02904616,0.0,2.064
1243822.0,0.01523057,0.0,2.064
1243900.0,0.0237637,0.0,1.72
1243979.0,0.02391621,0.0,2.064
1244057.0,0.01426541,0.0,2.064
1244135.0,0.0103036,0.0,2.408
1244213.0,0.00288792,0.0,2.064
1244291.0,0.00166887,0.0,2.064
1244369.0,0.02401774,0.0,2.064
1244447.0,0.01446868,0.0,2.064
1244525.0,0.00725612,0.0,2.064
1244603.0,0.00690049,0.0,2.064
1244682.0,0.00375141,0.0,2.752
1244760.0,0.03204302,0.0,2.752
1244838.0,0.0240685,0.0,2.408
1244916.0,0.00060225,0.0,2.752
1244994.0,0.01319887,0.0,3.096
1245072.0,0.01380839,0.0,2.408
1245150.0,0.0108116,0.0,2.408
1245228.0,0.00502115,0.0,2.752
1245306.0,0.02858907,0.0,2.408
1245385.0,0.02569388,0.0,2.408
1245463.0,0.00999888,0.0,2.408
1245541.0,0.0069514,0.0,2.408
1245619.0,0.00705292,0.0,2.408
1245697.0,0.02036059,0.0,2.408
1245775.0,0.01563689,0.0,2.408
1245853.0,0.01223378,0.0,2.408
1245932.0,0.01086229,0.0,1.72
1246010.0,-0.01265472,0.0,2.408
1246088.0,0.00928783,0.0,2.408
1246166.0,0.01700831,0.0,2.064
1246244.0,0.03691915,0.0,2.064
1246322.0,0.00207519,0.0,2.064
1246400.0,0.01726227,0.0,2.408
1246478.0,0.01589093,0.0,2.064
1246556.0,0.01492569,0.0,2.408
1246634.0,0.00563067,0.0,2.064
1246713.0,0.01741471,0.0,2.064
1246791.0,0.01964961,0.0,2.064
1246869.0,0.01025284,0.0,1.72
1246947.0,0.00517358,0.0,1.72
1247025.0,0.01573849,0.0,2.064
1247103.0,0.01929405,0.0,2.064
1247181.0,0.01482417,0.0,2.064
1247259.0,0.0012117,0.0,2.064
1247338.0,0.00527511,0.0,2.752
1247416.0,0.03448105,0.0,2.752
1247494.0,0.00288792,0.0,2.752
1247572.0,0.00629103,0.0,2.752
1247650.0,0.03376992,0.0,2.408
1247728.0,0.00954171,0.0,2.752
1247806.0,0.01385915,0.0,2.408
1247884.0,0.02564304,0.0,2.408
1247962.0,0.00649416,0.0,2.752
1248041.0,0.010202,0.0,2.064
1248119.0,-0.00605169,0.0,2.408
1248197.0,0.02742086,0.0,2.408
1248275.0,0.01441792,0.0,2.408
1248353.0,0.01350359,0.0,2.752
1248431.0,0.03610643,0.0,2.408
1248509.0,0.00974499,0.0,2.752
1248587.0,0.02752238,0.0,2.064
1248665.0,0.02523679,0.0,2.752
1248743.0,0.01497661,0.0,2.408
1248822.0,0.02330661,0.0,2.408
1248900.0,0.00060225,0.0,2.408
1248978.0,0.0238653,0.0,2.408
1249056.0,0.02183367,0.0,2.064
1249134.0,0.03437945,0.0,2.408
1249212.0,0.0215288,0.0,2.752
1249290.0,0.0199035,0.0,2.064
1249368.0,0.03072237,0.0,2.064
1249447.0,0.01878605,0.0,2.064
1249525.0,0.01238622,0.0,2.064
1249603.0,0.0465189,0.0,2.064
1249681.0,0.00339584,0.0,2.064
1249759.0,0.0090847,0.0,2.064
1249837.0,-0.00239454,0.0,2.064
1249915.0,0.02036059,0.0,2.064
1249993.0,0.02218916,0.0,2.752
1250072.0,0.00913546,0.0,2.752
1250150.0,0.02076691,0.0,2.752
1250228.0,0.00796725,0.0,2.752
1250306.0,0.01766867,0.0,1.72
1250384.0,0.02086851,0.0,2.064
1250462.0,0.02508435,0.0,2.408
1250540.0,0.01040528,0.0,2.752
1250618.0,0.01462097,0.0,2.408
1250696.0,0.02858907,0.0,2.064
1250774.0,0.01157349,0.0,1.72
1250853.0,0.02417003,0.0,2.064
1250931.0,0.02757322,0.0,2.064
1251009.0,0.01761783,0.0,2.064
1251087.0,0.01208134,0.0,2.064
1251165.0,0.02081782,0.0,2.064
1251243.0,0.02041142,0.0,2.408
1251321.0,0.01873528,0.0,2.064
1251399.0,0.00954171,0.0,1.72
1251477.0,0.02254473,0.0,2.064
1251556.0,0.01142105,0.0,2.064
1251634.0,0.01238622,0.0,2.064
1251712.0,0.02127491,0.0,2.064
1251790.0,0.01396068,0.0,2.064
1251868.0,0.02737002,0.0,2.064
1251946.0,0.03300804,0.0,2.064
1252024.0,0.01086229,0.0,2.064
1252103.0,0.00811954,0.0,1.376
1252181.0,0.02726842,0.0,1.72
1252259.0,0.00669736,0.0,1.376
1252337.0,0.0131481,0.0,1.72
1252415.0,0.00690049,0.0,2.064
1252493.0,0.00761169,0.0,1.72
1252571.0,-0.00732143,0.0,2.064
1252649.0,0.00583387,0.0,2.064
1252727.0,0.01594169,0.0,2.064
1252806.0,0.02208756,0.0,2.064
1252884.0,0.02904616,0.0,2.064
1252962.0,0.02488123,0.0,1.72
1253040.0,0.02655737,0.0,2.064
1253118.0,-0.00036283,0.0,1.72
1253196.0,0.02889387,0.0,2.064
1253274.0,0.02477955,0.0,2.064
1253352.0,0.01751623,0.0,1.72
1253430.0,0.02310341,0.0,2.064
1253508.0,0.02345898,0.0,2.064
1253587.0,0.02432247,0.0,2.064
1253665.0,0.01258934,0.0,1.72
1253743.0,0.03082397,0.0,1.72
1253821.0,-0.00188661,0.0,1.72
1253899.0,0.02584624,0.0,2.064
1253977.0,0.00314188,0.0,2.064
1254055.0,0.0392555,0.0,2.064
1254134.0,-0.00026131,0.0,2.064
1254212.0,0.01157349,0.0,1.72
1254290.0,0.02874143,0.0,1.72
1254368.0,0.02284945,0.0,2.064
1254446.0,0.01274163,0.0,2.408
1254524.0,0.01111633,0.0,2.408
1254602.0,0.02762406,0.0,2.064
1254680.0,0.01721151,0.0,3.096
1254758.0,0.0309255,0.0,2.408
1254836.0,0.01152265,0.0,2.752
1254915.0,0.02371302,0.0,2.408
1254993.0,0.00116102,0.0,2.408
1255071.0,0.00395453,0.0,2.752
1255149.0,0.00679888,0.0,2.408
1255227.0,0.00375141,0.0,2.408
1255305.0,0.0014149,0.0,3.096
1255383.0,0.00649416,0.0,2.408
1255461.0,0.01563689,0.0,2.064
1255540.0,0.03178899,0.0,2.408
1255618.0,0.0132497,0.0,2.064
1255696.0,0.02655737,0.0,2.064
1255774.0,0.02229076,0.0,2.064
1255852.0,0.01401152,0.0,2.064
1255930.0,0.02340814,0.0,1.72
1256008.0,0.05134427,0.0,1.72
1256086.0,0.01345283,0.0,1.72
1256165.0,0.01309727,0.0,2.064
1256243.0,0.03432861,0.0,2.752
1256321.0,0.02442399,0.0,2.752
1256399.0,0.01203065,0.0,3.096
1256477.0,0.01451944,0.0,2.752
1256555.0,0.0085767,0.0,2.408
1256633.0,0.03087481,0.0,2.752
1256711.0,0.01350359,0.0,2.408
1256789.0,0.01685595,0.0,2.408
1256868.0,0.03341429,0.0,2.064
1256946.0,0.02442399,0.0,3.44
1257024.0,0.01299567,0.0,2.064
1257102.0,0.02650653,0.0,2.752
1257180.0,0.01162425,0.0,3.096
1257258.0,0.01208134,0.0,3.096
1257336.0,0.01502744,0.0,2.408
1257414.0,0.00227832,0.0,3.096
1257492.0,0.00370057,0.0,2.064
1257570.0,0.01065924,0.0,2.064
1257649.0,0.00293868,0.0,2.408
1257727.0,0.02528748,0.0,2.408
1257805.0,0.0051229,0.0,2.408
1257883.0,0.03244927,0.0,3.096
1257961.0,0.02036059,0.0,2.408
1258039.0,0.0199035,0.0,2.752
1258117.0,0.0108116,0.0,2.408
1258196.0,0.03544606,0.0,2.064
1258274.0,0.02615097,0.0,2.752
1258352.0,0.00989728,0.0,2.064
1258430.0,0.0238653,0.0,2.064
1258508.0,0.00903379,0.0,2.064
1258586.0,0.00090698,0.0,2.408
1258664.0,0.01015131,0.0,3.096
1258742.0,0.01964961,0.0,2.064
1258820.0,0.0179734,0.0,2.064
1258899.0,0.01939557,0.0,2.064
1258977.0,0.01639878,0.0,2.064
1259055.0,0.02356058,0.0,2.408
1259133.0,0.0085767,0.0,2.408
1259211.0,0.02122407,0.0,2.408
1259289.0,0.02147811,0.0,3.096
1259367.0,0.02066539,0.0,2.408
1259445.0,0.01553529,0.0,2.064
1259523.0,0.03392236,0.0,2.408
1259601.0,0.00420857,0.0,2.408
1259680.0,0.02543999,0.0,2.064
1259758.0,0.00547831,0.0,2.752
1259836.0,0.03067153,0.0,2.752
1259914.0,0.02569388,0.0,2.752
1259992.0,0.01345283,0.0,2.752
1260070.0,0.00745925,0.0,2.408
1260148.0,0.02335745,0.0,2.064
1260227.0,0.0393571,0.0,2.752
1260305.0,0.02813191,0.0,2.408
1260383.0,0.03077313,0.0,2.408
1260461.0,0.01563689,0.0,2.064
1260539.0,0.00425926,0.0,2.408
1260617.0,0.02340814,0.0,2.408
1260695.0,0.00187207,0.0,2.064
1260773.0,0.00375141,0.0,2.064
1260851.0,0.01553529,0.0,2.064
1260930.0,0.03295727,0.0,2.064
1261008.0,0.02112255,0.0,2.408
1261086.0,0.01766867,0.0,2.408
1261164.0,0.01827812,0.0,2.064
1261242.0,0.00872906,0.0,2.064
1261320.0,0.00781481,0.0,2.064
1261398.0,0.03194142,0.0,2.064
1261476.0,0.02660813,0.0,2.064
1261554.0,0.0238653,0.0,2.064
1261632.0,0.01878605,0.0,1.72
1261711.0,0.01594169,0.0,2.064
1261789.0,0.01949717,0.0,1.72
1261867.0,0.01944634,0.0,2.064
1261945.0,-0.00655954,0.0,1.72
1262023.0,0.01401152,0.0,2.064
1262101.0,0.01553529,0.0,1.72
1262179.0,0.00486886,0.0,2.064
1262258.0,0.00883074,0.0,2.064
1262336.0,0.02579555,0.0,2.408
1262414.0,0.00552915,0.0,2.064
1262492.0,0.01152265,0.0,1.72
1262570.0,0.01269094,0.0,2.408
1262648.0,0.00527511,0.0,2.064
1262726.0,0.01619566,0.0,2.064
1262804.0,0.0126401,0.0,2.064
1262882.0,0.01467188,0.0,2.064
1262960.0,0.00756085,0.0,1.72
1263039.0,0.03930634,0.0,2.064
1263117.0,0.00344661,0.0,2.408
1263195.0,0.02691293,0.0,2.408
1263273.0,0.0110148,0.0,2.064
1263351.0,0.01888757,0.0,2.064
1263429.0,0.01040528,0.0,1.72
1263507.0,0.01802408,0.0,2.064
1263585.0,0.01238622,0.0,2.408
1263663.0,0.0199035,0.0,2.064
1263742.0,0.03128106,0.0,2.064
1263820.0,0.01604322,0.0,2.064
1263898.0,0.00867822,0.0,1.72
1263976.0,0.02899547,0.0,2.064
1264054.0,0.01843056,0.0,2.064
1264132.0,0.04118576,0.0,2.064
1264210.0,0.0132497,0.0,1.72
1264289.0,0.02168124,0.0,2.064
1264367.0,0.00872906,0.0,2.064
1264445.0,0.01822728,0.0,2.064
1264523.0,0.00725612,0.0,2.064
1264601.0,0.01167509,0.0,2.064
1264679.0,0.01685595,0.0,2.064
1264757.0,0.01365595,0.0,1.72
1264835.0,0.01604322,0.0,1.72
1264913.0,0.010202,0.0,2.064
1264991.0,0.03123022,0.0,2.408
1265070.0,0.00202451,0.0,2.064
1265148.0,0.00420857,0.0,1.72
1265226.0,-0.00539133,0.0,2.064
1265304.0,0.01523057,0.0,2.064
1265382.0,0.03250011,0.0,2.064
1265460.0,0.010202,0.0,1.376
1265538.0,0.02264625,0.0,2.064
1265616.0,0.01589093,0.0,1.72
1265694.0,0.01497661,0.0,1.72
1265773.0,0.01096396,0.0,2.064
1265851.0,0.02863991,0.0,2.408
1265929.0,-0.01021662,0.0,2.064
1266007.0,0.01517973,0.0,2.064
1266085.0,-0.00280086,0.0,2.064
1266163.0,0.01462097,0.0,2.408
1266241.0,0.00461482,0.0,2.408
1266319.0,0.0221384,0.0,2.064
1266397.0,0.02254473,0.0,2.064
1266476.0,0.0334652,0.0,2.064
1266554.0,0.01330039,0.0,2.064
1266632.0,0.03305887,0.0,2.064
1266710.0,0.01995434,0.0,2.064
1266788.0,0.0174654,0.0,2.064
1266866.0,0.02869059,0.0,2.064
1266944.0,0.00659576,0.0,2.064
1267022.0,0.01949717,0.0,2.064
1267101.0,0.01832896,0.0,2.064
1267179.0,0.00801794,0.0,2.064
1267257.0,0.01634802,0.0,2.064
1267335.0,0.00593547,0.0,2.064
1267413.0,0.01639878,0.0,2.064
1267491.0,0.00766237,0.0,2.064
1267569.0,0.01873528,0.0,2.064
1267647.0,0.01497661,0.0,2.064
1267725.0,0.02071615,0.0,2.064
1267804.0,0.02132567,0.0,2.064
1267882.0,0.01375755,0.0,2.064
1267960.0,0.01822728,0.0,1.72
1268038.0,0.01045604,0.0,2.064
1268116.0,0.01502744,0.0,1.72
1268194.0,-0.00239454,0.0,2.064
1268272.0,-0.00711823,0.0,1.72
1268350.0,0.00954171,0.0,2.064
1268428.0,0.00380217,0.0,2.064
1268507.0,0.03077313,0.0,1.72
1268585.0,0.02518595,0.0,1.376
1268663.0,0.00796725,0.0,1.376
1268741.0,0.01624642,0.0,2.064
1268819.0,0.02290029,0.0,1.72
1268897.0,0.02025906,0.0,1.72
1268975.0,0.02630333,0.0,1.376
1269054.0,0.02838587,0.0,2.064
1269132.0,-0.00335955,0.0,1.72
1269210.0,0.04133805,0.0,1.72
1269288.0,0.01858285,0.0,1.72
1269366.0,0.01421472,0.0,2.064
1269444.0,0.02589708,0.0,1.72
1269522.0,0.00944019,0.0,2.064
1269600.0,0.02381454,0.0,1.72
1269678.0,0.01812576,0.0,2.064
1269756.0,0.03158578,0.0,2.064
1269835.0,0.006545,0.0,2.064
1269913.0,0.0373254,0.0,2.064
1269991.0,0.02432247,0.0,2.064
1270069.0,0.03768096,0.0,2.064
1270147.0,0.0087799,0.0,2.064
1270225.0,0.00700209,0.0,2.064
1270303.0,0.03849361,0.0,2.064
1270381.0,0.01451944,0.0,2.064
1270459.0,0.00598623,0.0,2.064
1270538.0,0.04149048,0.0,1.72
1270616.0,0.03544606,0.0,2.408
1270694.0,0.00801794,0.0,2.752
1270772.0,0.04149048,0.0,1.72
1270850.0,0.01274163,0.0,2.408
1270928.0,0.01345283,0.0,2.064
1271006.0,0.02777642,0.0,2.408
1271084.0,0.00944019,0.0,2.064
1271163.0,0.01462097,0.0,2.064
1271241.0,0.03823973,0.0,2.064
1271319.0,0.03194142,0.0,2.064
1271397.0,0.00796725,0.0,2.064
1271475.0,0.01944634,0.0,2.752
1271553.0,0.00842434,0.0,2.064
1271631.0,0.01822728,0.0,2.064
1271709.0,0.00100858,0.0,2.064
1271788.0,0.02411927,0.0,2.064
1271866.0,0.02279869,0.0,2.064
1271944.0,0.010202,0.0,2.408
1272022.0,0.0108116,0.0,2.064
1272100.0,0.02188436,0.0,1.72
1272178.0,0.02234153,0.0,1.72
1272256.0,0.03529362,0.0,2.408
1272334.0,0.01426541,0.0,2.752
1272412.0,0.01401152,0.0,2.064
1272490.0,0.01771936,0.0,2.064
1272569.0,0.01375755,0.0,2.064
1272647.0,-0.00671198,0.0,1.72
1272725.0,0.00019585,0.0,2.064
1272803.0,0.02117339,0.0,2.064
1272881.0,0.04585861,0.0,2.064
1272959.0,0.01578933,0.0,2.064
1273037.0,0.02157964,0.0,2.064
1273116.0,0.0197003,0.0,1.72
1273194.0,0.00446253,0.0,1.72
1273272.0,0.02015746,0.0,1.72
1273350.0,0.01644962,0.0,1.72
1273428.0,0.01771936,0.0,2.064
1273506.0,0.02711613,0.0,2.064
1273584.0,0.00781481,0.0,2.064
1273662.0,0.02467803,0.0,2.064
1273740.0,0.01137037,0.0,2.064
1273818.0,0.03636039,0.0,2.064
1273897.0,0.03051925,0.0,1.72
1273975.0,0.02533832,0.0,1.72
1274053.0,0.01010048,0.0,2.064
1274131.0,0.01431624,0.0,2.064
1274209.0,0.02401774,0.0,2.064
1274287.0,-0.00605169,0.0,1.376
1274365.0,0.00639263,0.0,2.064
1274443.0,0.01690671,0.0,1.72
1274521.0,0.00791641,0.0,1.72
1274600.0,0.01309727,0.0,2.408
1274678.0,0.0199035,0.0,1.72
1274756.0,-0.00214057,0.0,2.064
1274834.0,0.02086851,0.0,1.72
1274912.0,0.02381454,0.0,1.72
1274990.0,0.01086229,0.0,2.064
1275068.0,0.05027758,0.0,2.408
1275147.0,0.01091313,0.0,2.752
1275225.0,0.02452566,0.0,2.408
1275303.0,0.02650653,0.0,2.408
1275381.0,0.02198596,0.0,1.72
1275459.0,0.03600483,0.0,2.408
1275537.0,0.03255087,0.0,1.72
1275615.0,0.01700831,0.0,1.72
1275693.0,0.03737617,0.0,1.72
1275771.0,0.01497661,0.0,1.72
1275850.0,0.0179734,0.0,2.408
1275928.0,0.02518595,0.0,2.064
1276006.0,0.0295034,0.0,1.72
1276084.0,0.02061462,0.0,2.064
1276162.0,0.02417003,0.0,2.064
1276240.0,0.00070385,0.0,2.408
1276318.0,0.04174437,0.0,2.408
1276396.0,0.02538908,0.0,2.408
1276474.0,0.03453181,0.0,2.408
1276552.0,0.01355443,0.0,2.408
1276631.0,0.01223378,0.0,2.408
1276709.0,0.02828434,0.0,2.408
1276787.0,0.02188436,0.0,2.408
1276865.0,0.01888757,0.0,2.064
1276943.0,0.00471642,0.0,1.376
1277021.0,0.01406236,0.0,1.376
1277099.0,0.0240685,0.0,1.376
1277177.0,0.03580163,0.0,1.376
1277255.0,0.01015131,0.0,1.72
1277334.0,0.02229076,0.0,1.72
1277412.0,0.01573849,0.0,1.72
1277490.0,0.00507206,0.0,1.72
1277568.0,0.018075,0.0,1.72
1277646.0,0.01893841,0.0,1.72
1277724.0,0.02157964,0.0,1.72
1277802.0,0.01685595,0.0,1.72
1277881.0,0.01365595,0.0,1.72
1277959.0,-0.004477,0.0,1.72
1278037.0,0.01248782,0.0,1.72
1278115.0,0.03067153,0.0,1.72
1278193.0,0.02945256,0.0,2.064
1278271.0,0.0245765,0.0,1.72
1278349.0,0.00080545,0.0,1.72
1278427.0,0.02670973,0.0,1.376
1278505.0,-0.00777852,0.0,1.376
1278583.0,0.01934474,0.0,1.376
1278662.0,0.01340199,0.0,1.72
1278740.0,0.0197003,0.0,1.72
1278818.0,0.010202,0.0,2.408
1278896.0,0.01309727,0.0,2.408
1278974.0,0.02472879,0.0,2.064
1279052.0,0.00944019,0.0,2.064
1279130.0,0.0178718,0.0,2.408
1279208.0,0.05352841,0.0,2.064
1279287.0,0.0128433,0.0,2.064
1279365.0,0.0245765,0.0,2.064
1279443.0,0.02097019,0.0,2.064
1279521.0,0.03219539,0.0,2.064
1279599.0,0.02533832,0.0,1.72
1279677.0,0.0357001,0.0,1.376
1279755.0,0.00679888,0.0,1.032
1279833.0,0.00862754,0.0,1.032
1279911.0,0.01375755,0.0,1.376
1279990.0,0.03696984,0.0,1.032
1280068.0,0.02584624,0.0,1.376
1280146.0,0.01868445,0.0,1.032
1280224.0,0.03194142,0.0,1.376
1280302.0,0.00405613,0.0,1.032
1280380.0,0.00192283,0.0,1.72
1280458.0,0.00949103,0.0,1.376
1280536.0,0.01441792,0.0,1.376
1280614.0,0.01502744,0.0,1.376
1280693.0,0.02767482,0.0,1.032
1280771.0,0.02742086,0.0,1.376
1280849.0,0.00817037,0.0,1.72
1280927.0,0.00954171,0.0,1.032
1281005.0,0.02188436,0.0,1.72
1281083.0,0.01208134,0.0,1.72
1281161.0,0.00400537,0.0,1.72
1281239.0,0.01355443,0.0,2.064
1281317.0,0.00715445,0.0,1.376
1281396.0,0.01578933,0.0,1.72
1281474.0,0.01040528,0.0,2.752
1281552.0,0.01269094,0.0,2.408
1281630.0,0.00867822,0.0,2.408
1281708.0,0.01492569,0.0,2.408
1281786.0,0.02020822,0.0,2.408
1281864.0,0.01040528,0.0,1.72
1281942.0,0.00644347,0.0,2.408
1282021.0,0.00456413,0.0,2.064
1282099.0,-0.0004136,0.0,2.064
1282177.0,0.017567,0.0,2.408
1282255.0,0.03412549,0.0,1.72
1282333.0,0.01167509,0.0,1.376
1282411.0,0.00116102,0.0,0.688
1282489.0,0.01050688,0.0,1.72
1282567.0,0.00664667,0.0,1.72
1282645.0,0.02127491,0.0,1.376
1282724.0,0.02076691,0.0,1.376
1282802.0,-0.00483264,0.0,1.376
1282880.0,0.02833518,0.0,1.376
1282958.0,0.00151651,0.0,1.72
1283036.0,0.02290029,0.0,1.72
1283114.0,0.03239859,0.0,1.72
1283192.0,0.00258319,0.0,1.72
1283270.0,0.00100858,0.0,1.72
1283348.0,-0.00803255,0.0,1.72
1283427.0,0.017567,0.0,1.72
1283505.0,0.00720529,0.0,2.064
1283583.0,0.01934474,0.0,1.72
1283661.0,0.01345283,0.0,1.72
1283739.0,0.04316662,0.0,1.72
1283817.0,0.00883074,0.0,1.72
1283895.0,-0.00818492,0.0,1.72
1283973.0,0.01995434,0.0,1.72
1284052.0,0.01223378,0.0,1.72
1284130.0,0.0124369,0.0,2.752
1284208.0,0.00827197,0.0,1.72
1284286.0,0.03488738,0.0,2.408
1284364.0,0.01909085,0.0,1.72
1284442.0,0.01675435,0.0,1.72
1284520.0,0.00872906,0.0,1.72
1284598.0,0.03051925,0.0,2.064
1284676.0,0.02904616,0.0,2.064
1284755.0,0.00791641,0.0,2.064
1284833.0,0.00471642,0.0,1.72
1284911.0,0.0041069,0.0,2.408
1284989.0,0.00669736,0.0,1.72
1285067.0,0.01533217,0.0,1.72
1285145.0,0.01939557,0.0,2.064
1285223.0,0.01629718,0.0,2.064
1285301.0,0.01340199,0.0,1.72
1285379.0,0.03280484,0.0,2.064
1285458.0,0.01573849,0.0,1.72
1285536.0,-0.00305482,0.0,2.064
1285614.0,0.01868445,0.0,1.72
1285692.0,0.02264625,0.0,1.72
1285770.0,0.02198596,0.0,2.064
1285848.0,0.01360512,0.0,2.064
1285926.0,0.02137651,0.0,1.72
1286004.0,0.0220368,0.0,2.064
1286082.0,0.03178899,0.0,2.064
1286161.0,0.01665274,0.0,2.064
1286239.0,0.03666512,0.0,1.72
1286317.0,-0.00081992,0.0,2.064
1286395.0,0.02589708,0.0,2.064
1286473.0,0.03305887,0.0,2.064
1286551.0,0.02432247,0.0,2.064
1286629.0,0.00197359,0.0,1.72
1286708.0,0.01573849,0.0,1.72
1286786.0,0.02168124,0.0,1.72
1286864.0,0.01639878,0.0,2.064
1286942.0,0.01370679,0.0,1.72
1287020.0,0.02335745,0.0,1.72
1287098.0,0.01050688,0.0,2.064
1287176.0,0.00268479,0.0,1.72
1287254.0,0.00522442,0.0,2.408
1287332.0,0.00832266,0.0,2.064
1287410.0,0.00080545,0.0,2.064
1287489.0,0.03046841,0.0,2.064
1287567.0,0.02615097,0.0,2.064
1287645.0,0.01665274,0.0,2.064
1287723.0,0.02269716,0.0,2.064
1287801.0,-0.0005152,0.0,2.064
1287879.0,-7.27e-06,0.0,2.064
1287957.0,-0.00300414,0.0,1.72
1288035.0,-0.00102312,0.0,2.064
1288114.0,0.02762406,0.0,2.064
1288192.0,0.00669736,0.0,2.064
1288270.0,0.01289414,0.0,2.064
1288348.0,0.00395453,0.0,2.064
1288426.0,0.026405,0.0,1.72
1288504.0,0.02274785,0.0,2.064
1288582.0,0.01741471,0.0,1.72
1288660.0,0.01665274,0.0,2.064
1288738.0,0.02036059,0.0,2.064
1288817.0,0.02350974,0.0,2.064
1288895.0,0.01863368,0.0,2.064
1288973.0,0.02168124,0.0,2.064
1289051.0,0.02345898,0.0,2.064
1289129.0,0.02086851,0.0,2.064
1289207.0,0.03529362,0.0,1.72
1289285.0,0.01299567,0.0,2.064
1289363.0,0.02472879,0.0,2.064
1289441.0,0.02604937,0.0,2.064
1289520.0,0.00232923,0.0,2.064
1289598.0,0.01467188,0.0,2.064
1289676.0,0.02127491,0.0,2.064
1289754.0,0.00700209,0.0,1.72
1289832.0,0.02589708,0.0,1.72
1289910.0,0.00532595,0.0,1.72
1289988.0,0.02188436,0.0,1.72
1290066.0,0.0108116,0.0,2.064
1290144.0,0.032754,0.0,2.408
1290223.0,0.03524294,0.0,1.72
1290301.0,0.01385915,0.0,1.72
1290379.0,0.0335668,0.0,2.064
1290457.0,0.01065924,0.0,2.064
1290535.0,0.00486886,0.0,2.064
1290613.0,0.00781481,0.0,2.064
1290691.0,0.01274163,0.0,2.064
1290769.0,0.02432247,0.0,2.064
1290848.0,0.00243076,0.0,2.064
1290926.0,0.05175059,0.0,2.064
1291004.0,0.00923699,0.0,2.064
1291082.0,0.01010048,0.0,2.408
1291160.0,0.00354828,0.0,2.064
1291238.0,0.01436716,0.0,2.064
1291316.0,0.01431624,0.0,2.064
1291394.0,0.01675435,0.0,2.064
1291472.0,0.00293868,0.0,2.064
1291551.0,0.02305273,0.0,2.064
1291629.0,-0.00894688,0.0,2.064
1291707.0,0.02808114,0.0,1.72
1291785.0,0.02655737,0.0,2.064
1291863.0,0.00715445,0.0,2.064
1291941.0,0.01238622,0.0,2.408
1292019.0,0.01904001,0.0,2.064
1292097.0,0.02574472,0.0,2.408
1292176.0,0.01294483,0.0,2.064
1292254.0,-0.0004136,0.0,1.72
1292332.0,0.03046841,0.0,2.064
1292410.0,0.01609406,0.0,2.064
1292488.0,0.03265247,0.0,2.064
1292566.0,0.02371302,0.0,2.064
1292644.0,0.01964961,0.0,2.064
1292722.0,0.02127491,0.0,2.064
1292800.0,-0.00823575,0.0,2.064
1292879.0,0.02330661,0.0,2.064
1292957.0,0.01898932,0.0,2.064
1293035.0,0.03524294,0.0,2.064
1293113.0,0.00380217,0.0,2.064
1293191.0,0.01914161,0.0,2.064
1293269.0,-0.00148021,0.0,2.064
1293347.0,0.01599246,0.0,2.064
1293425.0,0.02894463,0.0,2.064
1293503.0,0.0311287,0.0,3.096
1293582.0,0.02350974,0.0,2.752
1293660.0,0.01949717,0.0,3.096
1293738.0,0.02645584,0.0,2.408
1293816.0,0.01213218,0.0,2.752
1293894.0,0.02041142,0.0,2.752
1293972.0,0.01228454,0.0,2.752
1294050.0,0.0103036,0.0,2.064
1294128.0,0.01558613,0.0,2.408
1294206.0,0.00761169,0.0,2.408
1294285.0,0.03641115,0.0,2.408
1294363.0,-0.00869284,0.0,2.408
1294441.0,0.00710376,0.0,2.408
1294519.0,0.02223993,0.0,2.408
1294597.0,0.02356058,0.0,2.408
1294675.0,0.00745925,0.0,2.064
1294753.0,0.00568143,0.0,2.064
1294831.0,0.02508435,0.0,2.408
1294910.0,0.01964961,0.0,2.064
1294988.0,0.01888757,0.0,2.064
1295066.0,0.02366218,0.0,2.064
1295144.0,0.02259549,0.0,2.064
1295222.0,0.01589093,0.0,2.064
1295300.0,0.01985274,0.0,2.064
1295378.0,0.04601097,0.0,2.064
1295456.0,0.01710998,0.0,2.064
1295534.0,0.02391621,0.0,2.064
1295612.0,0.02122407,0.0,2.064
1295691.0,0.03265247,0.0,2.064
1295769.0,0.00999888,0.0,2.064
1295847.0,0.01594169,0.0,2.064
1295925.0,0.03285575,0.0,2.408
1296003.0,0.01497661,0.0,1.72
1296081.0,0.00913546,0.0,2.064
1296159.0,0.0238653,0.0,2.064
1296237.0,0.04179521,0.0,2.408
1296315.0,0.02543999,0.0,2.408
1296394.0,0.0197003,0.0,2.408
1296472.0,0.01004971,0.0,2.408
1296550.0,0.01726227,0.0,2.408
1296628.0,0.0220368,0.0,2.408
1296706.0,0.00177047,0.0,2.408
1296784.0,0.01995434,0.0,2.408
1296862.0,0.0045133,0.0,2.064
1296941.0,-0.00442624,0.0,2.408
1297019.0,0.01680511,0.0,2.408
1297097.0,0.02467803,0.0,2.408
1297175.0,0.0103036,0.0,2.408
1297253.0,0.04438567,0.0,2.752
1297331.0,0.00893226,0.0,2.408
1297409.0,0.01076076,0.0,2.064
1297487.0,0.01050688,0.0,2.064
1297565.0,0.00050073,0.0,2.064
1297643.0,0.01137037,0.0,2.064
1297722.0,0.03392236,0.0,2.064
1297800.0,0.02610028,0.0,2.064
1297878.0,0.02670973,0.0,2.064
1297956.0,0.00324356,0.0,2.064
1298034.0,0.01426541,0.0,2.064
1298112.0,0.00817037,0.0,2.408
1298190.0,0.02325578,0.0,2.064
1298268.0,0.01370679,0.0,2.064
1298347.0,0.03473501,0.0,2.064
1298425.0,0.02726842,0.0,2.064
1298503.0,0.02020822,0.0,1.72
1298581.0,0.00959255,0.0,2.064
1298659.0,0.02183367,0.0,2.064
1298737.0,0.01655122,0.0,1.72
1298815.0,0.02432247,0.0,2.064
1298893.0,0.01741471,0.0,2.064
1298972.0,0.02005586,0.0,2.408
1299050.0,0.03026521,0.0,2.752
1299128.0,0.02594777,0.0,2.408
1299206.0,0.01924313,0.0,2.408
1299284.0,0.01462097,0.0,2.408
1299362.0,0.01040528,0.0,2.408
1299440.0,0.02533832,0.0,2.408
1299518.0,0.01934474,0.0,2.408
1299596.0,0.02076691,0.0,2.408
1299675.0,0.01396068,0.0,2.408
1299753.0,0.03234775,0.0,2.408
1299831.0,0.01289414,0.0,2.408
1299909.0,0.01218302,0.0,2.064
1299987.0,0.01431624,0.0,3.096
1300065.0,0.00806877,0.0,2.064
1300143.0,0.0132497,0.0,2.064
1300221.0,0.00304028,0.0,2.408
1300299.0,0.00456413,0.0,2.408
1300377.0,0.01655122,0.0,2.064
1300456.0,0.02300189,0.0,2.408
1300534.0,0.01827812,0.0,2.064
1300612.0,0.01802408,0.0,2.064
1300690.0,0.02518595,0.0,2.408
1300768.0,0.02767482,0.0,2.064
1300846.0,0.02223993,0.0,2.408
1300924.0,0.02086851,0.0,2.064
1301002.0,0.03067153,0.0,2.064
1301081.0,0.00862754,0.0,2.064
1301159.0,0.02442399,0.0,2.064
1301237.0,0.00679888,0.0,1.72
1301315.0,0.02731926,0.0,2.064
1301393.0,0.01924313,0.0,2.064
1301471.0,0.03696984,0.0,2.408
1301549.0,0.02767482,0.0,2.408
1301627.0,0.00039898,0.0,2.752
1301706.0,0.03031605,0.0,2.408
1301784.0,0.03204302,0.0,2.752
1301862.0,0.0309255,0.0,2.752
1301940.0,0.02091935,0.0,2.408
1302018.0,0.01868445,0.0,2.408
1302096.0,0.01660198,0.0,2.408
1302174.0,0.00761169,0.0,2.408
1302252.0,0.02462719,0.0,2.408
1302330.0,0.0062402,0.0,2.408
1302409.0,-0.00407068,0.0,2.408
1302487.0,0.01406236,0.0,2.408
1302565.0,0.01055756,0.0,2.408
1302643.0,0.01934474,0.0,2.408
1302721.0,0.01187829,0.0,2.064
1302799.0,0.04326815,0.0,2.064
1302877.0,0.02731926,0.0,2.064
1302955.0,0.00537671,0.0,2.064
1303033.0,0.02036059,0.0,2.408
1303112.0,0.03290644,0.0,2.064
1303190.0,0.01076076,0.0,2.064
1303268.0,-0.0011248,0.0,2.064
1303346.0,-0.00894688,0.0,2.064
1303424.0,0.00979575,0.0,2.064
1303502.0,0.03300804,0.0,1.72
1303580.0,0.01050688,0.0,2.408
1303658.0,0.0124369,0.0,1.376
1303737.0,0.01944634,0.0,2.064
1303815.0,0.02762406,0.0,2.064
1303893.0,0.01629718,0.0,1.72
1303971.0,0.00883074,0.0,2.064
1304049.0,0.02549068,0.0,2.064
1304127.0,0.01162425,0.0,2.064
1304205.0,0.02472879,0.0,2.064
1304283.0,0.01467188,0.0,2.064
1304361.0,0.01010048,0.0,2.064
1304439.0,0.02350974,0.0,1.72
1304518.0,0.02467803,0.0,2.064
1304596.0,0.01446868,0.0,2.064
1304674.0,0.01375755,0.0,2.064
1304752.0,0.01147189,0.0,2.064
1304830.0,0.02091935,0.0,2.064
1304908.0,0.00893226,0.0,2.064
1304986.0,0.01157349,0.0,2.408
1305064.0,0.03757944,0.0,2.064
1305143.0,0.03686832,0.0,2.064
1305221.0,0.0061386,0.0,2.064
1305299.0,0.02970644,0.0,2.064
1305377.0,0.02269716,0.0,2.064
1305455.0,0.0259986,0.0,2.064
1305533.0,0.02178284,0.0,2.064
1305611.0,0.02335745,0.0,2.408
1305689.0,0.01370679,0.0,2.064
1305768.0,-0.0004136,0.0,2.064
1305846.0,0.02808114,0.0,2.064
1305924.0,0.02762406,0.0,2.064
1306002.0,0.02843671,0.0,2.064
1306080.0,0.02696369,0.0,2.064
1306158.0,0.02594777,0.0,2.408
1306236.0,0.01650038,0.0,2.064
1306314.0,0.02345898,0.0,2.064
1306392.0,0.00852594,0.0,2.408
1306471.0,-0.00097236,0.0,1.72
1306549.0,0.02853831,0.0,2.064
1306627.0,0.00862754,0.0,1.72
1306705.0,0.02559235,0.0,2.064
1306783.0,-0.00696594,0.0,2.064
1306861.0,0.01817652,0.0,2.064
1306939.0,0.01487501,0.0,2.408
1307017.0,0.00557991,0.0,1.72
1307095.0,-0.00539133,0.0,2.064
1307174.0,0.00781481,0.0,2.064
1307252.0,0.01949717,0.0,2.064
1307330.0,0.0197003,0.0,2.752
1307408.0,0.01416388,0.0,2.064
1307486.0,0.01385915,0.0,2.064
1307564.0,0.02091935,0.0,2.064
1307642.0,0.00690049,0.0,2.752
1307720.0,0.03387152,0.0,2.408
1307799.0,0.02330661,0.0,2.064
1307877.0,0.01837972,0.0,2.064
1307955.0,0.01985274,0.0,2.064
1308033.0,-0.00478173,0.0,2.064
1308111.0,0.02147811,0.0,2.064
1308189.0,0.01863368,0.0,2.064
1308267.0,0.01487501,0.0,1.72
1308345.0,0.00436086,0.0,2.064
1308423.0,0.0178718,0.0,2.064
1308502.0,0.01924313,0.0,2.064
1308580.0,0.01563689,0.0,2.064
1308658.0,0.01883689,0.0,2.064
1308736.0,0.03087481,0.0,2.064
1308814.0,0.01274163,0.0,2.064
1308892.0,0.01675435,0.0,2.064
1308970.0,0.01853208,0.0,2.064
1309048.0,0.00497038,0.0,2.064
1309126.0,0.01411312,0.0,2.064
1309204.0,0.01411312,0.0,2.064
1309283.0,0.01782096,0.0,2.064
1309361.0,0.02183367,0.0,2.064
1309439.0,0.00690049,0.0,2.064
1309517.0,0.01228454,0.0,2.064
1309595.0,0.04433484,0.0,2.064
1309673.0,0.01416388,0.0,2.064
1309751.0,0.04565541,0.0,2.064
1309830.0,-0.00559445,0.0,2.064
1309908.0,0.02676057,0.0,2.064
1309986.0,-0.00137861,0.0,2.064
1310064.0,0.00776405,0.0,2.064
1310142.0,0.01533217,0.0,1.72
1310220.0,0.01248782,0.0,1.72
1310298.0,0.00771321,0.0,1.72
1310376.0,-0.00478173,0.0,1.376
1310454.0,0.00684972,0.0,1.72
1310532.0,0.01558613,0.0,1.376
1310611.0,0.01578933,0.0,2.064
1310689.0,0.01258934,0.0,2.064
1310767.0,0.03168746,0.0,2.064
1310845.0,0.02183367,0.0,2.064
1310923.0,0.03376992,0.0,2.064
1311001.0,0.00370057,0.0,2.064
1311079.0,0.0243733,0.0,2.064
1311157.0,0.01512897,0.0,2.064
1311236.0,0.04804275,0.0,2.064
1311314.0,0.00644347,0.0,2.064
1311392.0,0.02645584,0.0,2.064
1311470.0,0.03468417,0.0,2.064
1311548.0,0.02940172,0.0,2.064
1311626.0,0.01827812,0.0,1.72
1311704.0,0.00044989,0.0,2.064
1311782.0,0.01157349,0.0,2.064
1311860.0,0.01782096,0.0,2.064
1311938.0,0.03590323,0.0,2.064
1312017.0,0.02356058,0.0,1.72
1312095.0,0.0240685,0.0,1.72
1312173.0,0.01390999,0.0,2.064
1312251.0,-0.00808332,0.0,2.064
1312329.0,9.425e-05,0.0,2.064
1312407.0,0.00202451,0.0,2.064
1312485.0,0.00075462,0.0,2.064
1312564.0,0.03260171,0.0,1.72
1312642.0,0.01004971,0.0,2.064
1312720.0,0.00364981,0.0,2.064
1312798.0,0.03290644,0.0,2.064
1312876.0,-0.00625474,0.0,2.064
1312954.0,0.03493821,0.0,2.064
1313032.0,0.01096396,0.0,2.064
1313110.0,0.02066539,0.0,2.064
1313188.0,0.01142105,0.0,2.064
1313267.0,0.00456413,0.0,2.064
1313345.0,0.00842434,0.0,2.064
1313423.0,0.01451944,0.0,2.064
1313501.0,0.02584624,0.0,2.064
1313579.0,0.01909085,0.0,1.72
1313657.0,0.0063418,0.0,2.408
1313735.0,0.00984659,0.0,2.752
1313813.0,0.04529985,0.0,2.408
1313891.0,-0.00046443,0.0,2.064
1313970.0,0.01274163,0.0,2.408
1314048.0,0.02691293,0.0,2.064
1314126.0,0.01761783,0.0,2.064
1314204.0,0.00563067,0.0,2.064
1314282.0,0.02919859,0.0,2.064
1314360.0,0.02762406,0.0,2.064
1314438.0,0.02737002,0.0,1.72
1314516.0,0.00923699,0.0,2.064
1314594.0,0.02549068,0.0,2.064
1314673.0,0.02681126,0.0,2.064
1314751.0,0.00791641,0.0,2.064
1314829.0,0.02853831,0.0,2.064
1314907.0,0.00811954,0.0,1.72
1314985.0,0.02853831,0.0,2.064
1315063.0,0.02538908,0.0,2.064
1315141.0,0.03605559,0.0,1.376
1315219.0,0.01365595,0.0,2.064
1315298.0,0.00715445,0.0,2.064
1315376.0,0.01858285,0.0,2.408
1315454.0,0.00486886,0.0,2.408
1315532.0,0.01670351,0.0,2.064
1315610.0,0.01766867,0.0,2.064
1315688.0,0.00822114,0.0,2.064
1315766.0,0.03585239,0.0,1.72
1315844.0,0.02762406,0.0,2.064
1315923.0,0.03382076,0.0,2.064
1316001.0,0.04392843,0.0,1.72
1316079.0,0.02315425,0.0,1.72
1316157.0,0.02188436,0.0,1.72
1316235.0,0.03930634,0.0,1.72
1316313.0,0.00979575,0.0,1.72
1316391.0,0.03849361,0.0,1.376
1316469.0,0.01832896,0.0,1.72
1316547.0,0.01873528,0.0,1.376
1316625.0,0.00893226,0.0,1.72
1316704.0,0.0173638,0.0,2.064
1316782.0,0.02269716,0.0,1.72
1316860.0,0.00959255,0.0,2.064
1316938.0,0.0240685,0.0,2.064
1317016.0,0.02422094,0.0,2.064
1317094.0,0.00385301,0.0,2.064
1317172.0,0.02462719,0.0,2.064
1317250.0,0.04474124,0.0,1.72
1317329.0,0.00583387,0.0,1.72
1317407.0,0.03051925,0.0,1.72
1317485.0,0.0200051,0.0,1.72
1317563.0,0.00055142,0.0,1.376
1317641.0,0.01360512,0.0,1.72
1317719.0,0.03768096,0.0,2.064
1317797.0,0.0373254,0.0,2.064
1317875.0,0.03702068,0.0,1.72
1317953.0,0.03712228,0.0,2.064
1318032.0,0.00232923,0.0,1.72
1318110.0,0.0295034,0.0,2.408
1318188.0,0.00791641,0.0,2.064
1318266.0,0.02884303,0.0,2.064
1318344.0,0.01457028,0.0,2.064
1318422.0,0.01274163,0.0,2.064
1318500.0,0.03117953,0.0,2.064
1318578.0,0.01533217,0.0,1.72
1318656.0,0.02010662,0.0,2.064
1318734.0,0.02996048,0.0,2.064
1318813.0,0.02249396,0.0,2.064
1318891.0,0.00872906,0.0,2.064
1318969.0,0.00979575,0.0,2.064
1319047.0,0.02970644,0.0,2.064
1319125.0,0.04316662,0.0,2.064
1319203.0,0.02869059,0.0,2.064
1319281.0,0.02208756,0.0,2.064
1319360.0,-0.00163265,0.0,2.064
1319438.0,0.02279869,0.0,2.064
1319516.0,0.01589093,0.0,2.064
1319594.0,0.0309255,0.0,2.064
1319672.0,0.02127491,0.0,2.064
1319750.0,0.0287922,0.0,2.064
1319828.0,0.00949103,0.0,2.064
1319906.0,-0.00640725,0.0,2.064
1319984.0,0.01055756,0.0,2.064
1320063.0,0.01309727,0.0,2.064
1320141.0,0.01898932,0.0,2.064
1320219.0,0.00969408,0.0,2.064
1320297.0,0.0132497,0.0,2.064
1320375.0,0.01451944,0.0,2.064
1320453.0,-0.00173425,0.0,2.064
1320531.0,0.00888142,0.0,2.408
1320609.0,0.01614475,0.0,2.064
1320687.0,0.02208756,0.0,2.408
1320766.0,0.00730696,0.0,2.752
1320844.0,0.03580163,0.0,2.752
1320922.0,0.01137037,0.0,2.408
1321000.0,0.02533832,0.0,1.72
1321078.0,0.0200051,0.0,2.064
1321156.0,0.01827812,0.0,1.72
1321234.0,0.01944634,0.0,2.064
1321312.0,0.01827812,0.0,1.72
1321390.0,0.00314188,0.0,2.064
1321469.0,0.00883074,0.0,1.72
1321547.0,0.02676057,0.0,1.72
1321625.0,0.01690671,0.0,2.064
1321703.0,0.00817037,0.0,2.064
1321781.0,0.03194142,0.0,1.72
1321859.0,0.00161803,0.0,2.064
1321937.0,0.0067482,0.0,1.72
1322015.0,0.00370057,0.0,1.72
1322094.0,0.01203065,0.0,2.064
1322172.0,0.0124369,0.0,2.064
1322250.0,0.02290029,0.0,2.064
1322328.0,0.00756085,0.0,2.064
1322406.0,0.00471642,0.0,2.064
1322484.0,0.02493207,0.0,2.064
1322562.0,0.00690049,0.0,1.72
1322640.0,0.00578318,0.0,2.064
1322718.0,-0.00655954,0.0,2.064
1322796.0,0.01137037,0.0,2.064
1322875.0,0.033262,0.0,2.064
1322953.0,0.01091313,0.0,1.72
1323031.0,0.01604322,0.0,2.064
1323109.0,0.00705292,0.0,2.064
1323187.0,0.0108116,0.0,2.408
1323265.0,0.01426541,0.0,1.72
1323343.0,0.0087799,0.0,2.064
1323422.0,-0.00137861,0.0,2.752
1323500.0,0.00232923,0.0,2.064
1323578.0,0.00740849,0.0,1.72
1323656.0,0.02797962,0.0,2.064
1323734.0,0.02366218,0.0,1.376
1323812.0,0.00319264,0.0,2.064
1323890.0,0.0197003,0.0,2.064
1323968.0,0.02061462,0.0,1.72
1324046.0,0.02107171,0.0,1.72
1324125.0,0.03087481,0.0,1.376
1324203.0,0.02996048,0.0,2.064
1324281.0,0.00486886,0.0,2.064
1324359.0,0.03859522,0.0,2.064
1324437.0,0.01477348,0.0,2.408
1324515.0,0.03011285,0.0,2.064
1324593.0,0.02538908,0.0,1.72
1324671.0,0.01213218,0.0,1.376
1324749.0,0.0126401,0.0,1.72
1324828.0,0.0103036,0.0,1.376
1324906.0,0.02320501,0.0,2.064
1324984.0,0.03255087,0.0,2.064
1325062.0,0.00065302,0.0,2.064
1325140.0,0.02483039,0.0,2.064
1325218.0,0.00380217,0.0,2.064
1325296.0,0.00293868,0.0,2.064
1325374.0,0.02772558,0.0,1.72
1325452.0,-0.00427388,0.0,2.064
1325530.0,0.02107171,0.0,2.064
1325609.0,0.01330039,0.0,2.064
1325687.0,0.0197003,0.0,2.064
1325765.0,0.02604937,0.0,2.064
1325843.0,0.02208756,0.0,1.72
1325921.0,0.00456413,0.0,2.064
1325999.0,0.02833518,0.0,2.064
1326077.0,0.02178284,0.0,1.72
1326155.0,0.02264625,0.0,2.064
1326234.0,0.0215288,0.0,2.064
1326312.0,0.00862754,0.0,2.064
1326390.0,0.01949717,0.0,2.064
1326468.0,0.00745925,0.0,2.408
1326546.0,0.02869059,0.0,2.064
1326624.0,0.01172593,0.0,2.064
1326702.0,0.01390999,0.0,1.72
1326781.0,0.02462719,0.0,1.72
1326858.0,0.00852594,0.0,2.064
1326937.0,0.03392236,0.0,2.064
1327015.0,0.02919859,0.0,1.376
1327093.0,0.0083735,0.0,1.376
1327171.0,0.02056379,0.0,2.064
1327249.0,0.01390999,0.0,2.752
1327327.0,0.02696369,0.0,3.096
1327405.0,0.01949717,0.0,2.752
1327483.0,0.01197982,0.0,2.408
1327562.0,0.02223993,0.0,2.752
1327640.0,0.03529362,0.0,2.752
1327718.0,0.00827197,0.0,2.064
1327796.0,0.02620181,0.0,2.408
1327874.0,0.06236627,0.0,2.408
1327952.0,0.00954171,0.0,2.408
1328030.0,0.03062077,0.0,1.72
1328108.0,0.0110148,0.0,2.408
1328186.0,0.00552915,0.0,2.408
1328265.0,0.01197982,0.0,2.408
1328343.0,0.00644347,0.0,2.408
1328421.0,0.01451944,0.0,1.376
1328499.0,0.03305887,0.0,1.376
1328577.0,0.02554152,0.0,1.376
1328655.0,0.01299567,0.0,1.376
1328733.0,0.01594169,0.0,1.376
1328811.0,0.01091313,0.0,1.376
1328889.0,0.01502744,0.0,1.376
1328968.0,0.00644347,0.0,1.376
1329046.0,-0.00234385,0.0,1.72
1329124.0,0.02223993,0.0,1.376
1329202.0,0.02472879,0.0,1.376
1329280.0,0.01782096,0.0,1.376
1329358.0,0.00304028,0.0,1.376
1329436.0,0.0240685,0.0,1.72
1329514.0,0.02940172,0.0,1.72
1329593.0,0.02295105,0.0,1.72
1329671.0,0.01848132,0.0,1.72
1329749.0,0.0128433,0.0,1.72
1329827.0,0.00537671,0.0,1.72
1329905.0,0.00791641,0.0,2.752
1329983.0,0.02239244,0.0,3.096
1330061.0,0.00771321,0.0,2.064
1330139.0,0.00842434,0.0,2.752
1330217.0,0.03834125,0.0,2.408
1330296.0,0.01898932,0.0,2.408
1330374.0,0.02178284,0.0,2.064
1330452.0,0.01700831,0.0,2.064
1330530.0,0.02467803,0.0,2.752
1330608.0,0.03001117,0.0,2.408
1330686.0,0.0287922,0.0,1.72
1330764.0,0.02833518,0.0,1.72
1330842.0,0.00537671,0.0,2.064
1330920.0,0.00456413,0.0,2.064
1330999.0,0.00999888,0.0,1.72
1331077.0,0.01731311,0.0,1.72
1331155.0,0.00817037,0.0,2.064
1331233.0,0.02848739,0.0,2.064
1331311.0,0.0085767,0.0,1.72
1331389.0,0.0128433,0.0,2.408
1331467.0,0.01817652,0.0,2.064
1331546.0,0.03331276,0.0,1.72
1331624.0,0.02777642,0.0,1.72
1331702.0,0.00766237,0.0,1.72
1331780.0,0.01228454,0.0,2.064
1331858.0,0.02747154,0.0,2.064
1331936.0,0.02411927,0.0,1.72
1332014.0,0.03473501,0.0,1.376
1332092.0,0.032754,0.0,2.064
1332170.0,0.01472264,0.0,2.064
1332249.0,0.02625264,0.0,1.72
1332327.0,0.01898932,0.0,2.064
1332405.0,0.00136414,0.0,2.064
1332483.0,0.03473501,0.0,1.376
1332561.0,0.0315351,0.0,2.064
1332639.0,0.01700831,0.0,2.408
1332717.0,0.02884303,0.0,3.096
1332795.0,0.02488123,0.0,2.064
1332873.0,-0.01742925,0.0,3.096
1332952.0,0.01299567,0.0,2.064
1333030.0,0.02676057,0.0,2.064
1333108.0,0.0199035,0.0,2.752
1333186.0,0.01934474,0.0,2.752
1333264.0,0.01045604,0.0,2.752
1333342.0,0.01705907,0.0,2.752
1333420.0,0.0061386,0.0,2.408
1333498.0,0.03285575,0.0,1.376
1333576.0,0.02813191,0.0,1.376
1333654.0,0.04580785,0.0,1.376
1333733.0,0.00862754,0.0,1.72
1333811.0,0.01512897,0.0,1.376
1333889.0,0.00629103,0.0,1.72
1333967.0,0.00547831,0.0,1.376
1334045.0,0.01614475,0.0,1.72
1334123.0,0.0197003,0.0,1.72
1334201.0,0.03265247,0.0,1.032
1334280.0,0.02432247,0.0,1.72
1334358.0,0.03295727,0.0,1.72
1334436.0,0.01152265,0.0,1.376
1334514.0,0.02036059,0.0,1.376
1334592.0,0.01995434,0.0,1.72
1334670.0,0.01589093,0.0,1.72
1334748.0,0.02066539,0.0,1.376
1334826.0,-0.00584849,0.0,1.72
1334904.0,0.00766237,0.0,1.376
1334982.0,0.00801794,0.0,1.72
1335061.0,0.00923699,0.0,1.032
1335139.0,0.00954171,0.0,1.72
1335217.0,0.01782096,0.0,1.72
1335295.0,0.01721151,0.0,1.376
1335373.0,0.02305273,0.0,1.376
1335451.0,0.0128433,0.0,1.032
1335529.0,0.03250011,0.0,1.72
1335607.0,0.02147811,0.0,1.376
1335686.0,0.01909085,0.0,1.72
1335764.0,0.02899547,0.0,2.408
1335842.0,0.01253858,0.0,1.72
1335920.0,0.02046219,0.0,1.376
1335998.0,0.01487501,0.0,1.72
1336076.0,0.02361142,0.0,2.408
1336154.0,0.00258319,0.0,2.752
1336232.0,0.03930634,0.0,2.752
1336310.0,0.01436716,0.0,2.752
1336389.0,0.00801794,0.0,2.408
1336467.0,0.02010662,0.0,1.72
1336545.0,0.01771936,0.0,2.064
1336623.0,0.02772558,0.0,2.064
1336701.0,0.02391621,0.0,1.72
1336779.0,0.01609406,0.0,1.72
1336857.0,0.03514134,0.0,2.064
1336935.0,0.01167509,0.0,2.064
1337014.0,0.00740849,0.0,2.064
1337092.0,0.00248159,0.0,2.064
1337170.0,-0.00833728,0.0,2.064
1337248.0,0.02366218,0.0,2.064
1337326.0,0.03971267,0.0,2.064
1337404.0,0.02391621,0.0,2.064
1337482.0,0.01568773,0.0,2.408
1337560.0,0.01792256,0.0,2.064
1337638.0,0.02909699,0.0,2.064
1337717.0,0.02315425,0.0,2.408
1337795.0,0.00867822,0.0,2.064
1337873.0,0.02503359,0.0,2.064
1337951.0,0.02350974,0.0,1.72
1338029.0,0.01558613,0.0,2.064
1338107.0,0.0063418,0.0,1.032
1338185.0,0.02310341,0.0,1.72
1338263.0,0.00629103,0.0,1.72
1338341.0,0.00938943,0.0,1.72
1338420.0,0.02589708,0.0,2.064
1338498.0,0.01512897,0.0,2.064
1338576.0,-0.00234385,0.0,2.064
1338654.0,0.04301418,0.0,2.064
1338732.0,0.03158578,0.0,2.064
1338810.0,0.01751623,0.0,1.72
1338888.0,0.01502744,0.0,1.72
1338966.0,0.01512897,0.0,1.376
1339045.0,0.03077313,0.0,2.064
1339123.0,0.01766867,0.0,1.032
1339201.0,0.00461482,0.0,2.064
1339279.0,0.02670973,0.0,1.72
1339357.0,0.01655122,0.0,2.064
1339435.0,0.03107793,0.0,1.72
1339513.0,0.02295105,0.0,1.72
1339591.0,0.03026521,0.0,1.376
1339669.0,0.03316047,0.0,1.72
1339748.0,0.03930634,0.0,2.408
1339826.0,0.02290029,0.0,2.408
1339904.0,-0.00056603,0.0,1.72
1339982.0,0.02462719,0.0,1.376
1340060.0,0.01502744,0.0,0.688
1340138.0,0.02782711,0.0,2.064
1340216.0,0.01812576,0.0,1.72
1340294.0,0.02259549,0.0,1.376
1340372.0,0.00608791,0.0,2.064
1340450.0,0.02234153,0.0,2.408
1340529.0,0.01375755,0.0,1.376
1340607.0,0.03636039,0.0,1.032
1340685.0,0.01294483,0.0,1.72
1340763.0,0.01893841,0.0,2.408
1340841.0,0.03244927,0.0,1.376
1340919.0,0.01761783,0.0,1.72
1340997.0,0.02757322,0.0,1.376
1341075.0,0.01558613,0.0,2.064
1341154.0,0.00070385,0.0,2.064
1341232.0,0.01228454,0.0,2.408
1341310.0,0.02076691,0.0,2.064
1341388.0,-0.00584849,0.0,2.064
1341466.0,0.03194142,0.0,2.064
1341544.0,0.01502744,0.0,2.064
1341622.0,0.032754,0.0,2.064
1341700.0,0.01675435,0.0,2.064
1341778.0,0.02015746,0.0,2.408
1341857.0,0.00222763,0.0,2.064
1341935.0,0.0174654,0.0,2.064
1342013.0,0.01050688,0.0,2.064
1342091.0,0.00928783,0.0,2.064
1342169.0,0.0220368,0.0,2.064
1342247.0,0.00766237,0.0,2.064
1342325.0,0.03285575,0.0,2.064
1342403.0,0.00466566,0.0,2.064
1342482.0,0.03625887,0.0,2.064
1342560.0,0.03285575,0.0,2.064
1342638.0,0.00136414,0.0,2.064
1342716.0,0.02620181,0.0,2.064
1342794.0,0.03270331,0.0,2.064
1342872.0,0.0203099,0.0,2.064
1342950.0,0.03417632,0.0,2.064
1343028.0,0.01457028,0.0,1.72
1343106.0,0.01050688,0.0,1.376
1343185.0,0.0238653,0.0,2.064
1343263.0,0.02813191,0.0,2.064
1343341.0,0.02330661,0.0,2.064
1343419.0,0.02188436,0.0,2.064
1343497.0,0.03478577,0.0,2.064
1343575.0,0.01848132,0.0,2.064
1343653.0,0.01995434,0.0,2.064
1343731.0,0.00994811,0.0,2.064
1343809.0,0.00039898,0.0,2.064
1343888.0,0.04088096,0.0,2.064
1343966.0,0.0178718,0.0,2.064
1344044.0,0.03260171,0.0,2.064
1344122.0,-0.00711823,0.0,2.064
1344200.0,0.02239244,0.0,2.064
1344278.0,0.02025906,0.0,1.72
1344356.0,-0.00142952,0.0,2.064
1344434.0,0.01761783,0.0,2.064
1344513.0,0.01137037,0.0,2.064
1344591.0,0.00100858,0.0,2.064
1344669.0,0.00166887,0.0,2.064
1344747.0,0.02569388,0.0,2.064
1344825.0,0.01660198,0.0,2.064
1344903.0,0.0200051,0.0,2.064
1344981.0,0.00781481,0.0,2.752
1345059.0,-0.00757539,0.0,2.752
1345137.0,0.02706529,0.0,2.752
1345216.0,0.02335745,0.0,2.752
1345294.0,0.03046841,0.0,2.752
1345372.0,0.00105934,0.0,2.752
1345450.0,0.02838587,0.0,2.408
1345528.0,0.01716067,0.0,2.408
1345606.0,0.01644962,0.0,2.408
1345684.0,0.03138266,0.0,2.408
1345762.0,0.02102095,0.0,2.408
1345840.0,0.04758559,0.0,2.408
1345919.0,0.01589093,0.0,2.408
1345997.0,0.02371302,0.0,2.408
1346075.0,0.03331276,0.0,2.064
1346153.0,0.01868445,0.0,2.408
1346231.0,0.01380839,0.0,2.408
1346309.0,0.0110148,0.0,2.064
1346387.0,0.02645584,0.0,2.064
1346465.0,0.03087481,0.0,2.064
1346544.0,0.0083735,0.0,1.72
1346622.0,0.03117953,0.0,2.064
1346700.0,0.02371302,0.0,2.064
1346778.0,0.01893841,0.0,2.064
1346856.0,0.01964961,0.0,2.064
1346934.0,0.02777642,0.0,2.408
1347012.0,0.02711613,0.0,2.408
1347090.0,0.0240685,0.0,2.064
1347168.0,-0.00650878,0.0,2.064
1347247.0,0.02356058,0.0,2.064
1347325.0,0.0063418,0.0,1.72
1347403.0,0.04108408,0.0,2.064
1347481.0,0.0108116,0.0,2.064
1347559.0,0.01238622,0.0,2.064
1347637.0,0.01487501,0.0,2.408
1347715.0,0.02061462,0.0,2.752
1347793.0,0.01035451,0.0,2.752
1347871.0,0.00928783,0.0,2.752
1347949.0,0.03082397,0.0,2.752
1348028.0,0.01147189,0.0,2.752
1348106.0,0.01812576,0.0,2.752
1348184.0,0.01924313,0.0,2.408
1348262.0,0.00913546,0.0,2.408
1348340.0,0.03656359,0.0,2.752
1348418.0,0.02716682,0.0,2.408
1348496.0,0.01162425,0.0,2.408
1348575.0,0.01523057,0.0,2.064
1348653.0,0.00822114,0.0,2.752
1348731.0,0.02071615,0.0,2.408
1348809.0,0.0335668,0.0,2.064
1348887.0,0.00517358,0.0,2.408
1348965.0,0.04103324,0.0,2.408
1349043.0,0.02975736,0.0,2.064
1349121.0,0.01289414,0.0,2.064
1349199.0,0.01350359,0.0,2.408
1349278.0,0.01086229,0.0,2.064
1349356.0,0.02290029,0.0,2.064
1349434.0,0.02975736,0.0,2.408
1349512.0,0.01355443,0.0,2.064
1349590.0,0.03321123,0.0,2.064
1349668.0,0.04103324,0.0,2.408
1349746.0,0.03463334,0.0,2.408
1349824.0,0.02787794,0.0,2.408
1349902.0,0.03189051,0.0,2.064
1349980.0,0.02914783,0.0,2.064
1350059.0,0.01858285,0.0,2.064
1350137.0,0.04047456,0.0,2.064
1350215.0,-0.0156006,0.0,2.064
1350293.0,0.01137037,0.0,2.064
1350371.0,0.01680511,0.0,3.096
1350449.0,0.01446868,0.0,3.096
1350527.0,0.02208756,0.0,2.408
1350606.0,0.0219352,0.0,2.752
1350684.0,0.0198019,0.0,2.752
1350762.0,0.01594169,0.0,1.72
1350840.0,0.00237992,0.0,2.752
1350918.0,0.02290029,0.0,2.408
1350996.0,0.02061462,0.0,1.72
1351074.0,0.03148426,0.0,2.408
1351152.0,0.01878605,0.0,2.408
1351230.0,0.02782711,0.0,2.408
1351309.0,0.01507821,0.0,1.72
1351387.0,0.02843671,0.0,2.408
1351465.0,0.01015131,0.0,2.064
1351543.0,-0.00046443,0.0,1.72
1351621.0,0.02102095,0.0,2.064
1351699.0,0.00872906,0.0,2.064
1351777.0,0.02163048,0.0,2.064
1351855.0,0.01766867,0.0,2.064
1351933.0,0.02549068,0.0,2.064
1352012.0,0.0295034,0.0,2.064
1352090.0,0.02041142,0.0,1.72
1352168.0,0.02335745,0.0,1.72
1352246.0,0.01182745,0.0,1.376
1352324.0,0.02254473,0.0,1.72
1352402.0,0.01904001,0.0,2.064
1352480.0,0.02488123,0.0,1.376
1352558.0,0.03209371,0.0,1.72
1352636.0,0.01451944,0.0,1.72
1352715.0,0.04753475,0.0,1.72
1352793.0,-0.0009216,0.0,1.72
1352871.0,0.03117953,0.0,2.064
1352949.0,0.02452566,0.0,2.064
1353027.0,0.00745925,0.0,2.752
1353105.0,0.02122407,0.0,2.752
1353183.0,0.02665889,0.0,2.752
1353261.0,0.01629718,0.0,2.064
1353340.0,0.03305887,0.0,2.064
1353418.0,0.01644962,0.0,1.72
1353496.0,0.00959255,0.0,2.064
1353574.0,0.03280484,0.0,1.72
1353652.0,0.01685595,0.0,2.064
1353730.0,0.02234153,0.0,1.72
1353808.0,0.03224615,0.0,1.72
1353886.0,0.01771936,0.0,2.408
1353965.0,0.02401774,0.0,1.72
1354043.0,0.02381454,0.0,2.064
1354121.0,-0.00056603,0.0,2.408
1354199.0,0.02630333,0.0,2.408
1354277.0,0.01152265,0.0,2.408
1354355.0,0.01289414,0.0,2.408
1354433.0,0.03178899,0.0,2.064
1354511.0,0.02772558,0.0,2.064
1354589.0,0.01213218,0.0,3.096
1354667.0,0.02899547,0.0,2.064
1354746.0,0.02142727,0.0,2.064
1354824.0,0.02366218,0.0,2.064
1354902.0,0.01375755,0.0,1.72
1354980.0,0.02015746,0.0,2.064
1355058.0,-0.00620405,0.0,1.72
1355136.0,0.02498275,0.0,2.408
1355214.0,0.02295105,0.0,1.72
1355292.0,0.01223378,0.0,2.064
1355370.0,0.00537671,0.0,2.408
1355449.0,0.02620181,0.0,2.064
1355527.0,0.02960492,0.0,2.064
1355605.0,0.01487501,0.0,2.064
1355683.0,0.01253858,0.0,2.408
1355761.0,0.01985274,0.0,2.408
1355839.0,0.02381454,0.0,2.752
1355917.0,0.02417003,0.0,2.408
1355996.0,0.03168746,0.0,2.752
1356074.0,0.01853208,0.0,2.064
1356152.0,0.01944634,0.0,2.064
1356230.0,0.0062402,0.0,2.752
1356308.0,-0.00280086,0.0,2.408
1356386.0,0.03686832,0.0,2.752
1356464.0,0.00898303,0.0,2.408
1356542.0,0.02107171,0.0,2.752
1356620.0,0.02163048,0.0,2.064
1356698.0,0.02467803,0.0,2.408
1356777.0,0.02041142,0.0,2.064
1356855.0,0.01004971,0.0,2.752
1356933.0,0.02940172,0.0,2.064
1357011.0,0.01771936,0.0,1.72
1357089.0,0.01665274,0.0,2.064
1357167.0,0.01629718,0.0,2.064
1357245.0,0.00476733,0.0,2.752
1357323.0,0.01863368,0.0,2.752
1357401.0,0.03707144,0.0,2.752
1357480.0,0.02112255,0.0,2.752
1357558.0,0.02681126,0.0,2.064
1357636.0,0.02843671,0.0,2.408
1357714.0,0.01919237,0.0,2.408
1357792.0,0.02584624,0.0,2.752
1357870.0,0.032754,0.0,2.408
1357948.0,0.0259986,0.0,2.064
1358026.0,0.02721765,0.0,1.72
1358105.0,0.00933851,0.0,2.064
1358183.0,0.00618943,0.0,2.752
1358261.0,0.0128433,0.0,2.064
1358339.0,0.00161803,0.0,2.408
1358417.0,0.03229699,0.0,2.408
1358495.0,0.02361142,0.0,2.064
1358573.0,0.01802408,0.0,2.064
1358651.0,0.00801794,0.0,2.408
1358729.0,0.02188436,0.0,2.064
1358808.0,0.03443021,0.0,2.064
1358886.0,0.03463334,0.0,2.064
1358964.0,0.01355443,0.0,2.408
1359042.0,0.00944019,0.0,2.064
1359120.0,0.03691915,0.0,2.408
1359198.0,0.01507821,0.0,2.408
1359276.0,0.02518595,0.0,2.408
1359354.0,0.01832896,0.0,2.408
1359432.0,0.02279869,0.0,2.408
1359511.0,0.01777027,0.0,2.752
1359589.0,0.00999888,0.0,2.408
1359667.0,0.02803031,0.0,2.408
1359745.0,0.03407465,0.0,2.064
1359823.0,0.01253858,0.0,2.064
1359901.0,0.02686209,0.0,2.064
1359979.0,0.01878605,0.0,2.752
1360057.0,0.00334508,0.0,2.408
1360135.0,0.0311287,0.0,2.064
1360214.0,0.01639878,0.0,1.72
1360292.0,0.02604937,0.0,2.064
1360370.0,0.01538293,0.0,2.408
1360448.0,0.03788416,0.0,2.064
1360526.0,0.03376992,0.0,2.752
1360604.0,-0.00330886,0.0,2.408
1360682.0,0.01716067,0.0,2.064
1360760.0,0.01716067,0.0,2.064
1360839.0,0.02726842,0.0,2.064
1360917.0,0.02833518,0.0,2.064
1360995.0,0.00588471,0.0,1.72
1361073.0,0.0199035,0.0,2.064
1361151.0,0.01431624,0.0,2.408
1361229.0,0.04403011,0.0,2.064
1361307.0,0.01411312,0.0,1.72
1361385.0,0.02284945,0.0,2.064
1361463.0,0.02620181,0.0,2.064
1361542.0,0.02696369,0.0,1.72
1361620.0,0.02284945,0.0,1.376
1361698.0,0.01919237,0.0,2.064
1361776.0,0.02020822,0.0,1.376
1361854.0,0.02930019,0.0,2.064
1361932.0,0.0376302,0.0,1.376
1362010.0,0.00994811,0.0,2.064
1362088.0,0.02980812,0.0,1.376
1362166.0,0.02173215,0.0,2.064
1362245.0,0.0106084,0.0,2.064
1362323.0,0.02350974,0.0,1.72
1362401.0,0.00903379,0.0,2.064
1362479.0,0.01162425,0.0,2.064
1362557.0,0.01248782,0.0,2.064
1362635.0,0.00999888,0.0,2.064
1362713.0,0.0197003,0.0,2.064
1362792.0,0.02361142,0.0,2.064
1362870.0,-0.00132792,0.0,2.064
1362948.0,0.02020822,0.0,2.064
1363026.0,0.02960492,0.0,2.064
1363104.0,0.00202451,0.0,2.064
1363182.0,0.0200051,0.0,1.72
1363260.0,0.01512897,0.0,2.064
1363338.0,0.03016368,0.0,2.064
1363416.0,0.00888142,0.0,1.72
1363494.0,0.02589708,0.0,2.064
1363573.0,0.00928783,0.0,2.064
1363651.0,0.02269716,0.0,2.064
1363729.0,0.00928783,0.0,2.064
1363807.0,0.01771936,0.0,1.72
1363885.0,0.0173638,0.0,2.064
1363963.0,0.00659576,0.0,2.064
1364041.0,0.03351604,0.0,2.064
1364119.0,0.04860144,0.0,2.064
1364197.0,0.02909699,0.0,2.064
1364276.0,0.01482417,0.0,2.064
1364354.0,0.02559235,0.0,1.72
1364432.0,0.01360512,0.0,2.064
1364510.0,0.01792256,0.0,2.064
1364588.0,0.01594169,0.0,2.064
1364666.0,-0.00341039,0.0,2.064
1364744.0,0.01670351,0.0,2.064
1364822.0,0.01416388,0.0,1.72
1364901.0,0.01949717,0.0,1.72
1364979.0,0.01888757,0.0,2.064
1365057.0,0.01553529,0.0,2.408
1365135.0,0.01335123,0.0,1.72
1365213.0,0.0239669,0.0,2.064
1365291.0,0.02721765,0.0,1.72
1365369.0,-0.00889604,0.0,2.064
1365447.0,0.02569388,0.0,2.408
1365525.0,0.01584002,0.0,2.064
1365604.0,0.01832896,0.0,2.064
1365682.0,0.02884303,0.0,2.408
1365760.0,0.02813191,0.0,1.72
1365838.0,0.018075,0.0,2.064
1365916.0,0.01817652,0.0,2.408
1365994.0,0.00568143,0.0,2.064
1366072.0,0.02706529,0.0,1.72
1366150.0,0.01208134,0.0,2.408
1366228.0,0.01502744,0.0,2.064
1366307.0,-0.00894688,0.0,1.72
1366385.0,0.01192905,0.0,2.064
1366463.0,0.01355443,0.0,2.064
1366541.0,-0.00269926,0.0,2.064
1366619.0,0.03387152,0.0,2.064
1366697.0,0.01624642,0.0,2.064
1366775.0,0.02350974,0.0,2.064
1366853.0,0.02442399,0.0,2.064
1366931.0,0.02290029,0.0,2.064
1367010.0,0.0130465,0.0,2.064
1367088.0,0.02142727,0.0,2.064
1367166.0,0.01975114,0.0,2.064
1367244.0,0.00060225,0.0,2.064
1367322.0,0.02076691,0.0,2.064
1367400.0,0.02833518,0.0,2.064
1367478.0,0.00811954,0.0,2.064
1367557.0,0.02579555,0.0,2.064
1367635.0,0.01065924,0.0,2.064
1367713.0,0.0103036,0.0,2.064
1367791.0,0.00944019,0.0,2.064
1367869.0,0.00263396,0.0,2.064
1367947.0,0.02269716,0.0,2.064
1368025.0,0.01716067,0.0,2.064
1368103.0,-0.00066756,0.0,2.064
1368181.0,0.00237992,0.0,2.064
1368259.0,0.00867822,0.0,1.376
1368338.0,0.02036059,0.0,2.064
1368416.0,0.01629718,0.0,1.376
1368494.0,0.00938943,0.0,1.376
1368572.0,0.02020822,0.0,1.376
1368650.0,0.03666512,0.0,1.72
1368728.0,0.01848132,0.0,1.376
1368806.0,0.02513519,0.0,1.376
1368884.0,0.01269094,0.0,2.064
1368962.0,0.01726227,0.0,1.72
1369041.0,0.00486886,0.0,1.376
1369119.0,0.01010048,0.0,1.72
1369197.0,0.01888757,0.0,1.72
1369275.0,0.00090698,0.0,2.064
1369353.0,0.01274163,0.0,1.376
1369431.0,0.01614475,0.0,1.72
1369509.0,0.00679888,0.0,1.376
1369587.0,0.00796725,0.0,1.72
1369666.0,0.01426541,0.0,2.064
1369744.0,0.00817037,0.0,2.064
1369822.0,0.04128728,0.0,1.72
1369900.0,0.03422709,0.0,2.064
1369978.0,0.0044117,0.0,2.064
1370056.0,0.03036673,0.0,1.72
1370134.0,0.01258934,0.0,1.72
1370212.0,-0.00137861,0.0,2.064
1370290.0,0.01436716,0.0,2.064
1370369.0,0.04184604,0.0,2.064
1370447.0,0.00740849,0.0,2.064
1370525.0,0.01401152,0.0,2.064
1370603.0,0.0103036,0.0,2.064
1370681.0,0.00603707,0.0,2.408
1370759.0,0.01360512,0.0,2.064
1370837.0,0.01335123,0.0,2.752
1370915.0,0.02010662,0.0,2.408
1370993.0,0.01954786,0.0,1.72
1371072.0,0.02823358,0.0,2.408
1371150.0,0.00598623,0.0,2.064
1371228.0,0.0178718,0.0,2.752
1371306.0,0.03316047,0.0,2.752
1371384.0,0.03554766,0.0,2.752
1371462.0,0.00725612,0.0,2.064
1371540.0,0.01441792,0.0,2.752
1371618.0,-0.01930851,0.0,2.064
1371697.0,0.01858285,0.0,2.408
1371775.0,0.01446868,0.0,1.72
1371853.0,-0.00432471,0.0,2.408
1371931.0,0.03463334,0.0,1.72
1372009.0,0.02909699,0.0,1.72
1372087.0,0.02960492,0.0,2.064
1372165.0,0.02102095,0.0,1.72
1372243.0,0.01172593,0.0,3.096
1372322.0,0.03412549,0.0,3.096
1372400.0,0.02274785,0.0,1.72
1372478.0,0.02752238,0.0,1.72
1372556.0,0.02122407,0.0,2.408
1372634.0,0.02127491,0.0,2.064
1372712.0,0.00278632,0.0,2.064
1372790.0,0.02025906,0.0,2.064
1372868.0,0.03321123,0.0,1.72
1372946.0,-0.0009216,0.0,1.376
1373024.0,0.00888142,0.0,1.72
1373103.0,0.01929405,0.0,1.72
1373181.0,0.00314188,0.0,1.72
1373259.0,0.00349737,0.0,2.408
1373337.0,0.02747154,0.0,2.064
1373415.0,0.02310341,0.0,2.408
1373493.0,-0.01880059,0.0,2.064
1373571.0,-0.01011509,0.0,2.064
1373649.0,0.02015746,0.0,2.064
1373727.0,0.00187207,0.0,2.064
1373806.0,0.01868445,0.0,2.064
1373884.0,0.0333636,0.0,1.72
1373962.0,0.00766237,0.0,2.408
1374040.0,0.00629103,0.0,2.064
1374118.0,0.0128433,0.0,2.064
1374196.0,0.02112255,0.0,2.064
1374274.0,0.01919237,0.0,2.064
1374353.0,0.03016368,0.0,2.064
1374431.0,0.02488123,0.0,2.408
1374509.0,0.00014517,0.0,2.064
1374587.0,0.01705907,0.0,2.408
1374665.0,0.0126401,0.0,2.064
1374743.0,0.00156727,0.0,2.408
1374821.0,0.01888757,0.0,2.408
1374899.0,0.01914161,0.0,2.064
1374977.0,-0.0164134,0.0,2.752
1375055.0,0.01609406,0.0,2.408
1375134.0,0.00177047,0.0,2.064
1375212.0,0.03097633,0.0,2.752
1375290.0,0.02533832,0.0,2.064
1375368.0,0.02691293,0.0,2.064
1375446.0,0.02340814,0.0,2.064
1375524.0,0.02635417,0.0,2.408
1375602.0,0.04849976,0.0,2.064
1375680.0,0.0240685,0.0,2.064
1375758.0,0.02554152,0.0,2.408
1375837.0,0.03123022,0.0,2.064
1375915.0,0.03265247,0.0,2.752
1375993.0,0.03432861,0.0,2.064
1376071.0,0.01655122,0.0,2.064
1376149.0,0.01385915,0.0,2.064
1376227.0,0.0198019,0.0,2.064
1376305.0,0.03204302,0.0,2.064
1376384.0,0.02726842,0.0,2.064
1376462.0,0.0128433,0.0,2.064
1376540.0,0.03260171,0.0,2.064
1376618.0,0.00573235,0.0,2.064
1376696.0,0.00420857,0.0,2.064
1376774.0,0.00852594,0.0,2.064
1376852.0,0.01710998,0.0,2.064
1376930.0,0.00055142,0.0,1.72
1377008.0,0.01700831,0.0,2.064
1377087.0,0.02660813,0.0,2.064
1377165.0,0.00370057,0.0,2.064
1377243.0,-0.00925161,0.0,2.064
1377321.0,0.0381382,0.0,2.064
1377399.0,0.03102717,0.0,2.064
1377477.0,0.02168124,0.0,2.064
1377555.0,0.01893841,0.0,2.064
1377633.0,0.02508435,0.0,2.064
1377711.0,0.02549068,0.0,2.064
1377790.0,0.01492569,0.0,1.72
1377868.0,0.03458265,0.0,2.064
1377946.0,0.03473501,0.0,2.064
1378024.0,0.01761783,0.0,1.72
1378102.0,0.03392236,0.0,2.064
1378180.0,0.01858285,0.0,1.376
1378258.0,0.04702682,0.0,2.064
1378336.0,0.02005586,0.0,1.72
1378414.0,0.00563067,0.0,2.064
1378492.0,0.03534454,0.0,1.376
1378571.0,0.00222763,0.0,2.064
1378649.0,0.03021445,0.0,1.72
1378727.0,0.01690671,0.0,2.064
1378805.0,0.02417003,0.0,1.72
1378883.0,0.01660198,0.0,2.064
1378961.0,0.01182745,0.0,2.064
1379039.0,0.02208756,0.0,1.72
1379117.0,0.01482417,0.0,1.72
1379196.0,0.00481802,0.0,2.064
1379274.0,0.00537671,0.0,2.752
1379352.0,0.00776405,0.0,2.408
1379430.0,0.026405,0.0,2.408
1379508.0,0.01680511,0.0,2.064
1379586.0,0.01543377,0.0,2.752
1379664.0,-0.000312,0.0,2.064
1379742.0,0.01487501,0.0,1.72
1379820.0,0.01375755,0.0,2.408
1379899.0,0.01512897,0.0,2.408
1379977.0,0.01167509,0.0,2.064
1380055.0,0.01208134,0.0,1.376
1380133.0,0.03021445,0.0,1.032
1380211.0,0.03310956,0.0,1.376
1380289.0,0.00177047,0.0,1.72
1380367.0,0.00253236,0.0,1.376
1380445.0,0.01944634,0.0,1.376
1380523.0,0.00700209,0.0,1.376
1380602.0,0.01116716,0.0,1.72
1380680.0,0.01589093,0.0,1.376
1380758.0,0.03884918,0.0,1.72
1380836.0,0.04067768,0.0,1.72
1380914.0,0.01584002,0.0,1.72
1380992.0,0.0178718,0.0,1.72
1381070.0,0.02264625,0.0,1.72
1381149.0,0.02401774,0.0,1.72
1381227.0,-0.00432471,0.0,2.064
1381305.0,0.05134427,0.0,1.72
1381383.0,0.03021445,0.0,2.064
1381461.0,0.0243733,0.0,2.064
1381539.0,0.04494436,0.0,2.064
1381617.0,0.01025284,0.0,1.72
1381695.0,0.02284945,0.0,2.752
1381773.0,0.00060225,0.0,2.752
1381852.0,0.00944019,0.0,2.064
1381930.0,0.00796725,0.0,2.408
1382008.0,-0.01895303,0.0,2.408
1382086.0,0.02691293,0.0,2.752
1382164.0,-0.00564529,0.0,1.72
1382242.0,-0.01692125,0.0,2.408
1382320.0,0.01680511,0.0,2.408
1382398.0,0.04352218,0.0,1.72
1382476.0,0.03529362,0.0,2.408
1382554.0,0.01568773,0.0,2.752
1382633.0,0.01975114,0.0,2.408
1382711.0,-0.00884528,0.0,1.376
1382789.0,0.02366218,0.0,1.72
1382867.0,0.00527511,0.0,1.72
1382945.0,0.02808114,0.0,1.72
1383023.0,0.02843671,0.0,1.72
1383101.0,0.00349737,0.0,1.376
1383179.0,0.00913546,0.0,1.376
1383258.0,0.01446868,0.0,1.72
1383336.0,0.01406236,0.0,1.72
1383414.0,0.00171963,0.0,1.72
1383492.0,0.01634802,0.0,1.72
1383570.0,0.01523057,0.0,1.72
1383648.0,0.04814435,0.0,1.72
1383726.0,0.01568773,0.0,2.064
1383804.0,0.00400537,0.0,1.72
1383883.0,0.02198596,0.0,1.72
1383961.0,0.02157964,0.0,1.376
1384039.0,0.01690671,0.0,2.408
1384117.0,0.03412549,0.0,1.72
1384195.0,0.00166887,0.0,1.72
1384273.0,0.0108116,0.0,2.064
1384351.0,0.01624642,0.0,2.064
1384429.0,0.01883689,0.0,2.064
1384507.0,0.03031605,0.0,2.064
1384586.0,0.01949717,0.0,2.064
1384664.0,0.0221384,0.0,1.72
1384742.0,-0.01184192,0.0,2.064
1384820.0,0.03961107,0.0,2.064
1384898.0,0.01050688,0.0,2.064
1384976.0,0.02315425,0.0,2.408
1385054.0,0.01330039,0.0,1.72
1385132.0,0.00552915,0.0,2.064
1385210.0,0.01126876,0.0,2.064
1385288.0,0.01675435,0.0,2.408
1385367.0,0.01446868,0.0,2.064
1385445.0,0.03194142,0.0,1.376
1385523.0,0.00436086,0.0,1.376
1385601.0,0.02102095,0.0,1.72
1385679.0,0.0243733,0.0,1.376
1385757.0,0.02975736,0.0,1.376
1385835.0,0.02940172,0.0,1.72
1385913.0,0.02132567,0.0,1.72
1385992.0,0.02533832,0.0,1.72
1386070.0,0.0197003,0.0,1.72
1386148.0,0.01614475,0.0,2.064
1386226.0,0.00690049,0.0,1.72
1386304.0,0.02899547,0.0,1.72
1386382.0,0.02564304,0.0,1.72
1386460.0,0.02264625,0.0,2.064
1386538.0,0.0128433,0.0,1.72
1386616.0,-0.00793103,0.0,1.72
1386695.0,0.01517973,0.0,1.72
1386773.0,0.0240685,0.0,2.064
1386851.0,-0.00442624,0.0,2.064
1386929.0,0.02188436,0.0,2.752
1387007.0,0.01111633,0.0,2.752
1387085.0,0.01553529,0.0,2.408
1387163.0,0.01192905,0.0,2.408
1387241.0,0.0295034,0.0,2.408
1387320.0,0.03244927,0.0,2.408
1387398.0,-0.00026131,0.0,2.408
1387476.0,0.01594169,0.0,2.752
1387554.0,0.01909085,0.0,2.408
1387632.0,0.00375141,0.0,2.408
1387710.0,0.02218916,0.0,2.408
1387788.0,0.01167509,0.0,2.408
1387866.0,0.03905238,0.0,2.064
1387944.0,0.01289414,0.0,2.408
1388023.0,0.02320501,0.0,1.72
1388101.0,0.01726227,0.0,1.72
1388179.0,0.02665889,0.0,2.064
1388257.0,0.00735765,0.0,2.064
1388335.0,0.00116102,0.0,2.064
1388413.0,0.02188436,0.0,1.72
1388491.0,0.00359897,0.0,1.72
1388569.0,0.01375755,0.0,1.72
1388647.0,0.02533832,0.0,2.064
1388726.0,0.02823358,0.0,2.064
1388804.0,-0.00097236,0.0,1.72
1388882.0,0.01172593,0.0,1.72
1388960.0,0.00314188,0.0,2.064
1389038.0,0.01015131,0.0,2.064
1389116.0,0.01375755,0.0,2.064
1389194.0,0.03407465,0.0,1.72
1389272.0,0.02350974,0.0,2.064
1389350.0,0.02005586,0.0,1.72
1389429.0,0.04001739,0.0,2.064
1389507.0,0.0130465,0.0,1.72
1389585.0,0.02010662,0.0,2.064
1389663.0,0.02015746,0.0,2.064
1389741.0,0.00329424,0.0,1.72
1389819.0,0.02655737,0.0,2.064
1389897.0,0.00385301,0.0,2.064
1389975.0,0.01883689,0.0,1.72
1390054.0,0.02670973,0.0,2.064
1390132.0,0.01639878,0.0,2.064
1390210.0,0.02467803,0.0,2.064
1390288.0,0.02173215,0.0,2.064
1390366.0,0.01157349,0.0,2.408
1390444.0,0.02787794,0.0,2.064
1390522.0,0.02579555,0.0,2.408
1390600.0,0.00893226,0.0,2.064
1390679.0,0.0103036,0.0,2.064
1390757.0,0.01690671,0.0,2.408
1390835.0,0.01868445,0.0,1.72
1390913.0,-0.00371511,0.0,2.064
1390991.0,0.02554152,0.0,1.72
1391069.0,0.00639263,0.0,1.376
1391147.0,0.03285575,0.0,2.064
1391225.0,0.01675435,0.0,2.064
1391303.0,0.01710998,0.0,2.064
1391381.0,0.02295105,0.0,2.064
1391460.0,0.00888142,0.0,2.064
1391538.0,0.03778264,0.0,2.064
1391616.0,-0.00488348,0.0,2.064
1391694.0,0.00364981,0.0,2.064
1391772.0,0.0444872,0.0,2.064
1391850.0,0.0315351,0.0,2.064
1391928.0,-0.00036283,0.0,2.064
1392006.0,0.02076691,0.0,1.72
1392084.0,-0.00127709,0.0,2.064
1392163.0,0.02411927,0.0,1.72
1392241.0,0.00852594,0.0,2.064
1392319.0,0.03366832,0.0,2.064
1392397.0,0.02112255,0.0,2.064
1392475.0,0.00740849,0.0,2.064
1392553.0,0.0014149,0.0,2.064
1392631.0,0.01771936,0.0,2.064
1392710.0,0.00583387,0.0,2.064
1392788.0,0.01665274,0.0,2.064
1392866.0,0.00959255,0.0,2.064
1392944.0,0.01777027,0.0,2.064
1393022.0,0.02223993,0.0,2.064
1393100.0,0.03194142,0.0,2.064
1393178.0,0.00588471,0.0,1.72
1393256.0,0.02635417,0.0,1.72
1393334.0,0.02533832,0.0,1.72
1393412.0,0.01436716,0.0,1.72
1393491.0,0.0287922,0.0,1.72
1393569.0,0.02188436,0.0,2.064
1393647.0,0.01604322,0.0,2.064
1393725.0,0.03422709,0.0,2.064
1393803.0,0.03661428,0.0,1.72
1393881.0,0.02493207,0.0,2.064
1393959.0,0.01360512,0.0,2.064
1394037.0,0.0090847,0.0,2.064
1394115.0,0.01218302,0.0,2.064
1394194.0,0.01228454,0.0,2.064
1394272.0,0.01517973,0.0,2.064
1394350.0,0.02467803,0.0,2.064
1394428.0,0.01116716,0.0,2.064
1394506.0,0.02401774,0.0,2.064
1394584.0,0.02178284,0.0,2.064
1394662.0,0.00705292,0.0,2.064
1394741.0,0.01832896,0.0,2.064
1394819.0,0.01553529,0.0,2.064
1394897.0,0.02863991,0.0,2.064
1394975.0,0.00735765,0.0,2.064
1395053.0,0.01873528,0.0,2.064
1395131.0,0.02523679,0.0,2.064
1395209.0,0.02173215,0.0,2.064
1395287.0,0.01258934,0.0,2.064
1395365.0,0.02645584,0.0,2.064
1395444.0,0.00481802,0.0,2.064
1395522.0,0.02823358,0.0,2.064
1395600.0,-0.0006168,0.0,2.064
1395678.0,0.01782096,0.0,2.064
1395756.0,0.02234153,0.0,1.72
1395834.0,0.01238622,0.0,2.064
1395912.0,0.01822728,0.0,1.376
1395990.0,0.02107171,0.0,1.72
1396068.0,0.02488123,0.0,1.032
1396147.0,0.01121785,0.0,1.72
1396225.0,0.02147811,0.0,1.72
1396303.0,0.03488738,0.0,1.72
1396381.0,0.01792256,0.0,1.72
1396459.0,0.02797962,0.0,3.096
1396537.0,0.00532595,0.0,2.408
1396615.0,0.01655122,0.0,2.064
1396693.0,0.00822114,0.0,2.408
1396771.0,0.01589093,0.0,2.064
1396850.0,0.01076076,0.0,1.72
1396928.0,0.00994811,0.0,2.064
1397006.0,0.01390999,0.0,2.064
1397084.0,0.00771321,0.0,2.064
1397162.0,0.01152265,0.0,2.064
1397240.0,0.00288792,0.0,1.72
1397318.0,0.03021445,0.0,1.72
1397396.0,0.03661428,0.0,2.064
1397475.0,0.00720529,0.0,2.064
1397553.0,0.02137651,0.0,1.72
1397631.0,-0.00361359,0.0,2.408
1397709.0,0.01142105,0.0,1.72
1397787.0,0.02554152,0.0,2.064
1397865.0,-0.02469265,0.0,2.064
1397943.0,0.01375755,0.0,1.72
1398021.0,0.04057616,0.0,2.408
1398099.0,0.01177661,0.0,2.408
1398177.0,0.01487501,0.0,1.72
1398256.0,0.04357287,0.0,2.064
1398334.0,0.01741471,0.0,1.72
1398412.0,-0.00366443,0.0,2.064
1398490.0,0.01457028,0.0,1.72
1398568.0,0.02361142,0.0,1.72
1398646.0,0.02447483,0.0,2.064
1398724.0,0.00491962,0.0,1.72
1398802.0,0.00014517,0.0,2.064
1398880.0,0.00949103,0.0,2.064
1398959.0,0.02025906,0.0,1.72
1399037.0,0.01137037,0.0,1.72
1399115.0,0.01634802,0.0,2.064
1399193.0,0.02630333,0.0,1.72
1399271.0,0.03915398,0.0,2.752
1399349.0,0.02472879,0.0,2.408
1399427.0,0.02488123,0.0,2.408
1399506.0,0.03646199,0.0,2.408
1399584.0,0.02863991,0.0,2.064
1399662.0,0.03209371,0.0,2.408
1399740.0,0.04484276,0.0,2.408
1399818.0,0.02350974,0.0,2.408
1399896.0,0.03036673,0.0,2.408
1399974.0,0.01665274,0.0,2.752
1400052.0,0.01253858,0.0,2.064
1400130.0,0.01319887,0.0,2.408
1400208.0,0.03036673,0.0,2.408
1400287.0,0.02371302,0.0,2.064
1400365.0,0.00497038,0.0,1.72
1400443.0,0.02183367,0.0,2.408
1400521.0,0.01182745,0.0,1.72
1400599.0,0.02112255,0.0,2.064
1400677.0,0.01619566,0.0,2.408
1400755.0,0.02985896,0.0,2.064
1400833.0,0.01584002,0.0,2.064
1400911.0,0.02310341,0.0,2.064
1400990.0,-0.00183577,0.0,2.064
1401068.0,0.02061462,0.0,2.064
1401146.0,0.01147189,0.0,2.064
1401224.0,0.03646199,0.0,2.408
1401302.0,0.01390999,0.0,2.064
1401380.0,0.02223993,0.0,2.064
1401458.0,0.02823358,0.0,2.064
1401536.0,-0.0006168,0.0,2.064
1401615.0,-0.00193737,0.0,2.064
1401693.0,0.02330661,0.0,2.064
1401771.0,0.01065924,0.0,2.064
1401849.0,0.04215077,0.0,2.752
1401927.0,0.00557991,0.0,2.752
1402005.0,0.01914161,0.0,3.096
1402083.0,0.01939557,0.0,1.72
1402161.0,0.01812576,0.0,2.408
1402239.0,0.0103036,0.0,2.752
1402318.0,-0.00376595,0.0,2.408
1402396.0,0.00883074,0.0,2.408
1402474.0,0.00466566,0.0,2.408
1402552.0,0.02183367,0.0,2.408
1402630.0,0.01848132,0.0,2.408
1402708.0,0.01812576,0.0,2.408
1402786.0,0.0083735,0.0,2.064
1402864.0,0.01462097,0.0,2.064
1402943.0,0.0124369,0.0,2.408
1403021.0,0.01345283,0.0,2.064
1403099.0,0.02010662,0.0,2.064
1403177.0,0.03041765,0.0,1.72
1403255.0,0.0203099,0.0,2.064
1403333.0,0.01700831,0.0,2.408
1403411.0,0.01832896,0.0,2.064
1403489.0,0.02889387,0.0,2.064
1403567.0,0.01954786,0.0,2.064
1403645.0,0.02650653,0.0,2.408
1403724.0,0.00832266,0.0,2.064
1403802.0,0.01182745,0.0,1.72
1403880.0,0.0240685,0.0,2.408
1403958.0,0.00801794,0.0,2.064
1404036.0,0.02899547,0.0,1.72
1404114.0,0.03402389,0.0,2.064
1404192.0,0.01396068,0.0,1.376
1404271.0,0.00664667,0.0,2.408
1404349.0,0.01929405,0.0,2.064
1404427.0,0.0240685,0.0,2.064
1404505.0,-0.00076916,0.0,2.752
1404583.0,0.00974499,0.0,3.096
1404661.0,0.02173215,0.0,2.752
1404739.0,0.01594169,0.0,2.408
1404817.0,-0.00188661,0.0,2.752
1404895.0,0.00740849,0.0,2.408
1404974.0,0.01401152,0.0,2.752
1405052.0,0.0067482,0.0,2.408
1405130.0,0.00796725,0.0,2.408
1405208.0,0.01675435,0.0,2.408
1405286.0,0.01710998,0.0,2.408
1405364.0,0.04032227,0.0,2.408
1405442.0,0.01512897,0.0,2.064
1405520.0,0.02833518,0.0,2.408
1405598.0,0.02604937,0.0,2.408
1405676.0,0.00029745,0.0,2.408
1405755.0,0.04220161,0.0,2.408
1405833.0,0.02823358,0.0,2.408
1405911.0,0.02127491,0.0,2.408
1405989.0,0.02863991,0.0,2.408
1406067.0,0.00111018,0.0,2.064
1406145.0,0.00989728,0.0,2.064
1406223.0,0.02300189,0.0,2.064
1406302.0,0.0090847,0.0,2.064
1406380.0,0.01477348,0.0,2.064
1406458.0,0.00898303,0.0,2.752
1406536.0,0.03270331,0.0,2.064
1406614.0,0.00629103,0.0,2.408
1406692.0,0.0238653,0.0,2.064
1406770.0,0.02411927,0.0,1.72
1406848.0,0.02569388,0.0,1.72
1406926.0,0.02320501,0.0,2.064
1407005.0,0.01507821,0.0,2.064
1407083.0,0.0239669,0.0,2.064
1407161.0,0.01853208,0.0,2.064
1407239.0,0.00994811,0.0,2.064
1407317.0,0.01822728,0.0,1.376
1407395.0,0.02792878,0.0,2.064
1407473.0,0.00903379,0.0,2.064
1407551.0,0.00944019,0.0,1.72
1407629.0,0.00212603,0.0,2.064
1407707.0,0.00309104,0.0,2.064
1407786.0,0.02919859,0.0,1.72
1407864.0,0.03468417,0.0,2.064
1407942.0,0.02772558,0.0,2.064
1408020.0,0.00979575,0.0,1.72
1408098.0,0.02320501,0.0,1.72
1408176.0,0.02686209,0.0,2.064
1408254.0,0.01507821,0.0,2.064
1408333.0,0.0239669,0.0,2.064
1408411.0,0.01716067,0.0,2.064
1408489.0,0.01599246,0.0,2.064
1408567.0,0.01716067,0.0,2.064
1408645.0,0.00593547,0.0,2.064
1408723.0,0.02990965,0.0,2.064
1408801.0,0.01137037,0.0,2.064
1408879.0,0.02020822,0.0,2.064
1408957.0,0.02797962,0.0,2.064
1409035.0,0.00974499,0.0,2.064
1409114.0,0.02381454,0.0,2.064
1409192.0,0.02345898,0.0,2.064
1409270.0,0.00928783,0.0,2.064
1409348.0,0.03387152,0.0,2.064
1409426.0,0.0215288,0.0,2.064
1409504.0,0.02076691,0.0,2.064
1409582.0,0.02543999,0.0,2.064
1409660.0,0.02483039,0.0,2.064
1409738.0,0.03260171,0.0,2.064
1409817.0,0.00116102,0.0,2.064
1409895.0,0.00649416,0.0,2.064
1409973.0,0.0128433,0.0,2.064
1410051.0,0.02223993,0.0,2.064
1410129.0,0.02335745,0.0,2.064
1410207.0,0.01131953,0.0,1.72
1410285.0,0.03524294,0.0,1.032
1410363.0,0.00979575,0.0,2.064
1410442.0,0.0178718,0.0,1.72
1410520.0,0.02259549,0.0,2.064
1410598.0,0.00822114,0.0,1.376
1410676.0,0.01660198,0.0,1.72
1410754.0,0.02604937,0.0,1.376
1410832.0,0.01091313,0.0,2.064
1410910.0,0.00344661,0.0,1.72
1410988.0,0.02391621,0.0,2.064
1411066.0,0.00085622,0.0,2.064
1411145.0,0.00954171,0.0,1.72
1411223.0,0.00522442,0.0,2.064
1411301.0,0.01868445,0.0,1.72
1411379.0,0.037427,0.0,2.064
1411457.0,0.01578933,0.0,2.064
1411535.0,0.00690049,0.0,2.064
1411613.0,0.02965576,0.0,1.72
1411691.0,0.01919237,0.0,2.064
1411769.0,0.01192905,0.0,1.72
1411848.0,0.01258934,0.0,2.064
1411926.0,0.03041765,0.0,2.064
1412004.0,0.01421472,0.0,2.064
1412082.0,0.026405,0.0,2.064
1412160.0,0.02178284,0.0,2.064
1412238.0,0.00999888,0.0,2.064
1412316.0,0.02381454,0.0,2.064
1412394.0,0.00060225,0.0,2.064
1412473.0,0.033262,0.0,2.064
1412551.0,0.01558613,0.0,2.408
1412629.0,0.01939557,0.0,2.064
1412707.0,0.01594169,0.0,2.064
1412785.0,0.02579555,0.0,2.064
1412863.0,0.02432247,0.0,1.376
1412941.0,0.01909085,0.0,2.064
1413019.0,0.05378222,0.0,2.064
1413098.0,0.00832266,0.0,2.064
1413176.0,0.00395453,0.0,2.064
1413254.0,0.03671588,0.0,2.064
1413332.0,0.00679888,0.0,2.064
1413410.0,0.04016983,0.0,2.064
1413488.0,0.03874765,0.0,2.064
1413566.0,0.01599246,0.0,2.064
1413644.0,0.0357001,0.0,2.064
1413722.0,0.02361142,0.0,2.064
1413801.0,0.01680511,0.0,2.064
1413879.0,0.01096396,0.0,2.408
1413957.0,0.01360512,0.0,1.376
1414035.0,0.02477955,0.0,2.064
1414113.0,0.02122407,0.0,2.064
1414191.0,0.01137037,0.0,2.064
1414269.0,0.03051925,0.0,2.064
1414347.0,0.00989728,0.0,2.064
1414425.0,0.03224615,0.0,2.064
1414504.0,0.00725612,0.0,2.064
1414582.0,0.01004971,0.0,1.72
1414660.0,0.00415773,0.0,2.064
1414738.0,0.01802408,0.0,1.72
1414816.0,0.01375755,0.0,2.064
1414894.0,0.02137651,0.0,1.72
1414972.0,0.01370679,0.0,2.064
1415050.0,0.00537671,0.0,1.72
1415128.0,0.01406236,0.0,2.064
1415207.0,0.01350359,0.0,1.72
1415285.0,0.02259549,0.0,2.064
1415363.0,0.04646814,0.0,1.72
1415441.0,0.00705292,0.0,1.72
1415519.0,0.0245765,0.0,2.064
1415597.0,0.03229699,0.0,1.72
1415675.0,0.02503359,0.0,1.72
1415753.0,0.01472264,0.0,2.064
1415832.0,0.03879849,0.0,2.064
1415910.0,0.01330039,0.0,1.72
1415988.0,0.02945256,0.0,2.064
1416066.0,0.03900162,0.0,2.408
1416144.0,0.02442399,0.0,1.376
1416222.0,0.02579555,0.0,2.408
1416300.0,0.01792256,0.0,1.72
1416378.0,0.01258934,0.0,3.096
1416456.0,0.0463157,0.0,2.064
1416534.0,0.02076691,0.0,2.064
1416613.0,0.01639878,0.0,2.064
1416691.0,0.01467188,0.0,2.752
1416769.0,-0.00127709,0.0,1.72
1416847.0,0.0238653,0.0,2.064
1416925.0,0.02168124,0.0,1.72
1417003.0,0.01390999,0.0,2.064
1417081.0,0.02061462,0.0,1.72
1417159.0,0.02467803,0.0,2.408
1417238.0,0.00964331,0.0,2.408
1417316.0,0.0013133,0.0,3.096
1417394.0,-0.00132792,0.0,2.752
1417472.0,0.02147811,0.0,2.752
1417550.0,0.03011285,0.0,2.408
1417628.0,0.02442399,0.0,3.096
1417706.0,0.01837972,0.0,2.408
1417784.0,0.00293868,0.0,2.752
1417863.0,0.04824588,0.0,2.408
1417941.0,0.01639878,0.0,2.408
1418019.0,0.01121785,0.0,2.064
1418097.0,0.03600483,0.0,2.752
1418175.0,0.01492569,0.0,2.408
1418253.0,0.00481802,0.0,2.064
1418331.0,0.01741471,0.0,2.408
1418409.0,0.02020822,0.0,2.064
1418487.0,0.02239244,0.0,2.064
1418566.0,0.01172593,0.0,2.408
1418644.0,0.00085622,0.0,2.064
1418722.0,0.01162425,0.0,2.408
1418800.0,0.03234775,0.0,2.408
1418878.0,0.02559235,0.0,2.064
1418956.0,0.01462097,0.0,2.408
1419034.0,0.04849976,0.0,2.064
1419112.0,0.0179734,0.0,2.064
1419190.0,0.0174654,0.0,2.064
1419269.0,0.01106556,0.0,2.064
1419347.0,0.01451944,0.0,1.72
1419425.0,0.02274785,0.0,2.064
1419503.0,0.04245549,0.0,2.408
1419581.0,0.02503359,0.0,2.064
1419659.0,0.02645584,0.0,2.064
1419737.0,0.0051229,0.0,2.064
1419815.0,0.01853208,0.0,2.064
1419893.0,0.02462719,0.0,2.064
1419971.0,0.01253858,0.0,2.064
1420050.0,0.0355985,0.0,2.064
1420128.0,-0.00239454,0.0,2.064
1420206.0,0.00415773,0.0,2.064
1420284.0,0.02112255,0.0,2.752
1420362.0,0.01248782,0.0,2.064
1420440.0,-0.00788012,0.0,2.064
1420518.0,0.01624642,0.0,2.064
1420597.0,0.01502744,0.0,2.064
1420675.0,-0.0006168,0.0,2.064
1420753.0,0.02345898,0.0,2.064
1420831.0,0.03793493,0.0,2.064
1420909.0,0.01025284,0.0,2.064
1420987.0,-0.00544209,0.0,1.72
1421065.0,0.02447483,0.0,2.064
1421143.0,0.01365595,0.0,2.064
1421221.0,0.03331276,0.0,1.72
1421300.0,0.02366218,0.0,1.72
1421378.0,0.01350359,0.0,2.064
1421456.0,0.01954786,0.0,2.064
1421534.0,0.00222763,0.0,1.72
1421612.0,0.00151651,0.0,1.72
1421690.0,0.02523679,0.0,1.72
1421768.0,0.00974499,0.0,2.408
1421846.0,0.00690049,0.0,1.72
1421924.0,0.03402389,0.0,1.72
1422003.0,0.01812576,0.0,2.064
1422081.0,0.00796725,0.0,2.064
1422159.0,0.02955416,0.0,2.064
1422237.0,0.00949103,0.0,2.064
1422315.0,0.01650038,0.0,2.064
1422393.0,0.01954786,0.0,2.064
1422471.0,0.00974499,0.0,2.064
1422549.0,0.02157964,0.0,2.408
1422627.0,0.01258934,0.0,1.72
1422706.0,0.017567,0.0,1.72
1422784.0,0.02579555,0.0,2.064
1422862.0,-0.00589918,0.0,2.064
1422940.0,0.02223993,0.0,2.064
1423018.0,0.02630333,0.0,1.032
1423096.0,0.01426541,0.0,1.72
1423174.0,0.00481802,0.0,2.064
1423252.0,0.00014517,0.0,3.44
1423331.0,0.01370679,0.0,2.408
1423409.0,0.01934474,0.0,2.752
1423487.0,0.01126876,0.0,2.408
1423565.0,0.00039898,0.0,2.408
1423643.0,0.01848132,0.0,2.064
1423721.0,0.03509058,0.0,2.408
1423799.0,0.00751001,0.0,2.752
1423877.0,0.00227832,0.0,2.064
1423955.0,0.01949717,0.0,2.408
1424034.0,0.02381454,0.0,1.72
1424112.0,0.02107171,0.0,1.376
1424190.0,0.0238653,0.0,2.752
1424268.0,0.01071008,0.0,1.72
1424346.0,0.0351921,0.0,2.064
1424424.0,0.01025284,0.0,2.408
1424502.0,0.02112255,0.0,1.72
1424580.0,0.01599246,0.0,2.064
1424658.0,0.03001117,0.0,1.72
1424737.0,0.03310956,0.0,1.72
1424815.0,0.01203065,0.0,1.72
1424893.0,0.00989728,0.0,2.064
1424971.0,0.026405,0.0,2.064
1425049.0,0.02569388,0.0,2.064
1425127.0,-0.01113094,0.0,2.064
1425205.0,0.01629718,0.0,2.064
1425283.0,0.01604322,0.0,2.064
1425362.0,0.04108408,0.0,2.064
1425440.0,0.0051229,0.0,1.72
1425518.0,0.01238622,0.0,1.72
1425596.0,0.00253236,0.0,2.064
1425674.0,0.00415773,0.0,1.72
1425752.0,0.00944019,0.0,2.064
1425830.0,0.02178284,0.0,1.72
1425908.0,0.00679888,0.0,1.72
1425986.0,0.03646199,0.0,2.064
1426065.0,0.01360512,0.0,2.064
1426143.0,0.03686832,0.0,2.064
1426221.0,0.00105934,0.0,1.72
1426299.0,0.02036059,0.0,2.064
1426377.0,0.01528133,0.0,2.064
1426455.0,-0.00168349,0.0,2.064
1426533.0,0.01538293,0.0,2.064
1426611.0,0.00126254,0.0,2.064
1426690.0,0.02686209,0.0,2.064
1426768.0,0.01396068,0.0,2.064
1426846.0,0.02147811,0.0,2.064
1426924.0,0.02757322,0.0,2.064
1427002.0,0.02716682,0.0,2.064
1427080.0,0.01497661,0.0,2.064
1427158.0,0.0103036,0.0,1.72
1427236.0,0.01639878,0.0,1.72
1427315.0,0.01233538,0.0,2.064
1427393.0,0.02960492,0.0,1.376
1427471.0,0.00304028,0.0,2.064
1427549.0,0.0178718,0.0,1.72
1427627.0,0.01685595,0.0,1.72
1427705.0,0.02706529,0.0,1.72
1427783.0,0.01253858,0.0,2.064
1427861.0,0.01289414,0.0,1.72
1427939.0,-0.00412144,0.0,2.064
1428017.0,0.00420857,0.0,1.72
1428096.0,0.00888142,0.0,1.72
1428174.0,0.01269094,0.0,1.72
1428252.0,0.03661428,0.0,1.72
1428330.0,0.02010662,0.0,2.064
1428408.0,0.00893226,0.0,2.064
1428486.0,0.04245549,0.0,2.064
1428564.0,0.01589093,0.0,1.72
1428642.0,0.01827812,0.0,2.064
1428721.0,0.03630955,0.0,2.064
1428799.0,0.01330039,0.0,2.064
1428877.0,0.01954786,0.0,2.064
1428955.0,0.01985274,0.0,2.064
1429033.0,0.02036059,0.0,2.064
1429111.0,0.01660198,0.0,2.064
1429189.0,0.02183367,0.0,2.064
1429267.0,0.0220368,0.0,2.408
1429345.0,0.02234153,0.0,2.064
1429423.0,0.01771936,0.0,2.064
1429502.0,0.0178718,0.0,2.064
1429580.0,0.02853831,0.0,2.064
1429658.0,0.03138266,0.0,2.064
1429736.0,0.02391621,0.0,2.408
1429814.0,0.01401152,0.0,2.064
1429892.0,-0.00823575,0.0,2.064
1429970.0,0.02310341,0.0,2.064
1430048.0,0.01954786,0.0,2.064
1430126.0,0.0309255,0.0,2.752
1430205.0,0.01411312,0.0,1.72
1430283.0,0.0128433,0.0,2.408
1430361.0,0.04443636,0.0,2.408
1430439.0,0.00756085,0.0,2.408
1430517.0,0.00740849,0.0,2.752
1430595.0,0.01949717,0.0,2.408
1430673.0,0.01380839,0.0,2.064
1430751.0,0.01731311,0.0,2.752
1430830.0,0.02330661,0.0,2.752
1430908.0,0.02594777,0.0,2.408
1430986.0,0.02747154,0.0,2.064
1431064.0,0.00994811,0.0,2.408
1431142.0,0.01462097,0.0,2.408
1431220.0,0.00771321,0.0,2.408
1431298.0,0.03488738,0.0,1.72
1431376.0,0.02264625,0.0,1.376
1431455.0,0.01680511,0.0,2.064
1431533.0,0.02655737,0.0,2.408
1431611.0,0.01126876,0.0,1.72
1431689.0,0.02127491,0.0,1.72
1431767.0,0.02960492,0.0,2.064
1431845.0,0.02853831,0.0,1.72
1431923.0,0.01131953,0.0,2.064
1432001.0,0.00446253,0.0,2.064
1432080.0,0.0124369,0.0,2.064
1432158.0,0.01299567,0.0,2.064
1432236.0,0.02452566,0.0,2.408
1432314.0,0.01624642,0.0,2.064
1432392.0,0.010202,0.0,1.72
1432470.0,-0.00203897,0.0,2.064
1432548.0,0.02726842,0.0,2.064
1432626.0,0.02015746,0.0,2.064
1432704.0,-0.00478173,0.0,2.752
1432782.0,0.01629718,0.0,2.064
1432860.0,0.04403011,0.0,2.408
1432939.0,0.04006823,0.0,3.096
1433017.0,0.01487501,0.0,2.752
1433095.0,0.02056379,0.0,2.752
1433173.0,0.02874143,0.0,2.752
1433251.0,0.00116102,0.0,2.408
1433329.0,0.0355985,0.0,2.752
1433407.0,0.0199035,0.0,2.408
1433486.0,0.00928783,0.0,2.752
1433564.0,0.01599246,0.0,2.408
1433642.0,0.01883689,0.0,2.408
1433720.0,0.01609406,0.0,2.408
1433798.0,0.03250011,0.0,2.408
1433876.0,0.00390385,0.0,2.064
1433954.0,-0.00249614,0.0,2.064
1434032.0,0.02808114,0.0,1.72
1434110.0,0.01939557,0.0,0.688
1434189.0,0.00847518,0.0,1.376
1434267.0,0.01726227,0.0,1.376
1434345.0,0.00197359,0.0,1.72
1434423.0,0.02071615,0.0,1.376
1434501.0,0.01152265,0.0,1.376
1434579.0,-0.00163265,0.0,1.72
1434657.0,0.01751623,0.0,1.376
1434735.0,0.03371916,0.0,1.72
1434813.0,0.01863368,0.0,1.72
1434892.0,0.02889387,0.0,1.72
1434970.0,0.00730696,0.0,1.72
1435048.0,0.03123022,0.0,1.72
1435126.0,0.01233538,0.0,1.376
1435204.0,0.01390999,0.0,1.376
1435282.0,0.0430651,0.0,1.72
1435360.0,0.01695755,0.0,1.376
1435438.0,0.01858285,0.0,1.72
1435516.0,0.03666512,0.0,1.376
1435595.0,0.02411927,0.0,1.376
1435673.0,0.02223993,0.0,1.376
1435751.0,0.03331276,0.0,1.032
1435829.0,0.01873528,0.0,1.72
1435907.0,0.01690671,0.0,1.72
1435985.0,0.0014149,0.0,2.752
1436063.0,0.02041142,0.0,2.752
1436141.0,0.02924936,0.0,2.408
1436220.0,0.01944634,0.0,2.064
1436298.0,0.01457028,0.0,2.408
1436376.0,0.01523057,0.0,2.408
1436454.0,0.02620181,0.0,2.408
1436532.0,0.03265247,0.0,2.408
1436610.0,0.01685595,0.0,2.408
1436688.0,-0.02098466,0.0,2.064
1436766.0,0.02528748,0.0,2.408
1436845.0,-0.0028517,0.0,1.376
1436923.0,0.02391621,0.0,1.376
1437001.0,0.01710998,0.0,1.72
1437079.0,0.02528748,0.0,1.72
1437157.0,0.02538908,0.0,1.376
1437235.0,0.02945256,0.0,1.72
1437313.0,0.01050688,0.0,1.376
1437391.0,0.0259986,0.0,1.72
1437469.0,0.02432247,0.0,1.72
1437547.0,0.01609406,0.0,1.376
1437626.0,0.01111633,0.0,2.064
1437704.0,0.01071008,0.0,1.72
1437782.0,0.03666512,0.0,1.376
1437860.0,0.03128106,0.0,1.72
1437938.0,0.01985274,0.0,1.72
1438016.0,0.01137037,0.0,1.72
1438094.0,0.03062077,0.0,1.72
1438172.0,-0.00015956,0.0,2.064
1438250.0,0.01924313,0.0,1.72
1438329.0,0.02467803,0.0,2.064
1438407.0,0.02990965,0.0,1.72
1438485.0,-0.00198821,0.0,1.376
1438563.0,0.03300804,0.0,2.064
1438641.0,0.01528133,0.0,1.72
1438719.0,0.03382076,0.0,2.408
1438797.0,0.02803031,0.0,2.408
1438875.0,0.04174437,0.0,2.408
1438954.0,0.02803031,0.0,2.408
1439032.0,0.01655122,0.0,2.064
1439110.0,0.04032227,0.0,2.408
1439188.0,0.02853831,0.0,2.064
1439266.0,0.02838587,0.0,2.408
1439344.0,0.01355443,0.0,2.064
1439422.0,0.02996048,0.0,2.064
1439500.0,0.01258934,0.0,1.376
1439578.0,0.02320501,0.0,2.064
1439657.0,0.01355443,0.0,1.72
1439735.0,0.02157964,0.0,2.064
1439813.0,-0.01270541,0.0,1.72
1439891.0,0.00370057,0.0,2.064
1439969.0,0.01385915,0.0,1.72
1440047.0,0.02279869,0.0,2.064
1440125.0,0.02284945,0.0,2.064
1440203.0,0.00796725,0.0,2.064
1440281.0,0.00791641,0.0,1.72
1440360.0,0.0220368,0.0,1.376
1440438.0,0.01380839,0.0,2.064
1440516.0,0.01741471,0.0,2.408
1440594.0,0.0044117,0.0,1.72
1440672.0,0.01939557,0.0,2.064
1440750.0,0.01071008,0.0,1.376
1440828.0,0.0334652,0.0,1.72
1440906.0,0.00552915,0.0,1.72
1440985.0,0.04235389,0.0,2.064
1441063.0,0.03255087,0.0,2.752
1441141.0,0.03371916,0.0,2.064
1441219.0,0.0240685,0.0,2.064
1441297.0,0.02503359,0.0,2.064
1441375.0,0.01650038,0.0,1.72
1441453.0,0.01909085,0.0,2.064
1441531.0,0.02681126,0.0,2.064
1441609.0,0.01390999,0.0,1.72
1441688.0,0.0013133,0.0,2.064
1441766.0,0.01142105,0.0,2.064
1441844.0,0.02025906,0.0,2.064
1441922.0,0.00217679,0.0,2.064
1442000.0,0.02635417,0.0,2.064
1442078.0,0.00923699,0.0,2.064
1442156.0,-0.00462944,0.0,2.064
1442234.0,0.04128728,0.0,2.064
1442313.0,0.01827812,0.0,1.72
1442391.0,0.01451944,0.0,2.408
1442469.0,0.02259549,0.0,2.064
1442547.0,0.01609406,0.0,1.72
1442625.0,0.02163048,0.0,2.064
1442703.0,0.01609406,0.0,2.064
1442781.0,0.01904001,0.0,2.064
1442859.0,0.02787794,0.0,2.064
1442937.0,0.00801794,0.0,2.064
1443015.0,0.01644962,0.0,1.72
1443094.0,0.02107171,0.0,1.72
1443172.0,0.02107171,0.0,1.72
1443250.0,0.01360512,0.0,2.064
1443328.0,0.00928783,0.0,2.064
1443406.0,0.03229699,0.0,2.064
1443484.0,0.02208756,0.0,2.064
1443562.0,0.00974499,0.0,2.064
1443640.0,0.02046219,0.0,2.064
1443719.0,0.01619566,0.0,2.064
1443797.0,0.01238622,0.0,2.064
1443875.0,-0.00224217,0.0,2.064
1443953.0,0.01436716,0.0,2.064
1444031.0,-0.004477,0.0,2.064
1444109.0,0.02427178,0.0,2.064
1444187.0,0.03757944,0.0,1.72
1444265.0,-0.01082622,0.0,2.064
1444344.0,0.00278632,0.0,2.064
1444422.0,0.00740849,0.0,2.064
1444500.0,0.00832266,0.0,2.064
1444578.0,0.03453181,0.0,2.064
1444656.0,0.01665274,0.0,1.72
1444734.0,0.03077313,0.0,2.064
1444812.0,0.00608791,0.0,2.064
1444890.0,0.01619566,0.0,2.064
1444968.0,0.01655122,0.0,2.064
1445046.0,0.02523679,0.0,2.064
1445125.0,0.03036673,0.0,2.064
1445203.0,0.0043101,0.0,2.064
1445281.0,0.01421472,0.0,1.72
1445359.0,0.01909085,0.0,2.064
1445437.0,0.0174654,0.0,2.064
1445515.0,0.00715445,0.0,1.72
1445593.0,0.01771936,0.0,2.064
1445671.0,0.02046219,0.0,1.72
1445749.0,0.00314188,0.0,2.408
1445828.0,0.00933851,0.0,2.064
1445906.0,0.02254473,0.0,1.72
1445984.0,0.02604937,0.0,2.064
1446062.0,0.01319887,0.0,2.064
1446140.0,0.01269094,0.0,2.064
1446218.0,0.00669736,0.0,2.064
1446296.0,0.01487501,0.0,2.064
1446375.0,0.02975736,0.0,2.064
1446453.0,0.01147189,0.0,2.064
1446531.0,0.01152265,0.0,1.72
1446609.0,0.01817652,0.0,1.72
1446687.0,0.01614475,0.0,1.72
1446765.0,0.02645584,0.0,2.064
1446843.0,0.00532595,0.0,2.064
1446921.0,0.01655122,0.0,2.064
1446999.0,0.02863991,0.0,2.064
1447078.0,-0.00376595,0.0,2.064
1447156.0,0.01766867,0.0,2.064
1447234.0,0.01558613,0.0,2.064
1447312.0,0.01071008,0.0,1.72
1447390.0,0.0334652,0.0,2.064
1447468.0,0.02767482,0.0,2.064
1447546.0,0.01096396,0.0,1.72
1447624.0,0.03097633,0.0,1.72
1447702.0,0.01238622,0.0,2.064
1447780.0,0.01340199,0.0,2.064
1447859.0,0.05886155,0.0,2.064
1447937.0,0.00964331,0.0,2.064
1448015.0,0.0309255,0.0,3.096
1448093.0,0.02549068,0.0,3.096
1448171.0,0.01365595,0.0,2.408
1448249.0,0.00339584,0.0,2.752
1448327.0,0.02594777,0.0,3.096
1448405.0,0.03173822,0.0,2.752
1448483.0,-0.00401991,0.0,2.752
1448562.0,0.01289414,0.0,2.408
1448640.0,0.02295105,0.0,2.752
1448718.0,0.01883689,0.0,2.752
1448796.0,0.0315351,0.0,2.408
1448874.0,0.01279254,0.0,2.752
1448952.0,0.02808114,0.0,2.408
1449030.0,-0.00417228,0.0,2.408
1449109.0,0.02493207,0.0,2.408
1449187.0,0.0259986,0.0,2.752
1449265.0,0.02422094,0.0,2.408
1449343.0,0.01584002,0.0,2.752
1449421.0,0.018075,0.0,2.752
1449499.0,0.01431624,0.0,2.064
1449577.0,0.01878605,0.0,2.064
1449655.0,0.03407465,0.0,2.064
1449733.0,0.01543377,0.0,2.064
1449811.0,0.01822728,0.0,2.408
1449890.0,0.02604937,0.0,2.064
1449968.0,0.00735765,0.0,2.408
1450046.0,0.01233538,0.0,2.064
1450124.0,0.0237637,0.0,2.064
1450202.0,0.0243733,0.0,2.064
1450280.0,0.00349737,0.0,2.064
1450358.0,0.01467188,0.0,2.064
1450436.0,0.01995434,0.0,3.096
1450514.0,0.01096396,0.0,2.064
1450593.0,0.03209371,0.0,2.064
1450671.0,0.01218302,0.0,3.44
1450749.0,0.00639263,0.0,3.096
1450827.0,0.01345283,0.0,3.096
1450905.0,0.02676057,0.0,3.096
1450983.0,0.01644962,0.0,3.096
1451061.0,0.02025906,0.0,2.752
1451140.0,0.03448105,0.0,2.752
1451218.0,0.01396068,0.0,2.752
1451296.0,0.01258934,0.0,2.408
1451374.0,0.01451944,0.0,2.752
1451452.0,0.01975114,0.0,2.752
1451530.0,0.01512897,0.0,2.752
1451608.0,0.01446868,0.0,2.408
1451686.0,0.02869059,0.0,2.408
1451764.0,0.04865228,0.0,2.064
1451843.0,0.02554152,0.0,2.408
1451921.0,0.00014517,0.0,1.376
1451999.0,0.0051229,0.0,1.72
1452077.0,0.01431624,0.0,1.72
1452155.0,0.02157964,0.0,1.72
1452233.0,0.00928783,0.0,2.064
1452311.0,0.00959255,0.0,1.72
1452389.0,0.0240685,0.0,1.72
1452467.0,0.02691293,0.0,1.72
1452546.0,0.00669736,0.0,2.064
1452624.0,0.00994811,0.0,2.064
1452702.0,0.02620181,0.0,2.064
1452780.0,0.02498275,0.0,2.064
1452858.0,0.00791641,0.0,1.72
1452936.0,0.02869059,0.0,1.72
1453014.0,0.0245765,0.0,1.72
1453092.0,0.00847518,0.0,2.064
1453170.0,0.03239859,0.0,1.72
1453249.0,0.01548446,0.0,1.72
1453327.0,0.0087799,0.0,2.064
1453405.0,0.00557991,0.0,2.752
1453483.0,0.03123022,0.0,2.752
1453561.0,0.01888757,0.0,2.408
1453639.0,0.02310341,0.0,2.752
1453717.0,0.02300189,0.0,2.752
1453795.0,0.01924313,0.0,2.064
1453873.0,0.03488738,0.0,2.408
1453952.0,0.02904616,0.0,2.408
1454030.0,0.03056993,0.0,2.408
1454108.0,0.01370679,0.0,2.408
1454186.0,0.00375141,0.0,2.408
1454264.0,0.0259986,0.0,2.408
1454342.0,0.02442399,0.0,2.408
1454420.0,0.02178284,0.0,2.408
1454498.0,0.01223378,0.0,2.408
1454577.0,0.03280484,0.0,2.408
1454655.0,0.01218302,0.0,2.408
1454733.0,0.02244313,0.0,2.408
1454811.0,0.0041069,0.0,2.064
1454889.0,0.01497661,0.0,2.752
1454967.0,0.02381454,0.0,2.408
1455045.0,0.02310341,0.0,2.752
1455123.0,0.0044117,0.0,2.408
1455201.0,0.02107171,0.0,2.064
1455279.0,0.03661428,0.0,2.752
1455358.0,0.00557991,0.0,2.064
1455436.0,0.02325578,0.0,2.064
1455514.0,0.01914161,0.0,2.064
1455592.0,0.01192905,0.0,2.752
1455670.0,0.03097633,0.0,2.752
1455748.0,0.01142105,0.0,2.064
1455826.0,0.0393571,0.0,2.064
1455905.0,0.01599246,0.0,1.72
1455983.0,0.03686832,0.0,3.096
1456061.0,0.01843056,0.0,2.752
1456139.0,0.01853208,0.0,2.752
1456217.0,0.01705907,0.0,2.752
1456295.0,0.02229076,0.0,3.096
1456373.0,0.01086229,0.0,2.752
1456451.0,-0.00300414,0.0,2.408
1456529.0,0.02112255,0.0,2.408
1456608.0,0.01462097,0.0,2.752
1456686.0,0.03265247,0.0,2.408
1456764.0,0.02112255,0.0,2.408
1456842.0,0.00390385,0.0,2.064
1456920.0,0.01751623,0.0,2.408
1456998.0,-0.00188661,0.0,1.72
1457076.0,0.00705292,0.0,2.408
1457154.0,0.03940794,0.0,3.096
1457232.0,0.02554152,0.0,1.72
1457311.0,0.02411927,0.0,2.752
1457389.0,0.0238653,0.0,2.408
1457467.0,0.006545,0.0,2.408
1457545.0,0.02528748,0.0,1.72
1457623.0,0.00547831,0.0,2.064
1457701.0,0.01223378,0.0,2.064
1457779.0,0.02310341,0.0,2.064
1457857.0,0.01949717,0.0,2.408
1457936.0,0.0085767,0.0,2.408
1458014.0,0.02645584,0.0,2.064
1458092.0,0.01233538,0.0,1.72
1458170.0,0.00740849,0.0,2.064
1458248.0,0.03361756,0.0,2.064
1458326.0,0.01614475,0.0,2.064
1458404.0,0.0243733,0.0,2.064
1458482.0,-0.00153105,0.0,2.064
1458560.0,0.02025906,0.0,2.408
1458638.0,0.01782096,0.0,2.064
1458717.0,0.00227832,0.0,2.064
1458795.0,0.03600483,0.0,2.408
1458873.0,0.01975114,0.0,2.064
1458951.0,0.03463334,0.0,2.408
1459029.0,0.01167509,0.0,2.064
1459107.0,0.04819504,0.0,2.752
1459185.0,0.02132567,0.0,2.752
1459264.0,0.01639878,0.0,1.72
1459342.0,0.01731311,0.0,2.064
1459420.0,0.02076691,0.0,2.064
1459498.0,0.00903379,0.0,2.408
1459576.0,0.00715445,0.0,2.408
1459654.0,0.0240685,0.0,2.408
1459732.0,-5.803e-05,0.0,2.064
1459810.0,0.02350974,0.0,2.752
1459888.0,-0.00305482,0.0,2.064
1459966.0,0.01279254,0.0,2.408
1460045.0,0.02970644,0.0,2.064
1460123.0,0.01213218,0.0,2.752
1460201.0,0.01548446,0.0,2.408
1460279.0,0.01594169,0.0,2.064
1460357.0,0.02543999,0.0,2.064
1460435.0,0.00105934,0.0,2.408
1460513.0,0.01919237,0.0,2.064
1460591.0,0.01004971,0.0,2.064
1460669.0,0.01497661,0.0,2.064
1460748.0,0.00806877,0.0,2.064
1460826.0,0.00237992,0.0,2.064
1460904.0,0.01995434,0.0,2.064
1460982.0,0.03229699,0.0,1.376
1461060.0,0.04032227,0.0,2.064
1461138.0,0.02533832,0.0,1.72
1461216.0,0.00791641,0.0,2.064
1461294.0,0.01716067,0.0,2.064
1461372.0,0.00283708,0.0,2.064
1461451.0,0.00248159,0.0,2.064
1461529.0,0.02208756,0.0,2.064
1461607.0,0.01619566,0.0,2.064
1461685.0,0.00959255,0.0,2.064
1461763.0,0.01553529,0.0,2.064
1461841.0,0.03376992,0.0,2.064
1461919.0,0.0198019,0.0,2.064
1461997.0,0.02818267,0.0,2.064
1462076.0,0.01487501,0.0,2.064
1462154.0,0.0061386,0.0,2.064
1462232.0,0.01319887,0.0,2.064
1462310.0,0.0240685,0.0,2.064
1462388.0,0.01045604,0.0,2.064
1462466.0,0.0013133,0.0,1.72
1462544.0,0.01375755,0.0,1.72
1462622.0,0.01345283,0.0,1.72
1462701.0,-0.00564529,0.0,2.064
1462779.0,0.01086229,0.0,2.064
1462857.0,-0.00208981,0.0,1.72
1462935.0,0.01279254,0.0,2.064
1463013.0,0.02792878,0.0,1.72
1463091.0,0.00715445,0.0,2.064
1463169.0,0.00761169,0.0,2.064
1463247.0,0.00029745,0.0,2.064
1463325.0,0.02310341,0.0,2.064
1463404.0,0.0045133,0.0,2.408
1463482.0,0.03260171,0.0,2.064
1463560.0,0.01482417,0.0,1.72
1463638.0,0.02066539,0.0,2.064
1463716.0,0.01741471,0.0,1.72
1463794.0,0.02132567,0.0,2.064
1463872.0,0.01929405,0.0,2.064
1463950.0,0.02234153,0.0,2.064
1464028.0,0.01340199,0.0,1.72
1464106.0,0.00060225,0.0,2.064
1464185.0,0.01578933,0.0,1.72
1464263.0,0.0014149,0.0,2.064
1464341.0,0.03854445,0.0,2.064
1464419.0,0.01086229,0.0,2.064
1464497.0,0.02726842,0.0,2.064
1464575.0,-0.00544209,0.0,2.064
1464653.0,0.0215288,0.0,2.064
1464732.0,0.03361756,0.0,2.064
1464810.0,0.01406236,0.0,2.408
1464888.0,-0.0087436,0.0,2.408
1464966.0,0.01309727,0.0,2.064
1465044.0,0.00227832,0.0,1.72
1465122.0,0.02808114,0.0,2.408
1465200.0,0.0061386,0.0,2.064
1465278.0,0.02411927,0.0,2.408
1465356.0,0.02833518,0.0,1.72
1465435.0,0.01777027,0.0,1.72
1465513.0,0.01802408,0.0,2.064
1465591.0,0.02157964,0.0,2.064
1465669.0,0.0124369,0.0,1.72
1465747.0,0.01771936,0.0,2.064
1465825.0,0.02290029,0.0,2.064
1465903.0,0.02264625,0.0,1.72
1465981.0,0.04799191,0.0,2.064
1466059.0,0.0245765,0.0,2.408
1466138.0,0.00293868,0.0,1.376
1466216.0,0.01071008,0.0,1.72
1466294.0,0.02483039,0.0,1.72
1466372.0,0.02350974,0.0,2.064
1466450.0,0.00913546,0.0,2.064
1466528.0,0.02005586,0.0,2.064
1466606.0,0.01614475,0.0,2.064
1466684.0,0.00959255,0.0,2.064
1466762.0,0.02366218,0.0,2.064
1466841.0,0.01832896,0.0,2.064
1466919.0,0.02137651,0.0,2.064
1466997.0,0.01904001,0.0,2.064
1467075.0,0.01335123,0.0,2.064
1467153.0,-0.00782935,0.0,2.408
1467231.0,0.01004971,0.0,2.064
1467309.0,0.02579555,0.0,2.064
1467387.0,0.02102095,0.0,2.064
1467465.0,0.01924313,0.0,1.72
1467544.0,0.02061462,0.0,2.064
1467622.0,0.00847518,0.0,2.064
1467700.0,0.02528748,0.0,2.064
1467778.0,0.02625264,0.0,2.064
1467856.0,0.02422094,0.0,1.72
1467934.0,0.01650038,0.0,2.064
1468012.0,0.01584002,0.0,2.064
1468091.0,0.0087799,0.0,1.72
1468169.0,0.01071008,0.0,2.064
1468247.0,0.01248782,0.0,2.064
1468325.0,0.03021445,0.0,2.064
1468403.0,0.01660198,0.0,2.064
1468481.0,0.02112255,0.0,2.064
1468559.0,0.00852594,0.0,2.064
1468637.0,0.03300804,0.0,2.064
1468715.0,0.0091863,0.0,2.064
1468793.0,0.02503359,0.0,2.064
1468872.0,0.02401774,0.0,2.064
1468950.0,0.0103036,0.0,1.72
1469028.0,0.04453796,0.0,1.72
1469106.0,0.02899547,0.0,1.72
1469184.0,0.01162425,0.0,1.72
1469262.0,0.03244927,0.0,2.064
1469340.0,0.01365595,0.0,1.72
1469418.0,0.01964961,0.0,1.72
1469496.0,0.01959877,0.0,1.72
1469575.0,0.02889387,0.0,1.72
1469653.0,0.00608791,0.0,1.72
1469731.0,0.04011907,0.0,2.064
1469809.0,0.01609406,0.0,1.72
1469887.0,0.00542762,0.0,2.064
1469965.0,0.01487501,0.0,1.72
1470043.0,0.01858285,0.0,1.72
1470121.0,0.02889387,0.0,1.72
1470200.0,0.01898932,0.0,2.064
1470278.0,0.02559235,0.0,1.72
1470356.0,0.00456413,0.0,2.064
1470434.0,0.02650653,0.0,1.72
1470512.0,-0.0028517,0.0,1.72
1470590.0,0.01812576,0.0,2.064
1470668.0,0.01446868,0.0,2.064
1470746.0,-0.00244537,0.0,2.064
1470824.0,0.01924313,0.0,2.064
1470903.0,0.05327437,0.0,1.72
1470981.0,-0.00483264,0.0,2.064
1471059.0,0.0126401,0.0,2.064
1471137.0,0.02442399,0.0,2.064
1471215.0,0.02401774,0.0,2.064
1471293.0,0.01873528,0.0,2.064
1471371.0,0.02686209,0.0,2.064
1471449.0,0.00710376,0.0,2.064
1471527.0,0.01533217,0.0,2.752
1471606.0,0.00111018,0.0,2.064
1471684.0,0.026405,0.0,2.408
1471762.0,0.0315351,0.0,2.408
1471840.0,0.00974499,0.0,2.064
1471918.0,-0.000312,0.0,2.064
1471996.0,0.01639878,0.0,2.064
1472074.0,0.02564304,0.0,2.064
1472152.0,0.00776405,0.0,1.72
1472231.0,0.00690049,0.0,2.064
1472309.0,0.01451944,0.0,1.72
1472387.0,0.01533217,0.0,1.72
1472465.0,0.01909085,0.0,2.064
1472543.0,0.00095774,0.0,2.408
1472621.0,0.02584624,0.0,2.408
1472699.0,0.00690049,0.0,2.408
1472777.0,0.01411312,0.0,2.064
1472856.0,0.01365595,0.0,2.064
1472934.0,0.00852594,0.0,1.376
1473012.0,0.03173822,0.0,2.064
1473090.0,0.01126876,0.0,2.064
1473168.0,0.01827812,0.0,1.72
1473246.0,0.02010662,0.0,1.376
1473324.0,0.01309727,0.0,1.72
1473402.0,0.0087799,0.0,2.064
1473480.0,0.03529362,0.0,2.408
1473558.0,0.00862754,0.0,2.408
1473637.0,0.0197003,0.0,2.064
1473715.0,0.00949103,0.0,2.408
1473793.0,0.01771936,0.0,1.72
1473871.0,0.00690049,0.0,2.064
1473949.0,-0.00021047,0.0,2.752
1474027.0,0.03107793,0.0,2.408
1474105.0,0.02533832,0.0,1.72
1474183.0,0.01457028,0.0,2.408
1474261.0,0.03448105,0.0,2.752
1474340.0,0.010202,0.0,1.72
1474418.0,0.00405613,0.0,2.752
1474496.0,0.01472264,0.0,3.096
1474574.0,0.01370679,0.0,2.752
1474652.0,0.01025284,0.0,2.064
1474730.0,0.02874143,0.0,2.064
1474808.0,0.01670351,0.0,2.064
1474886.0,0.02686209,0.0,2.064
1474965.0,0.02701453,0.0,2.064
1475043.0,0.0237637,0.0,1.72
1475121.0,0.03036673,0.0,2.064
1475199.0,0.02244313,0.0,2.064
1475277.0,0.00288792,0.0,2.064
1475355.0,0.04418247,0.0,2.752
1475433.0,0.0200051,0.0,2.064
1475511.0,0.02767482,0.0,2.064
1475589.0,0.0126401,0.0,2.064
1475668.0,-0.00671198,0.0,2.064
1475746.0,0.01817652,0.0,2.408
1475824.0,0.03097633,0.0,2.064
1475902.0,0.01883689,0.0,2.064
1475980.0,0.01578933,0.0,2.064
1476058.0,0.01487501,0.0,2.064
1476136.0,0.00745925,0.0,1.72
1476214.0,0.01904001,0.0,2.064
1476292.0,0.02625264,0.0,1.72
1476371.0,0.00893226,0.0,2.064
1476449.0,0.01568773,0.0,2.064
1476527.0,0.00324356,0.0,1.72
1476605.0,0.03981427,0.0,1.72
1476683.0,0.01675435,0.0,1.72
1476761.0,-0.00539133,0.0,2.064
1476839.0,0.00126254,0.0,1.72
1476917.0,0.01832896,0.0,1.72
1476996.0,0.02056379,0.0,1.376
1477074.0,0.01660198,0.0,2.064
1477152.0,0.01203065,0.0,1.72
1477230.0,0.03158578,0.0,1.72
1477308.0,0.03625887,0.0,1.72
1477386.0,0.02777642,0.0,1.376
1477464.0,0.01208134,0.0,1.72
1477542.0,0.01954786,0.0,1.376
1477620.0,0.01121785,0.0,1.72
1477699.0,0.02330661,0.0,2.064
1477777.0,0.02122407,0.0,1.72
1477855.0,0.01355443,0.0,1.72
1477933.0,0.01639878,0.0,2.064
1478011.0,0.02081782,0.0,1.376
1478089.0,0.0333636,0.0,1.72
1478167.0,0.01218302,0.0,1.376
1478245.0,0.01365595,0.0,1.376
1478323.0,0.02574472,0.0,2.064
1478402.0,0.01665274,0.0,1.72
1478480.0,0.01203065,0.0,1.376
1478558.0,0.01604322,0.0,1.376
1478636.0,0.02198596,0.0,2.064
1478714.0,0.01512897,0.0,1.72
1478792.0,0.0219352,0.0,2.064
1478870.0,0.01274163,0.0,1.72
1478948.0,0.02737002,0.0,2.064
1479027.0,0.01624642,0.0,1.376
1479105.0,0.00187207,0.0,2.064
1479183.0,-0.00950557,0.0,2.064
1479261.0,0.02127491,0.0,1.72
1479339.0,0.02584624,0.0,1.72
1479417.0,0.00177047,0.0,1.376
1479495.0,0.02858907,0.0,2.064
1479573.0,0.00903379,0.0,1.72
1479651.0,0.02340814,0.0,1.72
1479730.0,0.02142727,0.0,2.064
1479808.0,0.02813191,0.0,1.72
1479886.0,0.01208134,0.0,1.72
1479964.0,0.00806877,0.0,2.064
1480042.0,-0.00163265,0.0,2.064
1480120.0,0.03849361,0.0,1.72
1480198.0,0.00796725,0.0,2.064
1480276.0,0.0069514,0.0,2.064
1480354.0,0.03194142,0.0,2.064
1480433.0,0.0205131,0.0,2.064
1480511.0,0.01203065,0.0,2.064
1480589.0,0.02279869,0.0,1.72
1480667.0,0.02467803,0.0,2.064
1480745.0,0.0198019,0.0,2.408
1480823.0,-0.0011248,0.0,2.064
1480901.0,0.01451944,0.0,2.064
1480979.0,-0.00168349,0.0,2.064
1481058.0,0.0061386,0.0,2.064
1481136.0,0.01492569,0.0,2.064
1481214.0,0.026405,0.0,2.752
1481292.0,0.00669736,0.0,1.72
1481370.0,0.02513519,0.0,2.408
1481448.0,0.02589708,0.0,2.064
1481526.0,0.01487501,0.0,2.408
1481604.0,0.02218916,0.0,1.72
1481682.0,0.01131953,0.0,2.408
1481760.0,0.00583387,0.0,2.408
1481839.0,0.0090847,0.0,2.752
1481917.0,0.01086229,0.0,2.064
1481995.0,0.02025906,0.0,2.064
1482073.0,0.01695755,0.0,2.752
1482151.0,0.00629103,0.0,2.064
1482229.0,0.02269716,0.0,2.408
1482307.0,0.01609406,0.0,3.096
1482385.0,0.02975736,0.0,2.752
1482464.0,0.00842434,0.0,2.064
1482542.0,0.00065302,0.0,2.408
1482620.0,0.01914161,0.0,2.752
1482698.0,0.01172593,0.0,2.408
1482776.0,0.01904001,0.0,2.064
1482854.0,0.03524294,0.0,2.064
1482932.0,0.01182745,0.0,2.064
1483010.0,0.00852594,0.0,1.376
1483089.0,0.01467188,0.0,1.376
1483167.0,0.01279254,0.0,1.376
1483245.0,0.00639263,0.0,1.376
1483323.0,0.01548446,0.0,2.064
1483401.0,-0.0046802,0.0,1.376
1483479.0,0.0215288,0.0,1.72
1483557.0,0.0333636,0.0,1.376
1483635.0,0.00258319,0.0,1.72
1483713.0,0.02117339,0.0,1.72
1483792.0,-0.00605169,0.0,1.72
1483870.0,0.0087799,0.0,1.376
1483948.0,0.00684972,0.0,1.72
1484026.0,0.02996048,0.0,2.408
1484104.0,0.01071008,0.0,1.72
1484182.0,0.02208756,0.0,1.72
1484260.0,0.03366832,0.0,1.376
1484338.0,0.02086851,0.0,2.064
1484416.0,0.00329424,0.0,2.064
1484495.0,0.01898932,0.0,2.064
1484573.0,0.03493821,0.0,2.064
1484651.0,0.01411312,0.0,2.064
1484729.0,0.00989728,0.0,2.752
1484807.0,0.01390999,0.0,2.408
1484885.0,0.01203065,0.0,2.064
1484963.0,0.01670351,0.0,2.064
1485041.0,-0.00325795,0.0,2.752
1485119.0,0.00756085,0.0,2.064
1485198.0,0.00690049,0.0,2.064
1485276.0,0.01639878,0.0,2.064
1485354.0,0.01944634,0.0,2.408
1485432.0,0.01680511,0.0,2.064
1485510.0,0.01451944,0.0,2.064
1485588.0,0.01578933,0.0,2.064
1485666.0,0.01929405,0.0,1.032
1485744.0,0.01208134,0.0,1.376
1485823.0,0.02660813,0.0,1.376
1485901.0,0.02523679,0.0,1.376
1485979.0,0.01944634,0.0,1.376
1486057.0,0.02015746,0.0,1.376
1486135.0,0.02686209,0.0,1.376
1486213.0,0.02858907,0.0,1.376
1486291.0,0.02477955,0.0,1.376
1486369.0,0.00420857,0.0,1.376
1486447.0,0.0309255,0.0,2.064
1486526.0,0.01360512,0.0,1.376
1486604.0,0.04596014,0.0,1.376
1486682.0,0.01548446,0.0,1.032
1486760.0,0.00481802,0.0,1.72
1486838.0,0.02356058,0.0,1.032
1486916.0,-0.00183577,0.0,1.72
1486994.0,0.01914161,0.0,2.064
1487072.0,0.01929405,0.0,3.096
1487150.0,0.02477955,0.0,2.752
1487229.0,0.01934474,0.0,2.752
1487307.0,0.00420857,0.0,2.752
1487385.0,0.01203065,0.0,2.408
1487463.0,0.01690671,0.0,2.408
1487541.0,0.01827812,0.0,2.408
1487619.0,0.0067482,0.0,2.408
1487697.0,0.00568143,0.0,2.408
1487775.0,0.00060225,0.0,2.408
1487853.0,0.02046219,0.0,2.408
1487932.0,0.01142105,0.0,2.408
1488010.0,0.00786565,0.0,2.064
1488088.0,0.02924936,0.0,2.408
1488166.0,0.01731311,0.0,2.064
1488244.0,0.00679888,0.0,2.408
1488322.0,0.01548446,0.0,1.376
1488400.0,0.02538908,0.0,1.376
1488479.0,-0.0043754,0.0,1.376
1488557.0,0.00298952,0.0,1.376
1488635.0,0.01614475,0.0,1.376
1488713.0,-0.02332123,0.0,1.72
1488791.0,0.02320501,0.0,1.376
1488869.0,0.00796725,0.0,1.72
1488947.0,0.02147811,0.0,1.376
1489025.0,0.02813191,0.0,1.376
1489103.0,0.03773173,0.0,1.72
1489181.0,0.03580163,0.0,1.72
1489260.0,0.017567,0.0,1.72
1489338.0,0.03107793,0.0,1.72
1489416.0,0.00039898,0.0,1.72
1489494.0,0.02254473,0.0,1.72
1489572.0,0.01131953,0.0,1.72
1489650.0,0.0199035,0.0,1.72
1489728.0,0.02767482,0.0,1.72
1489806.0,0.02345898,0.0,2.752
1489884.0,0.00817037,0.0,1.72
1489963.0,0.02579555,0.0,2.752
1490041.0,0.02843671,0.0,2.064
1490119.0,0.0128433,0.0,1.72
1490197.0,0.02254473,0.0,1.72
1490275.0,0.01426541,0.0,2.408
1490353.0,-0.0163118,0.0,1.376
1490431.0,-0.00706754,0.0,2.408
1490509.0,0.02706529,0.0,1.72
1490588.0,0.02401774,0.0,2.064
1490666.0,0.02935088,0.0,2.408
1490744.0,0.02132567,0.0,1.376
1490822.0,0.00806877,0.0,2.064
1490900.0,0.02229076,0.0,2.064
1490978.0,0.03910322,0.0,2.064
1491056.0,0.01360512,0.0,2.752
1491134.0,0.03412549,0.0,2.064
1491212.0,0.00751001,0.0,2.064
1491291.0,0.02493207,0.0,2.064
1491369.0,0.03183982,0.0,2.064
1491447.0,0.01710998,0.0,2.064
1491525.0,0.00745925,0.0,2.064
1491603.0,-0.00214057,0.0,2.064
1491681.0,0.01142105,0.0,2.064
1491759.0,0.03402389,0.0,2.064
1491837.0,0.01045604,0.0,2.064
1491915.0,0.02696369,0.0,2.064
1491994.0,0.00476733,0.0,2.064
1492072.0,0.01558613,0.0,2.064
1492150.0,0.01370679,0.0,2.064
1492228.0,0.03488738,0.0,2.064
1492306.0,0.01909085,0.0,2.064
1492384.0,0.02792878,0.0,2.064
1492462.0,-0.00193737,0.0,2.064
1492540.0,0.02244313,0.0,1.72
1492619.0,0.0221384,0.0,1.72
1492697.0,-0.00107388,0.0,2.064
1492775.0,0.02295105,0.0,2.064
1492853.0,0.02036059,0.0,2.064
1492931.0,0.0130465,0.0,2.064
1493009.0,0.02305273,0.0,1.72
1493087.0,0.02274785,0.0,2.064
1493165.0,0.01578933,0.0,2.064
1493244.0,-0.00554376,0.0,1.72
1493322.0,0.01680511,0.0,2.064
1493400.0,-0.00513736,0.0,1.72
1493478.0,0.01898932,0.0,2.064
1493556.0,0.02965576,0.0,2.064
1493634.0,0.01690671,0.0,1.72
1493712.0,0.01639878,0.0,2.064
1493790.0,0.02102095,0.0,2.064
1493868.0,0.02442399,0.0,2.064
1493946.0,0.01345283,0.0,2.064
1494025.0,0.00354828,0.0,2.064
1494103.0,-0.02067993,0.0,1.72
1494181.0,0.01934474,0.0,1.72
1494259.0,0.02168124,0.0,1.72
1494337.0,0.00415773,0.0,2.064
1494415.0,-0.00117548,0.0,1.72
1494493.0,0.02315425,0.0,1.72
1494571.0,0.02630333,0.0,2.064
1494650.0,0.01436716,0.0,1.72
1494728.0,0.04011907,0.0,1.72
1494806.0,0.02559235,0.0,2.064
1494884.0,0.0044117,0.0,2.064
1494962.0,0.00669736,0.0,2.064
1495040.0,0.026405,0.0,1.72
1495118.0,0.03239859,0.0,1.72
1495196.0,0.0069514,0.0,2.064
1495274.0,0.03641115,0.0,1.72
1495353.0,0.03234775,0.0,1.72
1495431.0,0.04809351,0.0,1.72
1495509.0,0.0199035,0.0,2.064
1495587.0,0.0351921,0.0,2.064
1495665.0,0.01360512,0.0,2.064
1495743.0,0.01868445,0.0,1.376
1495821.0,0.03300804,0.0,1.376
1495899.0,0.01843056,0.0,2.064
1495977.0,0.01065924,0.0,1.032
1496056.0,0.02635417,0.0,1.72
1496134.0,0.02264625,0.0,2.064
1496212.0,0.01710998,0.0,1.72
1496290.0,0.01954786,0.0,2.064
1496368.0,0.02086851,0.0,1.72
1496446.0,0.02777642,0.0,1.72
1496524.0,-0.00732143,0.0,1.376
1496602.0,0.01873528,0.0,1.376
1496680.0,0.0063418,0.0,1.72
1496759.0,0.01426541,0.0,1.72
1496837.0,0.00842434,0.0,1.72
1496915.0,0.01517973,0.0,1.032
1496993.0,0.01218302,0.0,1.72
1497071.0,0.0103036,0.0,1.376
1497149.0,0.02848739,0.0,1.72
1497227.0,-0.00788012,0.0,1.72
1497305.0,0.01507821,0.0,1.72
1497384.0,0.01573849,0.0,1.72
1497462.0,0.02569388,0.0,1.72
1497540.0,0.00629103,0.0,1.376
1497618.0,0.0215288,0.0,1.376
1497696.0,0.01761783,0.0,1.72
1497774.0,0.01812576,0.0,1.72
1497852.0,0.05048078,0.0,1.72
1497930.0,0.0110148,0.0,1.72
1498009.0,0.02452566,0.0,1.376
1498087.0,0.02366218,0.0,1.376
1498165.0,0.00466566,0.0,2.408
1498243.0,0.01777027,0.0,2.064
1498321.0,0.00974499,0.0,1.032
1498399.0,0.00710376,0.0,1.72
1498477.0,0.03361756,0.0,2.408
1498555.0,0.01705907,0.0,2.064
1498633.0,0.01106556,0.0,1.032
1498711.0,0.0062402,0.0,1.376
1498790.0,0.00237992,0.0,1.72
1498868.0,0.01345283,0.0,2.064
1498946.0,0.02173215,0.0,1.72
1499024.0,0.00827197,0.0,1.72
1499102.0,0.0219352,0.0,1.72
1499180.0,0.00537671,0.0,2.064
1499258.0,0.02828434,0.0,2.064
1499336.0,0.02884303,0.0,2.064
1499415.0,0.01462097,0.0,3.096
1499493.0,0.01700831,0.0,2.752
1499571.0,0.01071008,0.0,2.752
1499649.0,0.01507821,0.0,2.752
1499727.0,0.01832896,0.0,2.408
1499805.0,0.00146574,0.0,2.752
1499883.0,0.03407465,0.0,2.064
1499961.0,0.00842434,0.0,2.408
1500040.0,0.00796725,0.0,2.408
1500118.0,0.00649416,0.0,2.408
1500196.0,0.02914783,0.0,2.408
1500274.0,0.01639878,0.0,2.408
1500352.0,0.01411312,0.0,2.752
1500430.0,0.01827812,0.0,2.064
1500508.0,0.01137037,0.0,2.064
1500586.0,0.02036059,0.0,2.064
1500664.0,0.01497661,0.0,1.72
1500742.0,0.02163048,0.0,2.064
1500821.0,0.01721151,0.0,1.72
1500899.0,0.01741471,0.0,2.064
1500977.0,0.02198596,0.0,2.064
1501055.0,-0.00823575,0.0,2.064
1501133.0,0.00725612,0.0,2.064
1501211.0,0.0239669,0.0,2.064
1501289.0,0.01822728,0.0,2.064
1501367.0,0.03402389,0.0,2.064
1501445.0,0.00466566,0.0,2.064
1501524.0,0.00334508,0.0,2.064
1501602.0,-0.00610238,0.0,2.064
1501680.0,0.01462097,0.0,2.064
1501758.0,0.00563067,0.0,2.064
1501836.0,0.03458265,0.0,2.064
1501914.0,0.01467188,0.0,2.064
1501992.0,0.02097019,0.0,2.064
1502071.0,0.02787794,0.0,2.064
1502149.0,0.026405,0.0,2.752
1502227.0,0.01904001,0.0,3.096
1502305.0,0.0131481,0.0,2.752
1502383.0,0.01457028,0.0,2.752
1502461.0,0.01406236,0.0,2.752
1502539.0,0.00243076,0.0,2.752
1502617.0,0.02990965,0.0,2.752
1502695.0,0.0197003,0.0,2.408
1502773.0,0.01670351,0.0,2.408
1502852.0,0.00395453,0.0,2.408
1502930.0,0.03458265,0.0,2.408
1503008.0,0.00639263,0.0,2.408
1503086.0,0.03128106,0.0,2.408
1503164.0,0.01700831,0.0,2.408
1503242.0,-0.00178509,0.0,2.408
1503320.0,0.01975114,0.0,2.408
1503398.0,0.0085767,0.0,2.064
1503477.0,0.00192283,0.0,2.408
1503555.0,-0.0028517,0.0,2.408
1503633.0,0.00756085,0.0,2.408
1503711.0,0.00756085,0.0,2.408
1503789.0,0.01035451,0.0,2.064
1503867.0,0.02818267,0.0,2.064
1503945.0,0.01091313,0.0,2.408
1504023.0,0.01121785,0.0,1.72
1504101.0,0.01878605,0.0,2.064
1504179.0,0.01873528,0.0,2.408
1504258.0,0.0091863,0.0,2.064
1504336.0,0.00263396,0.0,2.064
1504414.0,0.01335123,0.0,2.408
1504492.0,0.02533832,0.0,2.064
1504570.0,0.03021445,0.0,2.064
1504648.0,0.00669736,0.0,2.064
1504726.0,0.01721151,0.0,1.72
1504805.0,0.0375286,0.0,2.752
1504883.0,0.02889387,0.0,3.096
1504961.0,0.00710376,0.0,2.752
1505039.0,0.03585239,0.0,2.752
1505117.0,0.02660813,0.0,2.752
1505195.0,0.01873528,0.0,2.408
1505273.0,0.00994811,0.0,2.752
1505351.0,0.04118576,0.0,2.752
1505429.0,0.02097019,0.0,2.064
1505507.0,0.01238622,0.0,2.408
1505586.0,0.03305887,0.0,2.408
1505664.0,0.02432247,0.0,2.408
1505742.0,0.00730696,0.0,2.408
1505820.0,0.00989728,0.0,2.408
1505898.0,0.03123022,0.0,2.408
1505976.0,4.349e-05,0.0,2.064
1506054.0,0.03747791,0.0,2.408
1506132.0,0.01269094,0.0,2.408
1506211.0,0.04245549,0.0,2.064
1506289.0,0.02264625,0.0,2.064
1506367.0,0.03407465,0.0,2.064
1506445.0,0.00090698,0.0,2.408
1506523.0,0.01350359,0.0,2.408
1506601.0,0.01959877,0.0,2.408
1506679.0,0.01914161,0.0,2.408
1506757.0,0.01167509,0.0,2.064
1506836.0,0.01233538,0.0,2.064
1506914.0,-0.00960717,0.0,2.064
1506992.0,0.00964331,0.0,1.72
1507070.0,0.02198596,0.0,2.064
1507148.0,0.02452566,0.0,2.064
1507226.0,0.01629718,0.0,2.064
1507304.0,0.01573849,0.0,2.408
1507382.0,0.01584002,0.0,2.064
1507460.0,0.01411312,0.0,2.064
1507539.0,0.01004971,0.0,2.408
1507617.0,0.02452566,0.0,3.096
1507695.0,0.040627,0.0,3.096
1507773.0,0.02757322,0.0,2.752
1507851.0,0.01665274,0.0,2.064
1507929.0,0.02010662,0.0,2.408
1508007.0,0.02071615,0.0,2.408
1508085.0,-0.00056603,0.0,2.408
1508163.0,0.02625264,0.0,2.408
1508242.0,0.02772558,0.0,2.408
1508320.0,0.01350359,0.0,2.752
1508398.0,0.01091313,0.0,2.752
1508476.0,0.02345898,0.0,2.408
1508554.0,-7.27e-06,0.0,2.408
1508632.0,0.01604322,0.0,2.064
1508710.0,0.02046219,0.0,2.408
1508788.0,0.01390999,0.0,2.408
1508866.0,0.01954786,0.0,2.408
1508944.0,0.02742086,0.0,2.408
1509023.0,0.02919859,0.0,2.064
1509101.0,0.04022059,0.0,2.064
1509179.0,0.02076691,0.0,2.408
1509257.0,0.02381454,0.0,2.408
1509335.0,0.00364981,0.0,2.408
1509413.0,0.01909085,0.0,2.064
1509491.0,0.01878605,0.0,2.064
1509570.0,0.01010048,0.0,2.064
1509648.0,0.02076691,0.0,2.064
1509726.0,0.00182131,0.0,2.408
1509804.0,0.0311287,0.0,2.064
1509882.0,0.0012117,0.0,2.064
1509960.0,0.0334652,0.0,2.064
1510038.0,0.00979575,0.0,2.064
1510116.0,-0.00168349,0.0,2.064
1510194.0,0.00984659,0.0,2.064
1510273.0,0.00791641,0.0,2.064
1510351.0,0.00232923,0.0,1.72
1510429.0,0.03168746,0.0,1.72
1510507.0,0.02589708,0.0,1.72
1510585.0,0.02554152,0.0,1.72
1510663.0,0.01731311,0.0,1.72
1510741.0,0.010202,0.0,2.064
1510819.0,0.01568773,0.0,2.064
1510897.0,0.02391621,0.0,2.064
1510975.0,0.03768096,0.0,2.064
1511054.0,0.01512897,0.0,1.72
1511132.0,0.02843671,0.0,1.72
1511210.0,0.00359897,0.0,1.376
1511288.0,0.01690671,0.0,1.376
1511366.0,0.01771936,0.0,1.72
1511444.0,0.01233538,0.0,1.72
1511522.0,0.03366832,0.0,2.064
1511600.0,-0.01900379,0.0,2.064
1511679.0,0.03265247,0.0,1.72
1511757.0,0.0215288,0.0,1.72
1511835.0,0.00461482,0.0,1.72
1511913.0,0.01137037,0.0,2.064
1511991.0,0.03285575,0.0,2.064
1512069.0,0.01086229,0.0,2.064
1512147.0,0.00486886,0.0,1.72
1512225.0,0.00994811,0.0,2.064
1512304.0,0.01700831,0.0,1.72
1512382.0,0.01436716,0.0,2.064
1512460.0,0.02178284,0.0,2.064
1512538.0,0.0334652,0.0,2.064
1512616.0,0.01619566,0.0,2.064
1512694.0,0.02574472,0.0,2.064
1512772.0,0.01837972,0.0,2.064
1512850.0,0.03544606,0.0,1.72
1512928.0,0.0174654,0.0,2.064
1513007.0,-0.00539133,0.0,2.064
1513085.0,0.02269716,0.0,2.064
1513163.0,0.00507206,0.0,2.064
1513241.0,0.00100858,0.0,1.72
1513319.0,0.02630333,0.0,2.064
1513397.0,0.00883074,0.0,2.064
1513475.0,-0.000312,0.0,2.064
1513553.0,0.02838587,0.0,1.72
1513631.0,0.01614475,0.0,2.064
1513710.0,0.00745925,0.0,2.064
1513788.0,0.02691293,0.0,1.72
1513866.0,0.02340814,0.0,1.72
1513944.0,0.01705907,0.0,2.064
1514022.0,-0.00102312,0.0,1.72
1514100.0,0.01548446,0.0,1.72
1514178.0,0.02467803,0.0,2.064
1514256.0,0.00532595,0.0,2.408
1514335.0,0.02975736,0.0,1.72
1514413.0,0.02391621,0.0,2.408
1514491.0,0.02670973,0.0,1.72
1514569.0,0.02721765,0.0,1.72
1514647.0,0.0063418,0.0,1.72
1514725.0,0.01629718,0.0,1.72
1514803.0,0.02223993,0.0,1.376
1514881.0,0.01553529,0.0,1.376
1514959.0,0.00517358,0.0,1.376
1515038.0,0.02523679,0.0,1.72
1515116.0,0.00669736,0.0,1.376
1515194.0,0.03529362,0.0,2.064
1515272.0,0.00979575,0.0,2.408
1515350.0,0.00745925,0.0,2.064
1515428.0,0.01660198,0.0,1.72
1515506.0,0.02462719,0.0,1.376
1515584.0,0.0197003,0.0,1.72
1515662.0,0.02808114,0.0,2.408
1515741.0,0.01939557,0.0,2.064
1515819.0,0.01512897,0.0,2.064
1515897.0,0.02696369,0.0,2.408
1515975.0,0.03072237,0.0,1.376
1516053.0,-0.0140769,0.0,2.752
1516131.0,0.02737002,0.0,2.752
1516209.0,0.02102095,0.0,2.064
1516287.0,0.03189051,0.0,2.752
1516365.0,0.01609406,0.0,2.408
1516444.0,0.00491962,0.0,2.064
1516522.0,-0.00417228,0.0,3.096
1516600.0,-0.00021047,0.0,2.064
1516678.0,0.00278632,0.0,2.408
1516756.0,0.00517358,0.0,2.752
1516834.0,0.02940172,0.0,2.408
1516912.0,0.02782711,0.0,2.408
1516990.0,0.01782096,0.0,2.408
1517068.0,0.01472264,0.0,2.408
1517147.0,0.03468417,0.0,2.064
1517225.0,0.01472264,0.0,2.752
1517303.0,0.00949103,0.0,2.408
1517381.0,0.01142105,0.0,2.064
1517459.0,0.01578933,0.0,2.408
1517537.0,0.01192905,0.0,2.064
1517615.0,0.01827812,0.0,2.408
1517693.0,0.02391621,0.0,2.064
1517772.0,0.01116716,0.0,2.408
1517850.0,0.03453181,0.0,2.064
1517928.0,0.02366218,0.0,2.064
1518006.0,0.0205131,0.0,2.408
1518084.0,0.01904001,0.0,2.408
1518162.0,0.00964331,0.0,2.408
1518240.0,0.02655737,0.0,2.408
1518318.0,0.02914783,0.0,2.408
1518396.0,-0.00214057,0.0,2.752
1518475.0,0.03661428,0.0,2.064
1518553.0,0.02848739,0.0,2.064
1518631.0,0.03803645,0.0,2.064
1518709.0,0.02234153,0.0,2.408
1518787.0,0.01497661,0.0,2.408
1518865.0,0.02615097,0.0,2.064
1518943.0,0.00999888,0.0,2.064
1519021.0,0.02249396,0.0,2.064
1519099.0,0.01817652,0.0,2.064
1519178.0,0.0215288,0.0,1.72
1519256.0,0.02310341,0.0,2.408
1519334.0,0.01904001,0.0,2.064
1519412.0,0.02869059,0.0,2.064
1519490.0,0.01533217,0.0,2.408
1519568.0,0.03051925,0.0,2.064
1519646.0,0.0132497,0.0,2.408
1519724.0,-0.00183577,0.0,2.064
1519803.0,0.01050688,0.0,2.064
1519881.0,0.03310956,0.0,1.72
1519959.0,0.01594169,0.0,2.064
1520037.0,0.0012117,0.0,2.064
1520115.0,0.00893226,0.0,2.064
1520193.0,0.03178899,0.0,2.752
1520271.0,0.01812576,0.0,2.064
1520349.0,0.00329424,0.0,2.752
1520428.0,0.01507821,0.0,2.408
1520506.0,0.01893841,0.0,1.376
1520584.0,0.01609406,0.0,2.064
1520662.0,0.01959877,0.0,2.064
1520740.0,-0.0070167,0.0,1.72
1520818.0,0.02127491,0.0,2.064
1520896.0,0.02818267,0.0,1.72
1520974.0,0.03189051,0.0,1.376
1521052.0,0.01330039,0.0,1.376
1521131.0,0.00349737,0.0,2.064
1521209.0,0.03051925,0.0,2.064
1521287.0,0.01731311,0.0,1.72
1521365.0,-0.00600078,0.0,2.064
1521443.0,0.04123645,0.0,1.376
1521521.0,0.02752238,0.0,1.72
1521599.0,0.03204302,0.0,2.064
1521677.0,0.02686209,0.0,1.72
1521755.0,0.01492569,0.0,2.064
1521833.0,-0.00412144,0.0,2.064
1521912.0,0.0375286,0.0,2.064
1521990.0,0.02122407,0.0,1.72
1522068.0,0.01538293,0.0,2.408
1522146.0,0.01680511,0.0,2.752
1522224.0,0.00751001,0.0,1.72
1522302.0,0.01690671,0.0,1.72
1522380.0,0.01431624,0.0,2.064
1522459.0,0.01228454,0.0,1.72
1522537.0,0.0215288,0.0,2.408
1522615.0,-0.0070167,0.0,2.064
1522693.0,0.01533217,0.0,2.752
1522771.0,0.02132567,0.0,1.72
1522849.0,0.02569388,0.0,2.064
1522927.0,0.0203099,0.0,2.064
1523005.0,-0.00879437,0.0,1.72
1523083.0,0.02792878,0.0,2.408
1523162.0,0.02315425,0.0,2.064
1523240.0,0.02863991,0.0,2.408
1523318.0,0.02472879,0.0,2.064
1523396.0,0.02610028,0.0,2.064
1523474.0,0.03585239,0.0,2.064
1523552.0,0.02173215,0.0,2.408
1523630.0,0.02483039,0.0,2.064
1523708.0,0.02020822,0.0,1.72
1523786.0,0.02041142,0.0,1.72
1523864.0,0.02554152,0.0,2.064
1523943.0,0.03534454,0.0,1.72
1524021.0,0.02569388,0.0,2.064
1524099.0,0.01121785,0.0,1.72
1524177.0,0.00954171,0.0,2.064
1524255.0,0.01035451,0.0,1.72
1524333.0,0.01065924,0.0,2.064
1524411.0,0.01700831,0.0,2.408
1524489.0,0.02726842,0.0,2.064
1524568.0,0.02432247,0.0,2.064
1524646.0,0.03950947,0.0,1.72
1524724.0,0.04159201,0.0,1.72
1524802.0,0.01157349,0.0,1.72
1524880.0,0.01858285,0.0,1.376
1524958.0,0.04839824,0.0,2.064
1525036.0,0.02005586,0.0,2.064
1525114.0,0.03823973,0.0,2.064
1525193.0,0.03082397,0.0,2.064
1525271.0,0.02797962,0.0,2.064
1525349.0,0.04301418,0.0,2.064
1525427.0,0.00684972,0.0,2.064
1525505.0,0.00761169,0.0,2.064
1525583.0,0.02874143,0.0,2.064
1525661.0,0.00745925,0.0,2.064
1525739.0,0.02996048,0.0,2.064
1525817.0,0.01040528,0.0,2.408
1525895.0,0.02975736,0.0,2.064
1525974.0,-0.00747379,0.0,2.408
1526052.0,0.04006823,0.0,2.064
1526130.0,0.02300189,0.0,2.064
1526208.0,0.0240685,0.0,2.064
1526286.0,-0.00584849,0.0,2.064
1526364.0,0.00568143,0.0,2.064
1526442.0,0.00923699,0.0,2.064
1526520.0,0.02594777,0.0,2.064
1526598.0,0.03615719,0.0,2.064
1526677.0,0.02284945,0.0,2.064
1526755.0,0.00359897,0.0,1.376
1526833.0,0.03011285,0.0,2.064
1526911.0,0.00339584,0.0,2.064
1526989.0,0.0221384,0.0,2.064
1527067.0,0.00786565,0.0,1.376
1527145.0,0.02091935,0.0,2.064
1527224.0,0.00151651,0.0,1.72
1527302.0,0.01822728,0.0,2.064
1527380.0,0.01578933,0.0,1.72
1527458.0,0.0200051,0.0,2.064
1527536.0,0.01731311,0.0,1.72
1527614.0,0.01472264,0.0,2.064
1527692.0,0.03295727,0.0,1.72
1527770.0,0.00583387,0.0,1.376
1527848.0,0.01919237,0.0,1.376
1527927.0,0.03437945,0.0,1.72
1528005.0,0.02594777,0.0,2.064
1528083.0,0.01761783,0.0,1.376
1528161.0,0.01015131,0.0,2.064
1528239.0,0.01777027,0.0,1.376
1528317.0,0.01340199,0.0,1.72
1528395.0,0.01817652,0.0,1.376
1528473.0,0.04296342,0.0,1.72
1528551.0,0.01050688,0.0,2.064
1528629.0,-0.00315642,0.0,2.064
1528708.0,0.0353953,0.0,1.72
1528786.0,0.02269716,0.0,2.064
1528864.0,0.01771936,0.0,2.064
1528942.0,0.02930019,0.0,2.064
1529020.0,0.0237637,0.0,2.064
1529098.0,0.00237992,0.0,2.064
1529176.0,-0.00757539,0.0,2.064
1529255.0,0.01660198,0.0,2.064
1529333.0,0.00598623,0.0,2.064
1529411.0,0.02259549,0.0,2.064
1529489.0,0.00806877,0.0,2.064
1529567.0,0.01035451,0.0,2.064
1529645.0,0.03600483,0.0,2.064
1529723.0,0.01131953,0.0,2.064
1529801.0,0.01665274,0.0,2.064
1529879.0,0.00044989,0.0,2.064
1529958.0,0.01680511,0.0,2.408
1530036.0,-0.00422319,0.0,2.064
1530114.0,0.02046219,0.0,2.408
1530192.0,0.01594169,0.0,3.096
1530270.0,0.01411312,0.0,2.752
1530348.0,0.02046219,0.0,1.376
1530426.0,0.02401774,0.0,2.064
1530504.0,0.02056379,0.0,1.376
1530582.0,0.0354969,0.0,2.752
1530660.0,0.03803645,0.0,2.064
1530739.0,0.00171963,0.0,1.72
1530817.0,0.01858285,0.0,2.064
1530895.0,0.01771936,0.0,1.72
1530973.0,0.03554766,0.0,2.752
1531051.0,0.03387152,0.0,2.064
1531129.0,0.01142105,0.0,2.064
1531207.0,0.03727464,0.0,1.72
1531285.0,0.00745925,0.0,2.752
1531364.0,0.01426541,0.0,1.72
1531442.0,0.02818267,0.0,2.064
1531520.0,0.02142727,0.0,2.064
1531598.0,0.02107171,0.0,2.064
1531676.0,0.01152265,0.0,1.72
1531754.0,0.03829049,0.0,2.064
1531832.0,0.02117339,0.0,1.72
1531910.0,0.0239669,0.0,1.376
1531988.0,-0.01260388,0.0,2.064
1532067.0,0.01121785,0.0,2.064
1532145.0,0.01533217,0.0,1.72
1532223.0,0.00024669,0.0,1.72
1532301.0,0.01035451,0.0,2.064
1532379.0,0.02990965,0.0,1.72
1532457.0,-0.00559445,0.0,2.064
1532535.0,0.02264625,0.0,2.064
1532613.0,0.0012117,0.0,1.376
1532691.0,0.02686209,0.0,2.064
1532770.0,0.02823358,0.0,2.064
1532848.0,0.0471285,0.0,2.064
1532926.0,0.03021445,0.0,2.064
1533004.0,0.0130465,0.0,2.064
1533082.0,0.01335123,0.0,2.064
1533160.0,0.01995434,0.0,2.064
1533238.0,0.01685595,0.0,2.408
1533316.0,0.0238653,0.0,2.752
1533395.0,0.03189051,0.0,2.752
1533473.0,0.00380217,0.0,2.408
1533551.0,0.00933851,0.0,2.408
1533629.0,0.01401152,0.0,2.752
1533707.0,0.01451944,0.0,2.752
1533785.0,0.04281106,0.0,2.752
1533863.0,0.01192905,0.0,2.408
1533941.0,0.02589708,0.0,2.408
1534019.0,0.01421472,0.0,2.408
1534098.0,0.03437945,0.0,2.752
1534176.0,0.00456413,0.0,2.408
1534254.0,0.01330039,0.0,2.408
1534332.0,0.02610028,0.0,3.096
1534410.0,0.00288792,0.0,1.376
1534488.0,0.01792256,0.0,2.064
1534566.0,0.01233538,0.0,1.72
1534644.0,0.00436086,0.0,1.72
1534722.0,0.01294483,0.0,1.376
1534801.0,0.01695755,0.0,1.376
1534879.0,0.01939557,0.0,1.72
1534957.0,0.01629718,0.0,1.032
1535035.0,0.01944634,0.0,1.376
1535113.0,0.02924936,0.0,2.064
1535191.0,0.02427178,0.0,1.376
1535269.0,0.00989728,0.0,1.376
1535347.0,0.04844908,0.0,1.72
1535425.0,0.02625264,0.0,2.064
1535504.0,0.0295034,0.0,2.064
1535582.0,0.01710998,0.0,2.064
1535660.0,0.01858285,0.0,2.064
1535738.0,0.00476733,0.0,2.064
1535816.0,0.03224615,0.0,1.376
1535894.0,0.02127491,0.0,1.72
1535972.0,0.02432247,0.0,2.064
1536051.0,0.01380839,0.0,2.064
1536129.0,0.00588471,0.0,2.064
1536207.0,0.01121785,0.0,1.72
1536285.0,0.0069514,0.0,1.72
1536363.0,-0.01438162,0.0,2.408
1536441.0,0.01385915,0.0,2.752
1536519.0,0.00679888,0.0,2.752
1536597.0,0.00080545,0.0,2.752
1536675.0,0.01472264,0.0,2.408
1536753.0,0.02178284,0.0,2.752
1536832.0,0.00364981,0.0,2.408
1536910.0,0.01777027,0.0,2.408
1536988.0,-7.27e-06,0.0,2.752
1537066.0,0.00984659,0.0,2.408
1537144.0,0.006545,0.0,1.72
1537222.0,0.00263396,0.0,1.72
1537300.0,0.03143342,0.0,1.376
1537378.0,0.00593547,0.0,2.064
1537456.0,0.02366218,0.0,1.376
1537535.0,0.01096396,0.0,1.376
1537613.0,0.02132567,0.0,1.72
1537691.0,0.03620795,0.0,1.72
1537769.0,0.02731926,0.0,1.72
1537847.0,0.00989728,0.0,1.72
1537925.0,0.01843056,0.0,1.72
1538003.0,0.00928783,0.0,1.72
1538081.0,0.03244927,0.0,1.72
1538160.0,0.02584624,0.0,1.72
1538238.0,0.00989728,0.0,1.72
1538316.0,0.02696369,0.0,1.72
1538394.0,0.02112255,0.0,2.064
1538472.0,0.04717919,0.0,1.72
1538550.0,-0.00788012,0.0,1.376
1538628.0,0.02483039,0.0,2.064
1538706.0,0.01675435,0.0,1.72
1538785.0,0.01670351,0.0,1.72
1538863.0,0.01650038,0.0,2.064
1538941.0,0.00817037,0.0,1.72
1539019.0,0.02102095,0.0,2.752
1539097.0,0.01660198,0.0,2.408
1539175.0,0.02792878,0.0,2.408
1539253.0,0.01726227,0.0,2.752
1539331.0,-0.004985,0.0,2.408
1539409.0,0.01919237,0.0,2.064
1539487.0,0.02615097,0.0,2.408
1539566.0,0.03503981,0.0,2.064
1539644.0,0.00166887,0.0,2.064
1539722.0,0.03021445,0.0,2.408
1539800.0,0.01507821,0.0,2.064
1539878.0,0.00862754,0.0,1.376
1539956.0,-0.0139753,0.0,1.376
1540034.0,0.01172593,0.0,1.72
1540113.0,0.01573849,0.0,1.376
1540191.0,0.0205131,0.0,1.376
1540269.0,0.00801794,0.0,1.376
1540347.0,-0.00635642,0.0,1.376
1540425.0,0.02361142,0.0,1.72
1540503.0,0.03067153,0.0,1.376
1540581.0,0.00842434,0.0,2.064
1540659.0,0.0062402,0.0,1.72
1540737.0,0.02528748,0.0,0.688
1540816.0,0.01726227,0.0,1.376
1540894.0,0.02107171,0.0,1.376
1540972.0,0.02010662,0.0,1.72
1541050.0,0.01279254,0.0,1.376
1541128.0,0.01350359,0.0,1.72
1541206.0,0.01665274,0.0,2.064
1541284.0,0.02594777,0.0,1.376
1541362.0,0.01832896,0.0,2.064
1541440.0,-0.00097236,0.0,2.064
1541518.0,0.00664667,0.0,2.064
1541597.0,0.01721151,0.0,2.064
1541675.0,0.01832896,0.0,2.064
1541753.0,0.02300189,0.0,2.408
1541831.0,0.00019585,0.0,2.064
1541909.0,0.03316047,0.0,2.752
1541987.0,-0.00366443,0.0,2.064
1542065.0,0.00588471,0.0,2.752
1542143.0,0.02965576,0.0,2.408
1542221.0,0.02665889,0.0,2.408
1542300.0,0.01406236,0.0,2.408
1542378.0,0.02442399,0.0,2.408
1542456.0,0.02955416,0.0,2.408
1542534.0,0.01558613,0.0,1.72
1542612.0,0.02208756,0.0,1.72
1542690.0,-0.00371511,0.0,1.72
1542768.0,0.01650038,0.0,1.72
1542846.0,0.03554766,0.0,2.064
1542925.0,0.01695755,0.0,2.064
1543003.0,0.01462097,0.0,2.064
1543081.0,0.02686209,0.0,2.064
1543159.0,0.0220368,0.0,2.064
1543237.0,0.00527511,0.0,1.72
1543315.0,0.02792878,0.0,2.064
1543393.0,-0.00879437,0.0,1.72
1543471.0,0.0173638,0.0,2.064
1543550.0,0.02894463,0.0,2.064
1543628.0,0.01253858,0.0,1.72
1543706.0,0.01858285,0.0,2.064
1543784.0,0.02401774,0.0,1.72
1543862.0,0.02858907,0.0,2.064
1543940.0,0.01817652,0.0,2.064
1544018.0,0.01685595,0.0,2.064
1544096.0,0.00994811,0.0,2.064
1544174.0,0.01086229,0.0,2.064
1544252.0,0.01690671,0.0,2.064
1544331.0,0.0197003,0.0,2.064
1544409.0,0.01289414,0.0,2.064
1544487.0,0.01751623,0.0,2.064
1544565.0,0.01436716,0.0,2.064
1544643.0,0.0110148,0.0,2.064
1544721.0,0.02625264,0.0,2.064
1544799.0,0.01390999,0.0,2.064
1544878.0,0.01563689,0.0,2.064
1544956.0,0.00700209,0.0,2.064
1545034.0,0.0238653,0.0,2.064
1545112.0,0.02889387,0.0,1.72
1545190.0,0.0044117,0.0,2.408
1545268.0,0.02061462,0.0,2.064
1545346.0,0.0083735,0.0,1.72
1545424.0,0.01010048,0.0,2.064
1545502.0,0.01055756,0.0,2.064
1545581.0,0.01294483,0.0,2.064
1545659.0,0.0126401,0.0,2.064
1545737.0,0.01929405,0.0,1.72
1545815.0,0.01589093,0.0,2.064
1545893.0,0.01289414,0.0,2.064
1545971.0,0.04667126,0.0,1.72
1546049.0,-0.00188661,0.0,2.064
1546127.0,0.026405,0.0,2.064
1546205.0,0.02259549,0.0,1.72
1546284.0,0.00268479,0.0,2.064
1546362.0,0.02223993,0.0,1.72
1546440.0,-0.00788012,0.0,2.064
1546518.0,0.01299567,0.0,2.064
1546596.0,0.01766867,0.0,2.064
1546674.0,0.00212603,0.0,2.064
1546752.0,0.00481802,0.0,2.064
1546830.0,0.00070385,0.0,2.064
1546908.0,0.0219352,0.0,2.064
1546986.0,-0.00777852,0.0,2.064
1547065.0,0.02234153,0.0,2.064
1547143.0,0.02198596,0.0,2.064
1547221.0,0.02533832,0.0,2.064
1547299.0,0.00557991,0.0,1.72
1547377.0,0.00959255,0.0,2.064
1547455.0,0.01365595,0.0,1.72
1547533.0,0.01751623,0.0,2.064
1547612.0,0.02635417,0.0,2.064
1547690.0,0.01416388,0.0,2.064
1547768.0,0.01197982,0.0,2.064
1547846.0,0.01528133,0.0,2.064
1547924.0,0.01873528,0.0,2.064
1548002.0,0.01858285,0.0,2.064
1548080.0,0.00425926,0.0,2.408
1548158.0,0.0179734,0.0,2.408
1548236.0,0.03509058,0.0,2.408
1548315.0,0.02762406,0.0,1.72
1548393.0,0.03077313,0.0,2.064
1548471.0,0.00471642,0.0,2.064
1548549.0,-0.00122632,0.0,2.064
1548627.0,0.02686209,0.0,1.72
1548705.0,0.0067482,0.0,2.064
1548783.0,0.01604322,0.0,2.064
1548861.0,0.0198019,0.0,1.72
1548939.0,0.02747154,0.0,2.064
1549018.0,0.02935088,0.0,2.064
1549096.0,0.01695755,0.0,1.72
1549174.0,0.03696984,0.0,1.376
1549252.0,0.03432861,0.0,2.064
1549330.0,0.00999888,0.0,2.408
1549408.0,0.02635417,0.0,2.064
1549486.0,0.03270331,0.0,2.408
1549564.0,0.02924936,0.0,2.408
1549642.0,0.00913546,0.0,2.064
1549720.0,0.0179734,0.0,2.064
1549799.0,0.02330661,0.0,2.064
1549877.0,0.01467188,0.0,2.064
1549955.0,0.0041069,0.0,2.064
1550033.0,0.0203099,0.0,2.064
1550111.0,0.01233538,0.0,2.064
1550189.0,0.0041069,0.0,2.064
1550267.0,0.01208134,0.0,2.064
1550346.0,0.02655737,0.0,2.064
1550424.0,0.0197003,0.0,2.064
1550502.0,0.00893226,0.0,1.72
1550580.0,0.00852594,0.0,2.064
1550658.0,0.02010662,0.0,2.064
1550736.0,0.01761783,0.0,2.064
1550814.0,0.01233538,0.0,2.064
1550892.0,0.00842434,0.0,2.064
1550970.0,0.01832896,0.0,2.752
1551049.0,0.0245765,0.0,2.752
1551127.0,0.02086851,0.0,2.752
1551205.0,0.02676057,0.0,2.408
1551283.0,0.02112255,0.0,2.408
1551361.0,-0.00894688,0.0,2.408
1551439.0,0.01904001,0.0,2.408
1551517.0,0.02254473,0.0,2.408
1551595.0,0.04382691,0.0,2.408
1551673.0,0.02234153,0.0,2.408
1551752.0,0.00588471,0.0,2.408
1551830.0,0.01604322,0.0,2.408
1551908.0,0.01563689,0.0,2.408
1551986.0,0.01360512,0.0,2.408
1552064.0,0.02183367,0.0,2.064
1552142.0,0.02620181,0.0,2.064
1552220.0,0.00359897,0.0,2.064
1552298.0,0.01015131,0.0,2.408
1552376.0,0.01919237,0.0,2.408
1552455.0,0.00964331,0.0,2.064
1552533.0,0.02960492,0.0,2.064
1552611.0,0.02264625,0.0,2.064
1552689.0,-0.00026131,0.0,2.408
1552767.0,0.04585861,0.0,2.408
1552845.0,0.02381454,0.0,2.064
1552923.0,0.01939557,0.0,2.064
1553002.0,0.01558613,0.0,2.064
1553080.0,0.03219539,0.0,2.064
1553158.0,-0.00615322,0.0,1.376
1553236.0,0.01274163,0.0,1.376
1553314.0,0.02381454,0.0,2.064
1553392.0,-0.0004136,0.0,1.376
1553470.0,0.03270331,0.0,1.72
1553548.0,0.02686209,0.0,1.72
1553626.0,0.01589093,0.0,2.064
1553704.0,0.01487501,0.0,2.752
1553783.0,0.0128433,0.0,2.752
1553861.0,0.02310341,0.0,2.752
1553939.0,0.01614475,0.0,2.408
1554017.0,0.02742086,0.0,2.752
1554095.0,0.01914161,0.0,2.752
1554173.0,0.01919237,0.0,2.752
1554251.0,0.01319887,0.0,2.752
1554329.0,0.00527511,0.0,2.408
1554407.0,-0.00183577,0.0,2.408
1554486.0,0.01812576,0.0,2.064
1554564.0,0.02411927,0.0,2.408
1554642.0,0.01700831,0.0,2.408
1554720.0,0.01390999,0.0,2.408
1554798.0,0.01812576,0.0,2.064
1554876.0,0.03265247,0.0,2.064
1554954.0,0.02447483,0.0,2.752
1555032.0,0.01279254,0.0,2.064
1555110.0,0.00806877,0.0,2.064
1555189.0,0.01975114,0.0,2.408
1555267.0,0.00817037,0.0,2.408
1555345.0,0.04966813,0.0,2.064
1555423.0,0.02112255,0.0,2.064
1555501.0,-0.01854663,0.0,2.064
1555579.0,0.04453796,0.0,2.064
1555657.0,0.02818267,0.0,2.408
1555736.0,0.03564926,0.0,2.064
1555814.0,0.01731311,0.0,2.064
1555892.0,0.01680511,0.0,2.064
1555970.0,0.02610028,0.0,2.064
1556048.0,0.01390999,0.0,2.064
1556126.0,0.01523057,0.0,2.064
1556204.0,0.01944634,0.0,2.064
1556282.0,0.0373254,0.0,1.72
1556360.0,0.01380839,0.0,2.752
1556438.0,0.01157349,0.0,2.752
1556517.0,-0.00249614,0.0,3.096
1556595.0,0.01528133,0.0,3.096
1556673.0,0.01843056,0.0,3.096
1556751.0,0.0313319,0.0,2.408
1556829.0,0.02112255,0.0,2.752
1556907.0,0.00969408,0.0,2.752
1556985.0,0.01563689,0.0,2.752
1557063.0,0.01934474,0.0,2.752
1557141.0,0.03290644,0.0,2.752
1557220.0,0.03722388,0.0,2.752
1557298.0,0.03046841,0.0,2.064
1557376.0,0.03026521,0.0,2.408
1557454.0,-0.004985,0.0,2.064
1557532.0,0.01086229,0.0,3.096
1557610.0,0.00375141,0.0,2.408
1557688.0,0.03229699,0.0,2.408
1557767.0,0.02071615,0.0,2.064
1557845.0,0.0205131,0.0,1.72
1557923.0,0.01827812,0.0,2.064
1558001.0,0.03280484,0.0,2.064
1558079.0,0.00999888,0.0,2.064
1558157.0,0.02549068,0.0,2.064
1558235.0,0.02655737,0.0,2.408
1558313.0,0.03473501,0.0,2.064
1558391.0,-0.00269926,0.0,2.064
1558470.0,0.0198019,0.0,2.064
1558548.0,0.0448936,0.0,2.064
1558626.0,0.02477955,0.0,2.064
1558704.0,0.01792256,0.0,2.064
1558782.0,0.00649416,0.0,2.408
1558860.0,0.02442399,0.0,2.064
1558938.0,0.01817652,0.0,2.064
1559016.0,0.01893841,0.0,2.752
1559094.0,0.03483661,0.0,2.752
1559172.0,0.0200051,0.0,3.44
1559251.0,0.01487501,0.0,2.408
1559329.0,0.03854445,0.0,2.064
1559407.0,0.01726227,0.0,3.096
1559485.0,0.0041069,0.0,2.064
1559563.0,0.00552915,0.0,2.408
1559641.0,-0.00102312,0.0,2.408
1559719.0,0.01771936,0.0,2.408
1559798.0,0.01172593,0.0,2.752
1559875.0,0.0083735,0.0,2.408
1559954.0,0.01380839,0.0,2.408
1560032.0,0.01380839,0.0,2.408
1560110.0,0.02924936,0.0,2.408
1560188.0,0.01309727,0.0,2.408
1560266.0,0.01126876,0.0,2.408
1560344.0,0.01858285,0.0,2.064
1560422.0,0.006545,0.0,2.064
1560501.0,0.02218916,0.0,2.064
1560579.0,0.02178284,0.0,2.064
1560657.0,0.01670351,0.0,2.064
1560735.0,0.02498275,0.0,2.064
1560813.0,-0.00203897,0.0,2.408
1560891.0,0.01015131,0.0,2.064
1560969.0,0.02036059,0.0,2.064
1561047.0,0.02071615,0.0,2.064
1561125.0,0.01421472,0.0,2.064
1561203.0,0.02483039,0.0,2.064
1561282.0,-0.00488348,0.0,2.064
1561360.0,0.02010662,0.0,2.064
1561438.0,0.01954786,0.0,2.064
1561516.0,0.02330661,0.0,2.064
1561594.0,-0.0084388,0.0,2.064
1561672.0,0.0243733,0.0,2.408
1561750.0,0.01614475,0.0,2.064
1561828.0,0.03696984,0.0,2.064
1561906.0,0.01853208,0.0,2.064
1561985.0,0.00700209,0.0,2.064
1562063.0,0.01533217,0.0,2.064
1562141.0,0.01995434,0.0,1.72
1562219.0,0.01594169,0.0,2.064
1562297.0,0.02366218,0.0,2.064
1562375.0,0.03316047,0.0,1.72
1562453.0,0.02543999,0.0,2.064
1562531.0,0.00557991,0.0,2.064
1562610.0,0.0205131,0.0,2.064
1562688.0,0.02234153,0.0,2.064
1562766.0,-0.00259766,0.0,1.376
1562844.0,-0.00610238,0.0,2.064
1562922.0,0.02884303,0.0,1.72
1563000.0,0.03229699,0.0,2.064
1563078.0,0.01934474,0.0,2.064
1563156.0,0.01843056,0.0,2.064
1563235.0,0.03229699,0.0,2.064
1563313.0,0.01848132,0.0,2.064
1563391.0,0.02483039,0.0,2.064
1563469.0,0.00187207,0.0,2.064
1563547.0,0.01817652,0.0,2.064
1563625.0,0.02650653,0.0,2.064
1563703.0,0.02091935,0.0,2.064
1563781.0,0.03331276,0.0,2.064
1563859.0,0.01853208,0.0,2.064
1563938.0,0.00822114,0.0,2.408
1564016.0,0.00705292,0.0,2.064
1564094.0,0.01472264,0.0,2.064
1564172.0,0.02274785,0.0,2.064
1564250.0,0.02584624,0.0,2.064
1564328.0,0.00893226,0.0,2.064
1564406.0,0.01629718,0.0,2.064
1564484.0,0.00029745,0.0,2.064
1564562.0,0.01248782,0.0,1.72
1564640.0,0.02198596,0.0,2.064
1564719.0,0.02127491,0.0,2.064
1564797.0,-0.00605169,0.0,2.064
1564875.0,0.01426541,0.0,2.064
1564953.0,0.01898932,0.0,2.064
1565031.0,0.01705907,0.0,2.064
1565109.0,0.0091863,0.0,2.064
1565187.0,0.00938943,0.0,2.064
1565266.0,0.01909085,0.0,2.064
1565344.0,0.04047456,0.0,2.408
1565422.0,0.03651268,0.0,2.408
1565500.0,-0.00508653,0.0,2.064
1565578.0,0.02279869,0.0,2.064
1565656.0,0.02442399,0.0,2.752
1565734.0,0.00532595,0.0,1.72
1565812.0,0.01614475,0.0,2.064
1565890.0,-0.00269926,0.0,2.064
1565969.0,0.00136414,0.0,2.064
1566047.0,0.02589708,0.0,2.064
1566125.0,0.02579555,0.0,2.408
1566203.0,0.00974499,0.0,2.064
1566281.0,0.00791641,0.0,2.064
1566359.0,0.03503981,0.0,2.064
1566437.0,0.01467188,0.0,2.064
1566515.0,0.03173822,0.0,2.064
1566593.0,0.03412549,0.0,2.064
1566671.0,0.01721151,0.0,2.064
1566750.0,0.00756085,0.0,2.064
1566828.0,0.02010662,0.0,2.064
1566906.0,0.02117339,0.0,2.064
1566984.0,0.02036059,0.0,2.064
1567062.0,0.00370057,0.0,2.064
1567140.0,0.02132567,0.0,2.064
1567218.0,0.03183982,0.0,2.064
1567296.0,0.0200051,0.0,2.064
1567375.0,0.01802408,0.0,2.064
1567453.0,0.00222763,0.0,2.064
1567531.0,0.01777027,0.0,2.064
1567609.0,0.02665889,0.0,2.064
1567687.0,-0.00554376,0.0,2.064
1567765.0,0.02025906,0.0,2.064
1567843.0,0.02594777,0.0,2.064
1567921.0,0.02020822,0.0,2.064
1567999.0,0.02264625,0.0,2.064
1568078.0,0.03102717,0.0,2.064
1568156.0,0.01837972,0.0,2.064
1568234.0,0.0130465,0.0,2.064
1568312.0,0.02777642,0.0,2.064
1568390.0,-0.00178509,0.0,2.064
1568468.0,-0.00782935,0.0,2.064
1568546.0,0.03691915,0.0,2.064
1568624.0,0.02188436,0.0,2.064
1568703.0,0.00527511,0.0,2.408
1568781.0,0.03387152,0.0,2.064
1568859.0,0.02899547,0.0,2.064
1568937.0,0.04336982,0.0,2.064
1569015.0,0.02056379,0.0,2.064
1569093.0,0.02853831,0.0,2.064
1569171.0,0.02249396,0.0,1.72
1569249.0,0.01589093,0.0,1.376
1569327.0,0.03300804,0.0,1.72
1569406.0,0.00903379,0.0,2.064
1569484.0,0.02081782,0.0,1.72
1569562.0,0.01477348,0.0,1.72
1569640.0,0.01533217,0.0,1.376
1569718.0,0.01416388,0.0,1.72
1569796.0,0.01716067,0.0,2.064
1569874.0,0.01523057,0.0,1.72
1569952.0,0.02701453,0.0,1.72
1570030.0,0.02056379,0.0,2.064
1570109.0,0.02427178,0.0,1.72
1570187.0,0.02665889,0.0,2.064
1570265.0,0.00243076,0.0,2.064
1570343.0,0.02091935,0.0,2.064
1570421.0,0.02350974,0.0,2.064
1570499.0,-0.00488348,0.0,1.72
1570577.0,0.00827197,0.0,1.72
1570655.0,0.01375755,0.0,2.064
1570734.0,0.02071615,0.0,2.064
1570812.0,0.02828434,0.0,2.064
1570890.0,0.01873528,0.0,1.72
1570968.0,0.02559235,0.0,2.064
1571046.0,0.0106084,0.0,2.064
1571124.0,0.02264625,0.0,2.064
1571202.0,0.02965576,0.0,2.064
1571280.0,0.0067482,0.0,2.064
1571358.0,-0.00244537,0.0,2.064
1571436.0,0.03422709,0.0,2.064
1571515.0,0.01365595,0.0,2.064
1571593.0,-0.00280086,0.0,2.064
1571671.0,0.02970644,0.0,2.064
1571749.0,0.00842434,0.0,2.064
1571827.0,0.02975736,0.0,1.72
1571905.0,0.0239669,0.0,1.72
1571983.0,0.01502744,0.0,2.064
1572061.0,0.03046841,0.0,2.064
1572140.0,0.04413163,0.0,2.408
1572218.0,0.02361142,0.0,2.064
1572296.0,0.00639263,0.0,2.064
1572374.0,0.00507206,0.0,2.408
1572452.0,0.01685595,0.0,2.408
1572530.0,0.03148426,0.0,2.408
1572608.0,0.03062077,0.0,2.408
1572686.0,0.01010048,0.0,1.376
1572765.0,0.02320501,0.0,1.72
1572843.0,0.0240685,0.0,2.752
1572921.0,0.01995434,0.0,2.408
1572999.0,0.00806877,0.0,2.752
1573077.0,0.0178718,0.0,2.752
1573155.0,0.02295105,0.0,2.408
1573233.0,0.0178718,0.0,2.408
1573311.0,0.00497038,0.0,2.408
1573389.0,0.01726227,0.0,2.752
1573468.0,0.02701453,0.0,1.72
1573546.0,0.03158578,0.0,2.064
1573624.0,0.01375755,0.0,2.064
1573702.0,0.02097019,0.0,1.72
1573780.0,0.01710998,0.0,2.064
1573858.0,0.02025906,0.0,2.408
1573936.0,0.01147189,0.0,2.064
1574014.0,0.01355443,0.0,2.064
1574092.0,0.017567,0.0,2.064
1574171.0,-0.00239454,0.0,1.72
1574249.0,0.02010662,0.0,2.064
1574327.0,0.01177661,0.0,2.408
1574405.0,0.03712228,0.0,2.064
1574483.0,0.01700831,0.0,2.064
1574561.0,0.02259549,0.0,2.064
1574639.0,0.01939557,0.0,2.064
1574717.0,0.02477955,0.0,2.064
1574795.0,0.02015746,0.0,2.064
1574874.0,0.02838587,0.0,2.064
1574952.0,0.00288792,0.0,2.064
1575030.0,0.00903379,0.0,2.064
1575108.0,0.03097633,0.0,2.064
1575186.0,0.03371916,0.0,2.064
1575264.0,0.0335668,0.0,2.064
1575342.0,0.00568143,0.0,2.064
1575420.0,0.01919237,0.0,2.064
1575499.0,0.02218916,0.0,2.064
1575577.0,0.04921097,0.0,2.064
1575655.0,0.01309727,0.0,2.064
1575733.0,0.01365595,0.0,1.72
1575811.0,0.01045604,0.0,1.72
1575889.0,0.0351921,0.0,1.72
1575967.0,0.01137037,0.0,2.064
1576045.0,0.03219539,0.0,1.376
1576123.0,0.00268479,0.0,1.72
1576201.0,0.01015131,0.0,2.064
1576280.0,0.03666512,0.0,2.064
1576358.0,0.01619566,0.0,1.72
1576436.0,0.01015131,0.0,1.376
1576514.0,0.01299567,0.0,2.064
1576592.0,0.01299567,0.0,2.064
1576670.0,0.01436716,0.0,1.72
1576748.0,0.00380217,0.0,1.72
1576827.0,0.00405613,0.0,1.72
1576905.0,0.01319887,0.0,2.064
1576983.0,-0.01199443,0.0,1.72
1577061.0,0.01401152,0.0,1.72
1577139.0,0.01563689,0.0,1.72
1577217.0,-0.00523889,0.0,1.72
1577295.0,0.02015746,0.0,1.72
1577373.0,0.02721765,0.0,1.72
1577451.0,0.018075,0.0,1.72
1577530.0,0.02020822,0.0,1.032
1577608.0,0.01599246,0.0,2.064
1577686.0,0.01573849,0.0,1.72
1577764.0,0.01045604,0.0,1.72
1577842.0,0.00761169,0.0,2.064
1577920.0,0.02645584,0.0,1.72
1577998.0,0.01197982,0.0,1.376
1578076.0,0.0130465,0.0,1.72
1578154.0,0.01914161,0.0,1.72
1578233.0,0.01335123,0.0,1.376
1578311.0,0.01883689,0.0,1.72
1578389.0,0.03712228,0.0,2.064
1578467.0,0.03402389,0.0,1.376
1578545.0,0.02305273,0.0,1.376
1578623.0,0.01365595,0.0,1.376
1578701.0,0.02488123,0.0,2.064
1578779.0,0.01406236,0.0,1.72
1578857.0,0.02549068,0.0,2.064
1578936.0,0.01533217,0.0,1.376
1579014.0,0.02853831,0.0,2.064
1579092.0,0.01472264,0.0,2.064
1579170.0,0.01822728,0.0,1.72
1579248.0,0.01477348,0.0,2.064
1579326.0,0.03620795,0.0,2.408
1579404.0,0.02061462,0.0,2.064
1579482.0,0.01919237,0.0,2.064
1579561.0,0.01309727,0.0,2.064
1579639.0,0.02508435,0.0,2.064
1579717.0,0.00954171,0.0,2.064
1579795.0,0.01710998,0.0,2.064
1579873.0,0.01863368,0.0,2.064
1579951.0,0.01766867,0.0,2.064
1580029.0,0.03702068,0.0,2.064
1580107.0,0.03483661,0.0,2.064
1580185.0,0.01187829,0.0,2.064
1580263.0,0.03199219,0.0,2.064
1580342.0,0.02452566,0.0,2.064
1580420.0,0.02645584,0.0,1.72
1580498.0,0.00471642,0.0,2.064
1580576.0,0.00329424,0.0,2.408
1580654.0,-0.00351199,0.0,2.064
1580732.0,0.00644347,0.0,2.064
1580810.0,0.01289414,0.0,2.408
1580889.0,0.02731926,0.0,2.408
1580967.0,0.00486886,0.0,2.064
1581045.0,0.02823358,0.0,2.064
1581123.0,0.02432247,0.0,2.064
1581201.0,0.01512897,0.0,1.72
1581279.0,0.01883689,0.0,1.376
1581357.0,0.01883689,0.0,3.096
1581435.0,0.02061462,0.0,1.72
1581513.0,0.01863368,0.0,2.064
1581592.0,0.00227832,0.0,1.72
1581670.0,0.00136414,0.0,3.096
1581748.0,0.02518595,0.0,1.032
1581826.0,0.01644962,0.0,3.44
1581904.0,0.00156727,0.0,2.064
1581982.0,0.0237637,0.0,2.064
1582060.0,0.02107171,0.0,1.72
1582138.0,-0.00117548,0.0,2.064
1582216.0,0.01716067,0.0,1.376
1582294.0,0.00705292,0.0,2.408
1582373.0,0.01914161,0.0,2.064
1582451.0,0.02777642,0.0,2.064
1582529.0,0.03224615,0.0,1.72
1582607.0,0.02137651,0.0,1.72
1582685.0,0.03427785,0.0,1.72
1582763.0,0.01695755,0.0,2.408
1582841.0,0.01751623,0.0,1.72
1582919.0,0.01370679,0.0,2.408
1582998.0,0.02249396,0.0,2.064
1583076.0,0.02076691,0.0,2.752
1583154.0,0.0219352,0.0,2.064
1583232.0,0.00999888,0.0,2.752
1583310.0,0.0131481,0.0,2.064
1583388.0,0.01726227,0.0,2.408
1583466.0,0.0487538,0.0,2.064
1583544.0,0.02361142,0.0,2.064
1583623.0,0.00583387,0.0,1.72
1583701.0,0.01472264,0.0,1.72
1583779.0,0.0130465,0.0,2.064
1583857.0,0.01040528,0.0,1.72
1583935.0,0.0315351,0.0,1.72
1584013.0,0.0485506,0.0,2.408
1584091.0,0.00913546,0.0,2.064
1584169.0,0.01863368,0.0,1.72
1584247.0,0.00420857,0.0,2.408
1584326.0,0.02589708,0.0,2.064
1584404.0,0.00649416,0.0,2.064
1584482.0,0.04763627,0.0,2.064
1584560.0,0.01370679,0.0,2.408
1584638.0,0.01233538,0.0,1.376
1584716.0,0.01553529,0.0,2.064
1584794.0,0.01812576,0.0,2.064
1584872.0,0.02655737,0.0,1.72
1584950.0,0.03641115,0.0,2.064
1585029.0,0.02091935,0.0,2.064
1585107.0,0.00446253,0.0,1.72
1585185.0,0.02701453,0.0,2.064
1585263.0,0.02528748,0.0,2.064
1585341.0,-0.00899757,0.0,2.064
1585419.0,0.01568773,0.0,2.752
1585497.0,0.02808114,0.0,2.064
1585575.0,0.01782096,0.0,2.408
1585653.0,0.0200051,0.0,2.064
1585731.0,0.01705907,0.0,2.064
1585810.0,0.0215288,0.0,2.064
1585888.0,0.01563689,0.0,1.376
1585966.0,0.01675435,0.0,1.376
1586044.0,0.03341429,0.0,1.376
1586122.0,0.00649416,0.0,1.032
1586200.0,0.03062077,0.0,1.376
1586278.0,0.01472264,0.0,1.376
1586357.0,0.03407465,0.0,1.72
1586435.0,0.02132567,0.0,1.72
1586513.0,0.02777642,0.0,1.032
1586591.0,0.04743322,0.0,1.72
1586669.0,0.00039898,0.0,2.064
1586747.0,0.00903379,0.0,1.72
1586825.0,0.01238622,0.0,1.72
1586903.0,0.0197003,0.0,1.72
1586981.0,0.01152265,0.0,1.376
1587060.0,0.01558613,0.0,1.72
1587138.0,0.02467803,0.0,1.72
1587216.0,0.03006201,0.0,2.064
1587294.0,0.01126876,0.0,2.408
1587372.0,-0.00163265,0.0,2.408
1587450.0,0.02650653,0.0,2.064
1587528.0,0.01619566,0.0,2.752
1587606.0,0.01147189,0.0,2.408
1587684.0,0.02427178,0.0,2.752
1587762.0,0.0178718,0.0,2.408
1587841.0,0.01462097,0.0,2.408
1587919.0,0.01406236,0.0,2.408
1587997.0,-0.01839434,0.0,2.064
1588075.0,0.01253858,0.0,2.408
1588153.0,0.03250011,0.0,2.064
1588231.0,0.00380217,0.0,2.064
1588309.0,0.02645584,0.0,2.408
1588387.0,0.03879849,0.0,2.064
1588466.0,0.00349737,0.0,2.064
1588544.0,0.01670351,0.0,2.064
1588622.0,0.02371302,0.0,1.72
1588700.0,0.00029745,0.0,1.376
1588778.0,0.00923699,0.0,1.376
1588856.0,0.017567,0.0,1.72
1588934.0,0.02229076,0.0,1.72
1589012.0,0.02086851,0.0,1.72
1589091.0,0.02315425,0.0,2.064
1589169.0,0.02366218,0.0,1.72
1589247.0,0.02188436,0.0,1.72
1589325.0,0.01401152,0.0,1.72
1589403.0,0.01152265,0.0,2.064
1589481.0,0.01131953,0.0,2.064
1589559.0,0.00720529,0.0,1.72
1589637.0,0.02716682,0.0,1.72
1589715.0,0.00232923,0.0,1.376
1589794.0,0.0061386,0.0,1.72
1589872.0,0.01472264,0.0,3.096
1589950.0,0.02340814,0.0,2.408
1590028.0,0.00913546,0.0,2.408
1590106.0,0.01690671,0.0,1.72
1590184.0,0.01959877,0.0,1.72
1590262.0,0.00883074,0.0,2.752
1590340.0,0.04529985,0.0,1.72
1590418.0,0.02462719,0.0,2.408
1590497.0,0.01050688,0.0,1.72
1590575.0,0.01619566,0.0,1.032
1590653.0,0.00806877,0.0,1.72
1590731.0,0.00791641,0.0,1.72
1590809.0,0.02102095,0.0,1.72
1590887.0,0.00847518,0.0,2.408
1590965.0,0.03178899,0.0,1.72
1591043.0,0.00822114,0.0,1.72
1591122.0,0.01385915,0.0,2.064
1591200.0,0.00756085,0.0,1.72
1591278.0,0.0215288,0.0,1.376
1591356.0,0.0103036,0.0,2.064
1591434.0,0.02762406,0.0,1.72
1591512.0,0.01700831,0.0,2.064
1591590.0,0.01106556,0.0,2.064
1591668.0,0.00552915,0.0,2.064
1591746.0,0.01868445,0.0,1.72
1591825.0,0.01258934,0.0,2.064
1591903.0,0.01467188,0.0,2.064
1591981.0,0.00024669,0.0,1.72
1592059.0,0.0051229,0.0,1.72
1592137.0,0.0353953,0.0,1.72
1592215.0,0.01238622,0.0,1.72
1592293.0,0.01609406,0.0,2.064
1592371.0,0.00801794,0.0,1.72
1592449.0,0.02025906,0.0,1.72
1592528.0,0.01848132,0.0,1.376
1592606.0,0.01182745,0.0,1.72
1592684.0,0.03961107,0.0,2.064
1592762.0,0.02340814,0.0,2.064
1592840.0,0.02833518,0.0,2.064
1592918.0,0.02422094,0.0,2.064
1592996.0,0.0220368,0.0,2.064
1593074.0,0.02533832,0.0,2.408
1593153.0,0.03483661,0.0,2.408
1593231.0,0.01162425,0.0,2.408
1593309.0,0.00202451,0.0,2.408
1593387.0,0.02477955,0.0,2.408
1593465.0,0.00639263,0.0,2.408
1593543.0,0.02483039,0.0,2.408
1593621.0,0.02401774,0.0,2.408
1593699.0,0.01396068,0.0,2.408
1593777.0,0.01716067,0.0,2.064
1593856.0,0.02823358,0.0,2.064
1593934.0,0.01086229,0.0,2.064
1594012.0,0.02493207,0.0,2.064
1594090.0,0.04199833,0.0,1.72
1594168.0,0.02564304,0.0,1.72
1594246.0,0.017567,0.0,1.72
1594324.0,-0.00793103,0.0,1.72
1594402.0,0.02483039,0.0,2.064
1594480.0,0.02483039,0.0,1.72
1594559.0,0.02310341,0.0,1.72
1594637.0,0.01086229,0.0,1.72
1594715.0,0.03189051,0.0,1.72
1594793.0,0.04331891,0.0,1.72
1594871.0,0.01548446,0.0,1.72
1594949.0,0.01868445,0.0,1.72
1595027.0,0.00222763,0.0,1.72
1595105.0,0.02518595,0.0,2.064
1595184.0,0.02543999,0.0,1.72
1595262.0,0.02295105,0.0,1.376
1595340.0,0.01604322,0.0,1.376
1595418.0,0.02747154,0.0,1.032
1595496.0,0.03270331,0.0,1.72
1595574.0,0.01863368,0.0,1.376
1595652.0,0.02198596,0.0,1.72
1595730.0,0.02574472,0.0,2.064
1595808.0,0.02249396,0.0,1.032
1595887.0,0.00278632,0.0,1.72
1595965.0,0.00552915,0.0,2.064
1596043.0,0.01167509,0.0,2.064
1596121.0,0.01604322,0.0,1.376
1596199.0,-0.0028517,0.0,2.064
1596277.0,0.00913546,0.0,2.064
1596355.0,0.00796725,0.0,1.72
1596433.0,0.02173215,0.0,2.064
1596511.0,0.01751623,0.0,2.064
1596590.0,0.01822728,0.0,1.376
1596668.0,0.04184604,0.0,2.064
1596746.0,0.00456413,0.0,1.72
1596824.0,0.01228454,0.0,1.72
1596902.0,0.02472879,0.0,2.064
1596980.0,0.02259549,0.0,2.064
1597058.0,0.02356058,0.0,2.064
1597136.0,0.00171963,0.0,1.72
1597214.0,0.02589708,0.0,2.064
1597293.0,0.00979575,0.0,1.72
1597371.0,0.02752238,0.0,2.064
1597449.0,0.01137037,0.0,1.376
1597527.0,0.02046219,0.0,1.72
1597605.0,0.01253858,0.0,1.376
1597683.0,0.00177047,0.0,1.72
1597761.0,0.01385915,0.0,1.72
1597839.0,0.03514134,0.0,1.376
1597918.0,0.01563689,0.0,1.72
1597996.0,0.01258934,0.0,1.72
1598074.0,0.03097633,0.0,1.72
1598152.0,0.01578933,0.0,2.064
1598230.0,0.02742086,0.0,2.064
1598308.0,0.00217679,0.0,2.064
1598386.0,0.00593547,0.0,2.064
1598464.0,0.02325578,0.0,2.064
1598542.0,0.03534454,0.0,2.408
1598621.0,-0.00503576,0.0,1.72
1598699.0,0.02523679,0.0,2.064
1598777.0,0.00502115,0.0,1.72
1598855.0,0.01690671,0.0,1.376
1598933.0,0.01578933,0.0,1.72
1599011.0,0.01253858,0.0,1.72
1599089.0,0.03458265,0.0,2.064
1599167.0,0.0197003,0.0,2.064
1599245.0,0.01106556,0.0,2.064
1599324.0,0.02142727,0.0,2.064
1599402.0,0.01370679,0.0,2.408
1599480.0,0.01624642,0.0,1.032
1599558.0,0.0063418,0.0,2.064
1599636.0,0.02330661,0.0,2.064
1599714.0,0.0215288,0.0,1.72
1599792.0,-0.00071832,0.0,1.72
1599870.0,0.01258934,0.0,1.032
1599949.0,0.00938943,0.0,1.72
1600027.0,0.01121785,0.0,1.72
1600105.0,0.01004971,0.0,2.064
1600183.0,0.01975114,0.0,1.72
1600261.0,0.02472879,0.0,1.72
1600339.0,0.00796725,0.0,1.376
1600417.0,0.0375286,0.0,2.064
1600495.0,0.02533832,0.0,2.408
1600573.0,0.01919237,0.0,2.064
1600652.0,0.01162425,0.0,1.72
1600730.0,0.0174654,0.0,2.064
1600808.0,0.02777642,0.0,2.064
1600886.0,0.0427603,0.0,2.064
1600964.0,0.00659576,0.0,2.064
1601042.0,0.01878605,0.0,2.064
1601120.0,0.01071008,0.0,2.064
1601198.0,0.0313319,0.0,2.064
1601276.0,0.02559235,0.0,2.064
1601355.0,0.02762406,0.0,2.064
1601433.0,0.00486886,0.0,2.064
1601511.0,0.02284945,0.0,2.064
1601589.0,-0.00452791,0.0,2.064
1601667.0,0.03016368,0.0,2.064
1601745.0,0.0124369,0.0,2.064
1601823.0,-0.00996258,0.0,1.72
1601901.0,0.02076691,0.0,2.064
1601980.0,0.02086851,0.0,2.064
1602058.0,0.00898303,0.0,2.064
1602136.0,0.0130465,0.0,2.064
1602214.0,0.02401774,0.0,2.752
1602292.0,0.01258934,0.0,1.72
1602370.0,0.00923699,0.0,2.064
1602448.0,0.01462097,0.0,2.752
1602526.0,0.01639878,0.0,3.096
1602604.0,0.00375141,0.0,3.096
1602683.0,0.00476733,0.0,3.096
1602761.0,0.01517973,0.0,3.096
1602839.0,0.02513519,0.0,2.752
1602917.0,0.02970644,0.0,2.752
1602995.0,0.0124369,0.0,2.408
1603073.0,0.01533217,0.0,2.752
1603151.0,0.03503981,0.0,2.752
1603229.0,0.03041765,0.0,2.408
1603307.0,0.02894463,0.0,2.408
1603385.0,0.02513519,0.0,2.408
1603464.0,0.03310956,0.0,2.408
1603542.0,-0.0133657,0.0,2.408
1603620.0,0.01868445,0.0,2.408
1603698.0,0.01512897,0.0,2.408
1603776.0,0.0205131,0.0,2.408
1603854.0,0.04184604,0.0,2.408
1603932.0,0.03625887,0.0,2.408
1604010.0,0.0131481,0.0,2.064
1604089.0,0.03427785,0.0,2.064
1604167.0,0.03300804,0.0,1.376
1604245.0,0.01431624,0.0,2.064
1604323.0,0.00385301,0.0,2.408
1604401.0,0.02356058,0.0,2.064
1604479.0,0.02036059,0.0,2.064
1604557.0,0.01010048,0.0,2.064
1604635.0,0.01233538,0.0,2.064
1604714.0,0.01741471,0.0,2.064
1604792.0,0.00364981,0.0,2.064
1604870.0,0.01451944,0.0,2.408
1604948.0,0.02208756,0.0,1.72
1605026.0,0.00862754,0.0,2.064
1605104.0,0.0067482,0.0,3.096
1605182.0,0.02945256,0.0,3.096
1605260.0,0.01076076,0.0,3.096
1605338.0,0.02990965,0.0,3.096
1605417.0,0.01152265,0.0,2.752
1605495.0,0.01858285,0.0,2.752
1605573.0,0.02371302,0.0,2.752
1605651.0,0.00954171,0.0,2.752
1605729.0,0.00161803,0.0,2.408
1605807.0,0.00720529,0.0,2.752
1605885.0,0.01086229,0.0,2.408
1605963.0,0.03173822,0.0,2.408
1606042.0,0.01538293,0.0,2.408
1606120.0,0.01330039,0.0,2.408
1606198.0,0.01299567,0.0,2.752
1606276.0,0.00116102,0.0,2.408
1606354.0,0.02269716,0.0,2.064
1606432.0,0.02930019,0.0,2.752
1606510.0,-0.00081992,0.0,2.752
1606588.0,0.02188436,0.0,2.408
1606666.0,-0.0087436,0.0,2.408
1606745.0,0.02681126,0.0,2.064
1606823.0,0.03463334,0.0,2.064
1606901.0,0.00598623,0.0,2.408
1606979.0,0.01975114,0.0,2.408
1607057.0,0.01883689,0.0,2.752
1607135.0,0.00766237,0.0,2.064
1607213.0,0.03427785,0.0,1.376
1607291.0,9.425e-05,0.0,2.064
1607369.0,0.02833518,0.0,2.064
1607447.0,0.01609406,0.0,2.064
1607526.0,0.01929405,0.0,1.72
1607604.0,0.02833518,0.0,2.064
1607682.0,0.00177047,0.0,2.064
1607760.0,0.03844293,0.0,1.376
1607838.0,0.0012117,0.0,3.096
1607916.0,0.01589093,0.0,2.752
1607994.0,0.03158578,0.0,3.096
1608072.0,0.00578318,0.0,2.752
1608151.0,0.01162425,0.0,2.752
1608229.0,0.03138266,0.0,2.752
1608307.0,0.01335123,0.0,2.752
1608385.0,0.02528748,0.0,2.752
1608463.0,0.01076076,0.0,2.408
1608541.0,0.02300189,0.0,2.408
1608619.0,0.02381454,0.0,2.752
1608697.0,0.02594777,0.0,2.408
1608776.0,0.02670973,0.0,2.408
1608854.0,0.02091935,0.0,2.408
1608932.0,0.010202,0.0,2.408
1609010.0,0.01213218,0.0,2.408
1609088.0,0.0220368,0.0,2.408
1609166.0,0.01035451,0.0,2.408
1609244.0,0.01848132,0.0,2.752
1609322.0,0.01792256,0.0,2.408
1609400.0,0.01909085,0.0,2.408
1609479.0,0.00375141,0.0,2.408
1609557.0,0.02508435,0.0,2.064
1609635.0,0.02767482,0.0,2.064
1609713.0,-0.00559445,0.0,2.408
1609791.0,0.02127491,0.0,2.064
1609869.0,0.026405,0.0,2.064
1609947.0,0.02061462,0.0,2.064
1610025.0,0.01279254,0.0,2.408
1610103.0,0.01477348,0.0,2.064
1610182.0,0.01345283,0.0,1.376
1610260.0,0.01294483,0.0,1.376
1610338.0,-0.00823575,0.0,1.72
1610416.0,0.02797962,0.0,1.72
1610494.0,0.02737002,0.0,3.096
1610572.0,0.01858285,0.0,2.752
1610650.0,0.02909699,0.0,2.752
1610728.0,0.01294483,0.0,2.752
1610806.0,0.01228454,0.0,2.752
1610885.0,0.02554152,0.0,2.752
1610963.0,0.01528133,0.0,2.064
1611041.0,0.01330039,0.0,2.064
1611119.0,0.040627,0.0,2.064
1611197.0,0.02091935,0.0,2.408
1611275.0,0.01274163,0.0,2.064
1611353.0,0.01426541,0.0,2.408
1611432.0,0.0110148,0.0,2.064
1611510.0,0.03067153,0.0,2.408
1611588.0,0.01045604,0.0,2.064
1611666.0,0.01086229,0.0,2.408
1611744.0,0.00232923,0.0,1.72
1611822.0,0.0239669,0.0,1.72
1611900.0,0.0126401,0.0,1.72
1611978.0,0.01472264,0.0,2.064
1612056.0,0.02142727,0.0,2.064
1612134.0,0.00888142,0.0,1.72
1612213.0,-0.00076916,0.0,1.72
1612291.0,0.0333636,0.0,1.72
1612369.0,0.0215288,0.0,2.064
1612447.0,0.02371302,0.0,2.064
1612525.0,0.02869059,0.0,2.064
1612603.0,0.00720529,0.0,2.064
1612681.0,0.04529985,0.0,2.064
1612759.0,0.00938943,0.0,2.064
1612837.0,0.02813191,0.0,2.064
1612916.0,0.02589708,0.0,2.064
1612994.0,0.0130465,0.0,2.064
1613072.0,0.01137037,0.0,2.064
1613150.0,0.02874143,0.0,2.064
1613228.0,0.01253858,0.0,2.064
1613306.0,0.01426541,0.0,2.064
1613384.0,0.03702068,0.0,1.72
1613462.0,0.02930019,0.0,2.064
1613541.0,0.01197982,0.0,2.408
1613619.0,0.00177047,0.0,2.408
1613697.0,-0.00762623,0.0,2.064
1613775.0,0.02990965,0.0,2.064
1613853.0,0.02036059,0.0,3.096
1613931.0,0.02391621,0.0,2.064
1614009.0,0.02889387,0.0,2.408
1614087.0,0.02726842,0.0,2.064
1614165.0,0.00801794,0.0,1.376
1614244.0,0.01086229,0.0,2.408
1614322.0,0.02097019,0.0,1.376
1614400.0,0.03524294,0.0,1.72
1614478.0,0.01172593,0.0,2.064
1614556.0,0.02061462,0.0,2.064
1614634.0,0.0313319,0.0,1.376
1614712.0,0.01822728,0.0,2.064
1614790.0,0.01482417,0.0,2.064
1614868.0,0.01223378,0.0,1.72
1614947.0,-0.00076916,0.0,2.064
1615025.0,0.03204302,0.0,2.064
1615103.0,0.02549068,0.0,1.72
1615181.0,0.02290029,0.0,2.064
1615259.0,0.00928783,0.0,2.408
1615337.0,0.01238622,0.0,1.376
1615415.0,0.02046219,0.0,1.72
1615494.0,0.03244927,0.0,2.752
1615572.0,0.02670973,0.0,1.72
1615650.0,0.03443021,0.0,2.064
1615728.0,0.01238622,0.0,2.408
1615806.0,0.04479192,0.0,2.064
1615884.0,0.02508435,0.0,1.72
1615962.0,0.00568143,0.0,2.408
1616040.0,0.00583387,0.0,2.408
1616118.0,0.01812576,0.0,2.752
1616196.0,0.02528748,0.0,2.752
1616275.0,0.00664667,0.0,2.064
1616353.0,0.00852594,0.0,2.064
1616431.0,0.02472879,0.0,2.408
1616509.0,0.02345898,0.0,2.064
1616587.0,-0.00081992,0.0,2.064
1616665.0,0.01299567,0.0,2.064
1616743.0,0.02310341,0.0,2.752
1616821.0,0.01441792,0.0,2.752
1616899.0,0.02122407,0.0,2.064
1616978.0,0.02782711,0.0,2.064
1617056.0,0.01533217,0.0,2.064
1617134.0,0.01355443,0.0,2.408
1617212.0,0.02904616,0.0,2.752
1617290.0,0.02305273,0.0,2.064
1617368.0,0.00684972,0.0,2.408
1617446.0,0.01071008,0.0,2.408
1617524.0,0.01782096,0.0,2.408
1617603.0,0.01416388,0.0,2.408
1617681.0,0.01350359,0.0,2.408
1617759.0,0.02782711,0.0,2.408
1617837.0,0.00019585,0.0,2.064
1617915.0,0.01924313,0.0,2.064
1617993.0,0.01472264,0.0,2.408
1618071.0,0.0239669,0.0,2.064
1618149.0,0.0259986,0.0,2.408
1618227.0,0.02528748,0.0,2.064
1618306.0,0.00979575,0.0,2.752
1618384.0,0.02330661,0.0,2.408
1618462.0,0.02452566,0.0,2.064
1618540.0,0.02696369,0.0,2.064
1618618.0,0.01700831,0.0,2.064
1618696.0,0.00928783,0.0,2.064
1618774.0,0.03280484,0.0,2.408
1618852.0,0.02894463,0.0,2.408
1618930.0,0.02127491,0.0,2.408
1619009.0,0.01578933,0.0,2.752
1619087.0,0.01076076,0.0,2.408
1619165.0,0.01462097,0.0,2.408
1619243.0,0.0124369,0.0,2.064
1619321.0,0.02858907,0.0,2.408
1619399.0,0.01446868,0.0,2.408
1619477.0,0.02168124,0.0,2.408
1619555.0,0.02904616,0.0,2.064
1619633.0,0.00339584,0.0,2.752
1619712.0,0.03991579,0.0,2.064
1619790.0,0.0203099,0.0,1.72
1619868.0,0.01827812,0.0,2.064
1619946.0,0.02025906,0.0,2.408
1620024.0,0.02122407,0.0,2.408
1620102.0,0.02132567,0.0,2.064
1620180.0,0.03224615,0.0,2.064
1620259.0,0.00618943,0.0,2.064
1620337.0,0.0014149,0.0,2.408
1620415.0,0.04301418,0.0,2.064
1620493.0,0.02975736,0.0,3.44
1620571.0,0.03448105,0.0,1.72
1620649.0,0.03605559,0.0,2.064
1620727.0,0.00044989,0.0,2.064
1620805.0,0.02894463,0.0,2.408
1620883.0,0.02274785,0.0,1.72
1620961.0,0.01619566,0.0,2.064
1621040.0,0.00420857,0.0,1.72
1621118.0,0.00832266,0.0,2.064
1621196.0,0.00766237,0.0,2.064
1621274.0,0.01690671,0.0,2.064
1621352.0,0.00349737,0.0,2.064
1621430.0,0.02020822,0.0,1.376
1621508.0,0.02086851,0.0,2.064
1621586.0,0.0108116,0.0,1.72
1621664.0,0.00786565,0.0,2.064
1621742.0,0.01792256,0.0,1.72
1621821.0,0.0221384,0.0,2.064
1621899.0,0.01147189,0.0,2.064
1621977.0,-0.00015956,0.0,2.064
1622055.0,0.01594169,0.0,1.72
1622133.0,0.02020822,0.0,2.408
1622211.0,0.01995434,0.0,2.064
1622289.0,0.02488123,0.0,1.72
1622368.0,0.01827812,0.0,2.064
1622446.0,0.0203099,0.0,2.064
1622524.0,0.02686209,0.0,2.064
1622602.0,0.0238653,0.0,2.064
1622680.0,0.0110148,0.0,1.72
1622758.0,0.03783333,0.0,2.064
1622836.0,0.00791641,0.0,2.064
1622914.0,0.01766867,0.0,2.064
1622992.0,0.01716067,0.0,2.064
1623071.0,0.03448105,0.0,1.72
1623149.0,0.01370679,0.0,2.064
1623227.0,-0.00788012,0.0,2.064
1623305.0,-0.00127709,0.0,2.408
1623383.0,0.03382076,0.0,2.064
1623461.0,0.01406236,0.0,1.72
1623539.0,0.03844293,0.0,2.064
1623617.0,0.02518595,0.0,2.064
1623695.0,0.02549068,0.0,2.064
1623774.0,0.01934474,0.0,1.72
1623852.0,0.01192905,0.0,2.064
1623930.0,0.00969408,0.0,2.408
1624008.0,0.01934474,0.0,1.72
1624086.0,0.01116716,0.0,2.408
1624164.0,0.02284945,0.0,2.064
1624242.0,0.02015746,0.0,2.064
1624320.0,0.03067153,0.0,0.688
1624398.0,0.03905238,0.0,2.064
1624477.0,0.00339584,0.0,1.72
1624555.0,0.04662042,0.0,1.72
1624633.0,0.01924313,0.0,1.72
1624711.0,-0.01021662,0.0,2.408
1624789.0,0.02157964,0.0,2.064
1624867.0,0.03209371,0.0,1.72
1624945.0,0.0067482,0.0,2.064
1625024.0,0.03270331,0.0,2.064
1625102.0,0.03300804,0.0,2.064
1625180.0,0.01096396,0.0,2.064
1625258.0,0.01441792,0.0,1.72
1625336.0,0.04697599,0.0,2.064
1625414.0,0.01025284,0.0,2.064
1625492.0,0.02117339,0.0,2.064
1625570.0,0.01868445,0.0,2.064
1625648.0,0.03046841,0.0,2.064
1625726.0,0.0333636,0.0,1.72
1625805.0,0.03077313,0.0,2.064
1625883.0,0.00786565,0.0,1.72
1625961.0,0.01208134,0.0,2.064
1626039.0,0.02411927,0.0,2.064
1626117.0,0.00974499,0.0,2.064
1626195.0,0.00380217,0.0,2.064
1626273.0,0.01421472,0.0,2.064
1626351.0,0.01502744,0.0,2.064
1626429.0,0.02356058,0.0,2.064
1626508.0,0.00872906,0.0,2.064
1626586.0,0.02432247,0.0,2.064
1626664.0,0.0128433,0.0,2.064
1626742.0,0.02112255,0.0,2.064
1626820.0,0.0237637,0.0,2.064
1626898.0,-0.00894688,0.0,2.064
1626976.0,0.01863368,0.0,1.72
1627055.0,0.00954171,0.0,2.064
1627133.0,0.00385301,0.0,2.064
1627211.0,0.01802408,0.0,2.064
1627289.0,0.02762406,0.0,2.064
1627367.0,0.01858285,0.0,2.064
1627445.0,0.02549068,0.0,1.376
1627523.0,0.00278632,0.0,2.064
1627601.0,0.02965576,0.0,1.72
1627679.0,0.01919237,0.0,2.064
1627757.0,0.02345898,0.0,2.064
1627836.0,0.01375755,0.0,2.064
1627914.0,0.01472264,0.0,1.72
1627992.0,0.03173822,0.0,2.064
1628070.0,0.00197359,0.0,1.72
1628148.0,0.02940172,0.0,1.376
1628226.0,0.01040528,0.0,1.376
1628304.0,0.00786565,0.0,2.064
1628382.0,-0.00335955,0.0,2.064
1628460.0,0.01731311,0.0,1.72
1628539.0,0.0199035,0.0,2.064
1628617.0,0.04006823,0.0,1.72
1628695.0,0.01665274,0.0,1.72
1628773.0,0.01812576,0.0,1.72
1628851.0,0.02676057,0.0,1.376
1628929.0,0.00791641,0.0,2.064
1629007.0,0.00867822,0.0,2.064
1629085.0,0.00649416,0.0,1.72
1629163.0,0.01192905,0.0,1.72
1629242.0,0.00994811,0.0,1.72
1629320.0,0.03082397,0.0,2.064
1629398.0,0.02086851,0.0,2.064
1629476.0,0.0203099,0.0,2.064
1629554.0,0.02335745,0.0,2.408
1629632.0,0.02117339,0.0,2.064
1629710.0,0.01477348,0.0,2.064
1629789.0,0.01553529,0.0,2.064
1629867.0,0.01467188,0.0,2.064
1629945.0,0.01345283,0.0,2.064
1630023.0,0.02863991,0.0,2.064
1630101.0,0.00146574,0.0,2.064
1630179.0,0.03915398,0.0,2.064
1630257.0,0.01898932,0.0,2.408
1630335.0,0.02107171,0.0,2.408
1630413.0,0.01197982,0.0,2.408
1630491.0,0.02381454,0.0,2.408
1630570.0,0.01076076,0.0,2.408
1630648.0,0.02853831,0.0,2.752
1630726.0,0.02371302,0.0,2.752
1630804.0,0.01462097,0.0,2.408
1630882.0,0.01883689,0.0,2.408
1630960.0,0.05418869,0.0,2.064
1631038.0,0.01822728,0.0,2.064
1631116.0,0.02442399,0.0,1.72
1631194.0,0.03869674,0.0,1.72
1631273.0,0.01578933,0.0,2.064
1631351.0,0.00923699,0.0,2.408
1631429.0,0.01710998,0.0,2.408
1631507.0,0.00603707,0.0,2.408
1631585.0,-0.00564529,0.0,2.752
1631663.0,0.0245765,0.0,2.064
1631741.0,0.01319887,0.0,2.064
1631819.0,0.03443021,0.0,1.72
1631898.0,0.00344661,0.0,2.064
1631976.0,0.0221384,0.0,2.064
1632054.0,0.01258934,0.0,1.72
1632132.0,0.01726227,0.0,1.376
1632210.0,0.03524294,0.0,1.376
1632288.0,0.00359897,0.0,2.408
1632366.0,0.01782096,0.0,1.72
1632444.0,0.00893226,0.0,2.408
1632522.0,0.0309255,0.0,2.408
1632601.0,0.02244313,0.0,1.72
1632679.0,0.0199035,0.0,2.064
1632757.0,0.02472879,0.0,2.408
1632835.0,0.03321123,0.0,1.72
1632913.0,0.03041765,0.0,2.408
1632991.0,0.02381454,0.0,2.064
1633069.0,0.02955416,0.0,2.064
1633147.0,0.02462719,0.0,2.064
1633225.0,0.02229076,0.0,1.72
1633304.0,0.0128433,0.0,2.064
1633382.0,0.01380839,0.0,2.064
1633460.0,0.00283708,0.0,2.064
1633538.0,0.01837972,0.0,2.064
1633616.0,0.00888142,0.0,2.064
1633694.0,0.02086851,0.0,2.408
1633772.0,-0.00366443,0.0,2.064
1633850.0,0.01644962,0.0,2.064
1633928.0,0.00375141,0.0,2.408
1634007.0,0.03260171,0.0,2.408
1634085.0,0.01253858,0.0,1.376
1634163.0,-0.00026131,0.0,2.064
1634241.0,0.01238622,0.0,1.72
1634319.0,0.03036673,0.0,1.72
1634397.0,0.0131481,0.0,2.064
1634475.0,0.01721151,0.0,1.72
1634554.0,0.01482417,0.0,1.72
1634632.0,0.04413163,0.0,1.72
1634710.0,0.03737617,0.0,2.408
1634788.0,0.0315351,0.0,1.72
1634866.0,0.03102717,0.0,2.408
1634944.0,0.01345283,0.0,2.064
1635022.0,0.02447483,0.0,1.376
1635100.0,0.00771321,0.0,2.064
1635178.0,0.0334652,0.0,2.064
1635256.0,-0.00219134,0.0,2.408
1635335.0,0.01045604,0.0,2.064
1635413.0,0.0205131,0.0,2.408
1635491.0,0.03625887,0.0,2.752
1635569.0,0.02645584,0.0,2.408
1635647.0,0.02813191,0.0,2.064
1635725.0,0.0238653,0.0,2.064
1635803.0,0.0203099,0.0,2.064
1635881.0,0.02909699,0.0,2.064
1635959.0,0.00349737,0.0,2.064
1636038.0,-0.00366443,0.0,1.376
1636116.0,0.02655737,0.0,2.064
1636194.0,0.006545,0.0,2.408
1636272.0,0.03575086,0.0,2.752
1636350.0,0.00136414,0.0,2.408
1636428.0,0.01771936,0.0,2.064
1636506.0,-0.00407068,0.0,2.408
1636585.0,0.03341429,0.0,2.752
1636663.0,-0.00666114,0.0,2.752
1636741.0,0.00598623,0.0,3.096
1636819.0,-0.00706754,0.0,2.752
1636897.0,0.0245765,0.0,2.752
1636975.0,-0.00071832,0.0,2.752
1637053.0,0.01223378,0.0,2.752
1637131.0,0.02229076,0.0,2.408
1637209.0,-0.01504199,0.0,2.408
1637287.0,0.01380839,0.0,2.408
1637366.0,0.01401152,0.0,2.408
1637444.0,0.01157349,0.0,2.064
1637522.0,0.00771321,0.0,1.376
1637600.0,0.02853831,0.0,1.376
1637678.0,0.02411927,0.0,1.376
1637756.0,0.01731311,0.0,1.376
1637834.0,0.02670973,0.0,1.72
1637912.0,0.01721151,0.0,1.032
1637990.0,0.00903379,0.0,1.376
1638069.0,0.02061462,0.0,1.72
1638147.0,0.03123022,0.0,1.376
1638225.0,0.02833518,0.0,2.064
1638303.0,0.03295727,0.0,1.72
1638381.0,0.01213218,0.0,1.376
1638459.0,0.02945256,0.0,1.72
1638537.0,0.02584624,0.0,1.72
1638616.0,-7.27e-06,0.0,1.032
1638694.0,0.02005586,0.0,1.72
1638772.0,0.02874143,0.0,1.032
1638850.0,0.01192905,0.0,1.376
1638928.0,-0.00168349,0.0,1.72
1639006.0,0.00974499,0.0,1.72
1639084.0,0.04433484,0.0,1.72
1639162.0,0.01883689,0.0,2.064
1639240.0,0.02869059,0.0,2.752
1639319.0,-0.00249614,0.0,2.408
1639397.0,0.03427785,0.0,2.752
1639475.0,0.01076076,0.0,2.408
1639553.0,0.02300189,0.0,2.752
1639631.0,0.00979575,0.0,1.376
1639709.0,0.02630333,0.0,2.408
1639787.0,-0.00295322,0.0,2.064
1639865.0,0.00690049,0.0,2.064
1639943.0,0.02467803,0.0,2.064
1640021.0,0.0198019,0.0,2.408
1640100.0,0.02371302,0.0,2.064
1640178.0,0.01873528,0.0,2.064
1640256.0,-0.00513736,0.0,1.032
1640334.0,0.01751623,0.0,1.376
1640412.0,0.02315425,0.0,1.376
1640490.0,0.01467188,0.0,1.376
1640568.0,0.01507821,0.0,2.064
1640646.0,0.0240685,0.0,1.72
1640725.0,0.02305273,0.0,1.72
1640803.0,0.01568773,0.0,1.72
1640881.0,0.01975114,0.0,1.72
1640959.0,0.01944634,0.0,1.376
1641037.0,0.00085622,0.0,1.72
1641115.0,0.0126401,0.0,2.064
1641193.0,0.01624642,0.0,1.72
1641271.0,0.02137651,0.0,2.408
1641350.0,0.02493207,0.0,1.72
1641428.0,0.00461482,0.0,1.72
1641506.0,0.00171963,0.0,1.72
1641584.0,-0.00193737,0.0,2.064
1641662.0,0.02330661,0.0,1.376
1641740.0,0.02528748,0.0,2.064
1641818.0,-0.00539133,0.0,2.408
1641896.0,0.00629103,0.0,2.064
1641974.0,0.02427178,0.0,2.064
1642052.0,0.0351921,0.0,3.44
1642131.0,0.00745925,0.0,2.064
1642209.0,0.01213218,0.0,2.064
1642287.0,0.02721765,0.0,2.064
1642365.0,0.00309104,0.0,2.064
1642443.0,0.01462097,0.0,2.064
1642521.0,0.01197982,0.0,2.752
1642599.0,0.00232923,0.0,2.408
1642677.0,0.00618943,0.0,2.752
1642756.0,0.02701453,0.0,1.72
1642834.0,-0.01209596,0.0,1.376
1642912.0,0.00100858,0.0,2.064
1642990.0,0.026405,0.0,1.376
1643068.0,0.01248782,0.0,1.72
1643146.0,0.01858285,0.0,1.376
1643224.0,0.01426541,0.0,1.376
1643302.0,0.00542762,0.0,1.376
1643380.0,0.03006201,0.0,1.72
1643459.0,-0.00747379,0.0,1.72
1643537.0,0.00491962,0.0,1.376
1643615.0,0.02549068,0.0,1.72
1643693.0,0.00568143,0.0,2.064
1643771.0,0.01076076,0.0,1.376
1643849.0,0.0245765,0.0,1.72
1643927.0,-5.803e-05,0.0,2.064
1644005.0,0.03239859,0.0,1.72
1644083.0,-0.01057218,0.0,1.72
1644162.0,0.00557991,0.0,1.72
1644240.0,0.01924313,0.0,2.064
1644318.0,0.03067153,0.0,2.064
1644396.0,0.00237992,0.0,2.064
1644474.0,0.00959255,0.0,2.408
1644552.0,0.01330039,0.0,2.408
1644630.0,0.01258934,0.0,2.064
1644708.0,0.01670351,0.0,2.064
1644786.0,0.01949717,0.0,1.72
1644865.0,0.01299567,0.0,2.408
1644943.0,-0.00046443,0.0,2.064
1645021.0,0.00156727,0.0,2.064
1645099.0,0.02701453,0.0,2.064
1645177.0,0.00232923,0.0,2.064
1645255.0,0.01685595,0.0,2.064
1645333.0,0.01995434,0.0,2.064
1645411.0,0.01091313,0.0,2.064
1645490.0,0.01558613,0.0,1.72
1645568.0,0.01309727,0.0,2.064
1645646.0,0.02325578,0.0,2.064
1645724.0,0.01660198,0.0,1.72
1645802.0,0.01863368,0.0,2.064
1645880.0,0.01319887,0.0,2.064
1645958.0,-0.00183577,0.0,2.064
1646036.0,0.01766867,0.0,2.064
1646114.0,0.03417632,0.0,2.064
1646193.0,0.01959877,0.0,2.064
1646271.0,0.01289414,0.0,2.064
1646349.0,0.02772558,0.0,2.064
1646427.0,0.0259986,0.0,2.064
1646505.0,0.0130465,0.0,2.064
1646583.0,0.01040528,0.0,2.064
1646661.0,0.01634802,0.0,2.064
1646739.0,0.02010662,0.0,2.064
1646817.0,0.01025284,0.0,2.064
1646896.0,0.03250011,0.0,1.72
1646974.0,0.017567,0.0,2.064
1647052.0,0.02305273,0.0,2.064
1647130.0,0.0239669,0.0,2.064
1647208.0,0.01345283,0.0,2.064
1647286.0,0.02361142,0.0,2.064
1647364.0,0.02325578,0.0,2.064
1647443.0,0.00618943,0.0,2.064
1647521.0,0.00334508,0.0,2.064
1647599.0,0.01690671,0.0,1.72
1647677.0,0.0203099,0.0,2.064
1647755.0,0.01731311,0.0,2.064
1647833.0,0.00370057,0.0,2.064
1647911.0,0.00705292,0.0,2.064
1647989.0,0.02056379,0.0,1.72
1648067.0,0.01766867,0.0,1.72
1648145.0,0.0200051,0.0,2.064
1648224.0,0.00862754,0.0,2.408
1648302.0,0.01533217,0.0,1.72
1648380.0,0.02340814,0.0,1.72
1648458.0,0.02549068,0.0,2.064
1648536.0,0.01660198,0.0,2.064
1648614.0,0.04611265,0.0,2.064
1648692.0,0.04545221,0.0,1.72
1648770.0,0.01197982,0.0,2.064
1648849.0,0.03138266,0.0,2.064
1648927.0,0.00116102,0.0,2.064
1649005.0,0.02569388,0.0,2.064
1649083.0,0.02559235,0.0,2.064
1649161.0,0.0106084,0.0,2.064
1649239.0,0.02848739,0.0,2.064
1649317.0,0.00867822,0.0,2.064
1649395.0,0.02066539,0.0,2.408
1649473.0,0.0083735,0.0,2.064
1649551.0,0.00568143,0.0,2.064
1649630.0,0.02670973,0.0,2.064
1649708.0,0.02264625,0.0,2.064
1649786.0,-0.00193737,0.0,1.72
1649864.0,0.00253236,0.0,2.064
1649942.0,0.00461482,0.0,2.064
1650020.0,0.01116716,0.0,2.064
1650098.0,0.00263396,0.0,2.064
1650177.0,0.0173638,0.0,2.064
1650255.0,0.0375286,0.0,2.064
1650333.0,0.02706529,0.0,2.064
1650411.0,0.01340199,0.0,2.064
1650489.0,0.03285575,0.0,2.064
1650567.0,0.01944634,0.0,2.064
1650645.0,0.02249396,0.0,2.064
1650723.0,0.03016368,0.0,2.064
1650801.0,0.0259986,0.0,1.72
1650880.0,0.00883074,0.0,2.064
1650958.0,0.01985274,0.0,2.064
1651036.0,0.00552915,0.0,2.064
1651114.0,0.01274163,0.0,2.064
1651192.0,0.02366218,0.0,2.064
1651270.0,0.02142727,0.0,2.064
1651348.0,0.03209371,0.0,2.064
1651426.0,0.02797962,0.0,2.064
1651504.0,0.01446868,0.0,2.064
1651582.0,0.01528133,0.0,2.064
1651661.0,0.0173638,0.0,2.064
1651739.0,0.03869674,0.0,1.72
1651817.0,0.02361142,0.0,2.064
1651895.0,0.02290029,0.0,1.72
1651973.0,0.01045604,0.0,2.064
1652051.0,0.02782711,0.0,2.064
1652129.0,0.01309727,0.0,2.064
1652207.0,0.03884918,0.0,2.064
1652285.0,0.01959877,0.0,2.064
1652364.0,0.02625264,0.0,2.064
1652442.0,0.02127491,0.0,1.72
1652520.0,0.02477955,0.0,2.064
1652598.0,0.00801794,0.0,2.064
1652676.0,0.01858285,0.0,2.064
1652754.0,0.01629718,0.0,2.064
1652832.0,0.01406236,0.0,2.064
1652910.0,0.00811954,0.0,1.72
1652989.0,0.02086851,0.0,2.064
1653067.0,0.02005586,0.0,2.064
1653145.0,0.02533832,0.0,2.064
1653223.0,0.01873528,0.0,2.064
1653301.0,0.01096396,0.0,2.064
1653379.0,0.01868445,0.0,2.064
1653457.0,0.0083735,0.0,2.064
1653535.0,0.01213218,0.0,2.064
1653614.0,0.01365595,0.0,1.72
1653692.0,0.01898932,0.0,2.064
1653770.0,0.00466566,0.0,1.72
1653848.0,0.00314188,0.0,2.064
1653926.0,0.02762406,0.0,2.064
1654004.0,0.00507206,0.0,2.064
1654082.0,-0.0005152,0.0,2.408
1654160.0,0.00862754,0.0,2.752
1654238.0,0.01873528,0.0,2.752
1654317.0,0.02691293,0.0,2.408
1654395.0,0.0110148,0.0,2.752
1654473.0,0.0219352,0.0,2.408
1654551.0,0.00583387,0.0,2.408
1654629.0,0.01197982,0.0,2.408
1654707.0,0.02061462,0.0,2.408
1654785.0,0.01914161,0.0,2.408
1654863.0,0.01172593,0.0,2.408
1654942.0,0.01898932,0.0,2.408
1655020.0,0.04133805,0.0,2.408
1655098.0,0.02467803,0.0,2.752
1655176.0,0.02046219,0.0,2.408
1655254.0,0.02823358,0.0,2.408
1655332.0,0.03001117,0.0,2.408
1655410.0,0.03900162,0.0,2.408
1655488.0,0.03234775,0.0,2.064
1655566.0,0.02716682,0.0,2.408
1655645.0,0.02320501,0.0,2.064
1655723.0,0.03808737,0.0,2.064
1655801.0,0.01995434,0.0,2.064
1655879.0,0.02975736,0.0,2.064
1655957.0,0.02279869,0.0,2.064
1656035.0,0.01015131,0.0,2.064
1656113.0,-0.00188661,0.0,2.064
1656191.0,0.03011285,0.0,1.72
1656269.0,0.00827197,0.0,2.064
1656347.0,0.00796725,0.0,1.72
1656426.0,0.0239669,0.0,2.064
1656504.0,-0.0025469,0.0,2.408
1656582.0,-0.00234385,0.0,2.064
1656660.0,0.01172593,0.0,3.096
1656738.0,0.02604937,0.0,2.752
1656816.0,0.01604322,0.0,2.752
1656894.0,0.03382076,0.0,3.44
1656972.0,0.00034829,0.0,2.408
1657051.0,0.03793493,0.0,2.064
1657129.0,0.03493821,0.0,2.408
1657207.0,0.01904001,0.0,1.72
1657285.0,0.03295727,0.0,2.064
1657363.0,0.0313319,0.0,2.408
1657441.0,0.02432247,0.0,2.408
1657519.0,0.03646199,0.0,2.408
1657597.0,0.02726842,0.0,2.064
1657675.0,0.00684972,0.0,2.064
1657754.0,0.01106556,0.0,2.064
1657832.0,0.01131953,0.0,2.408
1657910.0,0.02508435,0.0,2.064
1657988.0,0.04113485,0.0,2.408
1658066.0,0.01436716,0.0,1.376
1658144.0,0.02259549,0.0,2.064
1658222.0,0.04098256,0.0,2.064
1658300.0,0.01015131,0.0,2.064
1658378.0,0.01594169,0.0,2.064
1658457.0,0.00852594,0.0,2.064
1658535.0,0.01406236,0.0,2.064
1658613.0,0.03031605,0.0,2.064
1658691.0,0.02091935,0.0,2.064
1658769.0,0.01269094,0.0,2.064
1658847.0,0.00710376,0.0,2.064
1658925.0,0.03534454,0.0,2.408
1659003.0,0.03534454,0.0,2.064
1659081.0,0.0215288,0.0,2.064
1659160.0,0.02772558,0.0,2.064
1659238.0,0.02513519,0.0,2.064
1659316.0,0.02107171,0.0,1.72
1659394.0,0.01360512,0.0,2.752
1659472.0,0.00359897,0.0,2.752
1659550.0,0.01538293,0.0,3.784
1659628.0,-0.00148021,0.0,2.064
1659707.0,0.03849361,0.0,2.408
1659785.0,0.00959255,0.0,2.752
1659863.0,0.02315425,0.0,3.096
1659941.0,0.00822114,0.0,2.408
1660019.0,0.02005586,0.0,2.752
1660097.0,0.03361756,0.0,2.408
1660175.0,0.02173215,0.0,3.096
1660253.0,0.01741471,0.0,2.408
1660331.0,0.03143342,0.0,2.408
1660409.0,0.01695755,0.0,2.408
1660488.0,0.02020822,0.0,2.064
1660566.0,0.02904616,0.0,2.064
1660644.0,0.01162425,0.0,1.72
1660722.0,-0.00234385,0.0,2.064
1660800.0,0.02767482,0.0,2.064
1660878.0,0.01462097,0.0,2.408
1660956.0,0.02604937,0.0,2.408
1661034.0,0.03295727,0.0,2.064
1661113.0,0.00517358,0.0,2.064
1661191.0,0.01812576,0.0,2.064
1661269.0,0.03168746,0.0,2.064
1661347.0,-0.00163265,0.0,2.408
1661425.0,0.01584002,0.0,2.064
1661503.0,0.0131481,0.0,2.064
1661581.0,0.02676057,0.0,2.064
1661659.0,0.00867822,0.0,2.064
1661738.0,0.00735765,0.0,1.376
1661816.0,0.01411312,0.0,2.064
1661894.0,0.02869059,0.0,2.064
1661972.0,0.01766867,0.0,2.064
1662050.0,0.0287922,0.0,3.096
1662128.0,0.01995434,0.0,2.752
1662206.0,-0.00361359,0.0,2.408
1662284.0,0.02731926,0.0,2.752
1662362.0,0.01660198,0.0,2.752
1662441.0,0.01578933,0.0,2.408
1662519.0,0.00684972,0.0,2.408
1662597.0,0.02752238,0.0,2.752
1662675.0,0.02061462,0.0,2.408
1662753.0,0.00603707,0.0,2.752
1662831.0,0.02157964,0.0,2.408
1662909.0,0.0203099,0.0,2.408
1662987.0,0.00761169,0.0,2.408
1663065.0,0.03437945,0.0,2.408
1663143.0,0.01533217,0.0,2.408
1663222.0,0.0179734,0.0,2.408
1663300.0,0.00842434,0.0,2.408
1663378.0,0.01614475,0.0,2.408
1663456.0,0.0085767,0.0,2.064
1663534.0,0.02620181,0.0,2.408
1663612.0,0.01705907,0.0,2.064
1663690.0,0.01589093,0.0,2.408
1663768.0,0.00507206,0.0,2.064
1663847.0,0.0069514,0.0,2.064
1663925.0,0.03224615,0.0,2.408
1664003.0,0.0197003,0.0,2.408
1664081.0,0.00710376,0.0,2.064
1664159.0,0.01172593,0.0,2.408
1664237.0,0.02005586,0.0,2.064
1664315.0,0.00827197,0.0,2.408
1664393.0,0.02320501,0.0,2.064
1664472.0,0.01182745,0.0,2.064
1664550.0,0.02477955,0.0,2.408
1664628.0,0.03011285,0.0,2.064
1664706.0,-0.00721983,0.0,2.064
1664784.0,-0.00635642,0.0,2.064
1664862.0,0.03016368,0.0,2.064
1664940.0,0.02797962,0.0,2.064
1665018.0,0.03834125,0.0,2.064
1665096.0,0.01228454,0.0,2.408
1665174.0,0.03209371,0.0,2.408
1665253.0,0.00994811,0.0,2.064
1665331.0,0.01385915,0.0,2.064
1665409.0,0.00933851,0.0,2.064
1665487.0,0.01944634,0.0,2.408
1665565.0,0.00801794,0.0,2.064
1665643.0,0.0108116,0.0,1.72
1665721.0,0.01644962,0.0,2.064
1665800.0,0.02615097,0.0,2.064
1665878.0,0.01523057,0.0,1.72
1665956.0,0.01197982,0.0,2.064
1666034.0,0.01507821,0.0,2.064
1666112.0,0.01863368,0.0,1.72
1666190.0,0.0106084,0.0,2.064
1666268.0,0.01909085,0.0,2.408
1666346.0,0.0245765,0.0,2.064
1666424.0,-0.0043754,0.0,2.064
1666502.0,0.01467188,0.0,2.064
1666581.0,0.02025906,0.0,2.064
1666659.0,0.00502115,0.0,2.064
1666737.0,0.01507821,0.0,2.064
1666815.0,-0.0027501,0.0,2.064
1666893.0,-0.00102312,0.0,2.064
1666971.0,0.00933851,0.0,2.064
1667049.0,0.01472264,0.0,2.064
1667127.0,0.03585239,0.0,2.064
1667205.0,0.01462097,0.0,2.064
1667284.0,0.01233538,0.0,1.72
1667362.0,-0.00767699,0.0,2.064
1667440.0,0.01441792,0.0,2.064
1667518.0,0.02472879,0.0,2.064
1667596.0,0.01197982,0.0,2.064
1667674.0,0.02503359,0.0,2.064
1667752.0,0.0126401,0.0,2.064
1667830.0,0.03036673,0.0,2.064
1667909.0,0.02559235,0.0,2.408
1667987.0,0.04174437,0.0,2.064
1668065.0,0.00659576,0.0,2.064
1668143.0,0.01924313,0.0,2.064
1668221.0,0.01258934,0.0,2.064
1668299.0,0.0124369,0.0,2.064
1668377.0,0.02173215,0.0,1.72
1668455.0,0.02284945,0.0,2.064
1668533.0,0.02792878,0.0,2.064
1668612.0,0.00913546,0.0,2.064
1668690.0,0.02234153,0.0,2.064
1668768.0,0.02041142,0.0,2.064
1668846.0,0.03021445,0.0,2.064
1668924.0,0.0240685,0.0,2.064
1669002.0,0.03879849,0.0,2.064
1669080.0,-0.01077538,0.0,2.064
1669158.0,0.00690049,0.0,2.064
1669236.0,0.01360512,0.0,2.064
1669315.0,0.01665274,0.0,2.064
1669393.0,0.00710376,0.0,1.72
1669471.0,0.01035451,0.0,1.72
1669549.0,0.03026521,0.0,2.064
1669627.0,0.00502115,0.0,2.064
1669705.0,-0.00706754,0.0,1.72
1669783.0,0.02493207,0.0,2.064
1669861.0,0.00542762,0.0,1.72
1669940.0,0.0349889,0.0,2.064
1670018.0,0.0335668,0.0,1.72
1670096.0,0.01426541,0.0,2.064
1670174.0,0.0239669,0.0,2.064
1670252.0,0.01919237,0.0,2.064
1670330.0,0.02097019,0.0,1.72
1670408.0,0.03310956,0.0,1.72
1670486.0,0.00969408,0.0,2.064
1670564.0,0.01985274,0.0,2.064
1670643.0,0.03839201,0.0,2.064
1670721.0,0.0315351,0.0,2.064
1670799.0,0.03204302,0.0,2.064
1670877.0,0.02523679,0.0,1.72
1670955.0,0.03727464,0.0,2.064
1671033.0,0.01716067,0.0,2.064
1671111.0,0.02874143,0.0,2.064
1671189.0,0.02091935,0.0,2.064
1671267.0,0.00283708,0.0,2.064
1671346.0,0.03890002,0.0,2.064
1671424.0,0.03859522,0.0,2.064
1671502.0,0.02076691,0.0,2.064
1671580.0,0.02996048,0.0,1.72
1671658.0,0.0243733,0.0,2.064
1671736.0,0.02401774,0.0,2.064
1671814.0,0.04347135,0.0,2.064
1671892.0,0.02188436,0.0,2.064
1671970.0,0.02066539,0.0,2.064
1672049.0,0.01091313,0.0,2.064
1672127.0,0.01274163,0.0,2.064
1672205.0,0.01563689,0.0,2.408
1672283.0,0.03768096,0.0,2.064
1672361.0,0.02274785,0.0,2.064
1672439.0,0.0043101,0.0,2.064
1672517.0,0.01137037,0.0,2.064
1672596.0,0.01883689,0.0,2.064
1672674.0,0.02919859,0.0,2.064
1672752.0,0.02579555,0.0,1.72
1672830.0,0.02620181,0.0,2.064
1672908.0,0.0295034,0.0,2.064
1672986.0,0.00969408,0.0,2.064
1673064.0,0.01269094,0.0,2.064
1673142.0,0.018075,0.0,1.72
1673220.0,0.01553529,0.0,2.064
1673298.0,0.02234153,0.0,1.376
1673377.0,0.02787794,0.0,2.064
1673455.0,0.00781481,0.0,1.72
1673533.0,0.01827812,0.0,1.72
1673611.0,0.01528133,0.0,2.752
1673689.0,0.03168746,0.0,1.376
1673767.0,0.00751001,0.0,2.408
1673845.0,0.0083735,0.0,2.064
1673923.0,0.0108116,0.0,2.064
1674001.0,0.01548446,0.0,1.376
1674080.0,0.03945878,0.0,1.72
1674158.0,0.0239669,0.0,2.408
1674236.0,0.0239669,0.0,2.064
1674314.0,0.02361142,0.0,2.064
1674392.0,0.01827812,0.0,2.064
1674470.0,0.00817037,0.0,2.408
1674548.0,0.03062077,0.0,2.064
1674626.0,0.03229699,0.0,2.064
1674705.0,0.01507821,0.0,2.064
1674783.0,0.02670973,0.0,2.064
1674861.0,0.01954786,0.0,2.064
1674939.0,0.02772558,0.0,2.064
1675017.0,0.02792878,0.0,1.72
1675095.0,0.03661428,0.0,1.72
1675173.0,0.01883689,0.0,2.064
1675251.0,0.02792878,0.0,2.064
1675330.0,0.02427178,0.0,2.064
1675408.0,0.03671588,0.0,1.72
1675486.0,0.00065302,0.0,2.064
1675564.0,0.01726227,0.0,1.376
1675642.0,0.02488123,0.0,1.72
1675720.0,0.02097019,0.0,2.064
1675798.0,0.01228454,0.0,2.408
1675876.0,0.01665274,0.0,1.72
1675954.0,0.02559235,0.0,1.376
1676032.0,0.01893841,0.0,2.064
1676111.0,0.018075,0.0,2.064
1676189.0,0.01218302,0.0,2.064
1676267.0,0.02955416,0.0,2.064
1676345.0,0.01817652,0.0,2.064
1676423.0,0.02767482,0.0,2.064
1676501.0,0.01416388,0.0,2.064
1676579.0,0.02081782,0.0,1.72
1676657.0,0.02706529,0.0,1.72
1676735.0,0.00766237,0.0,1.376
1676814.0,0.01985274,0.0,1.72
1676892.0,0.00603707,0.0,2.064
1676970.0,0.02356058,0.0,2.064
1677048.0,0.01914161,0.0,2.064
1677126.0,0.01777027,0.0,1.72
1677204.0,-0.0068135,0.0,2.408
1677282.0,0.02066539,0.0,2.064
1677361.0,0.01289414,0.0,2.408
1677439.0,0.03067153,0.0,2.064
1677517.0,0.0085767,0.0,2.064
1677595.0,0.04077936,0.0,2.064
1677673.0,0.006545,0.0,2.064
1677751.0,0.00288792,0.0,1.72
1677829.0,0.02005586,0.0,2.064
1677907.0,0.02549068,0.0,2.064
1677985.0,0.01253858,0.0,2.064
1678064.0,0.00573235,0.0,2.064
1678142.0,0.00354828,0.0,2.064
1678220.0,0.02356058,0.0,2.064
1678298.0,0.02315425,0.0,2.064
1678376.0,0.00933851,0.0,2.064
1678454.0,0.00304028,0.0,2.064
1678532.0,0.0259986,0.0,2.408
1678610.0,0.01370679,0.0,2.064
1678688.0,0.03534454,0.0,2.064
1678766.0,0.01584002,0.0,2.064
1678845.0,0.01873528,0.0,2.064
1678923.0,0.01624642,0.0,2.064
1679001.0,0.01010048,0.0,2.064
1679079.0,0.03006201,0.0,2.064
1679157.0,0.02737002,0.0,2.408
1679235.0,0.01995434,0.0,2.064
1679313.0,0.01639878,0.0,2.408
1679391.0,0.00989728,0.0,2.064
1679470.0,0.03671588,0.0,2.064
1679548.0,0.02041142,0.0,2.408
1679626.0,0.0353953,0.0,2.064
1679704.0,0.00085622,0.0,2.064
1679782.0,0.02005586,0.0,2.064
1679860.0,0.02218916,0.0,2.064
1679938.0,0.02904616,0.0,2.064
1680016.0,0.01487501,0.0,2.064
1680095.0,0.02315425,0.0,1.72
1680173.0,0.02097019,0.0,2.064
1680251.0,0.02411927,0.0,2.064
1680329.0,0.00390385,0.0,2.064
1680407.0,0.00989728,0.0,2.064
1680485.0,0.02889387,0.0,2.752
1680563.0,0.02909699,0.0,2.064
1680641.0,0.02787794,0.0,2.064
1680719.0,0.02549068,0.0,2.064
1680798.0,0.01573849,0.0,2.064
1680876.0,0.02803031,0.0,1.72
1680954.0,0.0131481,0.0,2.064
1681032.0,0.00029745,0.0,2.064
1681110.0,0.02858907,0.0,1.72
1681188.0,0.03392236,0.0,2.064
1681266.0,-0.01036906,0.0,1.72
1681344.0,0.0243733,0.0,2.064
1681422.0,0.010202,0.0,1.72
1681500.0,0.03265247,0.0,2.064
1681579.0,0.03138266,0.0,1.72
1681657.0,0.01700831,0.0,2.408
1681735.0,0.00497038,0.0,1.72
1681813.0,0.01177661,0.0,1.72
1681891.0,0.02356058,0.0,1.72
1681969.0,0.02874143,0.0,2.064
1682047.0,0.02508435,0.0,2.064
1682125.0,0.0128433,0.0,2.408
1682204.0,0.02503359,0.0,2.064
1682282.0,0.03183982,0.0,2.064
1682360.0,0.00629103,0.0,1.72
1682438.0,0.02630333,0.0,2.064
1682516.0,0.01512897,0.0,1.376
1682594.0,0.00928783,0.0,1.72
1682672.0,0.0220368,0.0,2.064
1682750.0,0.01624642,0.0,2.064
1682829.0,0.03681748,0.0,2.408
1682907.0,0.02462719,0.0,2.408
1682985.0,0.01675435,0.0,2.064
1683063.0,0.02325578,0.0,2.064
1683141.0,0.01147189,0.0,2.408
1683219.0,0.02792878,0.0,1.72
1683297.0,0.01157349,0.0,1.72
1683375.0,0.00938943,0.0,2.064
1683453.0,0.00944019,0.0,2.064
1683532.0,0.01487501,0.0,2.064
1683610.0,0.0309255,0.0,2.064
1683688.0,0.01563689,0.0,2.064
1683766.0,0.03595399,0.0,2.064
1683844.0,0.00380217,0.0,2.064
1683922.0,0.02401774,0.0,2.408
1684000.0,0.01609406,0.0,1.72
1684078.0,0.02234153,0.0,2.064
1684156.0,0.01558613,0.0,2.064
1684235.0,0.02589708,0.0,2.064
1684313.0,0.01319887,0.0,2.064
1684391.0,0.00283708,0.0,2.064
1684469.0,0.00888142,0.0,2.064
1684547.0,0.01121785,0.0,2.064
1684625.0,0.00827197,0.0,2.064
1684703.0,0.02731926,0.0,2.064
1684781.0,0.01106556,0.0,2.064
1684860.0,0.02467803,0.0,2.064
1684938.0,0.0295034,0.0,2.064
1685016.0,0.0103036,0.0,2.064
1685094.0,0.02869059,0.0,2.064
1685172.0,0.01634802,0.0,2.064
1685250.0,0.00928783,0.0,2.064
1685328.0,-0.00528973,0.0,1.72
1685406.0,0.02498275,0.0,2.064
1685484.0,0.01639878,0.0,2.064
1685563.0,0.02081782,0.0,2.064
1685641.0,0.0259986,0.0,2.408
1685719.0,0.02137651,0.0,2.064
1685797.0,0.02046219,0.0,2.064
1685875.0,0.01594169,0.0,2.064
1685953.0,0.01929405,0.0,2.064
1686031.0,0.02366218,0.0,1.72
1686109.0,0.02295105,0.0,2.064
1686187.0,0.01710998,0.0,1.72
1686265.0,0.00710376,0.0,1.376
1686344.0,0.02757322,0.0,1.376
1686422.0,0.02716682,0.0,1.72
1686500.0,0.02041142,0.0,1.72
1686578.0,0.00751001,0.0,1.376
1686656.0,0.01675435,0.0,2.064
1686734.0,-0.00798172,0.0,1.376
1686812.0,0.0215288,0.0,1.72
1686890.0,0.00359897,0.0,1.376
1686969.0,0.01335123,0.0,1.72
1687047.0,0.01558613,0.0,2.064
1687125.0,0.00339584,0.0,1.72
1687203.0,0.01629718,0.0,2.064
1687281.0,0.03382076,0.0,1.376
1687359.0,0.02813191,0.0,2.064
1687437.0,0.02645584,0.0,2.064
1687515.0,0.02594777,0.0,2.064
1687594.0,0.02173215,0.0,1.72
1687672.0,-0.00178509,0.0,3.096
1687750.0,0.01741471,0.0,2.752
1687828.0,0.00751001,0.0,2.752
1687906.0,0.02254473,0.0,2.752
1687984.0,-0.0006168,0.0,2.408
1688062.0,0.00659576,0.0,2.408
1688140.0,0.00629103,0.0,2.408
1688218.0,0.02107171,0.0,2.408
1688296.0,0.02381454,0.0,2.408
1688375.0,0.02985896,0.0,2.408
1688453.0,0.03483661,0.0,2.064
1688531.0,0.01873528,0.0,2.408
1688609.0,0.03341429,0.0,2.408
1688687.0,0.00486886,0.0,2.408
1688765.0,-0.00559445,0.0,2.064
1688843.0,0.02960492,0.0,2.408
1688921.0,0.02762406,0.0,2.408
1689000.0,0.02670973,0.0,1.376
1689078.0,0.01172593,0.0,1.72
1689156.0,0.02543999,0.0,2.064
1689234.0,0.00933851,0.0,1.72
1689312.0,0.0243733,0.0,2.064
1689390.0,0.01949717,0.0,1.72
1689468.0,0.01441792,0.0,1.376
1689546.0,0.02493207,0.0,1.72
1689625.0,0.02411927,0.0,2.408
1689703.0,-0.00716907,0.0,1.72
1689781.0,0.01782096,0.0,1.72
1689859.0,0.01203065,0.0,1.72
1689937.0,0.01675435,0.0,2.408
1690015.0,0.03580163,0.0,1.376
1690093.0,0.00334508,0.0,1.376
1690171.0,-0.00909917,0.0,1.72
1690249.0,0.02345898,0.0,1.032
1690328.0,0.01523057,0.0,2.064
1690406.0,0.01086229,0.0,2.408
1690484.0,0.02813191,0.0,1.72
1690562.0,0.00273548,0.0,2.408
1690640.0,0.01731311,0.0,2.064
1690718.0,0.01538293,0.0,1.72
1690796.0,0.01650038,0.0,2.064
1690874.0,0.02838587,0.0,2.064
1690952.0,0.0131481,0.0,2.752
1691031.0,0.01106556,0.0,1.72
1691109.0,0.02742086,0.0,2.064
1691187.0,0.03148426,0.0,1.72
1691265.0,0.01873528,0.0,1.72
1691343.0,0.04093172,0.0,2.064
1691421.0,0.01462097,0.0,2.064
1691499.0,0.01721151,0.0,2.064
1691577.0,0.00852594,0.0,2.064
1691656.0,0.00944019,0.0,2.064
1691734.0,0.01670351,0.0,2.064
1691812.0,0.01182745,0.0,2.064
1691890.0,-0.01433086,0.0,2.064
1691968.0,0.01959877,0.0,2.064
1692046.0,0.03270331,0.0,2.064
1692124.0,0.01726227,0.0,2.064
1692202.0,0.01568773,0.0,2.064
1692280.0,0.03417632,0.0,2.064
1692359.0,-0.0115372,0.0,2.064
1692437.0,0.01065924,0.0,2.064
1692515.0,0.01553529,0.0,2.064
1692593.0,0.02488123,0.0,1.72
1692671.0,0.02427178,0.0,1.72
1692749.0,0.01025284,0.0,1.72
1692827.0,0.01680511,0.0,1.72
1692905.0,0.01411312,0.0,2.064
1692983.0,0.01487501,0.0,2.064
1693062.0,0.02356058,0.0,1.72
1693140.0,0.01604322,0.0,2.408
1693218.0,0.01071008,0.0,2.408
1693296.0,0.01350359,0.0,2.752
1693374.0,0.01523057,0.0,2.752
1693452.0,0.05256317,0.0,2.752
1693530.0,0.00395453,0.0,2.752
1693608.0,0.01644962,0.0,2.408
1693686.0,0.0200051,0.0,2.408
1693765.0,0.02579555,0.0,2.408
1693843.0,0.01299567,0.0,2.408
1693921.0,0.00471642,0.0,2.408
1693999.0,-0.00010887,0.0,2.064
1694077.0,0.00060225,0.0,2.064
1694155.0,0.01045604,0.0,2.408
1694233.0,0.03783333,0.0,2.064
1694311.0,0.00207519,0.0,2.064
1694389.0,0.01543377,0.0,1.376
1694468.0,0.01716067,0.0,1.376
1694546.0,0.00405613,0.0,1.376
1694624.0,0.03453181,0.0,1.376
1694702.0,0.01203065,0.0,1.72
1694780.0,0.01609406,0.0,1.376
1694858.0,-5.803e-05,0.0,1.376
1694936.0,0.0243733,0.0,1.376
1695014.0,0.01497661,0.0,1.72
1695092.0,0.02711613,0.0,1.376
1695171.0,0.01660198,0.0,1.376
1695249.0,0.02610028,0.0,1.032
1695327.0,0.02813191,0.0,1.376
1695405.0,0.01116716,0.0,1.376
1695483.0,0.02762406,0.0,1.72
1695561.0,0.05002369,0.0,1.72
1695639.0,0.02615097,0.0,1.72
1695718.0,0.02681126,0.0,1.72
1695796.0,0.02787794,0.0,2.064
1695874.0,0.02279869,0.0,2.064
1695952.0,0.00791641,0.0,2.064
1696030.0,0.01289414,0.0,2.064
1696108.0,0.00872906,0.0,2.752
1696186.0,0.00471642,0.0,2.752
1696264.0,0.0067482,0.0,2.752
1696342.0,0.00893226,0.0,2.752
1696421.0,0.01269094,0.0,2.408
1696499.0,0.0179734,0.0,2.752
1696577.0,0.02564304,0.0,2.408
1696655.0,0.02020822,0.0,2.408
1696733.0,-0.01392446,0.0,2.408
1696811.0,0.01949717,0.0,2.064
1696889.0,0.02102095,0.0,2.408
1696967.0,0.00791641,0.0,2.408
1697045.0,0.02564304,0.0,2.064
1697123.0,0.02086851,0.0,2.064
1697202.0,0.00075462,0.0,2.064
1697280.0,0.02244313,0.0,2.064
1697358.0,0.01131953,0.0,2.064
1697436.0,0.03107793,0.0,1.72
1697514.0,0.01289414,0.0,2.064
1697592.0,0.02625264,0.0,2.064
1697670.0,0.03686832,0.0,2.064
1697749.0,0.02350974,0.0,2.064
1697827.0,-0.00234385,0.0,2.064
1697905.0,0.02498275,0.0,2.064
1697983.0,0.01055756,0.0,2.064
1698061.0,0.00217679,0.0,2.064
1698139.0,0.01116716,0.0,1.376
1698217.0,0.02533832,0.0,1.72
1698295.0,0.02239244,0.0,2.064
1698373.0,0.01223378,0.0,2.064
1698451.0,0.04778879,0.0,1.72
1698530.0,0.01401152,0.0,1.72
1698608.0,0.01634802,0.0,2.064
1698686.0,0.01883689,0.0,1.72
1698764.0,0.00949103,0.0,1.72
1698842.0,0.01924313,0.0,1.376
1698920.0,-0.00732143,0.0,2.064
1698998.0,0.01751623,0.0,1.72
1699076.0,0.00502115,0.0,1.72
1699155.0,0.00781481,0.0,1.72
1699233.0,0.01274163,0.0,2.064
1699311.0,0.03509058,0.0,1.376
1699389.0,0.00618943,0.0,1.376
1699467.0,0.01573849,0.0,2.064
1699545.0,0.01949717,0.0,2.064
1699623.0,0.02447483,0.0,1.72
1699701.0,0.01157349,0.0,1.72
1699779.0,0.0334652,0.0,1.376
1699858.0,0.00776405,0.0,1.376
1699936.0,0.01863368,0.0,1.72
1700014.0,0.0083735,0.0,2.064
1700092.0,0.02757322,0.0,1.72
1700170.0,0.02960492,0.0,1.376
1700248.0,0.01477348,0.0,2.064
1700326.0,0.02259549,0.0,2.064
1700404.0,0.0132497,0.0,2.064
1700483.0,0.02965576,0.0,2.064
1700561.0,0.0061386,0.0,2.064
1700639.0,0.01309727,0.0,2.064
1700717.0,0.02676057,0.0,2.064
1700795.0,0.02188436,0.0,2.064
1700873.0,0.03046841,0.0,1.72
1700951.0,0.01350359,0.0,2.064
1701029.0,0.02513519,0.0,2.064
1701107.0,0.03097633,0.0,2.064
1701186.0,0.01299567,0.0,2.064
1701264.0,0.01091313,0.0,2.064
1701342.0,0.00801794,0.0,2.064
1701420.0,0.00928783,0.0,2.064
1701498.0,0.02127491,0.0,2.064
1701576.0,0.02559235,0.0,2.064
1701654.0,-0.00315642,0.0,2.064
1701732.0,0.0198019,0.0,2.064
1701810.0,-0.00224217,0.0,2.064
1701888.0,0.026405,0.0,2.064
1701967.0,0.01553529,0.0,2.064
1702045.0,0.01639878,0.0,1.376
1702123.0,0.01385915,0.0,2.064
1702201.0,0.01477348,0.0,1.72
1702279.0,0.02523679,0.0,2.064
1702357.0,0.02330661,0.0,2.064
1702435.0,0.02488123,0.0,2.064
1702514.0,0.00192283,0.0,2.064
1702592.0,0.02488123,0.0,2.064
1702670.0,0.01233538,0.0,2.064
1702748.0,0.01131953,0.0,2.064
1702826.0,0.01563689,0.0,2.064
1702904.0,0.02726842,0.0,2.064
1702982.0,0.02371302,0.0,2.064
1703060.0,0.05230936,0.0,2.064
1703138.0,0.00237992,0.0,2.064
1703217.0,0.01218302,0.0,2.064
1703295.0,0.0091863,0.0,2.064
1703373.0,0.02234153,0.0,2.064
1703451.0,0.02523679,0.0,2.064
1703529.0,0.03702068,0.0,2.064
1703607.0,0.01700831,0.0,1.72
1703685.0,0.04230313,0.0,2.064
1703763.0,0.00364981,0.0,2.408
1703841.0,0.02533832,0.0,2.064
1703920.0,0.00100858,0.0,2.064
1703998.0,0.00725612,0.0,2.064
1704076.0,0.00898303,0.0,2.064
1704154.0,0.01111633,0.0,2.064
1704232.0,0.0198019,0.0,2.064
1704310.0,0.01543377,0.0,2.064
1704388.0,0.01964961,0.0,2.064
1704466.0,0.02173215,0.0,2.408
1704544.0,0.02549068,0.0,2.064
1704623.0,0.00095774,0.0,2.064
1704701.0,0.02010662,0.0,2.408
1704779.0,0.01863368,0.0,1.72
1704857.0,0.00486886,0.0,2.064
1704935.0,0.0090847,0.0,2.408
1705013.0,0.01904001,0.0,2.064
1705091.0,0.01177661,0.0,2.064
1705169.0,0.04403011,0.0,2.064
1705247.0,0.00679888,0.0,2.064
1705326.0,0.02239244,0.0,2.064
1705404.0,0.02061462,0.0,2.064
1705482.0,0.01177661,0.0,2.752
1705560.0,0.02696369,0.0,2.752
1705638.0,0.0128433,0.0,2.752
1705716.0,0.00649416,0.0,2.752
1705794.0,-0.00015956,0.0,2.408
1705872.0,0.0243733,0.0,2.752
1705951.0,0.01553529,0.0,2.408
1706029.0,0.01949717,0.0,2.408
1706107.0,0.02208756,0.0,2.408
1706185.0,0.01197982,0.0,2.752
1706263.0,0.01766867,0.0,2.408
1706341.0,0.01446868,0.0,2.064
1706419.0,0.02041142,0.0,2.408
1706497.0,0.01624642,0.0,1.72
1706575.0,0.02244313,0.0,2.408
1706654.0,0.0173638,0.0,1.72
1706732.0,0.03585239,0.0,2.408
1706810.0,0.02208756,0.0,2.408
1706888.0,0.02884303,0.0,2.064
1706966.0,0.00354828,0.0,2.064
1707044.0,0.01964961,0.0,2.408
1707122.0,0.00177047,0.0,2.064
1707200.0,0.01939557,0.0,2.408
1707279.0,0.01451944,0.0,2.408
1707357.0,0.0203099,0.0,2.064
1707435.0,0.01142105,0.0,2.064
1707513.0,0.00557991,0.0,2.408
1707591.0,0.01837972,0.0,2.064
1707669.0,0.00136414,0.0,2.064
1707747.0,0.02290029,0.0,2.408
1707825.0,0.01863368,0.0,2.064
1707903.0,0.00517358,0.0,2.408
1707982.0,0.01919237,0.0,2.064
1708060.0,0.0108116,0.0,2.408
1708138.0,0.03702068,0.0,2.064
1708216.0,0.00278632,0.0,3.096
1708294.0,0.02015746,0.0,2.408
1708372.0,0.02264625,0.0,2.408
1708450.0,0.03686832,0.0,2.408
1708528.0,0.00827197,0.0,2.752
1708606.0,0.01238622,0.0,2.752
1708684.0,0.03183982,0.0,2.408
1708763.0,0.01655122,0.0,2.408
1708841.0,0.01065924,0.0,2.408
1708919.0,0.02813191,0.0,2.752
1708997.0,0.03544606,0.0,2.408
1709075.0,0.01040528,0.0,2.408
1709153.0,0.0041069,0.0,2.064
1709231.0,0.02523679,0.0,2.408
1709309.0,-0.00239454,0.0,2.752
1709388.0,0.00832266,0.0,2.408
1709466.0,0.00227832,0.0,2.408
1709544.0,0.01477348,0.0,2.408
1709622.0,0.02965576,0.0,2.064
1709700.0,0.02142727,0.0,2.408
1709778.0,0.0205131,0.0,2.064
1709856.0,0.01182745,0.0,2.064
1709934.0,0.01050688,0.0,2.064
1710012.0,0.0012117,0.0,2.064
1710091.0,0.02737002,0.0,1.376
1710169.0,0.00832266,0.0,2.064
1710247.0,0.01192905,0.0,1.72
1710325.0,0.01766867,0.0,2.064
1710403.0,0.0043101,0.0,2.064
1710481.0,0.01025284,0.0,2.064
1710559.0,0.00669736,0.0,2.064
1710637.0,0.02122407,0.0,2.064
1710716.0,-0.00600078,0.0,2.064
1710794.0,0.01446868,0.0,2.064
1710872.0,0.01985274,0.0,2.752
1710950.0,0.01126876,0.0,2.408
1711028.0,0.02564304,0.0,2.752
1711106.0,0.00964331,0.0,2.408
1711184.0,0.02711613,0.0,2.064
1711262.0,0.02889387,0.0,2.408
1711340.0,0.00024669,0.0,2.064
1711419.0,0.02274785,0.0,2.064
1711497.0,0.02300189,0.0,2.064
1711575.0,0.03382076,0.0,2.408
1711653.0,0.00273548,0.0,2.064
1711731.0,0.01985274,0.0,2.064
1711809.0,0.01705907,0.0,2.408
1711887.0,0.02025906,0.0,2.064
1711966.0,0.03666512,0.0,1.72
1712044.0,0.01040528,0.0,2.064
1712122.0,0.00827197,0.0,1.72
1712200.0,0.02737002,0.0,2.064
1712278.0,0.02467803,0.0,1.72
1712356.0,0.00476733,0.0,2.064
1712434.0,0.02518595,0.0,1.72
1712512.0,0.01010048,0.0,1.72
1712590.0,0.01634802,0.0,2.064
1712668.0,0.01589093,0.0,2.064
1712747.0,0.01589093,0.0,2.064
1712825.0,0.00314188,0.0,2.064
1712903.0,0.01868445,0.0,2.408
1712981.0,0.0198019,0.0,1.72
1713059.0,0.01233538,0.0,2.064
1713137.0,0.0467221,0.0,1.72
1713215.0,0.01827812,0.0,1.72
1713293.0,0.01208134,0.0,1.72
1713371.0,0.0130465,0.0,2.064
1713449.0,0.00283708,0.0,1.72
1713528.0,0.01492569,0.0,2.408
1713606.0,0.02645584,0.0,2.752
1713684.0,0.02076691,0.0,2.752
1713762.0,0.02488123,0.0,2.408
1713840.0,0.0351921,0.0,2.408
1713918.0,0.01812576,0.0,2.408
1713996.0,0.00847518,0.0,2.408
1714074.0,-0.00412144,0.0,2.408
1714153.0,0.01751623,0.0,2.752
1714231.0,0.00740849,0.0,2.064
1714309.0,0.01578933,0.0,2.752
1714387.0,0.01802408,0.0,2.408
1714465.0,-0.00330886,0.0,2.752
1714543.0,0.02290029,0.0,2.752
1714621.0,0.01863368,0.0,2.752
1714699.0,0.00339584,0.0,2.408
1714778.0,0.0173638,0.0,2.064
1714856.0,0.01644962,0.0,2.408
1714934.0,0.00436086,0.0,2.752
1715012.0,0.01431624,0.0,2.408
1715090.0,0.02523679,0.0,2.408
1715168.0,0.01162425,0.0,2.408
1715246.0,0.01269094,0.0,2.408
1715324.0,0.00461482,0.0,3.096
1715402.0,0.03392236,0.0,2.408
1715481.0,0.02066539,0.0,2.064
1715559.0,-0.00264857,0.0,2.064
1715637.0,0.01893841,0.0,2.064
1715715.0,0.02853831,0.0,2.064
1715793.0,0.00725612,0.0,2.064
1715871.0,0.03412549,0.0,2.064
1715949.0,0.01467188,0.0,1.72
1716027.0,0.01218302,0.0,2.064
1716105.0,0.01218302,0.0,2.064
1716184.0,0.01360512,0.0,2.064
1716262.0,0.017567,0.0,2.064
1716340.0,0.02041142,0.0,1.72
1716418.0,0.00166887,0.0,2.064
1716496.0,0.0087799,0.0,2.064
1716574.0,0.04677294,0.0,2.064
1716652.0,0.01523057,0.0,2.064
1716731.0,0.0240685,0.0,2.064
1716809.0,0.0045133,0.0,2.408
1716887.0,0.01197982,0.0,2.064
1716965.0,0.00735765,0.0,2.064
1717043.0,0.02686209,0.0,2.064
1717121.0,0.01914161,0.0,2.752
1717199.0,0.02498275,0.0,2.064
1717277.0,0.02361142,0.0,2.064
1717355.0,-0.00330886,0.0,2.064
1717433.0,0.01909085,0.0,2.752
1717512.0,0.02792878,0.0,2.064
1717590.0,0.01995434,0.0,2.752
1717668.0,0.02650653,0.0,2.064
1717746.0,0.01792256,0.0,2.064
1717824.0,0.01512897,0.0,2.064
1717902.0,0.02889387,0.0,2.064
1717980.0,0.00989728,0.0,2.752
1718058.0,0.01269094,0.0,2.752
1718136.0,0.02843671,0.0,2.408
1718215.0,0.01441792,0.0,2.408
1718293.0,0.02940172,0.0,2.064
1718371.0,0.01086229,0.0,2.752
1718449.0,0.01086229,0.0,2.408
1718527.0,0.02295105,0.0,2.064
1718605.0,0.01071008,0.0,2.408
1718683.0,0.01741471,0.0,2.064
1718761.0,0.04077936,0.0,2.064
1718840.0,0.02330661,0.0,2.064
1718918.0,0.02493207,0.0,2.408
1718996.0,0.00700209,0.0,2.408
1719074.0,0.01421472,0.0,2.408
1719152.0,0.02513519,0.0,2.064
1719230.0,0.02813191,0.0,2.064
1719308.0,0.02122407,0.0,2.408
1719386.0,0.02498275,0.0,2.408
1719464.0,0.02630333,0.0,2.064
1719543.0,0.01624642,0.0,2.408
1719621.0,0.00888142,0.0,1.72
1719699.0,0.01858285,0.0,1.72
1719777.0,0.02488123,0.0,2.064
1719855.0,0.0351921,0.0,2.064
1719933.0,0.00649416,0.0,2.064
1720011.0,0.0087799,0.0,2.064
1720089.0,0.02914783,0.0,2.064
1720167.0,0.02711613,0.0,2.064
1720246.0,0.00827197,0.0,2.064
1720324.0,-0.01387377,0.0,1.72
1720402.0,0.00100858,0.0,1.72
1720480.0,0.01431624,0.0,2.064
1720558.0,0.02259549,0.0,2.064
1720636.0,0.0311287,0.0,1.72
1720714.0,0.02884303,0.0,2.064
1720792.0,0.00593547,0.0,2.064
1720871.0,0.03676672,0.0,1.376
1720949.0,0.01441792,0.0,2.408
1721027.0,0.02107171,0.0,2.064
1721105.0,0.02462719,0.0,2.064
1721183.0,0.01771936,0.0,2.408
1721261.0,0.00664667,0.0,2.064
1721339.0,0.01497661,0.0,2.064
1721417.0,0.00822114,0.0,2.064
1721495.0,0.02792878,0.0,2.064
1721574.0,0.03773173,0.0,2.064
1721652.0,0.01650038,0.0,2.064
1721730.0,0.00243076,0.0,2.408
1721808.0,0.02483039,0.0,1.376
1721886.0,0.02625264,0.0,1.72
1721964.0,0.00537671,0.0,2.064
1722042.0,0.02579555,0.0,2.064
1722120.0,0.02554152,0.0,2.064
1722198.0,0.0044117,0.0,2.064
1722277.0,-0.00036283,0.0,2.064
1722355.0,0.0132497,0.0,2.064
1722433.0,0.02401774,0.0,1.72
1722511.0,0.00832266,0.0,2.064
1722589.0,0.02813191,0.0,1.72
1722667.0,0.02345898,0.0,2.064
1722745.0,0.03031605,0.0,2.064
1722823.0,0.01837972,0.0,2.064
1722902.0,0.00552915,0.0,2.064
1722980.0,0.01543377,0.0,2.064
1723058.0,0.01076076,0.0,2.064
1723136.0,0.02701453,0.0,2.064
1723214.0,0.02091935,0.0,2.064
1723292.0,0.02122407,0.0,2.752
1723370.0,0.00425926,0.0,1.72
1723448.0,0.04057616,0.0,2.064
1723526.0,0.01040528,0.0,2.064
1723605.0,0.03564926,0.0,2.408
1723683.0,0.00954171,0.0,1.72
1723761.0,0.00928783,0.0,2.408
1723839.0,0.03910322,0.0,2.064
1723917.0,0.00893226,0.0,2.064
1723995.0,0.01248782,0.0,2.408
1724073.0,0.03722388,0.0,2.064
1724151.0,0.02935088,0.0,2.408
1724229.0,0.01223378,0.0,2.064
1724307.0,0.01035451,0.0,2.752
1724386.0,0.02335745,0.0,2.064
1724464.0,0.02488123,0.0,2.064
1724542.0,0.02483039,0.0,2.064
1724620.0,0.04027143,0.0,2.064
1724698.0,0.01294483,0.0,2.064
1724776.0,0.00679888,0.0,2.064
1724854.0,0.01888757,0.0,2.064
1724932.0,0.01919237,0.0,2.064
1725011.0,0.0295034,0.0,2.064
1725089.0,0.02269716,0.0,2.064
1725167.0,0.02305273,0.0,2.064
1725245.0,0.00588471,0.0,1.72
1725323.0,0.00715445,0.0,1.72
1725401.0,0.00822114,0.0,2.064
1725479.0,0.02863991,0.0,2.064
1725557.0,0.01116716,0.0,1.72
1725636.0,0.018075,0.0,2.064
1725714.0,-0.00635642,0.0,2.064
1725792.0,0.02503359,0.0,2.064
1725870.0,0.01914161,0.0,2.064
1725948.0,-0.00564529,0.0,2.064
1726026.0,0.00817037,0.0,2.064
1726104.0,-0.00305482,0.0,2.064
1726182.0,0.02559235,0.0,1.72
1726260.0,0.01766867,0.0,2.064
1726338.0,0.0051229,0.0,2.064
1726417.0,0.01106556,0.0,2.064
1726495.0,0.02737002,0.0,2.064
1726573.0,0.01213218,0.0,2.064
1726651.0,0.01512897,0.0,2.064
1726729.0,-0.00955633,0.0,2.064
1726807.0,0.02010662,0.0,1.72
1726885.0,0.01563689,0.0,2.064
1726963.0,0.01777027,0.0,2.064
1727042.0,0.01914161,0.0,2.064
1727120.0,0.01436716,0.0,2.064
1727198.0,0.01355443,0.0,2.064
1727276.0,0.00659576,0.0,2.064
1727354.0,0.00593547,0.0,2.064
1727432.0,0.02803031,0.0,2.064
1727510.0,0.01004971,0.0,2.064
1727588.0,-0.00417228,0.0,2.064
1727667.0,0.017567,0.0,2.064
1727745.0,0.02046219,0.0,2.064
1727823.0,0.0245765,0.0,2.408
1727901.0,0.01812576,0.0,2.064
1727979.0,0.01949717,0.0,1.72
1728057.0,0.00791641,0.0,1.72
1728135.0,0.02295105,0.0,1.72
1728213.0,0.01411312,0.0,2.064
1728291.0,0.0067482,0.0,1.72
1728369.0,0.04601097,0.0,2.064
1728448.0,0.01411312,0.0,1.376
1728526.0,0.02889387,0.0,1.376
1728604.0,0.01670351,0.0,1.72
1728682.0,0.01319887,0.0,1.72
1728760.0,0.02015746,0.0,1.72
1728838.0,0.04255702,0.0,1.376
1728916.0,0.01655122,0.0,1.72
1728994.0,-0.00615322,0.0,2.064
1729073.0,0.04006823,0.0,1.72
1729151.0,0.01335123,0.0,2.064
1729229.0,-0.00462944,0.0,1.72
1729307.0,0.0381382,0.0,1.72
1729385.0,0.00989728,0.0,2.064
1729463.0,0.00116102,0.0,2.064
1729541.0,0.00425926,0.0,2.064
1729619.0,0.00050073,0.0,2.064
1729698.0,0.01294483,0.0,2.064
1729776.0,0.00745925,0.0,1.72
1729854.0,0.00537671,0.0,2.064
1729932.0,0.01700831,0.0,2.064
1730010.0,0.01893841,0.0,2.064
1730088.0,0.01528133,0.0,1.72
1730166.0,0.01467188,0.0,2.752
1730244.0,0.0243733,0.0,2.064
1730322.0,0.01380839,0.0,2.408
1730401.0,0.00517358,0.0,2.408
1730479.0,-0.00183577,0.0,2.408
1730557.0,0.02223993,0.0,2.408
1730635.0,0.02630333,0.0,2.064
1730713.0,0.00293868,0.0,2.064
1730791.0,0.00456413,0.0,2.064
1730869.0,0.02350974,0.0,2.064
1730947.0,0.02036059,0.0,2.408
1731025.0,0.01944634,0.0,2.064
1731104.0,0.02081782,0.0,2.752
1731182.0,0.02742086,0.0,2.064
1731260.0,0.00872906,0.0,2.752
1731338.0,0.0179734,0.0,2.064
1731416.0,0.01197982,0.0,2.408
1731494.0,-7.27e-06,0.0,1.376
1731572.0,-0.01204512,0.0,1.376
1731650.0,0.0198019,0.0,1.72
1731728.0,0.01446868,0.0,1.72
1731807.0,0.02813191,0.0,2.408
1731885.0,0.01832896,0.0,2.064
1731963.0,0.01121785,0.0,3.096
1732041.0,0.0131481,0.0,2.408
1732119.0,0.01792256,0.0,2.408
1732197.0,0.02081782,0.0,2.064
1732275.0,0.02198596,0.0,2.064
1732354.0,0.01091313,0.0,2.408
1732432.0,0.03331276,0.0,2.408
1732510.0,0.03148426,0.0,2.064
1732588.0,0.03757944,0.0,2.752
1732666.0,0.00664667,0.0,2.752
1732744.0,0.01584002,0.0,2.064
1732822.0,0.02625264,0.0,2.408
1732900.0,0.00979575,0.0,2.064
1732978.0,0.00817037,0.0,2.408
1733056.0,0.02823358,0.0,2.408
1733135.0,0.01909085,0.0,2.408
1733213.0,0.01771936,0.0,2.408
1733291.0,0.02462719,0.0,2.752
1733369.0,0.02102095,0.0,2.064
1733447.0,-0.00595001,0.0,2.064
1733525.0,0.02076691,0.0,2.064
1733603.0,0.01914161,0.0,2.064
1733681.0,0.00669736,0.0,2.064
1733759.0,0.04336982,0.0,1.376
1733838.0,0.02858907,0.0,1.376
1733916.0,0.01731311,0.0,2.064
1733994.0,-0.00036283,0.0,2.064
1734072.0,0.0132497,0.0,2.064
1734150.0,0.01385915,0.0,2.064
1734228.0,0.02061462,0.0,2.064
1734306.0,0.01436716,0.0,2.408
1734384.0,0.03031605,0.0,2.408
1734463.0,0.02747154,0.0,2.064
1734541.0,0.04057616,0.0,2.408
1734619.0,0.00811954,0.0,2.408
1734697.0,0.03534454,0.0,2.408
1734775.0,0.03239859,0.0,2.064
1734853.0,0.03544606,0.0,2.408
1734931.0,0.02218916,0.0,2.408
1735009.0,0.03229699,0.0,2.752
1735087.0,0.03199219,0.0,2.752
1735166.0,0.01695755,0.0,2.408
1735244.0,0.02340814,0.0,2.408
1735322.0,-0.01483879,0.0,1.72
1735400.0,0.02787794,0.0,2.064
1735478.0,0.02660813,0.0,2.064
1735556.0,0.01843056,0.0,2.064
1735634.0,0.01137037,0.0,1.72
1735712.0,0.02401774,0.0,2.064
1735791.0,0.01131953,0.0,2.064
1735869.0,0.02066539,0.0,2.064
1735947.0,0.00268479,0.0,2.064
1736025.0,0.01939557,0.0,1.72
1736103.0,0.00090698,0.0,2.064
1736181.0,0.01045604,0.0,2.064
1736259.0,0.037427,0.0,2.064
1736337.0,0.01096396,0.0,2.064
1736415.0,0.01462097,0.0,2.064
1736493.0,0.0045133,0.0,1.72
1736572.0,0.00842434,0.0,2.064
1736650.0,-0.00259766,0.0,2.064
1736728.0,0.00263396,0.0,2.064
1736806.0,0.02274785,0.0,2.064
1736884.0,0.00537671,0.0,2.064
1736962.0,0.00177047,0.0,1.72
1737040.0,0.03082397,0.0,1.72
1737118.0,0.00364981,0.0,2.064
1737196.0,0.00420857,0.0,1.72
1737275.0,0.03204302,0.0,1.72
1737353.0,0.02381454,0.0,1.72
1737431.0,0.01675435,0.0,2.064
1737509.0,0.01457028,0.0,2.064
1737587.0,0.01751623,0.0,1.72
1737665.0,0.02086851,0.0,1.376
1737743.0,0.01655122,0.0,1.032
1737822.0,0.02356058,0.0,1.376
1737900.0,0.01731311,0.0,1.376
1737978.0,0.02848739,0.0,1.72
1738056.0,0.02127491,0.0,1.376
1738134.0,0.01710998,0.0,1.72
1738212.0,0.02097019,0.0,1.72
1738290.0,0.03407465,0.0,1.72
1738368.0,0.0103036,0.0,2.064
1738446.0,0.04931257,0.0,1.72
1738525.0,0.01792256,0.0,1.376
1738603.0,0.00893226,0.0,2.064
1738681.0,0.00603707,0.0,1.72
1738759.0,0.02107171,0.0,1.032
1738837.0,0.02549068,0.0,2.064
1738915.0,0.02127491,0.0,1.376
1738993.0,0.01340199,0.0,1.376
1739071.0,0.0238653,0.0,2.064
1739149.0,0.00751001,0.0,1.376
1739227.0,0.00146574,0.0,1.376
1739306.0,0.01848132,0.0,1.032
1739384.0,0.01614475,0.0,1.72
1739462.0,0.01253858,0.0,1.72
1739540.0,0.02284945,0.0,2.064
1739618.0,0.0124369,0.0,2.408
1739696.0,0.03041765,0.0,2.064
1739774.0,0.02229076,0.0,1.72
1739852.0,0.01904001,0.0,2.408
1739930.0,0.00979575,0.0,2.752
1740009.0,0.0179734,0.0,1.72
1740087.0,0.02726842,0.0,2.064
1740165.0,0.01487501,0.0,2.064
1740243.0,0.01177661,0.0,2.752
1740321.0,0.01126876,0.0,2.064
1740399.0,0.01106556,0.0,2.064
1740477.0,0.02147811,0.0,2.064
1740556.0,0.02147811,0.0,1.032
1740634.0,0.03097633,0.0,1.72
1740712.0,-0.00407068,0.0,1.376
1740790.0,0.01777027,0.0,1.72
1740868.0,0.02808114,0.0,2.064
1740946.0,0.02025906,0.0,2.064
1741024.0,0.01142105,0.0,1.72
1741102.0,0.01792256,0.0,1.72
1741180.0,0.0198019,0.0,1.72
1741259.0,0.02259549,0.0,1.376
1741337.0,0.03021445,0.0,1.376
1741415.0,0.02249396,0.0,1.72
1741493.0,0.02315425,0.0,1.72
1741571.0,0.01279254,0.0,1.72
1741649.0,0.01218302,0.0,2.064
1741727.0,0.02442399,0.0,2.064
1741805.0,0.01904001,0.0,1.032
1741883.0,0.01152265,0.0,1.72
1741962.0,0.02670973,0.0,1.72
1742040.0,0.01131953,0.0,2.064
1742118.0,0.01197982,0.0,2.752
1742196.0,0.02020822,0.0,2.064
1742274.0,0.02813191,0.0,3.096
1742352.0,-0.00081992,0.0,3.096
1742430.0,-0.00163265,0.0,2.752
1742508.0,0.0087799,0.0,2.064
1742586.0,0.02310341,0.0,2.064
1742665.0,0.00370057,0.0,2.064
1742743.0,0.02340814,0.0,2.064
1742821.0,-0.01488962,0.0,2.408
1742899.0,0.02198596,0.0,2.064
1742977.0,0.0238653,0.0,2.064
1743055.0,0.00324356,0.0,2.064
1743133.0,0.01502744,0.0,2.064
1743211.0,0.01710998,0.0,1.376
1743290.0,0.00370057,0.0,1.376
1743368.0,0.02112255,0.0,1.72
1743446.0,0.03432861,0.0,1.376
1743524.0,-0.00081992,0.0,1.72
1743602.0,0.02061462,0.0,1.376
1743680.0,0.00517358,0.0,1.72
1743758.0,0.01451944,0.0,1.72
1743836.0,0.02066539,0.0,1.72
1743914.0,0.00959255,0.0,1.72
1743992.0,0.03717304,0.0,1.72
1744071.0,0.00385301,0.0,1.72
1744149.0,0.01655122,0.0,1.72
1744227.0,0.01126876,0.0,2.064
1744305.0,0.02091935,0.0,1.72
1744383.0,0.02411927,0.0,1.72
1744461.0,0.00273548,0.0,1.72
1744539.0,0.0357001,0.0,1.376
1744618.0,0.03503981,0.0,2.064
1744696.0,0.00171963,0.0,1.72
1744774.0,0.0243733,0.0,1.72
1744852.0,0.01777027,0.0,2.064
1744930.0,0.00725612,0.0,2.064
1745008.0,0.01121785,0.0,1.72
1745086.0,0.01157349,0.0,1.72
1745164.0,-0.00655954,0.0,3.096
1745242.0,0.01142105,0.0,1.72
1745321.0,0.03194142,0.0,1.72
1745399.0,0.02076691,0.0,2.064
1745477.0,0.01192905,0.0,2.064
1745555.0,0.0287922,0.0,2.752
1745633.0,0.01837972,0.0,2.064
1745711.0,0.02356058,0.0,1.72
1745789.0,0.01233538,0.0,1.376
1745867.0,0.01385915,0.0,1.376
1745945.0,0.02335745,0.0,1.032
1746024.0,0.02269716,0.0,1.376
1746102.0,0.01975114,0.0,1.376
1746180.0,0.02543999,0.0,1.72
1746258.0,0.01660198,0.0,1.72
1746336.0,0.01837972,0.0,1.72
1746414.0,0.01523057,0.0,1.72
1746492.0,0.01716067,0.0,1.72
1746570.0,0.0199035,0.0,1.376
1746648.0,0.03117953,0.0,1.376
1746727.0,0.00060225,0.0,1.72
1746805.0,0.02610028,0.0,1.72
1746883.0,0.01137037,0.0,2.064
1746961.0,0.01614475,0.0,2.064
1747039.0,0.01467188,0.0,2.064
1747117.0,0.01015131,0.0,1.72
1747195.0,0.00151651,0.0,1.72
1747273.0,0.0062402,0.0,2.752
1747352.0,0.0173638,0.0,2.408
1747430.0,0.00278632,0.0,2.408
1747508.0,0.00583387,0.0,2.752
1747586.0,0.01584002,0.0,2.752
1747664.0,0.00852594,0.0,2.408
1747742.0,0.02930019,0.0,2.408
1747820.0,0.017567,0.0,2.408
1747898.0,0.01949717,0.0,2.408
1747976.0,0.01741471,0.0,2.064
1748055.0,0.00771321,0.0,2.064
1748133.0,0.02452566,0.0,2.064
1748211.0,-0.00310566,0.0,2.408
1748289.0,0.01065924,0.0,2.408
1748367.0,0.02813191,0.0,2.064
1748445.0,0.01152265,0.0,1.72
1748523.0,0.01330039,0.0,1.72
1748601.0,0.01670351,0.0,1.72
1748679.0,0.0197003,0.0,1.376
1748757.0,0.01954786,0.0,1.72
1748836.0,0.02838587,0.0,1.72
1748914.0,0.03681748,0.0,2.064
1748992.0,0.01177661,0.0,2.064
1749070.0,0.02356058,0.0,1.376
1749148.0,0.02762406,0.0,1.72
1749226.0,0.01360512,0.0,2.064
1749304.0,0.01111633,0.0,1.72
1749383.0,0.01131953,0.0,2.064
1749461.0,0.01319887,0.0,2.064
1749539.0,-0.00087076,0.0,2.064
1749617.0,0.01614475,0.0,1.72
1749695.0,0.01512897,0.0,1.72
1749773.0,0.01888757,0.0,2.064
1749851.0,0.00568143,0.0,2.064
1749929.0,0.01868445,0.0,1.72
1750007.0,0.01213218,0.0,1.72
1750086.0,0.00283708,0.0,2.064
1750164.0,0.02955416,0.0,2.064
1750242.0,0.03056993,0.0,2.064
1750320.0,0.01248782,0.0,1.72
1750398.0,0.00044989,0.0,2.064
1750476.0,0.04347135,0.0,1.72
1750554.0,0.01091313,0.0,2.064
1750632.0,0.00669736,0.0,2.064
1750710.0,0.00832266,0.0,2.064
1750788.0,0.02102095,0.0,2.064
1750867.0,0.02005586,0.0,2.064
1750945.0,0.00771321,0.0,2.064
1751023.0,0.00217679,0.0,2.064
1751101.0,0.00959255,0.0,1.72
1751179.0,0.01223378,0.0,1.72
1751257.0,0.01695755,0.0,1.72
1751335.0,0.02417003,0.0,1.72
1751414.0,0.01045604,0.0,2.064
1751492.0,0.02924936,0.0,2.064
1751570.0,0.00827197,0.0,2.064
1751648.0,0.02467803,0.0,1.72
1751726.0,0.02828434,0.0,1.72
1751804.0,0.02025906,0.0,2.064
1751882.0,0.01218302,0.0,2.064
1751960.0,0.00090698,0.0,2.064
1752038.0,-0.0006168,0.0,1.72
1752116.0,0.01203065,0.0,2.064
1752195.0,0.01578933,0.0,1.72
1752273.0,0.02427178,0.0,1.72
1752351.0,0.02518595,0.0,1.72
1752429.0,0.01584002,0.0,2.064
1752507.0,0.00649416,0.0,2.064
1752585.0,0.00527511,0.0,2.064
1752663.0,0.03681748,0.0,2.064
1752741.0,0.01771936,0.0,2.064
1752819.0,0.01446868,0.0,2.064
1752898.0,0.03397305,0.0,2.064
1752976.0,0.01848132,0.0,1.72
1753054.0,0.02107171,0.0,2.064
1753132.0,0.02498275,0.0,1.72
1753210.0,0.0199035,0.0,2.064
1753288.0,0.02970644,0.0,2.064
1753366.0,0.02102095,0.0,2.064
1753445.0,0.04016983,0.0,2.064
1753523.0,0.032754,0.0,2.064
1753601.0,0.02137651,0.0,2.064
1753679.0,0.00202451,0.0,2.064
1753757.0,0.02361142,0.0,1.72
1753835.0,0.00608791,0.0,2.064
1753913.0,0.01172593,0.0,2.064
1753991.0,0.00014517,0.0,2.064
1754069.0,0.02919859,0.0,2.064
1754148.0,0.02269716,0.0,1.376
1754226.0,0.0295034,0.0,2.064
1754304.0,0.00730696,0.0,1.72
1754382.0,0.01223378,0.0,1.72
1754460.0,0.0238653,0.0,2.064
1754538.0,0.02731926,0.0,2.064
1754616.0,0.01335123,0.0,2.064
1754694.0,-0.0028517,0.0,2.064
1754772.0,0.00370057,0.0,2.408
1754851.0,0.01573849,0.0,2.064
1754929.0,0.02782711,0.0,2.064
1755007.0,0.02305273,0.0,2.064
1755085.0,0.01538293,0.0,2.064
1755163.0,0.02234153,0.0,2.064
1755241.0,0.01213218,0.0,1.72
1755319.0,0.01843056,0.0,1.72
1755397.0,0.02894463,0.0,2.064
1755475.0,0.02066539,0.0,2.064
1755554.0,0.01203065,0.0,1.72
1755632.0,0.01375755,0.0,2.064
1755710.0,0.02340814,0.0,1.72
1755788.0,0.00309104,0.0,1.72
1755866.0,0.02858907,0.0,1.72
1755944.0,0.00060225,0.0,1.72
1756022.0,0.0316367,0.0,1.72
1756100.0,0.01071008,0.0,2.064
1756179.0,-0.0025469,0.0,1.376
1756257.0,0.01766867,0.0,2.064
1756335.0,0.00232923,0.0,1.72
1756413.0,0.00979575,0.0,2.064
1756491.0,0.00989728,0.0,1.72
1756569.0,-0.00838812,0.0,1.72
1756647.0,0.01614475,0.0,2.064
1756725.0,0.01121785,0.0,1.72
1756803.0,0.01197982,0.0,2.752
1756882.0,-0.00208981,0.0,1.72
1756960.0,0.01904001,0.0,3.096
1757038.0,0.05886155,0.0,2.752
1757116.0,0.0130465,0.0,2.752
1757194.0,0.01274163,0.0,3.096
1757272.0,0.02427178,0.0,2.408
1757350.0,0.02630333,0.0,3.096
1757428.0,0.01517973,0.0,2.408
1757506.0,0.01853208,0.0,3.784
1757584.0,0.00842434,0.0,2.408
1757663.0,0.01502744,0.0,2.064
1757741.0,0.01025284,0.0,2.064
1757819.0,0.00710376,0.0,1.72
1757897.0,0.01563689,0.0,2.752
1757975.0,0.01126876,0.0,2.064
1758053.0,0.01568773,0.0,2.752
1758131.0,0.01721151,0.0,2.064
1758210.0,0.01396068,0.0,2.408
1758288.0,0.00999888,0.0,2.408
1758366.0,0.00761169,0.0,2.064
1758444.0,0.00537671,0.0,2.064
1758522.0,0.02097019,0.0,2.064
1758600.0,0.01599246,0.0,1.72
1758678.0,0.02086851,0.0,2.064
1758756.0,0.00593547,0.0,2.408
1758834.0,0.01939557,0.0,2.064
1758912.0,-0.00361359,0.0,2.064
1758991.0,0.03102717,0.0,2.064
1759069.0,0.02752238,0.0,2.064
1759147.0,0.02142727,0.0,2.064
1759225.0,0.0103036,0.0,1.72
1759303.0,0.01685595,0.0,2.064
1759381.0,0.0106084,0.0,2.064
1759459.0,0.02168124,0.0,2.064
1759537.0,0.01319887,0.0,1.72
1759615.0,0.00187207,0.0,2.064
1759694.0,0.01837972,0.0,3.096
1759772.0,0.00207519,0.0,2.752
1759850.0,0.00710376,0.0,2.752
1759928.0,0.04118576,0.0,2.408
1760006.0,0.02229076,0.0,2.408
1760084.0,0.01203065,0.0,2.752
1760162.0,0.02076691,0.0,2.752
1760240.0,0.01594169,0.0,2.752
1760319.0,-0.00777852,0.0,2.408
1760397.0,0.01258934,0.0,2.408
1760475.0,0.0200051,0.0,2.752
1760553.0,0.0045133,0.0,2.408
1760631.0,0.01380839,0.0,2.752
1760709.0,0.02178284,0.0,2.408
1760787.0,0.01949717,0.0,2.408
1760865.0,0.02102095,0.0,2.408
1760944.0,0.01218302,0.0,2.408
1761022.0,0.01670351,0.0,2.408
1761100.0,0.00725612,0.0,2.408
1761178.0,0.01716067,0.0,2.408
1761256.0,0.01563689,0.0,2.064
1761334.0,0.00293868,0.0,2.064
1761412.0,0.02762406,0.0,2.064
1761490.0,-0.00813408,0.0,2.408
1761568.0,0.00994811,0.0,2.064
1761647.0,0.01492569,0.0,2.064
1761725.0,0.04169361,0.0,2.064
1761803.0,0.01802408,0.0,2.064
1761881.0,0.01710998,0.0,2.408
1761959.0,0.03432861,0.0,2.064
1762037.0,0.00801794,0.0,2.408
1762115.0,0.01233538,0.0,2.064
1762193.0,-0.00788012,0.0,2.064
1762271.0,0.02335745,0.0,2.064
1762349.0,0.01411312,0.0,2.064
1762428.0,0.01462097,0.0,3.096
1762506.0,0.02833518,0.0,3.096
1762584.0,0.01203065,0.0,2.752
1762662.0,0.02716682,0.0,3.096
1762740.0,0.01294483,0.0,2.752
1762818.0,0.00532595,0.0,2.752
1762896.0,0.01898932,0.0,2.752
1762974.0,0.0205131,0.0,2.408
1763053.0,0.01690671,0.0,2.752
1763131.0,0.0069514,0.0,2.752
1763209.0,-0.00132792,0.0,2.408
1763287.0,0.01187829,0.0,2.752
1763365.0,0.01924313,0.0,2.408
1763443.0,0.00039898,0.0,2.408
1763521.0,0.02198596,0.0,1.72
1763599.0,0.0130465,0.0,2.408
1763678.0,0.00715445,0.0,2.408
1763756.0,0.02762406,0.0,2.408
1763834.0,0.00974499,0.0,2.408
1763912.0,0.01909085,0.0,2.408
1763990.0,0.01294483,0.0,2.064
1764068.0,0.02097019,0.0,2.408
1764146.0,0.0179734,0.0,2.408
1764224.0,0.02975736,0.0,2.064
1764302.0,0.04347135,0.0,2.408
1764380.0,0.00568143,0.0,2.408
1764459.0,0.02884303,0.0,2.064
1764537.0,0.02097019,0.0,2.064
1764615.0,0.02650653,0.0,2.408
1764693.0,0.02290029,0.0,2.064
1764771.0,0.02549068,0.0,2.064
1764849.0,0.01025284,0.0,2.064
1764927.0,0.00959255,0.0,2.064
1765005.0,-0.00427388,0.0,2.064
1765084.0,0.01568773,0.0,3.096
1765162.0,0.01253858,0.0,3.096
1765240.0,0.01396068,0.0,2.752
1765318.0,0.0178718,0.0,3.44
1765396.0,0.0243733,0.0,2.752
1765474.0,-0.00026131,0.0,2.752
1765552.0,0.01147189,0.0,2.408
1765630.0,0.02808114,0.0,2.064
1765709.0,0.01655122,0.0,2.408
1765787.0,0.00730696,0.0,2.752
1765865.0,0.01949717,0.0,2.064
1765943.0,0.01380839,0.0,2.064
1766021.0,0.02660813,0.0,2.408
1766099.0,0.03011285,0.0,2.064
1766177.0,-0.00234385,0.0,2.408
1766255.0,0.04240466,0.0,2.752
1766333.0,0.01904001,0.0,2.064
1766411.0,-0.00935313,0.0,2.064
1766490.0,0.02401774,0.0,2.064
1766568.0,0.02244313,0.0,2.408
1766646.0,-0.00239454,0.0,2.064
1766724.0,0.01289414,0.0,2.408
1766802.0,0.01472264,0.0,2.064
1766880.0,0.01162425,0.0,2.408
1766958.0,0.01380839,0.0,2.408
1767036.0,0.02681126,0.0,2.408
1767115.0,0.03199219,0.0,2.064
1767193.0,0.00522442,0.0,2.064
1767271.0,0.00375141,0.0,2.064
1767349.0,0.01517973,0.0,2.064
1767427.0,0.01025284,0.0,2.064
1767505.0,0.01568773,0.0,2.064
1767583.0,0.01502744,0.0,2.064
1767661.0,0.00679888,0.0,2.408
1767739.0,0.01360512,0.0,2.064
1767818.0,0.05672832,0.0,2.064
1767896.0,0.02924936,0.0,2.064
1767974.0,0.0243733,0.0,2.064
1768052.0,0.02737002,0.0,2.064
1768130.0,0.01040528,0.0,2.064
1768208.0,0.01467188,0.0,2.064
1768286.0,-0.01158803,0.0,2.064
1768364.0,0.02025906,0.0,2.064
1768442.0,0.01010048,0.0,2.064
1768521.0,0.02467803,0.0,2.064
1768599.0,0.01309727,0.0,2.064
1768677.0,0.02518595,0.0,2.408
1768755.0,0.01853208,0.0,2.064
1768833.0,0.00070385,0.0,2.064
1768911.0,0.03255087,0.0,2.064
1768989.0,0.0130465,0.0,1.72
1769068.0,0.01685595,0.0,2.064
1769146.0,0.00751001,0.0,2.064
1769224.0,0.02137651,0.0,2.064
1769302.0,0.01639878,0.0,2.064
1769380.0,0.01355443,0.0,2.064
1769458.0,0.00217679,0.0,2.064
1769536.0,0.02427178,0.0,2.064
1769614.0,0.0110148,0.0,2.064
1769692.0,0.03590323,0.0,1.72
1769770.0,0.00944019,0.0,1.376
1769849.0,0.02660813,0.0,1.376
1769927.0,0.02127491,0.0,1.72
1770005.0,0.01487501,0.0,1.376
1770083.0,0.00852594,0.0,1.376
1770161.0,0.01497661,0.0,1.376
1770239.0,0.0309255,0.0,1.72
1770317.0,0.04611265,0.0,1.72
1770395.0,0.00771321,0.0,1.72
1770474.0,0.01040528,0.0,1.72
1770552.0,0.01929405,0.0,1.72
1770630.0,0.02909699,0.0,1.72
1770708.0,0.03148426,0.0,1.376
1770786.0,0.01858285,0.0,1.72
1770864.0,0.02391621,0.0,1.72
1770942.0,0.0349889,0.0,1.72
1771020.0,0.03575086,0.0,2.064
1771098.0,0.0219352,0.0,1.72
1771176.0,0.00573235,0.0,1.72
1771255.0,0.01274163,0.0,2.064
1771333.0,0.02157964,0.0,1.72
1771411.0,0.02097019,0.0,2.064
1771489.0,0.02869059,0.0,2.064
1771567.0,0.04641737,0.0,2.064
1771645.0,0.01878605,0.0,1.72
1771723.0,0.02290029,0.0,2.064
1771802.0,0.01680511,0.0,2.064
1771880.0,0.01345283,0.0,1.72
1771958.0,-0.00168349,0.0,2.064
1772036.0,0.03625887,0.0,2.064
1772114.0,0.01944634,0.0,1.72
1772192.0,-0.00224217,0.0,2.064
1772270.0,0.02691293,0.0,2.064
1772348.0,0.01497661,0.0,1.72
1772426.0,0.02102095,0.0,2.064
1772505.0,0.02305273,0.0,2.064
1772583.0,0.02290029,0.0,2.064
1772661.0,0.01563689,0.0,2.064
1772739.0,0.03580163,0.0,2.408
1772817.0,0.01548446,0.0,2.064
1772895.0,0.01375755,0.0,2.064
1772973.0,0.02543999,0.0,2.064
1773051.0,0.02579555,0.0,2.064
1773129.0,0.01995434,0.0,2.064
1773208.0,0.03686832,0.0,2.064
1773286.0,0.02681126,0.0,2.064
1773364.0,0.03503981,0.0,1.72
1773442.0,0.03727464,0.0,1.032
1773520.0,0.02127491,0.0,1.72
1773598.0,0.02371302,0.0,1.72
1773676.0,0.01330039,0.0,1.72
1773754.0,0.01289414,0.0,1.72
1773832.0,0.01040528,0.0,1.72
1773911.0,0.01665274,0.0,2.064
1773989.0,0.01126876,0.0,1.72
1774067.0,0.01705907,0.0,1.72
1774145.0,0.01777027,0.0,1.376
1774223.0,0.00075462,0.0,1.72
1774301.0,0.00100858,0.0,1.376
1774379.0,0.02610028,0.0,2.064
1774457.0,0.03458265,0.0,1.72
1774536.0,0.01599246,0.0,2.408
1774614.0,0.01853208,0.0,2.064
1774692.0,-0.01265472,0.0,1.376
1774770.0,0.037427,0.0,2.064
1774848.0,0.01248782,0.0,1.72
1774926.0,0.00867822,0.0,1.72
1775004.0,0.03214455,0.0,1.72
1775082.0,0.02249396,0.0,2.064
1775161.0,0.01416388,0.0,1.72
1775239.0,0.02813191,0.0,1.72
1775317.0,0.04494436,0.0,2.064
1775395.0,0.01401152,0.0,2.064
1775473.0,0.03244927,0.0,2.064
1775551.0,0.02660813,0.0,2.752
1775629.0,0.01365595,0.0,1.376
1775707.0,0.02259549,0.0,2.064
1775785.0,0.02858907,0.0,2.752
1775863.0,0.01446868,0.0,2.064
1775942.0,0.02483039,0.0,2.408
1776020.0,0.0259986,0.0,2.752
1776098.0,0.02157964,0.0,2.064
1776176.0,0.01309727,0.0,2.408
1776254.0,0.01594169,0.0,2.064
1776332.0,0.01086229,0.0,2.408
1776410.0,0.02417003,0.0,2.752
1776488.0,0.01147189,0.0,2.064
1776566.0,0.00725612,0.0,2.408
1776645.0,0.01827812,0.0,2.752
1776723.0,0.04077936,0.0,2.408
1776801.0,0.01573849,0.0,2.408
1776879.0,-0.00417228,0.0,3.096
1776957.0,0.03483661,0.0,2.408
1777035.0,0.01705907,0.0,2.064
1777113.0,0.01004971,0.0,2.064
1777191.0,0.03874765,0.0,1.72
1777270.0,0.02391621,0.0,2.408
1777348.0,0.02869059,0.0,2.064
1777426.0,0.0243733,0.0,2.408
1777504.0,0.02493207,0.0,2.408
1777582.0,0.0051229,0.0,2.064
1777660.0,0.02889387,0.0,2.408
1777738.0,0.01319887,0.0,2.752
1777816.0,0.02020822,0.0,2.064
1777894.0,0.01218302,0.0,2.408
1777973.0,0.00700209,0.0,2.064
1778051.0,0.01279254,0.0,2.064
1778129.0,0.0205131,0.0,2.064
1778207.0,0.02234153,0.0,2.064
1778285.0,0.01731311,0.0,2.064
1778363.0,0.02691293,0.0,2.064
1778441.0,0.01065924,0.0,2.752
1778519.0,0.0315351,0.0,2.064
1778597.0,0.00563067,0.0,2.408
1778676.0,0.00883074,0.0,2.408
1778754.0,0.02909699,0.0,2.064
1778832.0,0.02107171,0.0,2.064
1778910.0,0.02229076,0.0,2.064
1778988.0,0.02315425,0.0,2.064
1779066.0,0.03854445,0.0,1.72
1779144.0,0.01868445,0.0,2.064
1779222.0,0.01507821,0.0,2.064
1779301.0,0.03300804,0.0,1.72
1779379.0,0.02249396,0.0,2.064
1779457.0,0.01096396,0.0,2.408
1779535.0,0.01578933,0.0,2.064
1779613.0,0.02234153,0.0,2.064
1779691.0,0.04367455,0.0,2.064
1779769.0,0.04088096,0.0,1.72
1779847.0,0.02107171,0.0,2.064
1779926.0,0.0430651,0.0,2.064
1780004.0,0.04453796,0.0,2.064
1780082.0,0.02523679,0.0,2.064
1780160.0,0.01624642,0.0,2.408
1780238.0,0.01512897,0.0,2.752
1780316.0,0.02427178,0.0,2.064
1780394.0,0.03702068,0.0,2.408
1780472.0,0.01660198,0.0,2.752
1780550.0,0.00669736,0.0,2.064
1780628.0,0.04596014,0.0,2.064
1780707.0,0.00329424,0.0,1.72
1780785.0,0.02955416,0.0,2.064
1780863.0,0.01995434,0.0,1.72
1780941.0,0.03371916,0.0,2.064
1781019.0,0.00883074,0.0,2.064
1781097.0,0.01167509,0.0,2.064
1781175.0,0.02823358,0.0,2.064
1781253.0,0.01010048,0.0,2.064
1781332.0,0.03702068,0.0,2.064
1781410.0,0.01624642,0.0,2.408
1781488.0,0.01472264,0.0,2.064
1781566.0,0.03310956,0.0,1.376
1781644.0,0.02091935,0.0,2.064
1781722.0,0.01578933,0.0,2.064
1781800.0,0.01223378,0.0,1.376
1781878.0,0.02930019,0.0,1.72
1781957.0,0.01568773,0.0,2.064
1782035.0,-0.00224217,0.0,2.408
1782113.0,0.01619566,0.0,1.72
1782191.0,0.0295034,0.0,2.064
1782269.0,0.0178718,0.0,2.064
1782347.0,0.03427785,0.0,1.72
1782425.0,0.02843671,0.0,2.752
1782503.0,0.01594169,0.0,2.064
1782581.0,0.01843056,0.0,2.064
1782659.0,0.00969408,0.0,2.408
1782738.0,0.0259986,0.0,2.408
1782816.0,0.02574472,0.0,2.064
1782894.0,0.01345283,0.0,2.408
1782972.0,0.00796725,0.0,2.064
1783050.0,0.01716067,0.0,2.064
1783128.0,0.02965576,0.0,2.408
1783206.0,0.0237637,0.0,2.064
1783284.0,0.04281106,0.0,2.064
1783362.0,0.0044117,0.0,1.72
1783441.0,0.01517973,0.0,2.064
1783519.0,0.01741471,0.0,2.064
1783597.0,0.01208134,0.0,2.064
1783675.0,0.00872906,0.0,1.72
1783753.0,0.02147811,0.0,2.064
1783831.0,0.0219352,0.0,2.064
1783909.0,0.0083735,0.0,2.064
1783988.0,0.02635417,0.0,2.064
1784066.0,0.00954171,0.0,2.064
1784144.0,0.01726227,0.0,2.064
1784222.0,-0.00081992,0.0,2.064
1784300.0,0.01416388,0.0,2.064
1784378.0,0.01375755,0.0,2.064
1784456.0,0.01568773,0.0,1.72
1784534.0,0.02564304,0.0,2.064
1784612.0,0.02041142,0.0,2.064
1784690.0,0.01396068,0.0,2.064
1784769.0,0.0051229,0.0,2.064
1784847.0,0.01822728,0.0,2.064
1784925.0,0.02411927,0.0,1.72
1785003.0,0.0085767,0.0,2.064
1785081.0,0.02127491,0.0,2.064
1785159.0,0.01533217,0.0,2.064
1785237.0,0.01086229,0.0,2.064
1785315.0,0.00684972,0.0,2.064
1785393.0,0.00151651,0.0,2.064
1785472.0,0.02300189,0.0,2.064
1785550.0,0.02625264,0.0,2.064
1785628.0,0.01385915,0.0,2.064
1785706.0,0.00781481,0.0,2.064
1785784.0,0.00811954,0.0,2.064
1785862.0,0.01167509,0.0,2.064
1785940.0,0.0427603,0.0,2.064
1786018.0,0.02381454,0.0,2.064
1786097.0,0.00720529,0.0,2.064
1786175.0,0.01726227,0.0,2.064
1786253.0,0.0083735,0.0,2.064
1786331.0,0.01441792,0.0,2.064
1786409.0,0.01924313,0.0,1.376
1786487.0,0.0179734,0.0,2.064
1786565.0,0.00608791,0.0,1.72
1786643.0,0.01822728,0.0,1.72
1786721.0,-0.0006168,0.0,1.72
1786800.0,0.01599246,0.0,2.064
1786878.0,0.0287922,0.0,1.72
1786956.0,0.00014517,0.0,2.408
1787034.0,0.01152265,0.0,2.064
1787112.0,0.02107171,0.0,1.72
1787190.0,0.01071008,0.0,2.064
1787268.0,0.02899547,0.0,2.064
1787346.0,0.01233538,0.0,2.064
1787424.0,0.01619566,0.0,1.72
1787503.0,0.0239669,0.0,2.064
1787581.0,0.01731311,0.0,1.72
1787659.0,0.01695755,0.0,2.408
1787737.0,0.00938943,0.0,1.376
1787815.0,0.00618943,0.0,2.064
1787893.0,0.02274785,0.0,2.064
1787971.0,0.00913546,0.0,2.064
1788049.0,0.01157349,0.0,2.064
1788128.0,0.0315351,0.0,1.72
1788206.0,0.02401774,0.0,2.064
1788284.0,0.01589093,0.0,2.064
1788362.0,0.01385915,0.0,2.064
1788440.0,0.02427178,0.0,1.72
1788518.0,0.00898303,0.0,1.72
1788596.0,0.00466566,0.0,2.064
1788674.0,0.00928783,0.0,2.064
1788752.0,0.02020822,0.0,2.064
1788831.0,0.03178899,0.0,2.064
1788909.0,0.00954171,0.0,2.064
1788987.0,0.01086229,0.0,2.064
1789065.0,0.03417632,0.0,2.064
1789143.0,0.02366218,0.0,2.064
1789221.0,-0.00168349,0.0,2.408
1789299.0,0.01594169,0.0,2.064
1789377.0,0.02625264,0.0,2.064
1789455.0,0.02503359,0.0,2.064
1789534.0,0.00339584,0.0,2.064
1789612.0,0.03747791,0.0,2.064
1789690.0,0.0063418,0.0,2.064
1789768.0,0.0085767,0.0,2.408
1789846.0,0.02097019,0.0,2.752
1789924.0,0.02670973,0.0,2.408
1790002.0,0.0238653,0.0,2.064
1790080.0,0.03473501,0.0,2.408
1790159.0,0.01446868,0.0,2.408
1790237.0,0.00080545,0.0,2.408
1790315.0,0.03676672,0.0,2.752
1790393.0,0.02066539,0.0,2.408
1790471.0,0.02945256,0.0,1.72
1790549.0,0.01238622,0.0,1.72
1790627.0,0.01690671,0.0,2.064
1790705.0,0.02081782,0.0,2.752
1790783.0,0.00893226,0.0,2.752
1790861.0,0.03189051,0.0,2.064
1790940.0,0.01716067,0.0,2.752
1791018.0,0.00497038,0.0,2.064
1791096.0,0.00329424,0.0,2.408
1791174.0,0.02838587,0.0,2.408
1791252.0,0.01771936,0.0,2.064
1791330.0,0.0083735,0.0,2.408
1791408.0,0.03691915,0.0,2.064
1791487.0,0.04154132,0.0,2.064
1791565.0,0.01594169,0.0,2.064
1791643.0,0.00075462,0.0,2.064
1791721.0,0.02137651,0.0,2.064
1791799.0,0.02589708,0.0,2.064
1791877.0,0.01604322,0.0,2.064
1791955.0,0.00903379,0.0,2.064
1792033.0,0.02462719,0.0,2.064
1792111.0,0.01721151,0.0,2.064
1792189.0,0.03209371,0.0,2.064
1792268.0,0.02198596,0.0,2.064
1792346.0,0.02249396,0.0,2.064
1792424.0,0.01457028,0.0,2.064
1792502.0,0.0198019,0.0,2.064
1792580.0,0.01817652,0.0,2.408
1792658.0,0.03239859,0.0,2.064
1792736.0,0.02686209,0.0,2.064
1792814.0,0.01568773,0.0,2.064
1792892.0,0.0239669,0.0,2.064
1792971.0,0.02955416,0.0,1.72
1793049.0,0.00522442,0.0,2.064
1793127.0,0.01655122,0.0,1.72
1793205.0,0.02036059,0.0,1.72
1793283.0,0.02559235,0.0,1.032
1793361.0,0.02234153,0.0,1.72
1793439.0,0.05002369,0.0,1.72
1793517.0,0.02731926,0.0,2.064
1793596.0,0.01858285,0.0,2.064
1793674.0,0.02173215,0.0,2.064
1793752.0,-0.0070167,0.0,2.064
1793830.0,0.02767482,0.0,3.096
1793908.0,0.01517973,0.0,3.096
1793986.0,0.01350359,0.0,3.096
1794064.0,0.01766867,0.0,2.408
1794142.0,-0.00158189,0.0,2.408
1794220.0,0.00466566,0.0,2.408
1794299.0,0.01010048,0.0,2.408
1794377.0,0.01411312,0.0,2.064
1794455.0,0.02980812,0.0,2.064
1794533.0,-0.0005152,0.0,2.752
1794611.0,0.00293868,0.0,1.032
1794689.0,0.02904616,0.0,1.376
1794767.0,0.01157349,0.0,1.376
1794845.0,0.0126401,0.0,1.72
1794924.0,0.03351604,0.0,1.72
1795002.0,-0.01006426,0.0,1.376
1795080.0,0.03290644,0.0,1.72
1795158.0,0.04001739,0.0,2.064
1795236.0,0.03209371,0.0,1.376
1795314.0,0.01700831,0.0,1.72
1795392.0,0.04728079,0.0,1.72
1795470.0,0.01350359,0.0,2.064
1795548.0,0.02249396,0.0,2.064
1795627.0,0.02803031,0.0,1.72
1795705.0,0.026405,0.0,1.72
1795783.0,0.02650653,0.0,1.72
1795861.0,-0.0027501,0.0,1.72
1795939.0,0.02610028,0.0,1.72
1796017.0,-0.00137861,0.0,1.72
1796095.0,-0.00071832,0.0,2.064
1796173.0,0.00761169,0.0,2.064
1796252.0,-0.00198821,0.0,2.408
1796330.0,0.01406236,0.0,2.064
1796408.0,0.0179734,0.0,2.408
1796486.0,0.00603707,0.0,3.096
1796564.0,-0.00188661,0.0,3.096
1796642.0,0.0179734,0.0,3.096
1796720.0,0.01045604,0.0,2.752
1796798.0,0.02630333,0.0,2.408
1796876.0,0.01055756,0.0,2.752
1796954.0,0.02752238,0.0,2.752
1797033.0,0.01472264,0.0,2.752
1797111.0,0.01619566,0.0,2.408
1797189.0,0.03610643,0.0,2.408
1797267.0,0.01741471,0.0,1.376
1797345.0,0.0126401,0.0,1.376
1797423.0,0.0132497,0.0,1.376
1797501.0,0.01710998,0.0,1.72
1797579.0,0.01914161,0.0,1.72
1797657.0,0.02244313,0.0,1.376
1797736.0,0.01091313,0.0,1.72
1797814.0,-0.00396915,0.0,1.376
1797892.0,0.00273548,0.0,1.72
1797970.0,0.01893841,0.0,1.72
1798048.0,0.01929405,0.0,1.72
1798126.0,0.01441792,0.0,1.72
1798204.0,0.03173822,0.0,1.72
1798283.0,0.02528748,0.0,1.72
1798361.0,0.02173215,0.0,2.064
1798439.0,0.01599246,0.0,2.064
1798517.0,0.02340814,0.0,1.376
1798595.0,0.00293868,0.0,1.72
1798673.0,0.01782096,0.0,1.376
1798751.0,0.01086229,0.0,2.408
1798829.0,0.02432247,0.0,2.064
1798907.0,0.02229076,0.0,1.72
1798985.0,0.02686209,0.0,2.408
1799064.0,0.00171963,0.0,1.72
1799142.0,0.01919237,0.0,1.72
1799220.0,0.01929405,0.0,2.752
1799298.0,0.01771936,0.0,1.72
1799376.0,0.00268479,0.0,2.752
1799454.0,0.01599246,0.0,2.408
1799532.0,0.02274785,0.0,2.064
1799610.0,-0.008642,0.0,1.72
1799688.0,0.01330039,0.0,2.064
1799767.0,0.01228454,0.0,2.064
1799845.0,-0.00854048,0.0,2.408
1799923.0,0.02863991,0.0,1.72
1800001.0,0.01050688,0.0,1.72
1800079.0,0.00730696,0.0,2.064
1800157.0,0.02097019,0.0,1.72
1800235.0,0.01497661,0.0,1.72
1800313.0,0.01614475,0.0,1.72
1800392.0,0.03427785,0.0,1.72
1800470.0,0.03138266,0.0,2.064
1800548.0,0.01071008,0.0,2.064
1800626.0,0.02884303,0.0,2.064
1800704.0,-0.00655954,0.0,2.064
1800782.0,0.00217679,0.0,2.064
1800860.0,0.01457028,0.0,2.064
1800938.0,0.01584002,0.0,2.064
1801016.0,0.02538908,0.0,1.72
1801095.0,0.02310341,0.0,1.72
1801173.0,0.01076076,0.0,1.72
1801251.0,-0.00803255,0.0,2.064
1801329.0,0.02432247,0.0,1.72
1801407.0,0.02833518,0.0,2.064
1801485.0,0.0199035,0.0,2.064
1801563.0,0.01340199,0.0,2.064
1801641.0,0.0315351,0.0,2.064
1801719.0,0.0085767,0.0,2.064
1801798.0,-0.00401991,0.0,1.72
1801876.0,0.01914161,0.0,2.064
1801954.0,0.00639263,0.0,2.064
1802032.0,0.02503359,0.0,2.064
1802110.0,0.03316047,0.0,1.72
1802188.0,0.01345283,0.0,2.064
1802266.0,0.01401152,0.0,2.064
1802344.0,0.01269094,0.0,2.064
1802423.0,0.02086851,0.0,2.064
1802501.0,0.0239669,0.0,2.064
1802579.0,0.00497038,0.0,1.72
1802657.0,0.02015746,0.0,2.064
1802735.0,0.02097019,0.0,2.064
1802813.0,0.01639878,0.0,2.064
1802891.0,0.00944019,0.0,2.064
1802969.0,0.01741471,0.0,1.72
1803047.0,0.00329424,0.0,2.064
1803126.0,0.02808114,0.0,2.064
1803204.0,0.01959877,0.0,2.064
1803282.0,0.02559235,0.0,2.064
1803360.0,0.02097019,0.0,2.064
1803438.0,0.03219539,0.0,2.064
1803516.0,0.01848132,0.0,2.064
1803594.0,0.00085622,0.0,1.72
1803672.0,0.02381454,0.0,1.72
1803750.0,0.00715445,0.0,2.064
1803829.0,0.04027143,0.0,2.064
1803907.0,0.02005586,0.0,2.408
1803985.0,0.03448105,0.0,2.064
1804063.0,0.02102095,0.0,2.064
1804141.0,0.0259986,0.0,1.72
1804219.0,0.00075462,0.0,2.064
1804297.0,0.01187829,0.0,2.064
1804376.0,0.01375755,0.0,2.408
1804454.0,0.01142105,0.0,2.408
1804532.0,0.00883074,0.0,2.064
1804610.0,0.02543999,0.0,2.064
1804688.0,0.00253236,0.0,2.064
1804766.0,0.00735765,0.0,1.72
1804844.0,0.01766867,0.0,2.064
1804922.0,0.01086229,0.0,2.064
1805000.0,0.01949717,0.0,2.064
1805079.0,0.01731311,0.0,2.064
1805157.0,0.02610028,0.0,2.064
1805235.0,0.02112255,0.0,2.408
1805313.0,0.01639878,0.0,2.064
1805391.0,0.00065302,0.0,1.72
1805469.0,0.00832266,0.0,2.064
1805547.0,0.02229076,0.0,1.72
1805625.0,0.0090847,0.0,2.064
1805703.0,0.01258934,0.0,2.064
1805781.0,0.01406236,0.0,2.064
1805860.0,0.00888142,0.0,1.72
1805938.0,-0.01636256,0.0,2.064
1806016.0,0.02188436,0.0,2.064
1806094.0,0.02295105,0.0,2.064
1806172.0,0.0198019,0.0,2.064
1806250.0,0.02254473,0.0,2.064
1806328.0,0.0239669,0.0,2.064
1806406.0,0.01883689,0.0,2.064
1806485.0,0.00949103,0.0,1.72
1806563.0,0.00085622,0.0,2.064
1806641.0,0.01182745,0.0,1.72
1806719.0,0.02320501,0.0,2.064
1806797.0,0.01345283,0.0,1.376
1806875.0,0.00756085,0.0,1.72
1806953.0,0.00923699,0.0,2.064
1807031.0,0.01888757,0.0,1.72
1807110.0,0.02046219,0.0,2.064
1807188.0,0.01426541,0.0,1.376
1807266.0,0.01731311,0.0,1.72
1807344.0,0.04174437,0.0,2.064
1807422.0,0.01492569,0.0,2.064
1807500.0,0.02681126,0.0,2.752
1807578.0,0.01863368,0.0,2.064
1807656.0,0.01431624,0.0,2.408
1807734.0,-0.00848964,0.0,2.408
1807812.0,0.01091313,0.0,2.064
1807891.0,0.01492569,0.0,2.064
1807969.0,0.01665274,0.0,2.064
1808047.0,0.00405613,0.0,2.064
1808125.0,0.01390999,0.0,2.064
1808203.0,0.00471642,0.0,2.408
1808281.0,0.00832266,0.0,2.064
1808359.0,0.01817652,0.0,2.064
1808437.0,-0.00137861,0.0,2.064
1808515.0,0.02371302,0.0,2.408
1808594.0,0.02249396,0.0,2.752
1808672.0,0.01837972,0.0,2.752
1808750.0,0.01192905,0.0,2.752
1808828.0,0.02259549,0.0,2.408
1808906.0,0.01954786,0.0,2.752
1808984.0,0.01944634,0.0,2.408
1809062.0,0.02325578,0.0,2.408
1809141.0,0.00542762,0.0,2.408
1809219.0,-0.00788012,0.0,2.408
1809297.0,0.01609406,0.0,2.064
1809375.0,0.02350974,0.0,2.408
1809453.0,0.03280484,0.0,2.408
1809531.0,0.0174654,0.0,2.408
1809609.0,0.0091863,0.0,2.064
1809687.0,0.02904616,0.0,2.064
1809765.0,0.02574472,0.0,2.408
1809844.0,0.00263396,0.0,2.408
1809922.0,0.02269716,0.0,2.064
1810000.0,0.01274163,0.0,2.064
1810078.0,0.00415773,0.0,2.408
1810156.0,0.01507821,0.0,2.408
1810234.0,0.02955416,0.0,2.064
1810312.0,-0.01595624,0.0,2.064
1810390.0,0.02290029,0.0,2.064
1810468.0,0.00466566,0.0,2.064
1810546.0,0.02813191,0.0,2.064
1810625.0,0.01406236,0.0,2.064
1810703.0,0.02132567,0.0,2.064
1810781.0,0.03427785,0.0,2.064
1810859.0,0.00776405,0.0,2.064
1810937.0,0.01131953,0.0,2.064
1811015.0,0.02081782,0.0,2.064
1811093.0,0.0178718,0.0,2.064
1811172.0,0.02731926,0.0,2.752
1811250.0,0.01553529,0.0,2.752
1811328.0,-0.01488962,0.0,2.752
1811406.0,0.03580163,0.0,2.752
1811484.0,0.0205131,0.0,2.752
1811562.0,0.00944019,0.0,2.408
1811640.0,0.01680511,0.0,2.752
1811718.0,0.02010662,0.0,1.72
1811796.0,0.04011907,0.0,2.752
1811874.0,0.0240685,0.0,2.064
1811953.0,0.01050688,0.0,1.72
1812031.0,0.01954786,0.0,2.064
1812109.0,0.0051229,0.0,2.064
1812187.0,-0.00584849,0.0,2.064
1812265.0,0.02904616,0.0,1.72
1812343.0,0.0205131,0.0,2.064
1812421.0,0.01335123,0.0,1.376
1812499.0,0.00867822,0.0,1.376
1812577.0,0.02604937,0.0,1.72
1812656.0,-0.00320719,0.0,1.72
1812734.0,0.03056993,0.0,1.72
1812812.0,0.0174654,0.0,1.376
1812890.0,0.02010662,0.0,1.72
1812968.0,0.03011285,0.0,1.72
1813046.0,-0.00148021,0.0,1.72
1813124.0,0.01929405,0.0,1.72
1813202.0,0.01731311,0.0,2.064
1813281.0,0.02223993,0.0,2.064
1813359.0,0.0063418,0.0,2.408
1813437.0,0.02345898,0.0,2.752
1813515.0,0.01477348,0.0,2.408
1813593.0,0.0085767,0.0,2.752
1813671.0,0.00603707,0.0,2.752
1813749.0,0.02274785,0.0,3.44
1813827.0,0.02132567,0.0,3.44
1813905.0,0.00796725,0.0,4.128
1813984.0,0.01319887,0.0,3.784
1814062.0,0.00771321,0.0,3.44
1814140.0,-0.00183577,0.0,3.096
1814218.0,0.02990965,0.0,2.408
1814296.0,0.03945878,0.0,3.096
1814374.0,0.01827812,0.0,3.096
1814452.0,0.01716067,0.0,3.096
1814530.0,0.02869059,0.0,3.096
1814608.0,0.00679888,0.0,2.752
1814687.0,0.02122407,0.0,3.096
1814765.0,0.01238622,0.0,2.752
1814843.0,0.02899547,0.0,2.408
1814921.0,0.02523679,0.0,2.752
1814999.0,0.02508435,0.0,2.752
1815077.0,0.02533832,0.0,2.408
1815155.0,0.04006823,0.0,2.752
1815233.0,0.0239669,0.0,2.408
1815311.0,0.00705292,0.0,2.064
1815390.0,0.02975736,0.0,2.408
1815468.0,0.03077313,0.0,2.408
1815546.0,0.03107793,0.0,2.408
1815624.0,0.01629718,0.0,2.752
1815702.0,0.0203099,0.0,2.408
1815780.0,-0.00315642,0.0,2.408
1815858.0,-0.00081992,0.0,2.408
1815936.0,-0.02012124,0.0,2.408
1816014.0,0.01853208,0.0,2.064
1816093.0,0.02097019,0.0,2.408
1816171.0,0.01228454,0.0,2.064
1816249.0,0.00923699,0.0,1.72
1816327.0,0.00999888,0.0,2.408
1816405.0,0.02747154,0.0,2.408
1816483.0,-0.00081992,0.0,2.064
1816561.0,0.01467188,0.0,2.752
1816640.0,0.0200051,0.0,2.752
1816718.0,0.01578933,0.0,2.752
1816796.0,0.02132567,0.0,2.752
1816874.0,0.01584002,0.0,2.752
1816952.0,0.01914161,0.0,2.408
1817030.0,0.01091313,0.0,2.408
1817108.0,0.0062402,0.0,2.408
1817186.0,0.02676057,0.0,2.752
1817264.0,0.01690671,0.0,2.408
1817342.0,0.03001117,0.0,2.408
1817421.0,0.0355985,0.0,2.408
1817499.0,0.01355443,0.0,2.408
1817577.0,-0.0117404,0.0,2.408
1817655.0,0.03239859,0.0,2.408
1817733.0,0.00756085,0.0,2.408
1817811.0,0.03229699,0.0,2.408
1817889.0,0.00822114,0.0,2.408
1817967.0,0.0043101,0.0,2.408
1818046.0,0.02025906,0.0,2.064
1818124.0,0.02259549,0.0,2.408
1818202.0,0.01802408,0.0,2.064
1818280.0,-0.00716907,0.0,2.408
1818358.0,0.01817652,0.0,2.064
1818436.0,-0.00645794,0.0,2.064
1818514.0,0.01563689,0.0,2.064
1818592.0,0.01507821,0.0,2.064
1818670.0,0.01355443,0.0,2.064
1818749.0,0.02345898,0.0,3.096
1818827.0,0.03387152,0.0,2.064
1818905.0,0.01710998,0.0,2.408
1818983.0,0.01710998,0.0,2.064
1819061.0,0.037427,0.0,2.408
1819139.0,0.01589093,0.0,2.064
1819217.0,0.00217679,0.0,3.096
1819295.0,0.02747154,0.0,2.064
1819373.0,0.00903379,0.0,3.096
1819452.0,-0.00676267,0.0,2.752
1819530.0,0.01777027,0.0,2.064
1819608.0,0.01949717,0.0,2.064
1819686.0,0.05550927,0.0,2.408
1819764.0,0.02091935,0.0,3.096
1819842.0,0.01837972,0.0,2.064
1819920.0,0.02284945,0.0,2.064
1819998.0,0.01487501,0.0,2.064
1820076.0,0.01599246,0.0,2.064
1820155.0,0.03620795,0.0,2.064
1820233.0,0.01817652,0.0,2.064
1820311.0,0.0178718,0.0,2.064
1820389.0,0.03224615,0.0,1.376
1820467.0,0.00700209,0.0,1.72
1820545.0,0.02823358,0.0,2.064
1820623.0,0.00852594,0.0,2.064
1820702.0,0.0124369,0.0,2.064
1820780.0,0.00471642,0.0,1.72
1820858.0,0.03280484,0.0,2.064
1820936.0,0.00700209,0.0,2.064
1821014.0,0.0131481,0.0,2.064
1821092.0,0.01401152,0.0,1.72
1821170.0,0.00085622,0.0,2.064
1821248.0,0.01695755,0.0,2.408
1821326.0,0.05296964,0.0,2.064
1821405.0,0.00811954,0.0,1.376
1821483.0,0.01650038,0.0,2.064
1821561.0,0.00933851,0.0,2.064
1821639.0,0.01401152,0.0,2.064
1821717.0,0.01111633,0.0,2.752
1821795.0,0.02731926,0.0,1.376
1821873.0,0.02467803,0.0,2.064
1821951.0,0.02569388,0.0,2.064
1822029.0,0.01858285,0.0,2.408
1822107.0,0.01690671,0.0,1.72
1822186.0,-0.00036283,0.0,1.376
1822264.0,0.00090698,0.0,2.064
1822342.0,0.01904001,0.0,2.752
1822420.0,0.02696369,0.0,2.064
1822498.0,0.01812576,0.0,1.72
1822576.0,0.01096396,0.0,2.064
1822654.0,0.02874143,0.0,2.064
1822733.0,0.02147811,0.0,2.064
1822811.0,0.01197982,0.0,2.064
1822889.0,-0.00219134,0.0,2.064
1822967.0,0.03783333,0.0,2.064
1823045.0,0.03214455,0.0,1.72
1823123.0,0.01147189,0.0,1.376
1823201.0,0.00111018,0.0,2.064
1823279.0,0.02452566,0.0,2.064
1823357.0,0.02290029,0.0,2.064
1823435.0,0.01558613,0.0,1.72
1823514.0,0.02254473,0.0,2.064
1823592.0,0.03077313,0.0,1.72
1823670.0,0.01543377,0.0,2.064
1823748.0,0.01954786,0.0,2.408
1823826.0,0.01533217,0.0,2.064
1823904.0,0.02777642,0.0,1.376
1823982.0,0.0179734,0.0,2.064
1824060.0,0.02269716,0.0,2.064
1824138.0,0.00710376,0.0,1.72
1824217.0,0.01573849,0.0,2.064
1824295.0,0.01675435,0.0,2.752
1824373.0,0.02737002,0.0,2.064
1824451.0,0.02086851,0.0,1.72
1824529.0,0.03255087,0.0,2.064
1824607.0,0.02147811,0.0,2.064
1824685.0,0.00090698,0.0,1.72
1824763.0,0.00776405,0.0,2.408
1824842.0,0.01451944,0.0,2.408
1824920.0,0.02797962,0.0,2.064
1824998.0,0.01431624,0.0,2.064
1825076.0,0.00629103,0.0,2.064
1825154.0,0.02625264,0.0,2.064
1825232.0,0.01380839,0.0,2.064
1825310.0,0.03056993,0.0,2.064
1825388.0,0.02157964,0.0,2.064
1825467.0,0.01076076,0.0,2.064
1825545.0,0.00217679,0.0,2.064
1825623.0,0.03432861,0.0,2.064
1825701.0,0.01502744,0.0,2.064
1825779.0,0.01137037,0.0,2.064
1825857.0,0.00364981,0.0,2.064
1825935.0,0.00461482,0.0,2.064
1826013.0,0.01258934,0.0,2.064
1826091.0,0.01197982,0.0,2.064
1826170.0,0.0124369,0.0,2.064
1826248.0,0.01594169,0.0,2.064
1826326.0,0.02538908,0.0,2.064
1826404.0,0.0126401,0.0,2.064
1826482.0,0.01477348,0.0,2.064
1826560.0,0.01004971,0.0,2.064
1826638.0,0.00847518,0.0,2.064
1826716.0,0.02422094,0.0,2.064
1826794.0,0.0287922,0.0,2.064
1826873.0,0.00517358,0.0,2.064
1826951.0,0.01401152,0.0,2.064
1827029.0,0.02442399,0.0,2.064
1827107.0,0.00811954,0.0,2.064
1827185.0,0.01157349,0.0,2.064
1827263.0,0.01843056,0.0,2.064
1827341.0,-0.00589918,0.0,2.064
1827419.0,0.018075,0.0,2.064
1827497.0,0.01898932,0.0,2.064
1827576.0,0.02239244,0.0,2.064
1827654.0,0.03478577,0.0,2.064
1827732.0,0.00715445,0.0,2.064
1827810.0,0.04590945,0.0,1.72
1827888.0,0.0174654,0.0,2.064
1827966.0,0.04575701,0.0,2.064
1828044.0,0.02645584,0.0,2.064
1828122.0,0.02818267,0.0,2.064
1828201.0,-0.00249614,0.0,2.064
1828279.0,0.03630955,0.0,2.064
1828357.0,0.01868445,0.0,2.064
1828435.0,0.02726842,0.0,1.376
1828513.0,0.00842434,0.0,1.032
1828591.0,0.00994811,0.0,1.72
1828669.0,0.02320501,0.0,1.376
1828747.0,0.00796725,0.0,1.72
1828825.0,0.0237637,0.0,2.064
1828904.0,0.0087799,0.0,1.376
1828982.0,0.02681126,0.0,1.376
1829060.0,0.01121785,0.0,1.72
1829138.0,0.00832266,0.0,1.72
1829216.0,0.00461482,0.0,1.72
1829294.0,0.017567,0.0,1.72
1829372.0,0.00364981,0.0,1.72
1829450.0,0.01832896,0.0,1.376
1829528.0,0.0238653,0.0,2.064
1829607.0,0.01634802,0.0,2.064
1829685.0,0.02716682,0.0,2.064
1829763.0,0.01873528,0.0,2.064
1829841.0,0.02401774,0.0,1.72
1829919.0,0.03021445,0.0,2.064
1829997.0,0.010202,0.0,1.72
1830075.0,0.01832896,0.0,1.72
1830153.0,0.0238653,0.0,2.064
1830231.0,0.00842434,0.0,1.72
1830310.0,-0.00579765,0.0,2.064
1830388.0,0.01436716,0.0,2.064
1830466.0,0.03956031,0.0,1.72
1830544.0,0.0130465,0.0,2.064
1830622.0,0.01909085,0.0,2.064
1830700.0,-0.00183577,0.0,2.064
1830778.0,0.00888142,0.0,1.72
1830856.0,0.01924313,0.0,2.408
1830935.0,0.00715445,0.0,1.72
1831013.0,0.00786565,0.0,1.72
1831091.0,0.03168746,0.0,1.72
1831169.0,0.00928783,0.0,2.064
1831247.0,0.00761169,0.0,2.752
1831325.0,0.01177661,0.0,2.752
1831403.0,0.02076691,0.0,2.408
1831481.0,0.03062077,0.0,2.408
1831559.0,0.01665274,0.0,2.408
1831638.0,0.02330661,0.0,2.064
1831716.0,0.01766867,0.0,2.064
1831794.0,0.0240685,0.0,2.752
1831872.0,0.02168124,0.0,2.064
1831950.0,0.02340814,0.0,2.064
1832028.0,0.0103036,0.0,2.408
1832106.0,0.01883689,0.0,3.096
1832184.0,0.03143342,0.0,2.064
1832262.0,0.02681126,0.0,2.752
1832341.0,0.00933851,0.0,3.096
1832419.0,0.01010048,0.0,2.408
1832497.0,0.01954786,0.0,2.064
1832575.0,0.01274163,0.0,2.408
1832653.0,0.00578318,0.0,1.376
1832731.0,0.02401774,0.0,2.408
1832809.0,-0.004477,0.0,1.72
1832887.0,0.01782096,0.0,1.72
1832965.0,0.00690049,0.0,1.376
1833044.0,0.01233538,0.0,2.408
1833122.0,0.00339584,0.0,1.72
1833200.0,0.02173215,0.0,2.064
1833278.0,0.0295034,0.0,2.064
1833356.0,0.02513519,0.0,2.064
1833434.0,0.0045133,0.0,2.752
1833512.0,0.01426541,0.0,2.408
1833591.0,0.02503359,0.0,2.408
1833669.0,0.02752238,0.0,2.064
1833747.0,0.04916005,0.0,2.064
1833825.0,0.00502115,0.0,2.064
1833903.0,0.01868445,0.0,2.064
1833981.0,0.02259549,0.0,2.064
1834059.0,0.0173638,0.0,2.064
1834137.0,0.03407465,0.0,2.064
1834215.0,0.02178284,0.0,2.064
1834293.0,0.01071008,0.0,2.064
1834372.0,0.03615719,0.0,2.064
1834450.0,0.01995434,0.0,2.064
1834528.0,0.03158578,0.0,2.064
1834606.0,0.03839201,0.0,2.064
1834684.0,0.02904616,0.0,2.408
1834762.0,0.01690671,0.0,2.064
1834840.0,0.00933851,0.0,2.064
1834918.0,0.02391621,0.0,2.064
1834996.0,0.02787794,0.0,2.064
1835075.0,0.01802408,0.0,2.064
1835153.0,0.03905238,0.0,2.064
1835231.0,0.0240685,0.0,2.064
1835309.0,0.00217679,0.0,2.064
1835387.0,0.02411927,0.0,2.064
1835465.0,0.03001117,0.0,2.064
1835543.0,0.01035451,0.0,1.72
1835621.0,0.03194142,0.0,2.064
1835700.0,-0.00716907,0.0,2.064
1835778.0,0.00557991,0.0,1.376
1835856.0,-0.00427388,0.0,1.72
1835934.0,0.02772558,0.0,1.376
1836012.0,0.01187829,0.0,1.72
1836090.0,0.02350974,0.0,1.72
1836168.0,0.03280484,0.0,1.72
1836246.0,0.01431624,0.0,2.064
1836324.0,0.02137651,0.0,2.064
1836403.0,0.00517358,0.0,1.72
1836481.0,0.01121785,0.0,2.064
1836559.0,0.00933851,0.0,1.72
1836637.0,0.02701453,0.0,1.376
1836715.0,0.02157964,0.0,2.064
1836793.0,0.02239244,0.0,1.72
1836871.0,0.02533832,0.0,2.064
1836949.0,0.04590945,0.0,2.064
1837027.0,0.00928783,0.0,2.064
1837106.0,0.01695755,0.0,0.688
1837184.0,0.03123022,0.0,1.376
1837262.0,0.00598623,0.0,1.72
1837340.0,0.00471642,0.0,1.376
1837418.0,0.02874143,0.0,1.72
1837496.0,0.00491962,0.0,1.72
1837574.0,0.01360512,0.0,1.72
1837652.0,0.02594777,0.0,1.376
1837731.0,0.04372539,0.0,1.72
1837809.0,0.02691293,0.0,1.376
1837887.0,0.0393571,0.0,1.376
1837965.0,0.01335123,0.0,2.064
1838043.0,0.01147189,0.0,2.064
1838121.0,0.04443636,0.0,1.376
1838199.0,0.00293868,0.0,1.376
1838277.0,0.01441792,0.0,1.72
1838355.0,0.01218302,0.0,1.72
1838434.0,0.02513519,0.0,1.376
1838512.0,0.0239669,0.0,1.72
1838590.0,0.01782096,0.0,2.064
1838668.0,-0.00940389,0.0,2.064
1838746.0,0.0221384,0.0,2.408
1838824.0,0.01335123,0.0,2.064
1838902.0,0.02036059,0.0,1.72
1838980.0,0.01858285,0.0,2.064
1839058.0,0.0376302,0.0,2.064
1839137.0,0.01035451,0.0,2.064
1839215.0,0.01380839,0.0,2.064
1839293.0,0.03341429,0.0,2.064
1839371.0,0.01888757,0.0,1.72
1839449.0,-0.00168349,0.0,1.72
1839527.0,0.0240685,0.0,2.064
1839605.0,0.02254473,0.0,2.064
1839683.0,0.02594777,0.0,2.064
1839762.0,0.01792256,0.0,2.064
1839840.0,0.02239244,0.0,2.408
1839918.0,0.01954786,0.0,2.064
1839996.0,0.01528133,0.0,2.064
1840074.0,0.0240685,0.0,2.408
1840152.0,0.01665274,0.0,2.408
1840230.0,0.03148426,0.0,2.752
1840308.0,0.05362993,0.0,2.408
1840386.0,0.02655737,0.0,1.376
1840465.0,0.03387152,0.0,2.064
1840543.0,0.01873528,0.0,1.376
1840621.0,0.02173215,0.0,2.064
1840699.0,0.01512897,0.0,1.032
1840777.0,0.0199035,0.0,2.752
1840855.0,0.01274163,0.0,1.72
1840933.0,0.00268479,0.0,2.064
1841011.0,0.01131953,0.0,2.064
1841090.0,0.00456413,0.0,2.408
1841168.0,0.01670351,0.0,1.72
1841246.0,0.00700209,0.0,2.064
1841324.0,0.01451944,0.0,1.72
1841402.0,0.00700209,0.0,2.408
1841480.0,0.02731926,0.0,1.72
1841558.0,0.00679888,0.0,2.408
1841636.0,-0.00071832,0.0,2.064
1841714.0,0.00319264,0.0,2.064
1841792.0,0.02554152,0.0,2.064
1841871.0,-0.00356275,0.0,2.064
1841949.0,0.0132497,0.0,2.064
1842027.0,0.0091863,0.0,1.72
1842105.0,-0.00412144,0.0,2.064
1842183.0,0.02300189,0.0,1.72
1842261.0,0.01477348,0.0,2.064
1842339.0,0.00578318,0.0,1.72
1842418.0,0.01421472,0.0,2.064
1842496.0,0.01639878,0.0,2.064
1842574.0,-0.01067378,0.0,2.064
1842652.0,0.03224615,0.0,1.72
1842730.0,0.00542762,0.0,2.064
1842808.0,0.02513519,0.0,2.064
1842886.0,-0.00513736,0.0,2.408
1842964.0,0.02523679,0.0,2.064
1843042.0,0.00954171,0.0,2.064
1843120.0,0.01396068,0.0,1.72
1843199.0,0.02112255,0.0,2.408
1843277.0,0.01533217,0.0,2.064
1843355.0,0.00385301,0.0,2.408
1843433.0,0.0090847,0.0,1.376
1843511.0,0.01609406,0.0,1.376
1843589.0,0.02147811,0.0,1.72
1843667.0,0.01695755,0.0,1.376
1843745.0,0.01152265,0.0,1.376
1843823.0,0.02208756,0.0,1.72
1843902.0,0.02183367,0.0,1.376
1843980.0,0.00385301,0.0,1.376
1844058.0,0.02208756,0.0,1.72
1844136.0,0.02401774,0.0,1.72
1844214.0,0.01035451,0.0,1.72
1844292.0,0.01827812,0.0,1.72
1844370.0,0.00456413,0.0,1.72
1844448.0,0.00100858,0.0,1.72
1844527.0,0.00618943,0.0,1.72
1844605.0,0.01187829,0.0,1.72
1844683.0,0.00354828,0.0,1.72
1844761.0,0.01203065,0.0,1.376
1844839.0,0.00171963,0.0,1.72
1844917.0,0.02305273,0.0,1.72
1844995.0,0.02056379,0.0,1.72
1845073.0,0.01995434,0.0,1.376
1845151.0,0.02081782,0.0,1.72
1845229.0,-0.00401991,0.0,1.72
1845308.0,0.01157349,0.0,1.72
1845386.0,-0.00198821,0.0,1.72
1845464.0,0.00171963,0.0,1.72
1845542.0,0.01233538,0.0,1.72
1845620.0,0.00811954,0.0,1.72
1845698.0,0.00776405,0.0,1.72
1845776.0,0.01766867,0.0,1.72
1845855.0,-0.00219134,0.0,2.064
1845933.0,0.00796725,0.0,2.408
1846011.0,0.02036059,0.0,1.72
1846089.0,0.02244313,0.0,2.408
1846167.0,0.01065924,0.0,1.376
1846245.0,0.02091935,0.0,1.376
1846323.0,0.00949103,0.0,1.376
1846401.0,0.0178718,0.0,2.064
1846479.0,0.00161803,0.0,1.376
1846558.0,0.03686832,0.0,1.72
1846636.0,0.01639878,0.0,1.032
1846714.0,0.02320501,0.0,1.72
1846792.0,0.0313319,0.0,1.376
1846870.0,-0.00214057,0.0,1.72
1846948.0,0.02381454,0.0,1.72
1847026.0,0.02330661,0.0,2.064
1847104.0,-0.00234385,0.0,1.72
1847182.0,0.02711613,0.0,1.72
1847260.0,0.02594777,0.0,2.064
1847339.0,0.04088096,0.0,2.064
1847417.0,0.02417003,0.0,2.064
1847495.0,0.02797962,0.0,2.408
1847573.0,0.00629103,0.0,2.408
1847651.0,0.00319264,0.0,2.752
1847729.0,0.01639878,0.0,2.752
1847807.0,0.01431624,0.0,2.752
1847886.0,0.01040528,0.0,2.408
1847964.0,0.01076076,0.0,2.408
1848042.0,0.01959877,0.0,2.064
1848120.0,0.01380839,0.0,2.408
1848198.0,0.00928783,0.0,2.408
1848276.0,0.01741471,0.0,2.064
1848354.0,0.01462097,0.0,2.064
1848432.0,-0.00046443,0.0,2.064
1848510.0,0.01010048,0.0,2.408
1848588.0,0.0205131,0.0,2.064
1848667.0,0.01563689,0.0,2.408
1848745.0,0.01934474,0.0,2.408
1848823.0,0.00933851,0.0,1.376
1848901.0,0.01883689,0.0,1.72
1848979.0,0.01477348,0.0,1.72
1849057.0,0.02142727,0.0,1.72
1849135.0,-0.01199443,0.0,2.064
1849213.0,0.02889387,0.0,1.376
1849291.0,0.02132567,0.0,2.408
1849370.0,0.01604322,0.0,3.096
1849448.0,0.02655737,0.0,2.064
1849526.0,0.00359897,0.0,1.72
1849604.0,0.02477955,0.0,2.064
1849682.0,0.04296342,0.0,2.064
1849760.0,0.01863368,0.0,2.064
1849838.0,0.02305273,0.0,2.064
1849917.0,0.02091935,0.0,1.72
1849995.0,0.01385915,0.0,1.376
1850073.0,0.01777027,0.0,1.376
1850151.0,0.03031605,0.0,2.064
1850229.0,0.00832266,0.0,2.064
1850307.0,0.03448105,0.0,2.408
1850385.0,0.0132497,0.0,2.064
1850463.0,0.00786565,0.0,2.064
1850541.0,0.00085622,0.0,2.064
1850619.0,0.01563689,0.0,2.408
1850698.0,0.02361142,0.0,2.064
1850776.0,0.01269094,0.0,2.408
1850854.0,0.02731926,0.0,2.064
1850932.0,0.00273548,0.0,2.064
1851010.0,0.03630955,0.0,2.064
1851088.0,0.0198019,0.0,2.064
1851166.0,0.01137037,0.0,2.064
1851244.0,0.00116102,0.0,2.064
1851322.0,0.0240685,0.0,2.064
1851401.0,0.01929405,0.0,2.064
1851479.0,0.00537671,0.0,2.064
1851557.0,0.02442399,0.0,2.064
1851635.0,0.02701453,0.0,2.064
1851713.0,0.02371302,0.0,2.064
1851791.0,0.03021445,0.0,1.72
1851869.0,0.01396068,0.0,2.064
1851948.0,0.02320501,0.0,2.064
1852026.0,0.02909699,0.0,2.064
1852104.0,0.01426541,0.0,2.408
1852182.0,0.0237637,0.0,1.72
1852260.0,0.01091313,0.0,2.064
1852338.0,0.01182745,0.0,2.064
1852416.0,0.03107793,0.0,2.064
1852494.0,0.00151651,0.0,2.064
1852572.0,0.02467803,0.0,1.72
1852651.0,0.01822728,0.0,2.064
1852729.0,0.02945256,0.0,2.064
1852807.0,-0.00981037,0.0,2.064
1852885.0,0.00248159,0.0,1.72
1852963.0,0.02645584,0.0,2.064
1853041.0,0.01761783,0.0,1.72
1853119.0,0.00974499,0.0,1.72
1853197.0,0.01137037,0.0,2.064
1853275.0,0.01888757,0.0,2.064
1853353.0,0.02665889,0.0,1.72
1853432.0,0.02315425,0.0,1.72
1853510.0,0.01299567,0.0,1.72
1853588.0,0.01959877,0.0,1.72
1853666.0,0.01695755,0.0,2.064
1853744.0,-0.00295322,0.0,1.72
1853822.0,0.01670351,0.0,2.064
1853900.0,-0.00600078,0.0,1.72
1853978.0,0.01629718,0.0,2.064
1854056.0,0.00502115,0.0,2.064
1854135.0,0.01274163,0.0,1.72
1854213.0,0.02538908,0.0,1.72
1854291.0,0.01639878,0.0,2.064
1854369.0,0.01619566,0.0,2.064
1854447.0,0.01812576,0.0,1.72
1854525.0,0.01634802,0.0,2.064
1854603.0,0.01771936,0.0,1.72
1854682.0,0.02290029,0.0,2.064
1854760.0,0.0237637,0.0,1.376
1854838.0,0.0349889,0.0,2.064
1854916.0,0.0106084,0.0,2.064
1854994.0,0.00933851,0.0,1.72
1855072.0,0.01172593,0.0,1.72
1855150.0,0.02269716,0.0,1.72
1855228.0,0.0063418,0.0,1.72
1855306.0,0.02711613,0.0,2.064
1855384.0,0.01964961,0.0,1.72
1855463.0,0.00984659,0.0,2.064
1855541.0,0.02229076,0.0,2.064
1855619.0,0.01909085,0.0,1.376
1855697.0,0.00751001,0.0,1.72
1855775.0,0.01411312,0.0,2.408
1855853.0,0.02335745,0.0,2.064
1855931.0,0.01482417,0.0,1.72
1856009.0,0.01131953,0.0,1.72
1856087.0,0.00776405,0.0,1.72
1856166.0,0.03580163,0.0,1.72
1856244.0,0.02935088,0.0,1.72
1856322.0,0.01299567,0.0,1.376
1856400.0,0.0106084,0.0,1.72
1856478.0,0.02620181,0.0,1.72
1856556.0,-0.0011248,0.0,1.72
1856634.0,0.03392236,0.0,0.688
1856713.0,0.02589708,0.0,2.064
1856791.0,0.02477955,0.0,2.064
1856869.0,0.04108408,0.0,2.064
1856947.0,0.01792256,0.0,2.064
1857025.0,0.01594169,0.0,2.064
1857103.0,0.02223993,0.0,1.72
1857181.0,0.00354828,0.0,2.064
1857259.0,0.02432247,0.0,1.376
1857337.0,0.03224615,0.0,1.72
1857416.0,0.01177661,0.0,1.376
1857494.0,0.01716067,0.0,2.752
1857572.0,0.02996048,0.0,1.376
1857650.0,0.02691293,0.0,1.72
1857728.0,0.02635417,0.0,1.72
1857806.0,0.00309104,0.0,1.376
1857884.0,0.02467803,0.0,1.72
1857962.0,-0.0025469,0.0,1.72
1858040.0,0.010202,0.0,2.064
1858118.0,0.02249396,0.0,2.064
1858197.0,0.04047456,0.0,2.064
1858275.0,0.02442399,0.0,2.064
1858353.0,0.00938943,0.0,2.064
1858431.0,0.02630333,0.0,2.064
1858509.0,0.0243733,0.0,2.064
1858587.0,0.02173215,0.0,2.064
1858665.0,0.00060225,0.0,1.376
1858744.0,0.02549068,0.0,1.72
1858822.0,0.01639878,0.0,1.72
1858900.0,0.02274785,0.0,2.064
1858978.0,0.03529362,0.0,1.72
1859056.0,0.02147811,0.0,2.064
1859134.0,0.01634802,0.0,2.064
1859212.0,0.02985896,0.0,2.064
1859290.0,0.0203099,0.0,1.72
1859368.0,0.01827812,0.0,1.72
1859447.0,0.02244313,0.0,1.72
1859525.0,0.01904001,0.0,2.064
1859603.0,0.01192905,0.0,1.72
1859681.0,0.01909085,0.0,1.376
1859759.0,0.00740849,0.0,2.064
1859837.0,0.00888142,0.0,2.064
1859915.0,0.01096396,0.0,2.752
1859993.0,0.01172593,0.0,2.752
1860071.0,0.02513519,0.0,2.408
1860149.0,0.01487501,0.0,2.752
1860228.0,0.01289414,0.0,2.064
1860306.0,0.00598623,0.0,2.408
1860384.0,0.00766237,0.0,2.408
1860462.0,0.02889387,0.0,2.408
1860540.0,-0.00823575,0.0,2.408
1860618.0,0.0067482,0.0,2.408
1860696.0,0.02137651,0.0,2.408
1860774.0,0.00182131,0.0,2.408
1860852.0,0.00542762,0.0,2.408
1860931.0,0.01187829,0.0,2.408
1861009.0,0.03397305,0.0,2.408
1861087.0,0.00735765,0.0,2.408
1861165.0,0.00933851,0.0,2.408
1861243.0,-0.00711823,0.0,2.408
1861321.0,0.0215288,0.0,2.064
1861399.0,0.02670973,0.0,2.408
1861478.0,0.033262,0.0,2.064
1861556.0,0.02122407,0.0,2.064
1861634.0,0.02310341,0.0,2.064
1861712.0,0.03143342,0.0,2.064
1861790.0,0.0087799,0.0,2.408
1861868.0,0.0103036,0.0,2.064
1861946.0,0.01954786,0.0,2.064
1862024.0,0.01599246,0.0,2.752
1862102.0,0.00436086,0.0,2.064
1862180.0,-0.00066756,0.0,2.064
1862259.0,0.00370057,0.0,2.064
1862337.0,0.03488738,0.0,1.72
1862415.0,0.01832896,0.0,1.72
1862493.0,0.0245765,0.0,2.064
1862571.0,0.01731311,0.0,1.72
1862649.0,0.02056379,0.0,2.064
1862727.0,-0.00300414,0.0,2.752
1862805.0,0.006545,0.0,2.752
1862884.0,0.01192905,0.0,2.752
1862962.0,0.01624642,0.0,2.408
1863040.0,0.01492569,0.0,2.408
1863118.0,0.01924313,0.0,2.408
1863196.0,0.02239244,0.0,2.408
1863274.0,0.01782096,0.0,2.408
1863352.0,0.03056993,0.0,2.408
1863430.0,0.02833518,0.0,2.064
1863509.0,-0.00010887,0.0,2.408
1863587.0,0.0215288,0.0,2.408
1863665.0,0.01274163,0.0,2.408
1863743.0,0.01680511,0.0,2.408
1863821.0,0.02518595,0.0,2.064
1863899.0,-0.00173425,0.0,2.408
1863977.0,0.01599246,0.0,2.408
1864055.0,-0.00706754,0.0,2.408
1864133.0,0.01710998,0.0,2.408
1864212.0,0.02284945,0.0,2.408
1864290.0,0.03864605,0.0,2.064
1864368.0,0.00456413,0.0,2.064
1864446.0,0.02015746,0.0,1.72
1864524.0,-0.00137861,0.0,2.064
1864602.0,0.00745925,0.0,2.064
1864680.0,0.01451944,0.0,2.064
1864758.0,0.02254473,0.0,1.72
1864836.0,0.00476733,0.0,2.408
1864914.0,0.00563067,0.0,2.064
1864993.0,0.05332521,0.0,2.064
1865071.0,0.01650038,0.0,2.064
1865149.0,0.01385915,0.0,2.064
1865227.0,-0.00503576,0.0,2.064
1865305.0,0.01578933,0.0,3.096
1865383.0,0.02894463,0.0,3.096
1865461.0,0.00883074,0.0,2.752
1865539.0,0.02315425,0.0,2.752
1865618.0,0.02279869,0.0,2.408
1865696.0,0.02742086,0.0,2.408
1865774.0,0.03183982,0.0,2.752
1865852.0,0.02036059,0.0,2.408
1865930.0,0.01492569,0.0,1.72
1866008.0,0.01766867,0.0,2.408
1866086.0,0.01782096,0.0,2.408
1866164.0,-0.00132792,0.0,2.064
1866243.0,0.03026521,0.0,2.752
1866321.0,0.00080545,0.0,2.064
1866399.0,-0.01011509,0.0,2.064
1866477.0,0.01131953,0.0,2.408
1866555.0,0.00832266,0.0,2.064
1866633.0,0.0069514,0.0,2.408
1866711.0,0.04037296,0.0,2.064
1866789.0,0.00349737,0.0,2.064
1866867.0,0.03056993,0.0,2.064
1866946.0,0.01568773,0.0,2.408
1867024.0,0.01517973,0.0,2.408
1867102.0,0.00405613,0.0,2.408
1867180.0,-0.00381671,0.0,2.064
1867258.0,0.00578318,0.0,2.064
1867336.0,0.01446868,0.0,2.064
1867414.0,0.01436716,0.0,2.064
1867492.0,0.01010048,0.0,2.064
1867570.0,0.00598623,0.0,2.064
1867649.0,0.01457028,0.0,2.064
1867727.0,0.01487501,0.0,2.064
1867805.0,0.00974499,0.0,2.064
1867883.0,0.01147189,0.0,2.064
1867961.0,0.02168124,0.0,2.752
1868039.0,0.0444872,0.0,2.752
1868117.0,0.0126401,0.0,2.752
1868195.0,0.01665274,0.0,2.752
1868273.0,0.00050073,0.0,3.096
1868352.0,0.03143342,0.0,2.752
1868430.0,0.01385915,0.0,2.408
1868508.0,-0.00193737,0.0,2.408
1868586.0,0.0197003,0.0,2.408
1868664.0,0.01380839,0.0,2.752
1868742.0,0.01502744,0.0,2.408
1868820.0,0.02833518,0.0,2.064
1868898.0,0.00984659,0.0,2.408
1868977.0,0.02899547,0.0,2.408
1869055.0,0.01822728,0.0,2.408
1869133.0,0.01538293,0.0,2.408
1869211.0,0.0179734,0.0,2.408
1869289.0,0.0287922,0.0,2.752
1869367.0,0.01690671,0.0,2.064
1869445.0,0.00283708,0.0,2.064
1869523.0,0.01639878,0.0,2.408
1869601.0,0.01832896,0.0,2.064
1869680.0,0.01629718,0.0,2.064
1869758.0,0.01096396,0.0,2.064
1869836.0,0.01609406,0.0,2.064
1869914.0,0.01035451,0.0,2.064
1869992.0,0.01416388,0.0,1.72
1870070.0,0.02188436,0.0,1.376
1870148.0,0.00111018,0.0,1.72
1870226.0,0.01172593,0.0,1.72
1870304.0,0.02660813,0.0,2.064
1870383.0,-0.00010887,0.0,1.72
1870461.0,0.03183982,0.0,1.72
1870539.0,0.00339584,0.0,2.064
1870617.0,0.01817652,0.0,2.064
1870695.0,0.01451944,0.0,1.72
1870773.0,0.00999888,0.0,1.376
1870851.0,0.02046219,0.0,1.72
1870929.0,0.03950947,0.0,1.376
1871008.0,0.01365595,0.0,1.376
1871086.0,0.02076691,0.0,1.376
1871164.0,-0.00655954,0.0,1.376
1871242.0,0.01512897,0.0,1.72
1871320.0,0.02142727,0.0,2.064
1871398.0,0.03793493,0.0,1.72
1871476.0,0.02178284,0.0,2.064
1871554.0,0.02025906,0.0,1.72
1871632.0,0.01203065,0.0,1.72
1871711.0,0.01502744,0.0,1.376
1871789.0,0.0197003,0.0,2.064
1871867.0,-0.00117548,0.0,2.064
1871945.0,0.02325578,0.0,2.064
1872023.0,0.01025284,0.0,2.064
1872101.0,0.00192283,0.0,1.72
1872179.0,0.0316367,0.0,2.064
1872257.0,0.00557991,0.0,2.064
1872335.0,0.0131481,0.0,1.72
1872414.0,0.01431624,0.0,2.064
1872492.0,0.01705907,0.0,1.72
1872570.0,0.01878605,0.0,1.72
1872648.0,0.01848132,0.0,2.064
1872726.0,0.00867822,0.0,2.064
1872804.0,0.03691915,0.0,2.064
1872882.0,0.01695755,0.0,2.064
1872960.0,0.01472264,0.0,2.064
1873038.0,0.02279869,0.0,1.72
1873117.0,0.02122407,0.0,2.064
1873195.0,0.00390385,0.0,1.72
1873273.0,0.01538293,0.0,1.72
1873351.0,0.01390999,0.0,2.064
1873429.0,-0.00142952,0.0,1.72
1873507.0,0.0063418,0.0,2.064
1873585.0,0.00481802,0.0,2.064
1873663.0,0.01655122,0.0,1.72
1873742.0,0.01086229,0.0,1.376
1873820.0,-0.00940389,0.0,2.408
1873898.0,0.02234153,0.0,2.408
1873976.0,0.00979575,0.0,2.408
1874054.0,0.02549068,0.0,2.752
1874132.0,0.01309727,0.0,2.408
1874210.0,0.01411312,0.0,2.064
1874288.0,0.01599246,0.0,2.064
1874366.0,0.01685595,0.0,2.064
1874445.0,4.349e-05,0.0,2.064
1874523.0,0.02178284,0.0,2.064
1874601.0,0.02604937,0.0,2.752
1874679.0,0.02173215,0.0,2.408
1874757.0,0.00380217,0.0,2.408
1874835.0,0.02208756,0.0,1.72
1874913.0,0.02792878,0.0,1.72
1874991.0,0.02345898,0.0,1.72
1875069.0,0.01538293,0.0,2.408
1875148.0,0.01182745,0.0,1.72
1875226.0,0.02635417,0.0,2.752
1875304.0,0.0334652,0.0,2.408
1875382.0,0.01091313,0.0,2.408
1875460.0,0.02452566,0.0,2.064
1875538.0,0.02747154,0.0,2.408
1875616.0,0.03864605,0.0,2.064
1875694.0,0.0245765,0.0,2.064
1875773.0,-0.000312,0.0,2.064
1875851.0,0.01650038,0.0,2.752
1875929.0,0.02102095,0.0,2.064
1876007.0,-0.00595001,0.0,2.408
1876085.0,0.01543377,0.0,2.752
1876163.0,0.02178284,0.0,2.408
1876241.0,0.02808114,0.0,2.408
1876319.0,0.00664667,0.0,2.408
1876397.0,0.00370057,0.0,2.408
1876476.0,0.02320501,0.0,2.064
1876554.0,0.00400537,0.0,1.72
1876632.0,0.01924313,0.0,2.064
1876710.0,0.01446868,0.0,2.408
1876788.0,0.03376992,0.0,2.064
1876866.0,0.02127491,0.0,2.064
1876944.0,-0.00600078,0.0,2.064
1877022.0,-0.00559445,0.0,2.064
1877101.0,0.01010048,0.0,2.408
1877179.0,0.02188436,0.0,3.096
1877257.0,0.0511919,0.0,2.064
1877335.0,0.01827812,0.0,2.408
1877413.0,0.01721151,0.0,2.408
1877491.0,0.02391621,0.0,2.752
1877569.0,0.02665889,0.0,2.408
1877647.0,0.02533832,0.0,3.096
1877725.0,0.03575086,0.0,2.064
1877804.0,0.02538908,0.0,2.408
1877882.0,-0.00686434,0.0,2.752
1877960.0,0.04210001,0.0,2.408
1878038.0,0.02290029,0.0,2.408
1878116.0,0.02117339,0.0,2.064
1878194.0,0.00664667,0.0,2.064
1878272.0,0.00730696,0.0,2.064
1878350.0,0.02848739,0.0,2.064
1878428.0,0.02615097,0.0,2.064
1878506.0,0.01548446,0.0,2.064
1878585.0,0.01873528,0.0,2.064
1878663.0,0.0238653,0.0,2.752
1878741.0,0.01451944,0.0,2.752
1878819.0,0.01929405,0.0,2.752
1878897.0,0.03808737,0.0,2.064
1878975.0,0.0128433,0.0,2.064
1879053.0,0.00852594,0.0,2.408
1879131.0,0.00938943,0.0,2.064
1879210.0,0.01964961,0.0,2.064
1879288.0,0.01751623,0.0,2.064
1879366.0,0.00862754,0.0,2.064
1879444.0,0.00989728,0.0,2.064
1879522.0,-0.00148021,0.0,2.408
1879600.0,0.01624642,0.0,2.064
1879678.0,0.02142727,0.0,2.408
1879756.0,-0.00076916,0.0,2.408
1879835.0,0.01015131,0.0,2.064
1879913.0,0.01421472,0.0,2.064
1879991.0,0.01599246,0.0,2.064
1880069.0,0.00720529,0.0,2.064
1880147.0,0.02427178,0.0,2.064
1880225.0,0.00202451,0.0,1.032
1880303.0,0.01050688,0.0,2.064
1880381.0,0.01126876,0.0,1.72
1880459.0,0.01644962,0.0,2.064
1880537.0,-0.01097858,0.0,2.064
1880616.0,0.01766867,0.0,2.064
1880694.0,0.01233538,0.0,2.064
1880772.0,0.00801794,0.0,2.064
1880850.0,0.02528748,0.0,2.064
1880928.0,0.00568143,0.0,2.064
1881006.0,0.01710998,0.0,1.72
1881084.0,0.01111633,0.0,2.064
1881162.0,0.03300804,0.0,2.064
1881240.0,0.03341429,0.0,1.72
1881319.0,0.0333636,0.0,2.064
1881397.0,0.01497661,0.0,2.064
1881475.0,0.00283708,0.0,1.72
1881553.0,0.02401774,0.0,2.064
1881631.0,-0.01798786,0.0,2.064
1881709.0,0.02361142,0.0,2.064
1881787.0,0.01441792,0.0,2.064
1881866.0,0.02589708,0.0,1.376
1881944.0,4.349e-05,0.0,2.064
1882022.0,0.01528133,0.0,2.752
1882100.0,0.01345283,0.0,2.064
1882178.0,0.01213218,0.0,2.408
1882256.0,0.01893841,0.0,2.064
1882334.0,-0.00427388,0.0,2.752
1882412.0,0.03041765,0.0,2.408
1882490.0,0.01055756,0.0,2.064
1882569.0,0.01365595,0.0,2.408
1882647.0,0.01441792,0.0,2.064
1882725.0,0.00405613,0.0,2.064
1882803.0,0.01644962,0.0,2.064
1882881.0,0.0174654,0.0,2.064
1882959.0,0.01462097,0.0,2.064
1883037.0,0.01761783,0.0,1.72
1883115.0,0.00649416,0.0,2.064
1883193.0,0.00928783,0.0,2.064
1883271.0,0.02229076,0.0,2.064
1883350.0,0.01096396,0.0,2.064
1883428.0,0.00893226,0.0,2.064
1883506.0,0.01441792,0.0,2.064
1883584.0,-0.0066103,0.0,2.064
1883662.0,0.00969408,0.0,2.064
1883740.0,0.01167509,0.0,2.064
1883818.0,0.02173215,0.0,2.064
1883897.0,0.02010662,0.0,2.064
1883975.0,-0.00244537,0.0,2.064
1884053.0,0.04296342,0.0,2.064
1884131.0,0.00888142,0.0,2.064
1884209.0,0.02610028,0.0,2.064
1884287.0,0.00725612,0.0,2.064
1884365.0,0.01863368,0.0,2.064
1884443.0,0.00761169,0.0,2.064
1884521.0,0.01299567,0.0,1.72
1884599.0,-0.00036283,0.0,2.064
1884678.0,0.03331276,0.0,2.064
1884756.0,0.02747154,0.0,2.064
1884834.0,0.04159201,0.0,2.064
1884912.0,0.02122407,0.0,2.064
1884990.0,-0.00376595,0.0,2.064
1885068.0,0.02747154,0.0,2.408
1885146.0,0.01716067,0.0,2.064
1885224.0,0.00557991,0.0,2.064
1885302.0,0.03209371,0.0,2.064
1885381.0,0.0334652,0.0,2.064
1885459.0,-0.00452791,0.0,2.064
1885537.0,0.02147811,0.0,2.064
1885615.0,0.00806877,0.0,2.064
1885693.0,0.00197359,0.0,2.064
1885771.0,0.01137037,0.0,2.064
1885849.0,0.01182745,0.0,2.064
1885927.0,-0.01768314,0.0,2.064
1886006.0,0.01040528,0.0,2.064
1886084.0,0.01142105,0.0,2.064
1886162.0,-0.0119436,0.0,2.064
1886240.0,0.02472879,0.0,2.064
1886318.0,0.01533217,0.0,2.064
1886396.0,0.02274785,0.0,2.064
1886474.0,0.02655737,0.0,2.064
1886552.0,-0.0203752,0.0,1.72
1886631.0,0.00085622,0.0,2.064
1886709.0,0.01472264,0.0,2.064
1886787.0,0.03463334,0.0,2.064
1886865.0,0.02665889,0.0,2.064
1886943.0,0.01573849,0.0,1.72
1887021.0,-0.00823575,0.0,1.72
1887099.0,0.02615097,0.0,2.064
1887177.0,0.01462097,0.0,2.064
1887255.0,0.03189051,0.0,1.72
1887333.0,0.01731311,0.0,1.376
1887412.0,0.00994811,0.0,1.72
1887490.0,0.01599246,0.0,1.72
1887568.0,0.00547831,0.0,1.72
1887646.0,0.01451944,0.0,1.376
1887724.0,0.02305273,0.0,1.72
1887802.0,-0.01483879,0.0,1.72
1887880.0,0.0309255,0.0,1.72
1887959.0,0.03031605,0.0,1.72
1888037.0,0.02086851,0.0,2.064
1888115.0,0.02223993,0.0,1.72
1888193.0,0.01462097,0.0,1.72
1888271.0,0.01655122,0.0,1.72
1888349.0,0.01802408,0.0,2.064
1888427.0,0.01126876,0.0,1.72
1888505.0,0.01584002,0.0,2.064
1888583.0,0.02229076,0.0,2.408
1888662.0,0.01390999,0.0,1.72
1888740.0,0.00065302,0.0,1.72
1888818.0,0.01685595,0.0,2.064
1888896.0,0.01619566,0.0,2.064
1888974.0,0.02183367,0.0,1.72
1889052.0,-0.00087076,0.0,2.064
1889130.0,0.01065924,0.0,2.064
1889208.0,0.02046219,0.0,2.064
1889286.0,0.00557991,0.0,2.064
1889364.0,0.00400537,0.0,2.064
1889443.0,0.00649416,0.0,2.064
1889521.0,0.02361142,0.0,2.064
1889599.0,0.03224615,0.0,2.064
1889677.0,-0.0006168,0.0,2.064
1889755.0,0.02498275,0.0,2.064
1889833.0,0.02589708,0.0,2.064
1889911.0,0.02615097,0.0,2.408
1889990.0,0.00177047,0.0,2.752
1890068.0,0.02239244,0.0,2.752
1890146.0,0.01137037,0.0,2.752
1890224.0,0.00725612,0.0,2.064
1890302.0,-0.0004136,0.0,2.408
1890380.0,0.00314188,0.0,2.752
1890458.0,0.02533832,0.0,2.064
1890536.0,0.01934474,0.0,1.376
1890614.0,0.02234153,0.0,2.064
1890693.0,0.00903379,0.0,1.032
1890771.0,0.00446253,0.0,2.064
1890849.0,0.03214455,0.0,2.064
1890927.0,0.00974499,0.0,2.064
1891005.0,0.05373153,0.0,1.72
1891083.0,-0.0051882,0.0,2.064
1891161.0,0.02015746,0.0,2.408
1891239.0,0.03376992,0.0,1.72
1891317.0,0.033262,0.0,1.72
1891396.0,0.01162425,0.0,1.72
1891474.0,-0.00295322,0.0,1.72
1891552.0,0.03590323,0.0,1.72
1891630.0,0.01487501,0.0,2.064
1891708.0,0.017567,0.0,1.72
1891786.0,0.0200051,0.0,2.064
1891864.0,0.02208756,0.0,2.064
1891942.0,0.03123022,0.0,1.72
1892020.0,0.0335668,0.0,2.064
1892099.0,0.00867822,0.0,1.72
1892177.0,0.01589093,0.0,2.064
1892255.0,0.00136414,0.0,2.064
1892333.0,0.01731311,0.0,2.064
1892411.0,0.0220368,0.0,2.064
1892489.0,0.01929405,0.0,2.064
1892567.0,0.02670973,0.0,2.064
1892645.0,0.00735765,0.0,2.064
1892723.0,0.01650038,0.0,2.064
1892802.0,0.02097019,0.0,2.064
1892880.0,0.02218916,0.0,2.064
1892958.0,0.0043101,0.0,2.064
1893036.0,0.0124369,0.0,2.064
1893114.0,0.0173638,0.0,2.064
1893192.0,0.03478577,0.0,2.064
1893270.0,0.00730696,0.0,2.752
1893348.0,0.02884303,0.0,2.064
1893426.0,0.01253858,0.0,2.408
1893505.0,0.0130465,0.0,1.032
1893583.0,0.01675435,0.0,1.032
1893661.0,0.02010662,0.0,1.72
1893739.0,0.00537671,0.0,1.72
1893817.0,-0.00782935,0.0,1.376
1893895.0,0.01873528,0.0,1.72
1893973.0,0.00964331,0.0,2.064
1894051.0,0.02244313,0.0,2.408
1894129.0,0.01792256,0.0,2.752
1894208.0,0.01345283,0.0,2.408
1894286.0,0.02955416,0.0,3.784
1894364.0,0.0215288,0.0,3.096
1894442.0,0.00964331,0.0,3.096
1894520.0,0.02432247,0.0,3.096
1894598.0,0.0179734,0.0,3.096
1894676.0,0.02813191,0.0,2.064
1894755.0,0.03285575,0.0,2.752
1894833.0,0.0200051,0.0,2.064
1894911.0,0.01472264,0.0,2.064
1894989.0,0.02869059,0.0,2.408
1895067.0,-0.00442624,0.0,1.72
1895145.0,0.02965576,0.0,2.408
1895223.0,0.00781481,0.0,2.064
1895301.0,0.0126401,0.0,1.72
1895379.0,0.01462097,0.0,1.72
1895458.0,0.01187829,0.0,2.064
1895536.0,0.02874143,0.0,1.72
1895614.0,0.00796725,0.0,2.064
1895692.0,-0.00859132,0.0,2.064
1895770.0,0.00405613,0.0,1.72
1895848.0,0.032754,0.0,2.064
1895926.0,-7.27e-06,0.0,1.72
1896004.0,0.00700209,0.0,2.408
1896082.0,0.01416388,0.0,2.408
1896161.0,0.02660813,0.0,2.064
1896239.0,0.01502744,0.0,2.064
1896317.0,0.01975114,0.0,2.064
1896395.0,0.00517358,0.0,1.72
1896473.0,0.03305887,0.0,2.064
1896551.0,0.01898932,0.0,1.72
1896629.0,0.03656359,0.0,1.376
1896707.0,0.01995434,0.0,1.72
1896785.0,0.02670973,0.0,1.72
1896864.0,0.02041142,0.0,2.752
1896942.0,0.02610028,0.0,3.096
1897020.0,0.02462719,0.0,3.096
1897098.0,0.02310341,0.0,2.752
1897176.0,0.0041069,0.0,2.752
1897254.0,0.0200051,0.0,2.752
1897332.0,0.01360512,0.0,2.752
1897410.0,0.01848132,0.0,2.752
1897489.0,0.01848132,0.0,2.408
1897567.0,-0.00371511,0.0,2.408
1897645.0,0.0091863,0.0,1.72
1897723.0,0.03900162,0.0,1.72
1897801.0,0.02005586,0.0,1.72
1897879.0,0.01462097,0.0,1.72
1897957.0,0.017567,0.0,1.72
1898035.0,0.02411927,0.0,1.72
1898113.0,0.03844293,0.0,2.064
1898192.0,0.01822728,0.0,1.72
1898270.0,0.00669736,0.0,1.72
1898348.0,0.02305273,0.0,1.72
1898426.0,0.01777027,0.0,2.064
1898504.0,0.00304028,0.0,1.72
1898582.0,0.03260171,0.0,1.72
1898660.0,0.00771321,0.0,1.376
1898738.0,0.00989728,0.0,1.72
1898816.0,0.02350974,0.0,1.72
1898894.0,0.02686209,0.0,2.064
1898973.0,0.00385301,0.0,1.72
1899051.0,0.04362371,0.0,1.376
1899129.0,0.01954786,0.0,0.688
1899207.0,0.01294483,0.0,2.064
1899285.0,0.01792256,0.0,1.72
1899363.0,0.01685595,0.0,1.032
1899441.0,0.01091313,0.0,2.064
1899520.0,0.00217679,0.0,2.408
1899598.0,0.01106556,0.0,2.064
1899676.0,0.0349889,0.0,1.376
1899754.0,0.02020822,0.0,2.752
1899832.0,0.02147811,0.0,1.72
1899910.0,0.03173822,0.0,1.72
1899988.0,0.0315351,0.0,2.064
1900066.0,0.01919237,0.0,2.064
1900144.0,0.0131481,0.0,2.064
1900222.0,0.03382076,0.0,2.064
1900301.0,0.00639263,0.0,2.064
1900379.0,0.01385915,0.0,1.72
1900457.0,0.02036059,0.0,2.064
1900535.0,0.02335745,0.0,1.72
1900613.0,0.01035451,0.0,1.72
1900691.0,0.01416388,0.0,2.064
1900769.0,0.01426541,0.0,1.72
1900847.0,0.00217679,0.0,1.72
1900926.0,0.00898303,0.0,2.064
1901004.0,0.02157964,0.0,2.064
1901082.0,0.01553529,0.0,1.72
1901160.0,0.02559235,0.0,1.72
1901238.0,0.0106084,0.0,1.72
1901316.0,0.02452566,0.0,2.064
1901394.0,-0.00269926,0.0,2.064
1901472.0,-0.00513736,0.0,1.72
1901550.0,0.01350359,0.0,2.064
1901629.0,0.00959255,0.0,2.064
1901707.0,-0.00295322,0.0,1.72
1901785.0,0.02325578,0.0,1.72
1901863.0,0.02782711,0.0,2.064
1901941.0,0.02229076,0.0,1.72
1902019.0,0.02650653,0.0,2.064
1902097.0,0.00547831,0.0,1.72
1902175.0,0.0311287,0.0,3.096
1902254.0,0.02361142,0.0,1.72
1902332.0,0.00974499,0.0,2.064
1902410.0,0.01477348,0.0,2.752
1902488.0,0.02711613,0.0,2.752
1902566.0,0.01106556,0.0,2.752
1902644.0,0.02279869,0.0,2.064
1902722.0,0.02620181,0.0,1.72
1902800.0,-0.01006426,0.0,2.064
1902878.0,0.02025906,0.0,2.064
1902957.0,0.02010662,0.0,2.064
1903035.0,0.01279254,0.0,2.064
1903113.0,0.01629718,0.0,1.72
1903191.0,-0.00391831,0.0,1.72
1903269.0,0.02046219,0.0,2.064
1903347.0,0.01137037,0.0,1.72
1903425.0,0.01076076,0.0,1.72
1903503.0,0.01939557,0.0,2.064
1903581.0,0.02366218,0.0,2.064
1903659.0,0.0316367,0.0,2.064
1903738.0,0.01533217,0.0,2.064
1903816.0,0.02300189,0.0,2.064
1903894.0,0.01594169,0.0,2.064
1903972.0,0.01761783,0.0,2.064
1904050.0,0.00735765,0.0,1.72
1904128.0,0.03717304,0.0,1.72
1904206.0,0.0205131,0.0,1.72
1904285.0,0.00705292,0.0,2.064
1904363.0,0.02264625,0.0,2.064
1904441.0,0.01187829,0.0,2.064
1904519.0,0.01218302,0.0,2.064
1904597.0,0.02604937,0.0,2.064
1904675.0,0.02874143,0.0,2.064
1904753.0,0.01594169,0.0,2.064
1904831.0,0.01619566,0.0,2.064
1904909.0,0.00227832,0.0,2.408
1904987.0,0.01644962,0.0,1.72
1905066.0,0.02894463,0.0,2.064
1905144.0,-0.00021047,0.0,2.064
1905222.0,0.01086229,0.0,2.064
1905300.0,0.01208134,0.0,1.72
1905378.0,0.02234153,0.0,1.72
1905456.0,0.01289414,0.0,2.064
1905534.0,0.02676057,0.0,1.72
1905612.0,0.00156727,0.0,1.72
1905690.0,0.02955416,0.0,2.064
1905769.0,0.01909085,0.0,1.72
1905847.0,0.02447483,0.0,2.064
1905925.0,-0.0043754,0.0,1.72
1906003.0,0.00405613,0.0,2.064
1906081.0,0.0087799,0.0,2.064
1906159.0,0.01071008,0.0,2.064
1906237.0,0.01477348,0.0,2.064
1906315.0,0.00364981,0.0,2.064
1906394.0,0.01396068,0.0,2.064
1906472.0,0.01441792,0.0,2.064
1906550.0,0.01431624,0.0,2.064
1906628.0,0.02091935,0.0,2.408
1906706.0,0.00771321,0.0,2.064
1906784.0,0.00771321,0.0,2.064
1906862.0,0.01873528,0.0,2.064
1906940.0,-0.00539133,0.0,1.376
1907018.0,0.01888757,0.0,2.064
1907097.0,0.00202451,0.0,2.064
1907175.0,0.01675435,0.0,2.408
1907253.0,0.02554152,0.0,2.064
1907331.0,0.02523679,0.0,2.064
1907409.0,0.0200051,0.0,2.064
1907487.0,0.01309727,0.0,1.72
1907565.0,0.03874765,0.0,1.72
1907643.0,-0.00193737,0.0,1.72
1907721.0,0.01624642,0.0,2.064
1907800.0,0.0178718,0.0,2.064
1907878.0,-0.00026131,0.0,2.064
1907956.0,0.01995434,0.0,2.408
1908034.0,0.01126876,0.0,2.064
1908112.0,0.01929405,0.0,2.064
1908190.0,0.00644347,0.0,1.72
1908268.0,0.02554152,0.0,2.408
1908347.0,0.0051229,0.0,2.064
1908425.0,0.01477348,0.0,2.064
1908503.0,0.01086229,0.0,2.064
1908581.0,0.0221384,0.0,2.064
1908659.0,0.01934474,0.0,2.064
1908737.0,0.00171963,0.0,2.064
1908815.0,0.03382076,0.0,2.064
1908893.0,0.00050073,0.0,2.064
1908971.0,0.02183367,0.0,2.064
1909050.0,0.01446868,0.0,2.064
1909128.0,-0.00132792,0.0,2.064
1909206.0,0.00405613,0.0,2.064
1909284.0,0.02427178,0.0,2.064
1909362.0,0.02955416,0.0,2.064
1909440.0,0.01589093,0.0,2.064
1909518.0,0.03529362,0.0,2.064
1909596.0,0.01350359,0.0,2.064
1909674.0,-0.00915001,0.0,2.064
1909752.0,0.01076076,0.0,2.064
1909831.0,0.00111018,0.0,2.064
1909909.0,0.018075,0.0,1.72
1909987.0,0.0128433,0.0,2.064
1910065.0,0.01517973,0.0,2.064
1910143.0,0.01726227,0.0,2.408
1910221.0,0.00761169,0.0,2.064
1910299.0,0.01878605,0.0,1.72
1910378.0,0.00959255,0.0,2.064
1910456.0,0.01055756,0.0,2.064
1910534.0,0.01446868,0.0,2.064
1910612.0,0.00588471,0.0,2.064
1910690.0,0.02173215,0.0,2.064
1910768.0,0.02157964,0.0,2.064
1910846.0,0.03036673,0.0,1.72
1910924.0,0.03199219,0.0,2.064
1911002.0,-0.00224217,0.0,2.064
1911081.0,0.00974499,0.0,2.064
1911159.0,0.01680511,0.0,2.064
1911237.0,0.03417632,0.0,2.064
1911315.0,0.0333636,0.0,2.064
1911393.0,0.01568773,0.0,2.064
1911471.0,0.00938943,0.0,2.064
1911549.0,0.02863991,0.0,2.752
1911627.0,0.01167509,0.0,2.752
1911705.0,0.01954786,0.0,2.752
1911784.0,0.03468417,0.0,2.752
1911862.0,0.01233538,0.0,2.408
1911940.0,0.0199035,0.0,2.408
1912018.0,0.018075,0.0,2.408
1912096.0,0.00735765,0.0,2.408
1912174.0,-0.00838812,0.0,2.408
1912252.0,0.00339584,0.0,2.408
1912330.0,0.01106556,0.0,2.408
1912408.0,0.03702068,0.0,2.408
1912487.0,0.00476733,0.0,2.408
1912565.0,0.01208134,0.0,2.408
1912643.0,0.02264625,0.0,2.408
1912721.0,0.00664667,0.0,2.408
1912799.0,0.01741471,0.0,2.408
1912877.0,0.00735765,0.0,2.064
1912955.0,0.02518595,0.0,2.408
1913033.0,0.03829049,0.0,2.064
1913112.0,0.01406236,0.0,2.408
1913190.0,0.00039898,0.0,2.408
1913268.0,0.01467188,0.0,2.408
1913346.0,0.01218302,0.0,2.064
1913424.0,0.0205131,0.0,2.408
1913502.0,0.02452566,0.0,2.064
1913580.0,0.00080545,0.0,2.064
1913658.0,0.01792256,0.0,2.408
1913736.0,0.00593547,0.0,2.064
1913815.0,-0.0043754,0.0,2.064
1913893.0,0.01502744,0.0,2.064
1913971.0,0.03473501,0.0,2.064
1914049.0,0.01192905,0.0,2.064
1914127.0,0.02838587,0.0,3.096
1914205.0,0.03702068,0.0,3.096
1914283.0,0.02137651,0.0,2.752
1914361.0,0.02808114,0.0,3.096
1914439.0,0.01584002,0.0,3.096
1914517.0,0.02655737,0.0,3.096
1914596.0,0.01624642,0.0,3.44
1914674.0,0.00304028,0.0,2.408
1914752.0,0.03036673,0.0,3.096
1914830.0,0.02041142,0.0,3.096
1914908.0,0.01497661,0.0,2.752
1914986.0,0.03128106,0.0,3.096
1915064.0,0.03046841,0.0,2.408
1915143.0,0.05225844,0.0,2.408
1915221.0,0.01497661,0.0,2.752
1915299.0,0.03641115,0.0,2.408
1915377.0,0.00949103,0.0,2.064
1915455.0,0.01660198,0.0,2.408
1915533.0,0.01883689,0.0,2.408
1915611.0,0.00568143,0.0,2.064
1915689.0,0.01182745,0.0,2.064
1915767.0,0.02025906,0.0,2.064
1915846.0,0.02142727,0.0,2.408
1915924.0,0.00222763,0.0,2.408
1916002.0,0.01228454,0.0,2.064
1916080.0,0.02828434,0.0,2.408
1916158.0,0.01578933,0.0,2.408
1916236.0,0.00944019,0.0,2.064
1916314.0,0.00182131,0.0,2.408
1916392.0,0.00796725,0.0,2.064
1916470.0,0.00639263,0.0,2.064
1916549.0,0.03001117,0.0,2.064
1916627.0,0.01878605,0.0,2.064
1916705.0,0.00989728,0.0,2.064
1916783.0,0.01832896,0.0,2.752
1916861.0,0.01721151,0.0,3.44
1916939.0,-0.00142952,0.0,2.752
1917017.0,0.03371916,0.0,3.096
1917095.0,0.01868445,0.0,3.096
1917174.0,0.04824588,0.0,2.752
1917252.0,0.00867822,0.0,2.752
1917330.0,0.01279254,0.0,2.408
1917408.0,0.00324356,0.0,2.408
1917486.0,0.02660813,0.0,2.752
1917564.0,0.01563689,0.0,2.408
1917642.0,0.0174654,0.0,2.408
1917720.0,0.00197359,0.0,2.408
1917798.0,0.01644962,0.0,2.408
1917877.0,0.02056379,0.0,2.752
1917955.0,0.00827197,0.0,2.408
1918033.0,0.02889387,0.0,2.408
1918111.0,-0.00173425,0.0,2.408
1918189.0,0.02157964,0.0,2.064
1918267.0,0.01248782,0.0,2.408
1918345.0,0.00319264,0.0,2.408
1918423.0,0.0128433,0.0,2.408
1918501.0,0.02813191,0.0,2.408
1918579.0,0.00954171,0.0,2.408
1918658.0,0.01507821,0.0,2.064
1918736.0,0.0215288,0.0,2.064
1918814.0,0.00436086,0.0,2.408
1918892.0,0.01182745,0.0,2.064
1918970.0,0.01330039,0.0,2.064
1919048.0,0.00522442,0.0,2.064
1919126.0,0.01782096,0.0,2.064
1919205.0,0.00146574,0.0,2.064
1919283.0,0.01390999,0.0,2.064
1919361.0,0.01421472,0.0,2.064
1919439.0,0.0203099,0.0,2.064
1919517.0,0.0240685,0.0,3.096
1919595.0,0.02005586,0.0,3.096
1919673.0,0.02721765,0.0,3.096
1919751.0,0.03204302,0.0,2.752
1919829.0,0.03158578,0.0,2.064
1919908.0,0.00944019,0.0,2.752
1919986.0,0.03580163,0.0,2.064
1920064.0,0.02036059,0.0,2.752
1920142.0,0.02731926,0.0,2.408
1920220.0,0.03468417,0.0,2.752
1920298.0,0.02813191,0.0,2.408
1920376.0,0.02747154,0.0,2.752
1920454.0,0.03468417,0.0,2.408
1920532.0,-0.00574696,0.0,2.408
1920610.0,0.02157964,0.0,2.408
1920689.0,0.01492569,0.0,2.408
1920767.0,0.00822114,0.0,2.408
1920845.0,0.0174654,0.0,2.408
1920923.0,0.02549068,0.0,2.064
1921001.0,-0.00132792,0.0,2.408
1921079.0,0.03402389,0.0,2.408
1921157.0,-0.00386755,0.0,2.064
1921235.0,0.01345283,0.0,1.72
1921313.0,0.02010662,0.0,2.064
1921392.0,0.01299567,0.0,2.064
1921470.0,0.00715445,0.0,2.064
1921548.0,-0.00442624,0.0,2.408
1921626.0,0.00400537,0.0,2.408
1921704.0,0.01121785,0.0,2.064
1921782.0,0.02254473,0.0,2.064
1921860.0,0.01843056,0.0,2.408
1921939.0,0.01827812,0.0,2.064
1922017.0,0.02102095,0.0,1.72
1922095.0,0.03844293,0.0,2.408
1922173.0,0.01502744,0.0,1.72
1922251.0,0.01203065,0.0,2.064
1922329.0,0.01700831,0.0,2.064
1922407.0,0.01604322,0.0,2.064
1922485.0,-0.0011248,0.0,2.064
1922563.0,0.02559235,0.0,2.064
1922642.0,0.01944634,0.0,1.72
1922720.0,0.01309727,0.0,1.72
1922798.0,0.00481802,0.0,2.064
1922876.0,0.0393571,0.0,2.064
1922954.0,0.02066539,0.0,2.064
1923032.0,0.02254473,0.0,2.064
1923110.0,0.02391621,0.0,2.064
1923188.0,0.00862754,0.0,1.376
1923266.0,0.01131953,0.0,2.064
1923345.0,0.02483039,0.0,2.064
1923423.0,0.00380217,0.0,1.72
1923501.0,0.0124369,0.0,2.408
1923579.0,0.02691293,0.0,2.064
1923657.0,0.0198019,0.0,2.064
1923735.0,0.03001117,0.0,2.408
1923813.0,0.02284945,0.0,2.408
1923891.0,0.02081782,0.0,2.408
1923969.0,0.02731926,0.0,2.064
1924048.0,0.05032841,0.0,1.376
1924126.0,0.02574472,0.0,2.064
1924204.0,0.02086851,0.0,1.72
1924282.0,0.00862754,0.0,2.064
1924360.0,0.01431624,0.0,2.064
1924438.0,0.01817652,0.0,2.752
1924516.0,-0.00823575,0.0,2.064
1924594.0,0.02127491,0.0,2.064
1924673.0,0.00608791,0.0,1.72
1924751.0,0.02645584,0.0,1.72
1924829.0,0.02909699,0.0,2.064
1924907.0,0.03001117,0.0,2.064
1924985.0,0.01985274,0.0,2.064
1925063.0,0.01533217,0.0,2.064
1925141.0,0.01045604,0.0,2.064
1925219.0,0.01162425,0.0,2.064
1925297.0,0.0085767,0.0,2.064
1925375.0,0.01578933,0.0,2.064
1925454.0,0.02391621,0.0,2.064
1925532.0,0.02625264,0.0,2.064
1925610.0,0.00364981,0.0,2.064
1925688.0,0.02259549,0.0,2.408
1925766.0,0.00349737,0.0,2.064
1925844.0,0.02056379,0.0,2.064
1925922.0,-0.00010887,0.0,2.064
1926000.0,0.01451944,0.0,2.064
1926079.0,0.02584624,0.0,2.064
1926157.0,0.01502744,0.0,2.064
1926235.0,0.02665889,0.0,1.72
1926313.0,0.00476733,0.0,2.064
1926391.0,0.00344661,0.0,2.064
1926469.0,0.01650038,0.0,2.064
1926547.0,0.02223993,0.0,2.064
1926625.0,0.02157964,0.0,1.72
1926704.0,0.01873528,0.0,2.064
1926782.0,0.03407465,0.0,2.064
1926860.0,0.02234153,0.0,2.064
1926938.0,0.02122407,0.0,2.064
1927016.0,0.02493207,0.0,2.064
1927094.0,-0.00264857,0.0,2.064
1927172.0,0.01543377,0.0,2.064
1927250.0,0.00771321,0.0,2.064
1927328.0,0.01878605,0.0,2.064
1927407.0,0.01812576,0.0,1.72
1927485.0,0.02178284,0.0,2.064
1927563.0,0.01721151,0.0,2.064
1927641.0,0.02157964,0.0,2.064
1927719.0,0.00537671,0.0,2.064
1927797.0,0.0287922,0.0,2.064
1927875.0,0.02310341,0.0,2.064
1927953.0,0.02061462,0.0,2.064
1928032.0,0.01614475,0.0,2.064
1928110.0,0.01421472,0.0,2.064
1928188.0,-0.00330886,0.0,2.064
1928266.0,0.01639878,0.0,2.064
1928344.0,0.01218302,0.0,2.064
1928422.0,0.00532595,0.0,2.064
1928500.0,0.0243733,0.0,2.064
1928578.0,0.01228454,0.0,2.064
1928656.0,0.02442399,0.0,2.064
1928734.0,0.03402389,0.0,2.064
1928813.0,0.02975736,0.0,1.376
1928891.0,0.00684972,0.0,1.72
1928969.0,-0.00010887,0.0,2.064
1929047.0,0.00979575,0.0,1.376
1929125.0,0.02081782,0.0,2.064
1929203.0,0.01904001,0.0,2.064
1929281.0,0.00872906,0.0,1.72
1929359.0,0.00984659,0.0,1.72
1929437.0,0.00395453,0.0,1.72
1929516.0,0.02239244,0.0,2.064
1929594.0,0.0221384,0.0,1.72
1929672.0,0.03996671,0.0,1.72
1929750.0,0.02498275,0.0,2.064
1929828.0,0.00847518,0.0,2.064
1929906.0,0.01218302,0.0,2.064
1929984.0,0.01258934,0.0,2.064
1930063.0,0.0197003,0.0,2.064
1930141.0,0.00725612,0.0,2.064
1930219.0,0.00222763,0.0,2.064
1930297.0,-0.01143567,0.0,1.72
1930375.0,-0.00193737,0.0,1.72
1930453.0,0.01294483,0.0,2.064
1930531.0,0.04077936,0.0,1.72
1930609.0,0.01589093,0.0,1.376
1930687.0,0.02863991,0.0,2.064
1930765.0,0.01365595,0.0,2.064
1930844.0,0.01604322,0.0,2.064
1930922.0,-0.00534049,0.0,2.064
1931000.0,0.01319887,0.0,2.064
1931078.0,0.01690671,0.0,2.064
1931156.0,0.02325578,0.0,2.064
1931234.0,0.02498275,0.0,2.064
1931312.0,0.01863368,0.0,2.064
1931390.0,0.01477348,0.0,2.064
1931468.0,0.0463157,0.0,2.064
1931547.0,0.02432247,0.0,2.064
1931625.0,-0.0006168,0.0,2.408
1931703.0,0.02076691,0.0,2.064
1931781.0,0.01015131,0.0,2.064
1931859.0,0.01959877,0.0,3.44
1931937.0,0.03437945,0.0,2.752
1932015.0,0.03300804,0.0,2.752
1932093.0,0.02615097,0.0,1.72
1932172.0,-0.00666114,0.0,1.72
1932250.0,0.0333636,0.0,1.72
1932328.0,0.00989728,0.0,1.376
1932406.0,0.00979575,0.0,1.72
1932484.0,-0.01072454,0.0,1.72
1932562.0,0.04255702,0.0,1.72
1932640.0,0.02223993,0.0,1.72
1932718.0,0.02747154,0.0,1.72
1932796.0,0.01868445,0.0,1.72
1932875.0,0.02325578,0.0,1.032
1932953.0,0.01010048,0.0,1.72
1933031.0,0.01553529,0.0,1.72
1933109.0,0.02610028,0.0,1.72
1933187.0,0.0178718,0.0,2.064
1933265.0,0.02208756,0.0,2.064
1933343.0,0.00243076,0.0,2.064
1933421.0,-0.00396915,0.0,2.064
1933499.0,-0.00153105,0.0,2.064
1933578.0,0.03270331,0.0,1.72
1933656.0,-0.00208981,0.0,2.064
1933734.0,0.01634802,0.0,1.72
1933812.0,0.00334508,0.0,2.064
1933890.0,0.00029745,0.0,2.064
1933968.0,0.01817652,0.0,2.064
1934046.0,0.02081782,0.0,2.064
1934124.0,0.01909085,0.0,2.064
1934203.0,0.01223378,0.0,2.064
1934281.0,0.01523057,0.0,2.064
1934359.0,0.03189051,0.0,1.72
1934437.0,0.01446868,0.0,2.064
1934515.0,-0.00300414,0.0,2.064
1934593.0,0.02183367,0.0,1.72
1934671.0,0.00659576,0.0,2.064
1934749.0,0.0311287,0.0,2.064
1934827.0,0.01690671,0.0,2.064
1934906.0,0.00471642,0.0,2.064
1934984.0,0.03595399,0.0,2.064
1935062.0,0.03981427,0.0,1.72
1935140.0,0.02239244,0.0,1.72
1935218.0,0.0335668,0.0,1.72
1935296.0,0.04001739,0.0,1.376
1935374.0,0.01360512,0.0,2.064
1935452.0,0.01771936,0.0,1.72
1935530.0,0.0510903,0.0,2.064
1935609.0,0.01888757,0.0,2.064
1935687.0,0.02604937,0.0,1.376
1935765.0,0.02310341,0.0,1.376
1935843.0,0.00872906,0.0,2.064
1935921.0,-0.01047066,0.0,2.064
1935999.0,0.02676057,0.0,1.72
1936077.0,0.01528133,0.0,2.064
1936155.0,0.00334508,0.0,1.376
1936234.0,0.00151651,0.0,1.72
1936312.0,0.02569388,0.0,1.72
1936390.0,-0.0084388,0.0,2.064
1936468.0,0.03224615,0.0,1.72
1936546.0,0.00537671,0.0,1.376
1936624.0,0.00639263,0.0,2.064
1936702.0,0.03290644,0.0,1.72
1936780.0,0.03087481,0.0,1.72
1936858.0,0.00258319,0.0,2.064
1936937.0,0.01401152,0.0,1.72
1937015.0,0.03280484,0.0,2.064
1937093.0,0.01624642,0.0,1.72
1937171.0,0.00192283,0.0,1.72
1937249.0,0.02477955,0.0,1.72
1937327.0,0.0197003,0.0,2.064
1937405.0,0.01182745,0.0,1.032
1937483.0,0.02701453,0.0,2.064
1937561.0,0.00395453,0.0,2.064
1937640.0,0.02061462,0.0,1.72
1937718.0,0.02112255,0.0,1.72
1937796.0,0.02549068,0.0,2.064
1937874.0,0.01837972,0.0,2.064
1937952.0,0.01939557,0.0,2.064
1938030.0,0.04667126,0.0,2.064
1938108.0,0.01929405,0.0,1.72
1938186.0,0.02630333,0.0,2.064
1938264.0,0.04321738,0.0,2.064
1938343.0,0.01548446,0.0,2.064
1938421.0,0.0349889,0.0,2.064
1938499.0,0.03300804,0.0,2.064
1938577.0,0.01975114,0.0,2.064
1938655.0,0.01771936,0.0,2.064
1938733.0,0.00933851,0.0,2.064
1938811.0,0.01482417,0.0,2.064
1938890.0,0.02188436,0.0,1.72
1938968.0,0.01639878,0.0,1.72
1939046.0,0.02792878,0.0,2.064
1939124.0,0.018075,0.0,2.064
1939202.0,0.0106084,0.0,2.064
1939280.0,0.02493207,0.0,2.064
1939358.0,0.00806877,0.0,2.064
1939436.0,0.02020822,0.0,2.064
1939514.0,0.02340814,0.0,2.064
1939592.0,0.01375755,0.0,2.064
1939671.0,-0.00595001,0.0,2.064
1939749.0,0.02046219,0.0,1.72
1939827.0,-0.00163265,0.0,2.064
1939905.0,0.02417003,0.0,2.064
1939983.0,0.02157964,0.0,2.408
1940061.0,0.02244313,0.0,2.408
1940139.0,-0.00107388,0.0,2.408
1940217.0,-0.00076916,0.0,2.064
1940295.0,0.01055756,0.0,1.72
1940374.0,0.02091935,0.0,1.72
1940452.0,0.00116102,0.0,2.064
1940530.0,0.02102095,0.0,2.064
1940608.0,0.01533217,0.0,2.064
1940686.0,0.00111018,0.0,1.376
1940764.0,0.01446868,0.0,2.064
1940842.0,0.00756085,0.0,2.064
1940920.0,0.00446253,0.0,1.72
1940999.0,-0.00107388,0.0,2.408
1941077.0,0.01502744,0.0,2.064
1941155.0,0.03082397,0.0,2.752
1941233.0,0.0240685,0.0,2.064
1941311.0,0.00888142,0.0,2.408
1941389.0,0.01512897,0.0,1.72
1941467.0,0.00608791,0.0,2.064
1941545.0,0.04966813,0.0,2.064
1941624.0,0.0237637,0.0,1.72
1941702.0,0.01898932,0.0,2.064
1941780.0,0.02163048,0.0,1.376
1941858.0,0.02909699,0.0,2.064
1941936.0,0.01335123,0.0,2.064
1942014.0,0.00019585,0.0,2.064
1942092.0,0.01487501,0.0,2.064
1942170.0,0.01985274,0.0,2.064
1942248.0,0.00898303,0.0,2.064
1942327.0,0.02117339,0.0,2.064
1942405.0,0.02422094,0.0,2.064
1942483.0,0.01172593,0.0,2.064
1942561.0,0.01147189,0.0,2.064
1942639.0,-0.00081992,0.0,2.064
1942717.0,0.0220368,0.0,2.064
1942795.0,0.02061462,0.0,2.064
1942873.0,0.01523057,0.0,2.064
1942951.0,0.02081782,0.0,2.064
1943029.0,0.00105934,0.0,2.064
1943108.0,0.01934474,0.0,1.72
1943186.0,0.00796725,0.0,2.064
1943264.0,0.01792256,0.0,2.064
1943342.0,0.00796725,0.0,2.064
1943420.0,0.03671588,0.0,2.064
1943498.0,0.01731311,0.0,2.064
1943576.0,0.02518595,0.0,2.064
1943655.0,0.00278632,0.0,2.408
1943733.0,0.02853831,0.0,2.408
1943811.0,0.01528133,0.0,2.064
1943889.0,0.03117953,0.0,2.064
1943967.0,-0.00625474,0.0,2.064
1944045.0,0.00476733,0.0,2.064
1944123.0,0.0090847,0.0,2.064
1944201.0,0.01157349,0.0,2.064
1944279.0,0.00481802,0.0,2.064
1944357.0,0.01843056,0.0,2.752
1944436.0,0.0067482,0.0,2.064
1944514.0,0.00385301,0.0,2.064
1944592.0,0.02401774,0.0,2.064
1944670.0,0.00705292,0.0,2.064
1944748.0,0.01517973,0.0,1.72
1944826.0,0.00461482,0.0,2.064
1944904.0,0.02229076,0.0,2.408
1944982.0,-0.00442624,0.0,2.064
1945060.0,0.0108116,0.0,2.064
1945139.0,0.00751001,0.0,1.72
1945217.0,0.01848132,0.0,2.064
1945295.0,0.0173638,0.0,2.064
1945373.0,0.01040528,0.0,2.064
1945451.0,0.00293868,0.0,2.064
1945529.0,0.00314188,0.0,2.408
1945607.0,0.02411927,0.0,2.064
1945685.0,0.01335123,0.0,2.408
1945764.0,0.02889387,0.0,2.064
1945842.0,0.00339584,0.0,2.064
1945920.0,0.01309727,0.0,2.064
1945998.0,-0.00711823,0.0,2.408
1946076.0,0.02818267,0.0,2.064
1946154.0,0.01624642,0.0,2.064
1946232.0,0.00212603,0.0,2.408
1946310.0,0.01345283,0.0,2.408
1946388.0,0.00136414,0.0,2.064
1946467.0,0.00476733,0.0,1.376
1946545.0,0.00095774,0.0,1.376
1946623.0,0.02071615,0.0,1.376
1946701.0,0.04037296,0.0,1.376
1946779.0,0.01858285,0.0,1.72
1946857.0,0.01589093,0.0,1.376
1946935.0,0.01954786,0.0,1.72
1947013.0,0.00756085,0.0,1.72
1947092.0,0.01446868,0.0,1.72
1947170.0,0.01690671,0.0,1.72
1947248.0,0.0124369,0.0,1.376
1947326.0,0.01528133,0.0,1.72
1947404.0,-0.00117548,0.0,1.72
1947482.0,0.00334508,0.0,1.72
1947560.0,0.0221384,0.0,2.064
1947638.0,0.02284945,0.0,2.064
1947716.0,0.02244313,0.0,2.064
1947794.0,-0.00884528,0.0,1.72
1947873.0,-0.00290246,0.0,2.752
1947951.0,0.02330661,0.0,2.752
1948029.0,0.00309104,0.0,2.408
1948107.0,0.01142105,0.0,2.408
1948185.0,0.02249396,0.0,2.408
1948263.0,0.01218302,0.0,2.752
1948341.0,0.02086851,0.0,2.408
1948419.0,0.01919237,0.0,2.064
1948498.0,0.01695755,0.0,2.752
1948576.0,0.00197359,0.0,2.064
1948654.0,0.02569388,0.0,2.408
1948732.0,0.02569388,0.0,2.752
1948810.0,0.00903379,0.0,2.408
1948888.0,0.02564304,0.0,2.752
1948966.0,0.01497661,0.0,2.408
1949044.0,0.0510903,0.0,2.408
1949122.0,0.0335668,0.0,1.72
1949201.0,0.02315425,0.0,2.408
1949279.0,0.03473501,0.0,1.72
1949357.0,0.02411927,0.0,2.408
1949435.0,0.00923699,0.0,1.72
1949513.0,0.03148426,0.0,2.408
1949591.0,0.02244313,0.0,2.064
1949669.0,0.01208134,0.0,2.064
1949748.0,0.02284945,0.0,1.032
1949826.0,0.01421472,0.0,1.72
1949904.0,0.02178284,0.0,1.376
1949982.0,0.04255702,0.0,1.376
1950060.0,0.02533832,0.0,1.72
1950138.0,0.01121785,0.0,1.72
1950216.0,0.01868445,0.0,2.064
1950294.0,0.0173638,0.0,1.032
1950372.0,0.01523057,0.0,2.064
1950450.0,0.0126401,0.0,1.376
1950529.0,0.03300804,0.0,2.408
1950607.0,0.02061462,0.0,2.408
1950685.0,0.02071615,0.0,2.752
1950763.0,0.00989728,0.0,2.408
1950841.0,0.00639263,0.0,2.064
1950919.0,0.01832896,0.0,2.064
1950997.0,0.01167509,0.0,1.72
1951075.0,0.01665274,0.0,1.72
1951153.0,0.00954171,0.0,2.064
1951232.0,0.02320501,0.0,2.408
1951310.0,0.03056993,0.0,2.064
1951388.0,0.00893226,0.0,1.72
1951466.0,0.0061386,0.0,1.376
1951544.0,-0.00203897,0.0,1.72
1951622.0,0.02472879,0.0,1.72
1951700.0,0.02777642,0.0,1.72
1951778.0,0.00862754,0.0,1.72
1951856.0,0.00883074,0.0,2.064
1951935.0,0.02696369,0.0,2.064
1952013.0,0.02919859,0.0,2.064
1952091.0,0.01137037,0.0,1.72
1952169.0,0.01599246,0.0,2.064
1952247.0,0.01121785,0.0,2.064
1952325.0,-0.01285785,0.0,2.064
1952403.0,0.01634802,0.0,2.064
1952481.0,0.01345283,0.0,2.064
1952560.0,0.01904001,0.0,1.72
1952638.0,0.03503981,0.0,1.72
1952716.0,0.0173638,0.0,2.064
1952794.0,0.01319887,0.0,2.064
1952872.0,0.02163048,0.0,2.064
1952950.0,0.02975736,0.0,2.064
1953028.0,0.02132567,0.0,1.72
1953106.0,0.01558613,0.0,1.72
1953184.0,0.01543377,0.0,1.72
1953263.0,0.03707144,0.0,2.064
1953341.0,0.01604322,0.0,1.72
1953419.0,0.00177047,0.0,1.72
1953497.0,0.02686209,0.0,1.376
1953575.0,0.00740849,0.0,1.376
1953653.0,0.01152265,0.0,2.752
1953731.0,0.04707766,0.0,2.408
1953809.0,0.02300189,0.0,2.408
1953887.0,0.01538293,0.0,2.408
1953966.0,0.01812576,0.0,2.752
1954044.0,0.02122407,0.0,2.064
1954122.0,0.02472879,0.0,2.408
1954200.0,0.04164284,0.0,2.408
1954278.0,0.00044989,0.0,2.408
1954356.0,0.02985896,0.0,2.408
1954434.0,0.00486886,0.0,2.408
1954512.0,0.01472264,0.0,1.032
1954591.0,0.00938943,0.0,1.72
1954669.0,0.03295727,0.0,1.72
1954747.0,0.00202451,0.0,1.376
1954825.0,0.01761783,0.0,1.376
1954903.0,0.0287922,0.0,1.72
1954981.0,0.02452566,0.0,1.376
1955059.0,0.02589708,0.0,1.376
1955137.0,0.03651268,0.0,2.064
1955215.0,0.02127491,0.0,1.72
1955294.0,0.01055756,0.0,2.064
1955372.0,0.01126876,0.0,1.72
1955450.0,0.01817652,0.0,2.064
1955528.0,0.02137651,0.0,1.72
1955606.0,-0.00854048,0.0,2.064
1955684.0,0.00573235,0.0,1.72
1955762.0,0.02508435,0.0,2.064
1955840.0,0.00024669,0.0,1.72
1955918.0,0.01710998,0.0,2.064
1955997.0,0.00893226,0.0,2.064
1956075.0,0.0124369,0.0,2.064
1956153.0,0.0198019,0.0,2.064
1956231.0,0.01345283,0.0,2.064
1956309.0,0.03102717,0.0,2.064
1956387.0,0.00136414,0.0,1.376
1956465.0,0.00756085,0.0,1.72
1956543.0,0.03255087,0.0,2.064
1956622.0,0.02010662,0.0,1.72
1956700.0,0.00126254,0.0,2.064
1956778.0,0.01650038,0.0,2.064
1956856.0,0.00715445,0.0,2.064
1956934.0,0.01192905,0.0,2.408
1957012.0,0.00461482,0.0,2.064
1957090.0,0.00994811,0.0,1.72
1957168.0,0.0508871,0.0,1.376
1957246.0,0.01812576,0.0,1.72
1957325.0,0.02884303,0.0,1.72
1957403.0,0.00999888,0.0,1.72
1957481.0,0.02223993,0.0,2.064
1957559.0,0.02178284,0.0,1.72
1957637.0,0.00618943,0.0,1.376
1957715.0,0.02269716,0.0,1.72
1957793.0,0.01553529,0.0,1.376
1957871.0,0.02432247,0.0,2.064
1957949.0,0.00486886,0.0,1.032
1958028.0,0.0132497,0.0,1.72
1958106.0,0.01670351,0.0,2.064
1958184.0,0.02005586,0.0,1.72
1958262.0,0.02239244,0.0,1.376
1958340.0,0.03305887,0.0,2.064
1958418.0,0.00278632,0.0,1.376
1958496.0,0.00883074,0.0,2.064
1958574.0,0.00207519,0.0,1.72
1958653.0,0.02955416,0.0,2.064
1958731.0,0.00923699,0.0,1.72
1958809.0,0.03300804,0.0,1.72
1958887.0,0.02046219,0.0,1.72
1958965.0,0.01512897,0.0,1.72
1959043.0,0.01584002,0.0,2.064
1959121.0,0.02411927,0.0,2.064
1959199.0,0.01568773,0.0,1.72
1959277.0,-0.00320719,0.0,2.064
1959356.0,0.00629103,0.0,1.72
1959434.0,0.01766867,0.0,2.064
1959512.0,0.04093172,0.0,2.064
1959590.0,0.02183367,0.0,1.72
1959668.0,0.00852594,0.0,1.72
1959746.0,-0.00595001,0.0,2.064
1959824.0,0.02660813,0.0,2.064
1959902.0,0.00979575,0.0,2.064
1959980.0,0.00964331,0.0,2.064
1960059.0,0.00126254,0.0,2.064
1960137.0,0.01985274,0.0,2.064
1960215.0,0.02777642,0.0,2.064
1960293.0,0.02422094,0.0,2.408
1960371.0,0.00756085,0.0,2.064
1960449.0,0.00573235,0.0,2.064
1960527.0,0.00994811,0.0,2.064
1960605.0,0.01375755,0.0,2.064
1960684.0,0.01614475,0.0,2.064
1960762.0,-0.01412774,0.0,2.064
1960840.0,0.02610028,0.0,2.064
1960918.0,0.01436716,0.0,2.064
1960996.0,0.01111633,0.0,2.064
1961074.0,0.03204302,0.0,2.064
1961152.0,0.02264625,0.0,2.064
1961230.0,0.02721765,0.0,2.064
1961308.0,0.01116716,0.0,2.064
1961387.0,0.01528133,0.0,2.064
1961465.0,0.01604322,0.0,2.064
1961543.0,0.0237637,0.0,2.064
1961621.0,0.01832896,0.0,2.064
1961699.0,0.00420857,0.0,2.064
1961777.0,0.0044117,0.0,1.72
1961855.0,0.02965576,0.0,2.064
1961933.0,0.02823358,0.0,1.72
1962012.0,0.00212603,0.0,2.064
1962090.0,0.02335745,0.0,2.064
1962168.0,0.02325578,0.0,2.064
1962246.0,0.01888757,0.0,2.064
1962324.0,0.01995434,0.0,1.72
1962402.0,0.01487501,0.0,2.064
1962480.0,0.0061386,0.0,2.064
1962558.0,0.01258934,0.0,2.064
1962636.0,0.01309727,0.0,2.064
1962715.0,0.02371302,0.0,2.064
1962793.0,0.00938943,0.0,2.064
1962871.0,0.0287922,0.0,2.064
1962949.0,0.01137037,0.0,2.064
1963027.0,0.00959255,0.0,2.752
1963105.0,0.0041069,0.0,2.752
1963183.0,0.01695755,0.0,2.752
1963261.0,-0.00224217,0.0,2.752
1963339.0,0.01655122,0.0,2.752
1963417.0,0.02366218,0.0,2.408
1963496.0,-0.00686434,0.0,2.408
1963574.0,0.0428619,0.0,2.408
1963652.0,0.00964331,0.0,2.064
1963730.0,0.01375755,0.0,2.408
1963808.0,0.0221384,0.0,2.408
1963886.0,0.0103036,0.0,2.408
1963964.0,0.02142727,0.0,2.408
1964043.0,0.02290029,0.0,2.408
1964121.0,0.01995434,0.0,2.064
1964199.0,0.00791641,0.0,2.408
1964277.0,0.00700209,0.0,2.408
1964355.0,0.01873528,0.0,2.408
1964433.0,0.01959877,0.0,2.064
1964511.0,0.03981427,0.0,2.064
1964589.0,0.01497661,0.0,2.064
1964667.0,0.03945878,0.0,2.408
1964745.0,0.01721151,0.0,2.408
1964824.0,0.01563689,0.0,2.064
1964902.0,0.02335745,0.0,2.064
1964980.0,0.02086851,0.0,2.408
1965058.0,0.01995434,0.0,2.064
1965136.0,0.02041142,0.0,2.064
1965214.0,0.03351604,0.0,2.064
1965292.0,0.00349737,0.0,2.064
1965370.0,0.0051229,0.0,2.064
1965448.0,0.0313319,0.0,2.408
1965527.0,0.00974499,0.0,2.064
1965605.0,-0.00376595,0.0,2.408
1965683.0,0.02996048,0.0,3.096
1965761.0,0.01335123,0.0,2.752
1965839.0,-0.00595001,0.0,2.408
1965917.0,0.02183367,0.0,2.408
1965995.0,0.01639878,0.0,3.096
1966073.0,0.01975114,0.0,2.064
1966152.0,0.01639878,0.0,2.408
1966230.0,0.00938943,0.0,2.752
1966308.0,0.00629103,0.0,2.408
1966386.0,0.00644347,0.0,2.408
1966464.0,0.00669736,0.0,2.408
1966542.0,0.00207519,0.0,2.408
1966620.0,0.00705292,0.0,2.408
1966698.0,0.00522442,0.0,2.064
1966776.0,0.02935088,0.0,2.408
1966855.0,0.02107171,0.0,2.064
1966933.0,0.01650038,0.0,2.064
1967011.0,0.02274785,0.0,2.408
1967089.0,0.01863368,0.0,2.408
1967167.0,0.02523679,0.0,2.408
1967245.0,0.02970644,0.0,2.064
1967323.0,-0.00462944,0.0,2.064
1967401.0,0.01741471,0.0,2.408
1967479.0,0.00263396,0.0,2.064
1967558.0,0.01076076,0.0,2.064
1967636.0,0.01563689,0.0,2.064
1967714.0,0.00370057,0.0,1.72
1967792.0,0.01827812,0.0,2.064
1967870.0,0.01015131,0.0,2.064
1967948.0,0.03950947,0.0,2.064
1968026.0,0.04133805,0.0,2.064
1968105.0,0.02107171,0.0,2.064
1968183.0,0.00781481,0.0,1.72
1968261.0,0.01106556,0.0,3.096
1968339.0,0.00710376,0.0,2.752
1968417.0,0.0199035,0.0,3.096
1968495.0,0.01299567,0.0,2.752
1968573.0,0.02604937,0.0,2.408
1968651.0,0.01086229,0.0,2.408
1968729.0,0.00532595,0.0,2.408
1968807.0,0.01111633,0.0,2.408
1968886.0,0.00842434,0.0,2.752
1968964.0,0.01289414,0.0,2.408
1969042.0,0.03290644,0.0,2.752
1969120.0,0.0392555,0.0,2.408
1969198.0,0.01172593,0.0,2.408
1969276.0,0.02229076,0.0,2.752
1969354.0,0.00420857,0.0,2.408
1969432.0,0.02254473,0.0,2.752
1969510.0,0.02229076,0.0,2.408
1969589.0,0.00603707,0.0,2.408
1969667.0,0.02777642,0.0,1.376
1969745.0,-5.803e-05,0.0,2.064
1969823.0,-0.00386755,0.0,2.408
1969901.0,0.01655122,0.0,2.064
1969979.0,0.01446868,0.0,1.72
1970057.0,0.01533217,0.0,1.72
1970135.0,0.01441792,0.0,1.72
1970214.0,0.0061386,0.0,1.72
1970292.0,0.01919237,0.0,1.72
1970370.0,0.00420857,0.0,2.064
1970448.0,0.017567,0.0,2.064
1970526.0,0.0221384,0.0,2.064
1970604.0,0.0067482,0.0,2.064
1970682.0,0.01650038,0.0,2.408
1970760.0,0.02823358,0.0,1.376
1970839.0,0.01512897,0.0,1.72
1970917.0,0.01949717,0.0,1.72
1970995.0,0.03930634,0.0,2.064
1971073.0,0.02980812,0.0,2.064
1971151.0,0.00776405,0.0,2.752
1971229.0,0.01050688,0.0,2.408
1971307.0,0.02681126,0.0,2.752
1971385.0,0.02178284,0.0,2.408
1971463.0,0.02142727,0.0,2.408
1971541.0,0.03448105,0.0,1.72
1971620.0,0.02066539,0.0,1.72
1971698.0,0.02955416,0.0,2.064
1971776.0,0.02010662,0.0,2.064
1971854.0,0.01650038,0.0,2.064
1971932.0,0.02244313,0.0,1.72
1972010.0,0.01558613,0.0,2.064
1972088.0,0.03514134,0.0,2.064
1972166.0,0.00781481,0.0,2.064
1972244.0,0.03351604,0.0,1.72
1972323.0,-0.00015956,0.0,1.72
1972401.0,0.0220368,0.0,2.064
1972479.0,0.01025284,0.0,1.72
1972557.0,0.01995434,0.0,1.72
1972635.0,0.02665889,0.0,2.064
1972713.0,0.0335668,0.0,1.72
1972791.0,0.0240685,0.0,1.72
1972870.0,0.00959255,0.0,2.064
1972948.0,0.02340814,0.0,2.064
1973026.0,0.00527511,0.0,2.408
1973104.0,0.02218916,0.0,2.064
1973182.0,0.01822728,0.0,2.064
1973260.0,-0.00848964,0.0,1.376
1973338.0,0.01985274,0.0,2.064
1973416.0,0.00710376,0.0,3.096
1973494.0,0.01086229,0.0,3.096
1973573.0,0.01390999,0.0,2.064
1973651.0,0.02447483,0.0,2.408
1973729.0,0.01558613,0.0,1.72
1973807.0,0.01223378,0.0,2.408
1973885.0,0.02447483,0.0,2.408
1973963.0,0.01695755,0.0,2.408
1974041.0,0.02589708,0.0,2.752
1974119.0,0.02234153,0.0,2.408
1974197.0,0.02147811,0.0,2.064
1974275.0,0.02726842,0.0,2.064
1974354.0,0.01949717,0.0,2.064
1974432.0,0.02975736,0.0,2.752
1974510.0,0.01594169,0.0,1.72
1974588.0,0.02665889,0.0,2.064
1974666.0,0.01350359,0.0,1.72
1974744.0,0.02442399,0.0,1.376
1974822.0,0.02300189,0.0,1.72
1974900.0,0.02650653,0.0,1.72
1974978.0,0.02797962,0.0,3.096
1975057.0,0.0239669,0.0,2.408
1975135.0,-0.0068135,0.0,2.408
1975213.0,0.02223993,0.0,2.064
1975291.0,0.00629103,0.0,2.752
1975369.0,0.04113485,0.0,2.752
1975447.0,0.02564304,0.0,2.064
1975525.0,0.01589093,0.0,2.408
1975604.0,0.0199035,0.0,2.752
1975682.0,0.01517973,0.0,2.408
1975760.0,0.01472264,0.0,2.064
1975838.0,0.01040528,0.0,2.064
1975916.0,0.00151651,0.0,2.064
1975994.0,0.02660813,0.0,2.064
1976072.0,0.00791641,0.0,2.752
1976150.0,0.03397305,0.0,2.064
1976228.0,0.01497661,0.0,2.064
1976306.0,0.01670351,0.0,2.064
1976385.0,0.00085622,0.0,2.408
1976463.0,0.04265862,0.0,2.064
1976541.0,0.01858285,0.0,2.064
1976619.0,0.01812576,0.0,2.408
1976697.0,0.02930019,0.0,2.408
1976775.0,0.02432247,0.0,2.064
1976853.0,0.02625264,0.0,2.752
1976931.0,0.03895078,0.0,2.064
1977009.0,0.0237637,0.0,2.064
1977088.0,0.02523679,0.0,2.408
1977166.0,0.02742086,0.0,2.752
1977244.0,0.02630333,0.0,2.408
1977322.0,0.01457028,0.0,2.064
1977400.0,0.01162425,0.0,2.408
1977478.0,0.02772558,0.0,2.408
1977556.0,0.02904616,0.0,2.408
1977635.0,0.01863368,0.0,2.064
1977713.0,0.0197003,0.0,2.064
1977791.0,0.02163048,0.0,2.064
1977869.0,0.03280484,0.0,2.064
1977947.0,0.01817652,0.0,2.064
1978025.0,0.02584624,0.0,2.064
1978103.0,0.0392555,0.0,2.408
1978181.0,0.02681126,0.0,2.408
1978259.0,-0.00117548,0.0,2.752
1978337.0,0.01609406,0.0,2.408
1978416.0,0.04997285,0.0,2.408
1978494.0,0.00679888,0.0,2.408
1978572.0,0.01152265,0.0,2.064
1978650.0,0.00583387,0.0,2.064
1978728.0,0.02589708,0.0,2.064
1978806.0,0.01401152,0.0,2.752
1978884.0,0.0178718,0.0,2.408
1978962.0,-0.01052134,0.0,2.408
1979040.0,0.00872906,0.0,2.408
1979119.0,0.0200051,0.0,2.408
1979197.0,0.00314188,0.0,3.096
1979275.0,0.018075,0.0,2.064
1979353.0,0.00872906,0.0,2.408
1979431.0,0.02930019,0.0,2.408
1979509.0,0.01396068,0.0,2.752
1979587.0,0.0200051,0.0,2.408
1979666.0,0.00898303,0.0,2.064
1979744.0,0.0245765,0.0,2.752
1979822.0,0.00725612,0.0,2.752
1979900.0,0.02630333,0.0,2.752
1979978.0,0.00405613,0.0,2.064
1980056.0,0.03285575,0.0,1.72
1980134.0,0.03544606,0.0,2.064
1980212.0,0.01949717,0.0,1.72
1980290.0,0.0173638,0.0,2.064
1980368.0,0.018075,0.0,2.408
1980447.0,0.02366218,0.0,2.064
1980525.0,0.02345898,0.0,2.064
1980603.0,0.00354828,0.0,1.032
1980681.0,0.02132567,0.0,2.064
1980759.0,0.02269716,0.0,1.72
1980837.0,-0.01097858,0.0,2.064
1980915.0,0.00268479,0.0,2.064
1980993.0,0.0061386,0.0,2.064
1981071.0,0.01167509,0.0,2.064
1981150.0,0.00573235,0.0,2.064
1981228.0,0.0173638,0.0,1.72
1981306.0,0.02828434,0.0,2.064
1981384.0,0.02630333,0.0,2.064
1981462.0,0.00497038,0.0,2.064
1981540.0,0.0090847,0.0,2.064
1981618.0,0.01147189,0.0,2.064
1981697.0,0.02731926,0.0,1.72
1981775.0,0.0239669,0.0,2.408
1981853.0,0.0128433,0.0,1.72
1981931.0,0.01817652,0.0,2.064
1982009.0,0.01639878,0.0,2.408
1982087.0,0.02452566,0.0,2.064
1982165.0,0.02081782,0.0,2.064
1982243.0,0.0014149,0.0,2.064
1982321.0,0.02279869,0.0,2.408
1982400.0,0.01253858,0.0,2.064
1982478.0,0.00334508,0.0,2.752
1982556.0,0.02249396,0.0,2.064
1982634.0,0.02264625,0.0,2.752
1982712.0,0.03102717,0.0,2.064
1982790.0,0.01238622,0.0,2.064
1982868.0,0.00771321,0.0,2.408
1982946.0,0.00507206,0.0,1.72
1983024.0,0.03102717,0.0,2.064
1983102.0,0.02422094,0.0,2.064
1983181.0,0.00476733,0.0,1.376
1983259.0,0.02401774,0.0,2.064
1983337.0,0.01248782,0.0,2.064
1983415.0,0.03158578,0.0,2.064
1983493.0,0.01116716,0.0,2.064
1983571.0,-0.0025469,0.0,2.064
1983649.0,0.02366218,0.0,1.376
1983727.0,0.02681126,0.0,2.064
1983806.0,0.01111633,0.0,2.064
1983884.0,0.02340814,0.0,2.064
1983962.0,0.01131953,0.0,2.064
1984040.0,0.01086229,0.0,2.064
1984118.0,0.03310956,0.0,1.72
1984196.0,0.02305273,0.0,1.72
1984274.0,0.01131953,0.0,2.064
1984352.0,0.017567,0.0,2.064
1984430.0,0.01010048,0.0,2.064
1984509.0,0.01517973,0.0,2.408
1984587.0,0.01964961,0.0,1.72
1984665.0,0.01873528,0.0,1.72
1984743.0,0.01487501,0.0,2.064
1984821.0,0.02645584,0.0,2.064
1984899.0,0.02274785,0.0,2.064
1984977.0,0.01868445,0.0,2.064
1985055.0,-0.00788012,0.0,2.064
1985133.0,0.00090698,0.0,2.064
1985212.0,0.02411927,0.0,1.72
1985290.0,0.02808114,0.0,2.064
1985368.0,0.02752238,0.0,2.064
1985446.0,0.00781481,0.0,2.064
1985524.0,0.02924936,0.0,2.064
1985602.0,0.02046219,0.0,2.064
1985680.0,0.02985896,0.0,2.064
1985759.0,0.01624642,0.0,2.064
1985837.0,0.02782711,0.0,2.064
1985915.0,0.02066539,0.0,2.064
1985993.0,0.02112255,0.0,2.064
1986071.0,0.02477955,0.0,2.064
1986149.0,0.02330661,0.0,2.064
1986227.0,0.00913546,0.0,2.064
1986305.0,0.0041069,0.0,2.064
1986383.0,0.01594169,0.0,1.376
1986461.0,0.02716682,0.0,2.064
1986540.0,0.00959255,0.0,2.064
1986618.0,0.0063418,0.0,2.064
1986696.0,-0.00407068,0.0,2.064
1986774.0,0.01533217,0.0,2.064
1986852.0,0.0110148,0.0,2.064
1986930.0,-0.00056603,0.0,2.064
1987008.0,0.01330039,0.0,2.064
1987086.0,0.01182745,0.0,2.064
1987164.0,0.02061462,0.0,2.064
1987243.0,0.02940172,0.0,1.376
1987321.0,0.02066539,0.0,2.064
1987399.0,0.02056379,0.0,1.72
1987477.0,0.00588471,0.0,1.376
1987555.0,0.02356058,0.0,1.72
1987633.0,0.01502744,0.0,1.72
1987711.0,0.01878605,0.0,1.376
1987789.0,0.03864605,0.0,1.72
1987868.0,0.01319887,0.0,1.376
1987946.0,0.03717304,0.0,1.376
1988024.0,0.00507206,0.0,1.72
1988102.0,0.0041069,0.0,1.72
1988180.0,0.01858285,0.0,1.72
1988258.0,0.03940794,0.0,1.376
1988336.0,0.02569388,0.0,1.376
1988414.0,0.00491962,0.0,1.72
1988492.0,0.00964331,0.0,1.376
1988571.0,9.425e-05,0.0,2.064
1988649.0,0.01050688,0.0,2.064
1988727.0,0.01594169,0.0,1.72
1988805.0,0.01233538,0.0,2.064
1988883.0,0.01655122,0.0,2.064
1988961.0,0.03798576,0.0,2.064
1989039.0,0.00227832,0.0,2.064
1989117.0,0.01517973,0.0,2.064
1989195.0,0.01858285,0.0,2.064
1989274.0,0.02264625,0.0,2.064
1989352.0,0.01705907,0.0,2.064
1989430.0,0.02488123,0.0,2.064
1989508.0,0.0087799,0.0,2.064
1989586.0,0.01619566,0.0,2.064
1989664.0,0.0243733,0.0,2.064
1989742.0,0.02061462,0.0,2.752
1989820.0,0.01802408,0.0,2.064
1989898.0,0.01451944,0.0,2.064
1989977.0,0.01126876,0.0,1.72
1990055.0,0.0200051,0.0,2.752
1990133.0,0.02792878,0.0,2.752
1990211.0,0.01716067,0.0,2.752
1990289.0,0.00806877,0.0,2.752
1990367.0,0.0091863,0.0,2.752
1990445.0,0.0043101,0.0,2.408
1990524.0,0.01071008,0.0,2.064
1990602.0,0.01721151,0.0,2.064
1990680.0,-0.00833728,0.0,2.408
1990758.0,0.01766867,0.0,1.376
1990836.0,0.03681748,0.0,1.376
1990914.0,0.00949103,0.0,2.408
1990992.0,0.03189051,0.0,2.064
1991070.0,0.01208134,0.0,2.408
1991148.0,0.01238622,0.0,2.408
1991227.0,0.01893841,0.0,1.376
1991305.0,0.05281721,0.0,1.72
1991383.0,0.02157964,0.0,1.72
1991461.0,0.01929405,0.0,2.064
1991539.0,0.00349737,0.0,2.064
1991617.0,0.02528748,0.0,2.064
1991695.0,0.00847518,0.0,2.064
1991773.0,0.02833518,0.0,2.064
1991851.0,0.01619566,0.0,1.72
1991930.0,0.01975114,0.0,1.376
1992008.0,0.00527511,0.0,2.064
1992086.0,0.02853831,0.0,1.72
1992164.0,0.01233538,0.0,2.408
1992242.0,0.01655122,0.0,2.408
1992320.0,0.01431624,0.0,2.408
1992398.0,0.02737002,0.0,2.408
1992476.0,0.00893226,0.0,2.408
1992554.0,0.02467803,0.0,2.064
1992632.0,0.01294483,0.0,2.064
1992711.0,0.00258319,0.0,1.72
1992789.0,0.04072852,0.0,2.064
1992867.0,-0.01971492,0.0,2.064
1992945.0,0.03143342,0.0,2.064
1993023.0,0.01614475,0.0,2.064
1993101.0,0.01172593,0.0,1.72
1993179.0,0.0106084,0.0,2.064
1993258.0,0.04022059,0.0,2.064
1993336.0,0.00507206,0.0,2.064
1993414.0,0.04265862,0.0,2.064
1993492.0,0.00664667,0.0,2.064
1993570.0,0.02996048,0.0,2.064
1993648.0,0.00507206,0.0,1.72
1993726.0,0.00547831,0.0,1.72
1993804.0,0.02747154,0.0,2.408
1993882.0,0.02787794,0.0,1.72
1993960.0,0.01396068,0.0,2.064
1994039.0,0.04027143,0.0,2.408
1994117.0,0.0203099,0.0,2.408
1994195.0,0.00766237,0.0,2.408
1994273.0,0.03905238,0.0,2.408
1994351.0,0.01726227,0.0,2.408
1994429.0,0.0355985,0.0,2.408
1994507.0,0.02996048,0.0,2.752
1994585.0,0.01233538,0.0,2.064
1994663.0,0.02965576,0.0,2.408
1994742.0,0.00933851,0.0,2.752
1994820.0,0.02005586,0.0,2.064
1994898.0,0.0043101,0.0,2.408
1994976.0,0.00243076,0.0,2.064
1995054.0,0.01716067,0.0,2.064
1995132.0,0.0313319,0.0,2.064
1995210.0,0.00938943,0.0,2.408
1995289.0,0.0333636,0.0,2.408
1995367.0,0.01934474,0.0,2.064
1995445.0,0.01665274,0.0,2.064
1995523.0,0.02706529,0.0,2.064
1995601.0,0.00354828,0.0,2.064
1995679.0,-0.00188661,0.0,2.064
1995757.0,0.02747154,0.0,2.064
1995835.0,0.00903379,0.0,2.408
1995913.0,-0.00188661,0.0,1.72
1995992.0,0.00085622,0.0,2.064
1996070.0,0.01360512,0.0,2.064
1996148.0,0.02086851,0.0,1.72
1996226.0,-0.00097236,0.0,2.064
1996304.0,0.02772558,0.0,2.064
1996382.0,0.02107171,0.0,1.72
1996460.0,0.02549068,0.0,1.72
1996538.0,0.04621417,0.0,1.72
1996616.0,0.02015746,0.0,1.376
1996694.0,0.01929405,0.0,1.376
1996773.0,0.0295034,0.0,1.376
1996851.0,0.00883074,0.0,1.72
1996929.0,0.04245549,0.0,1.72
1997007.0,0.02645584,0.0,1.72
1997085.0,0.02686209,0.0,2.408
1997163.0,0.01919237,0.0,2.752
1997241.0,0.00705292,0.0,2.408
1997319.0,0.01914161,0.0,2.408
1997397.0,0.01523057,0.0,2.064
1997476.0,0.02843671,0.0,2.064
1997554.0,0.00649416,0.0,1.72
1997632.0,0.00938943,0.0,2.064
1997710.0,0.01751623,0.0,2.064
1997788.0,0.01959877,0.0,2.064
1997866.0,0.01685595,0.0,1.72
1997944.0,0.00161803,0.0,1.032
1998022.0,0.02056379,0.0,1.032
1998101.0,0.02086851,0.0,1.376
1998179.0,0.01512897,0.0,1.032
1998257.0,0.03630955,0.0,1.72
1998335.0,0.01609406,0.0,1.376
1998413.0,0.02960492,0.0,1.72
1998491.0,0.01904001,0.0,1.376
1998569.0,0.02005586,0.0,2.064
1998647.0,0.01071008,0.0,1.72
1998725.0,0.02102095,0.0,1.72
1998804.0,0.0091863,0.0,1.72
1998882.0,0.00969408,0.0,1.72
1998960.0,0.02142727,0.0,1.72
1999038.0,0.03417632,0.0,1.376
1999116.0,0.02538908,0.0,1.376
1999194.0,0.00207519,0.0,1.376
1999272.0,0.00593547,0.0,1.72
1999350.0,0.02320501,0.0,1.376
1999429.0,0.02015746,0.0,1.72
1999507.0,0.03402389,0.0,1.72
1999585.0,0.01213218,0.0,1.376
1999663.0,-0.00315642,0.0,1.376
1999741.0,0.03138266,0.0,2.064
1999819.0,0.01142105,0.0,1.72
1999897.0,0.02706529,0.0,1.72
1999975.0,0.03630955,0.0,2.064
2000054.0,0.00629103,1.0,294.119995
2000132.0,0.02300189,1.0,295.152008
2000210.0,0.06922326,1.0,295.496002
2000288.0,0.03331276,1.0,295.152008
2000366.0,0.02183367,1.0,295.152008
2000444.0,-0.00310566,1.0,294.808014
2000522.0,0.01827812,1.0,295.152008
2000600.0,0.02218916,1.0,119.024002
2000678.0,-0.0004136,1.0,1.376
2000756.0,0.0259986,1.0,1.72
2000835.0,0.04336982,1.0,1.72
2000913.0,-0.01758161,1.0,1.72
2000991.0,0.02894463,1.0,1.72
2001069.0,0.01858285,1.0,147.231995
2001147.0,0.01177661,1.0,294.463989
2001225.0,0.01279254,1.0,294.119995
2001303.0,0.01441792,1.0,294.119995
2001381.0,0.01639878,1.0,294.463989
2001460.0,0.01888757,1.0,294.808014
2001538.0,0.01467188,1.0,294.119995
2001616.0,-0.00168349,1.0,1.72
2001694.0,0.00893226,1.0,2.064
2001772.0,0.04225229,1.0,2.064
2001850.0,0.01614475,1.0,1.72
2001928.0,0.02361142,1.0,1.376
2002006.0,0.02249396,1.0,1.376
2002084.0,0.03255087,1.0,294.808014
2002163.0,0.0220368,1.0,294.119995
2002241.0,0.01035451,1.0,294.463989
2002319.0,0.03199219,1.0,294.119995
2002397.0,0.03102717,1.0,294.463989
2002475.0,0.03138266,1.0,294.808014
2002553.0,0.0353953,1.0,294.463989
2002631.0,0.026405,1.0,3.784
2002709.0,0.04428407,1.0,2.408
2002787.0,0.0427603,1.0,1.72
2002866.0,0.02493207,1.0,1.72
2002944.0,0.03138266,1.0,1.72
2003022.0,0.02295105,1.0,1.72
2003100.0,0.0245765,1.0,292.743988
2003178.0,0.03173822,1.0,294.463989
2003256.0,0.032754,1.0,294.463989
2003334.0,0.02020822,1.0,294.463989
2003412.0,0.00984659,1.0,294.119995
2003490.0,0.02711613,1.0,294.119995
2003569.0,0.02168124,1.0,294.463989
2003647.0,0.03107793,1.0,2.408
2003725.0,0.01269094,1.0,1.72
2003803.0,0.03224615,1.0,1.376
2003881.0,0.01995434,1.0,1.376
2003959.0,0.01330039,1.0,1.72
2004037.0,0.02594777,1.0,1.72
2004116.0,0.03361756,1.0,293.088013
2004194.0,0.02625264,1.0,294.463989
2004272.0,0.02543999,1.0,294.463989
2004350.0,0.02493207,1.0,294.463989
2004428.0,0.0219352,1.0,294.463989
2004506.0,0.01162425,1.0,294.463989
2004584.0,0.00867822,1.0,294.463989
2004662.0,0.0309255,1.0,2.408
2004740.0,0.04662042,1.0,2.064
2004819.0,0.02965576,1.0,1.72
2004897.0,0.02417003,1.0,1.72
2004975.0,0.03956031,1.0,1.72
2005053.0,0.01289414,1.0,2.064
2005131.0,0.02762406,1.0,293.088013
2005209.0,0.01619566,1.0,294.119995
2005287.0,0.02869059,1.0,294.119995
2005365.0,0.02381454,1.0,294.808014
2005443.0,0.0295034,1.0,294.463989
2005521.0,0.03727464,1.0,294.463989
2005600.0,0.02218916,1.0,185.759995
2005678.0,0.02630333,1.0,2.408
2005756.0,0.04951569,1.0,1.72
2005834.0,0.03722388,1.0,2.408
2005912.0,0.01792256,1.0,1.72
2005990.0,0.03945878,1.0,1.72
2006068.0,0.00710376,1.0,79.463997
2006147.0,0.02178284,1.0,294.119995
2006225.0,-0.00127709,1.0,294.119995
2006303.0,0.01619566,1.0,294.463989
2006381.0,0.01573849,1.0,294.463989
2006459.0,0.01949717,1.0,294.463989
2006537.0,0.01924313,1.0,294.808014
2006615.0,0.0240685,1.0,1.72
2006693.0,0.02442399,1.0,2.064
2006771.0,0.0373254,1.0,1.72
2006849.0,0.03564926,1.0,1.72
2006928.0,0.02985896,1.0,1.376
2007006.0,0.04235389,1.0,1.72
2007084.0,0.01695755,1.0,292.743988
2007162.0,0.03321123,1.0,294.463989
2007240.0,0.01309727,1.0,295.152008
2007318.0,0.04001739,1.0,294.463989
2007396.0,0.02960492,1.0,294.808014
2007474.0,0.0309255,1.0,294.808014
2007552.0,0.02350974,1.0,293.776001
2007631.0,0.02803031,1.0,2.752
2007709.0,0.03503981,1.0,2.064
2007787.0,0.02427178,1.0,2.064
2007865.0,0.03722388,1.0,2.064
2007943.0,0.02564304,1.0,2.752
2008021.0,0.02107171,1.0,1.72
2008099.0,0.01213218,1.0,292.056
2008178.0,0.02132567,1.0,294.463989
2008256.0,0.04519832,1.0,294.463989
2008334.0,0.02244313,1.0,294.808014
2008412.0,0.02102095,1.0,294.808014
2008490.0,0.0295034,1.0,294.808014
2008568.0,0.01375755,1.0,294.808014
2008646.0,0.02742086,1.0,3.44
2008724.0,0.0110148,1.0,1.72
2008802.0,0.03514134,1.0,2.064
2008880.0,0.04128728,1.0,2.064
2008959.0,0.01050688,1.0,2.064
2009037.0,0.03036673,1.0,2.064
2009115.0,0.02945256,1.0,293.088013
2009193.0,0.01421472,1.0,294.808014
2009271.0,0.03768096,1.0,294.808014
2009349.0,0.03615719,1.0,294.808014
2009427.0,0.03976351,1.0,294.808014
2009505.0,0.03986503,1.0,294.808014
2009583.0,0.03554766,1.0,294.808014
2009662.0,0.01462097,1.0,3.096
2009740.0,0.0376302,1.0,2.064
2009818.0,0.03143342,1.0,2.064
2009896.0,0.03834125,1.0,2.064
2009974.0,0.04352218,1.0,1.72
2010052.0,0.02747154,1.0,2.064
2010130.0,0.02706529,1.0,293.432007
2010208.0,0.0103036,1.0,294.808014
2010286.0,0.01157349,1.0,294.808014
2010365.0,0.03097633,1.0,294.808014
2010443.0,0.03300804,1.0,294.808014
2010521.0,0.03189051,1.0,294.808014
2010599.0,0.04128728,1.0,206.399994
2010677.0,0.02223993,1.0,2.408
2010755.0,0.03778264,1.0,2.064
2010833.0,0.05682985,1.0,2.064
2010912.0,0.02792878,1.0,2.064
2010990.0,0.01863368,1.0,2.064
2011068.0,0.04824588,1.0,66.736
2011146.0,0.02665889,1.0,294.463989
2011224.0,0.0087799,1.0,294.808014
2011302.0,0.01116716,1.0,294.808014
2011380.0,0.01873528,1.0,295.152008
2011458.0,0.00974499,1.0,294.808014
2011536.0,0.04326815,1.0,294.808014
2011615.0,0.02503359,1.0,1.376
2011693.0,0.0463157,1.0,2.064
2011771.0,0.02757322,1.0,2.064
2011849.0,0.03717304,1.0,2.064
2011927.0,0.01837972,1.0,2.064
2012005.0,0.0178718,1.0,2.064
2012083.0,0.04458887,1.0,291.023987
2012161.0,0.02274785,1.0,294.808014
2012239.0,0.02518595,1.0,294.808014
2012317.0,0.03123022,1.0,294.808014
2012396.0,0.03214455,1.0,294.808014
2012474.0,0.04230313,1.0,294.808014
2012552.0,0.02935088,1.0,294.808014
2012630.0,0.02086851,1.0,3.44
2012708.0,0.05693152,1.0,2.064
2012786.0,0.05454418,1.0,2.064
2012864.0,0.02036059,1.0,2.064
2012942.0,0.02036059,1.0,2.064
2013020.0,0.03854445,1.0,2.064
2013099.0,0.0311287,1.0,292.743988
2013177.0,0.0205131,1.0,294.808014
2013255.0,0.03331276,1.0,294.808014
2013333.0,0.02777642,1.0,294.808014
2013411.0,0.01370679,1.0,295.152008
2013489.0,0.02970644,1.0,294.808014
2013567.0,0.01111633,1.0,295.152008
2013645.0,0.0485506,1.0,3.44
2013724.0,0.03361756,1.0,2.064
2013802.0,0.0219352,1.0,2.064
2013880.0,0.04545221,1.0,2.064
2013958.0,0.02782711,1.0,2.064
2014036.0,0.02147811,1.0,2.064
2014114.0,0.02975736,1.0,293.432007
2014192.0,0.01929405,1.0,294.808014
2014270.0,0.01253858,1.0,295.152008
2014349.0,0.03895078,1.0,294.808014
2014427.0,0.03712228,1.0,295.152008
2014505.0,0.04687446,1.0,295.839996
2014583.0,0.03961107,1.0,295.839996
2014661.0,0.03869674,1.0,3.784
2014739.0,0.05180135,1.0,2.752
2014817.0,0.06683607,1.0,2.752
2014895.0,0.02823358,1.0,2.408
2014973.0,0.04225229,1.0,2.408
2015052.0,0.03305887,1.0,2.064
2015130.0,0.04687446,1.0,293.776001
2015208.0,0.01512897,1.0,295.152008
2015286.0,0.02427178,1.0,295.152008
2015364.0,0.02574472,1.0,293.776001
2015442.0,0.03194142,1.0,295.496002
2015520.0,0.03503981,1.0,295.496002
2015598.0,0.02513519,1.0,216.376007
2015676.0,0.0392555,1.0,2.752
2015755.0,0.03412549,1.0,2.408
2015833.0,0.04392843,1.0,2.408
2015911.0,0.02391621,1.0,2.064
2015989.0,0.04245549,1.0,2.064
2016067.0,0.00552915,1.0,56.759998
2016145.0,0.02523679,1.0,294.463989
2016223.0,0.0090847,1.0,294.119995
2016301.0,0.03595399,1.0,294.119995
2016379.0,0.03148426,1.0,294.808014
2016458.0,0.02620181,1.0,294.463989
2016536.0,0.04636654,1.0,294.808014
2016614.0,0.03483661,1.0,4.816
2016692.0,0.02071615,1.0,2.064
2016770.0,0.0463157,1.0,2.064
2016848.0,0.0539855,1.0,2.064
2016926.0,0.04423323,1.0,2.064
2017004.0,0.03234775,1.0,2.064
2017083.0,0.00735765,1.0,288.615997
2017161.0,0.02401774,1.0,294.119995
2017239.0,-0.00452791,1.0,295.496002
2017317.0,0.02279869,1.0,295.496002
2017395.0,0.04240466,1.0,294.808014
2017473.0,0.00603707,1.0,295.152008
2017551.0,0.00273548,1.0,295.496002
2017629.0,0.03468417,1.0,3.784
2017707.0,0.03001117,1.0,2.408
2017786.0,0.07110267,1.0,2.408
2017864.0,0.03930634,1.0,1.72
2017942.0,0.03503981,1.0,2.064
2018020.0,0.04047456,1.0,2.408
2018098.0,0.02996048,1.0,293.088013
2018176.0,0.03773173,1.0,295.152008
2018254.0,0.03966198,1.0,295.152008
2018332.0,0.0448936,1.0,294.463989
2018410.0,0.04413163,1.0,295.152008
2018489.0,0.02797962,1.0,294.463989
2018567.0,0.03915398,1.0,295.152008
2018645.0,0.03666512,1.0,2.752
2018723.0,0.0427603,1.0,2.408
2018801.0,0.06673447,1.0,2.064
2018879.0,0.0381382,1.0,2.408
2018957.0,0.04809351,1.0,2.064
2019035.0,0.02554152,1.0,2.064
2019114.0,0.04143964,1.0,293.432007
2019192.0,0.04281106,1.0,294.808014
2019270.0,0.03270331,1.0,294.463989
2019348.0,0.04392843,1.0,295.152008
2019426.0,0.040627,1.0,295.152008
2019504.0,0.03392236,1.0,295.152008
2019582.0,0.02234153,1.0,295.152008
2019660.0,0.03727464,1.0,3.096
2019739.0,0.02041142,1.0,2.064
2019817.0,0.05043001,1.0,2.408
2019895.0,0.05886155,1.0,2.752
2019973.0,0.04687446,1.0,2.408
2020051.0,0.0355985,1.0,2.064
2020129.0,0.04636654,1.0,294.119995
2020207.0,0.01822728,1.0,295.496002
2020285.0,0.01203065,1.0,295.496002
2020363.0,0.0198019,1.0,295.496002
2020441.0,0.04164284,1.0,295.496002
2020520.0,0.01863368,1.0,295.496002
2020598.0,0.03691915,1.0,224.287994
2020676.0,0.0333636,1.0,2.408
2020754.0,0.05357909,1.0,2.408
2020832.0,0.05322353,1.0,2.064
2020910.0,0.06312815,1.0,2.064
2020988.0,0.01782096,1.0,2.408
2021066.0,0.02477955,1.0,47.472
2021144.0,0.02381454,1.0,294.463989
2021223.0,-0.00056603,1.0,295.152008
2021301.0,0.02295105,1.0,294.463989
2021379.0,0.03803645,1.0,295.496002
2021457.0,0.03605559,1.0,295.152008
2021535.0,0.02711613,1.0,295.152008
2021613.0,0.02122407,1.0,7.912
2021691.0,0.01517973,1.0,2.064
2021769.0,0.03575086,1.0,2.064
2021848.0,0.04758559,1.0,2.064
2021926.0,0.03615719,1.0,2.064
2022004.0,0.03011285,1.0,2.408
2022082.0,0.01218302,1.0,285.864014
2022160.0,0.02594777,1.0,295.152008
2022238.0,0.02874143,1.0,294.808014
2022316.0,0.04255702,1.0,295.152008
2022394.0,0.00811954,1.0,294.808014
2022473.0,0.01507821,1.0,295.496002
2022551.0,0.04098256,1.0,295.152008
2022629.0,0.01716067,1.0,4.128
2022707.0,0.02686209,1.0,2.752
2022785.0,0.02244313,1.0,2.752
2022863.0,0.040627,1.0,2.752
2022941.0,0.03707144,1.0,2.408
2023019.0,0.03956031,1.0,2.408
2023097.0,0.03595399,1.0,293.432007
2023176.0,0.0617059,1.0,295.152008
2023254.0,0.00933851,1.0,295.496002
2023332.0,0.03036673,1.0,295.152008
2023410.0,0.02777642,1.0,296.18399
2023488.0,0.04067768,1.0,295.496002
2023566.0,0.03189051,1.0,295.152008
2023644.0,0.05408709,1.0,3.44
2023722.0,0.04108408,1.0,2.408
2023800.0,0.02706529,1.0,2.408
2023878.0,0.03717304,1.0,2.408
2023957.0,0.01406236,1.0,2.408
2024035.0,0.03214455,1.0,2.408
2024113.0,0.03173822,1.0,293.088013
2024191.0,0.01929405,1.0,295.152008
2024269.0,0.04458887,1.0,294.808014
2024347.0,0.03509058,1.0,295.152008
2024425.0,0.02477955,1.0,296.18399
2024504.0,0.02503359,1.0,295.152008
2024582.0,0.02168124,1.0,294.463989
2024660.0,0.05992824,1.0,3.096
2024738.0,0.03392236,1.0,1.376
2024816.0,0.05190288,1.0,2.064
2024894.0,0.0197003,1.0,2.064
2024972.0,0.03544606,1.0,2.408
2025050.0,0.05596636,1.0,2.408
2025128.0,0.04220161,1.0,293.776001
2025207.0,0.03620795,1.0,295.152008
2025285.0,0.04905853,1.0,294.808014
2025363.0,0.06312815,1.0,295.152008
2025441.0,0.03260171,1.0,295.152008
2025519.0,0.03895078,1.0,295.152008
2025597.0,0.04519832,1.0,231.856003
2025675.0,0.05210615,1.0,2.408
2025753.0,0.03453181,1.0,2.064
2025831.0,0.032754,1.0,2.064
2025909.0,0.04331891,1.0,2.064
2025988.0,0.03727464,1.0,2.064
2026066.0,0.0335668,1.0,28.896
2026144.0,0.02787794,1.0,294.119995
2026222.0,0.01370679,1.0,294.808014
2026300.0,0.01741471,1.0,294.808014
2026378.0,0.04535069,1.0,295.152008
2026456.0,0.01096396,1.0,295.152008
2026534.0,0.04916005,1.0,295.152008
2026612.0,0.04458887,1.0,11.352
2026691.0,0.02726842,1.0,2.064
2026769.0,0.0503791,1.0,2.408
2026847.0,0.04377607,1.0,2.064
2026925.0,0.03610643,1.0,2.064
2027003.0,0.0353953,1.0,2.064
2027081.0,0.04458887,1.0,284.488007
2027159.0,0.05799806,1.0,294.808014
2027237.0,0.02899547,1.0,295.152008
2027316.0,0.04113485,1.0,295.152008
2027394.0,0.04662042,1.0,295.152008
2027472.0,0.03971267,1.0,295.152008
2027550.0,0.05886155,1.0,295.152008
2027628.0,0.04702682,1.0,3.44
2027706.0,0.04281106,1.0,2.064
2027784.0,0.04697599,1.0,2.064
2027862.0,0.03900162,1.0,2.064
2027940.0,0.04296342,1.0,2.408
2028019.0,0.03493821,1.0,2.064
2028097.0,0.02615097,1.0,293.088013
2028175.0,0.05556003,1.0,294.808014
2028253.0,0.02549068,1.0,295.152008
2028331.0,0.04336982,1.0,295.152008
2028409.0,0.05210615,1.0,295.152008
2028487.0,0.05576316,1.0,295.152008
2028565.0,0.04103324,1.0,295.152008
2028643.0,0.04753475,1.0,3.096
2028722.0,0.03895078,1.0,2.064
2028800.0,0.05474738,1.0,2.408
2028878.0,0.03651268,1.0,2.064
2028956.0,0.03818889,1.0,2.064
2029034.0,0.05840439,1.0,2.408
2029112.0,0.04149048,1.0,293.088013
2029190.0,0.06124889,1.0,294.808014
2029269.0,0.03229699,1.0,294.808014
2029347.0,0.02731926,1.0,294.463989
2029425.0,0.01203065,1.0,294.808014
2029503.0,0.0295034,1.0,295.152008
2029581.0,0.0467221,1.0,295.152008
2029659.0,0.05525531,1.0,2.408
2029737.0,0.05586476,1.0,1.72
2029815.0,0.02340814,1.0,2.064
2029893.0,0.03554766,1.0,2.064
2029972.0,0.03915398,1.0,2.064
2030050.0,0.03879849,1.0,1.72
2030128.0,0.04585861,1.0,293.432007
2030206.0,-0.00290246,1.0,294.463989
2030284.0,0.04458887,1.0,295.152008
2030362.0,0.0259986,1.0,294.808014
2030440.0,0.03691915,1.0,295.152008
2030518.0,0.03432861,1.0,295.152008
2030596.0,0.02696369,1.0,240.112
2030675.0,0.05093786,1.0,2.752
2030753.0,0.04403011,1.0,2.064
2030831.0,0.03945878,1.0,2.064
2030909.0,0.04143964,1.0,2.064
2030987.0,0.0357001,1.0,2.064
2031065.0,0.04230313,1.0,20.639999
2031143.0,0.04265862,1.0,294.119995
2031221.0,0.02848739,1.0,295.152008
2031299.0,0.01858285,1.0,295.152008
2031378.0,0.04392843,1.0,295.152008
2031456.0,0.03717304,1.0,295.152008
2031534.0,0.04560472,1.0,295.152008
2031612.0,0.05043001,1.0,14.104
2031690.0,0.03793493,1.0,2.408
2031768.0,0.04326815,1.0,1.376
2031846.0,0.04687446,1.0,2.064
2031924.0,0.04662042,1.0,2.064
2032003.0,0.04382691,1.0,1.72
2032081.0,0.04143964,1.0,280.70401
2032159.0,0.03625887,1.0,295.152008
2032237.0,0.02462719,1.0,295.496002
2032315.0,0.03691915,1.0,295.152008
2032393.0,0.05200463,1.0,295.496002
2032471.0,0.02610028,1.0,295.496002
2032549.0,0.04824588,1.0,295.496002
2032627.0,0.0311287,1.0,3.44
2032706.0,0.04174437,1.0,2.064
2032784.0,0.06526145,1.0,2.064
2032862.0,0.02452566,1.0,2.408
2032940.0,0.02706529,1.0,2.064
2033018.0,0.0463157,1.0,2.064
2033096.0,0.02731926,1.0,293.088013
2033174.0,0.03194142,1.0,295.152008
2033252.0,0.02731926,1.0,295.152008
2033330.0,0.02249396,1.0,295.152008
2033409.0,0.04235389,1.0,295.152008
2033487.0,0.02919859,1.0,295.152008
2033565.0,0.04433484,1.0,295.152008
2033643.0,0.04387767,1.0,3.096
2033721.0,0.048957,1.0,2.064
2033799.0,0.04697599,1.0,2.064
2033877.0,0.03839201,1.0,2.064
2033955.0,0.06485513,1.0,2.064
2034033.0,0.02295105,1.0,2.064
2034112.0,0.05870919,1.0,293.088013
2034190.0,0.03666512,1.0,295.152008
2034268.0,0.03458265,1.0,294.808014
2034346.0,0.04220161,1.0,295.152008
2034424.0,0.01477348,1.0,294.463989
2034502.0,0.04077936,1.0,295.496002
2034580.0,0.04849976,1.0,295.152008
2034658.0,0.06267107,1.0,2.408
2034736.0,0.05906468,1.0,2.064
2034815.0,0.05454418,1.0,1.72
2034893.0,0.04540152,1.0,2.064
2034971.0,0.05129343,1.0,2.064
2035049.0,0.05180135,1.0,2.064
2035127.0,0.03620795,1.0,293.776001
2035205.0,0.04159201,1.0,295.152008
2035283.0,0.03448105,1.0,295.152008
2035361.0,0.05489974,1.0,295.152008
2035440.0,0.04296342,1.0,295.152008
2035518.0,0.02432247,1.0,295.496002
2035596.0,0.03158578,1.0,246.304001
2035674.0,0.03691915,1.0,2.408
2035752.0,0.03671588,1.0,2.064
2035830.0,0.05743937,1.0,2.752
2035908.0,0.03448105,1.0,1.72
2035986.0,0.04982049,1.0,2.064
2036064.0,0.03143342,1.0,13.072
2036143.0,0.04443636,1.0,294.463989
2036221.0,0.01751623,1.0,295.152008
2036299.0,0.04098256,1.0,295.496002
2036377.0,0.04118576,1.0,295.839996
2036455.0,0.0485506,1.0,295.152008
2036533.0,0.02965576,1.0,295.152008
2036611.0,0.03895078,1.0,17.544001
2036689.0,0.06018212,1.0,2.408
2036768.0,0.05124259,1.0,2.408
2036846.0,0.04210001,1.0,2.064
2036924.0,0.04245549,1.0,2.408
2037002.0,0.05007438,1.0,2.408
2037080.0,0.04621417,1.0,276.575989
2037158.0,0.03849361,1.0,295.152008
2037236.0,0.03138266,1.0,294.808014
2037314.0,0.05352841,1.0,295.496002
2037392.0,0.03671588,1.0,295.152008
2037471.0,0.03199219,1.0,295.496002
2037549.0,0.0471285,1.0,295.496002
2037627.0,0.05972504,1.0,3.096
2037705.0,0.02940172,1.0,2.064
2037783.0,0.04926173,1.0,2.064
2037861.0,0.03681748,1.0,2.752
2037939.0,0.04011907,1.0,2.064
2038017.0,0.03290644,1.0,2.408
2038095.0,0.04067768,1.0,293.088013
2038174.0,0.04814435,1.0,295.496002
2038252.0,0.01878605,1.0,295.152008
2038330.0,0.03554766,1.0,295.839996
2038408.0,0.05332521,1.0,295.152008
2038486.0,0.05002369,1.0,295.496002
2038564.0,0.04829671,1.0,295.496002
2038642.0,0.03854445,1.0,3.096
2038720.0,0.03961107,1.0,2.064
2038798.0,0.04143964,1.0,2.064
2038877.0,0.06297579,1.0,2.064
2038955.0,0.05332521,1.0,2.064
2039033.0,0.06129965,1.0,2.064
2039111.0,0.04083012,1.0,293.432007
2039189.0,0.04646814,1.0,294.808014
2039267.0,0.01614475,1.0,295.152008
2039345.0,0.04311578,1.0,295.152008
2039423.0,0.02528748,1.0,295.152008
2039502.0,0.05515371,1.0,295.152008
2039580.0,0.03646199,1.0,295.496002
2039658.0,0.02731926,1.0,3.44
2039736.0,0.04585861,1.0,2.408
2039814.0,0.05718533,1.0,2.064
2039892.0,0.06409324,1.0,1.72
2039970.0,0.05931871,1.0,2.064
2040048.0,0.03900162,1.0,2.064
2040127.0,0.04377607,1.0,293.776001
2040205.0,0.0239669,1.0,294.463989
2040283.0,0.05048078,1.0,295.152008
2040361.0,0.03615719,1.0,295.152008
2040439.0,0.04296342,1.0,294.808014
2040517.0,0.05413786,1.0,295.496002
2040595.0,0.0316367,1.0,255.248001
2040673.0,0.04626501,1.0,2.752
2040751.0,0.06256954,1.0,2.064
2040830.0,0.04606181,1.0,2.064
2040908.0,0.04093172,1.0,1.72
2040986.0,0.05703305,1.0,1.376
2041064.0,0.02706529,1.0,10.664
2041142.0,0.04255702,1.0,293.776001
2041220.0,0.00964331,1.0,295.496002
2041298.0,0.03392236,1.0,295.152008
2041376.0,0.04321738,1.0,295.496002
2041454.0,0.0333636,1.0,295.496002
2041532.0,0.06328052,1.0,295.152008
2041611.0,0.04138881,1.0,19.608
2041689.0,0.06124889,1.0,2.064
2041767.0,0.05261408,1.0,2.408
2041845.0,0.05622032,1.0,2.064
2041923.0,0.04215077,1.0,2.064
2042001.0,0.03082397,1.0,2.064
2042079.0,0.04083012,1.0,273.135986
2042158.0,0.04966813,1.0,295.152008
2042236.0,0.0311287,1.0,294.808014
2042314.0,0.04743322,1.0,295.496002
2042392.0,0.0505823,1.0,295.496002
2042470.0,0.04342066,1.0,295.152008
2042548.0,0.04347135,1.0,294.808014
2042626.0,0.06119798,1.0,3.44
2042704.0,0.05169975,1.0,1.72
2042782.0,0.04443636,1.0,2.064
2042860.0,0.04819504,1.0,2.064
2042939.0,0.04545221,1.0,2.064
2043017.0,0.06556626,1.0,2.064
2043095.0,0.02503359,1.0,293.776001
2043173.0,0.0509887,1.0,295.152008
2043251.0,0.02452566,1.0,295.152008
2043329.0,0.03305887,1.0,295.152008
2043407.0,0.04103324,1.0,295.152008
2043485.0,0.04438567,1.0,295.152008
2043563.0,0.05236012,1.0,295.152008
2043642.0,0.05256317,1.0,3.096
2043720.0,0.04326815,1.0,1.72
2043798.0,0.06708996,1.0,2.064
2043876.0,0.0468237,1.0,2.064
2043954.0,0.05220776,1.0,2.408
2044032.0,0.03397305,1.0,2.064
2044110.0,0.04367455,1.0,293.432007
2044188.0,0.05103939,1.0,294.808014
2044267.0,0.03478577,1.0,295.152008
2044345.0,0.04723002,1.0,294.463989
2044423.0,0.05012529,1.0,295.152008
2044501.0,0.0598774,1.0,295.496002
2044579.0,0.032754,1.0,295.496002
2044657.0,0.03265247,1.0,3.096
2044735.0,0.06439804,1.0,2.064
2044813.0,0.04865228,1.0,1.72
2044892.0,0.04910937,1.0,2.064
2044970.0,0.03366832,1.0,2.064
2045048.0,0.07333758,1.0,2.064
2045126.0,0.04946493,1.0,293.776001
2045204.0,0.0198019,1.0,295.152008
2045282.0,0.04717919,1.0,295.152008
2045360.0,0.0578457,1.0,295.152008
2045438.0,0.04504596,1.0,295.152008
2045516.0,0.02234153,1.0,295.152008
2045595.0,0.03793493,1.0,260.063995
2045673.0,0.04509665,1.0,2.064
2045751.0,0.04982049,1.0,1.72
2045829.0,0.05759181,1.0,1.72
2045907.0,0.03976351,1.0,1.72
2045985.0,0.06871541,1.0,1.72
2046063.0,0.02803031,1.0,6.536
2046141.0,0.04230313,1.0,293.432007
2046219.0,0.03534454,1.0,294.808014
2046297.0,0.01812576,1.0,295.152008
2046376.0,0.05495051,1.0,295.152008
2046454.0,0.02523679,1.0,294.808014
2046532.0,0.03305887,1.0,294.463989
2046610.0,0.04753475,1.0,25.112
2046688.0,0.0444872,1.0,1.72
2046766.0,0.04077936,1.0,1.376
2046844.0,0.04433484,1.0,2.064
2046923.0,0.05205532,1.0,1.72
2047001.0,0.05865835,1.0,1.72
2047079.0,0.03834125,1.0,270.384003
2047157.0,0.02869059,1.0,294.463989
2047235.0,0.04921097,1.0,295.152008
2047313.0,0.0505823,1.0,295.152008
2047391.0,0.04524916,1.0,295.152008
2047469.0,0.06846145,1.0,295.152008
2047547.0,0.04281106,1.0,295.496002
2047626.0,0.06175674,1.0,3.44
2047704.0,0.03844293,1.0,2.064
2047782.0,0.06683607,1.0,2.064
2047860.0,0.05677908,1.0,2.064
2047938.0,0.05957267,1.0,2.064
2048016.0,0.04601097,1.0,2.064
2048094.0,0.06942646,1.0,292.743988
2048172.0,0.0444872,1.0,296.18399
2048250.0,0.02610028,1.0,296.528015
2048329.0,0.0509887,1.0,295.839996
2048407.0,0.03829049,1.0,296.528015
2048485.0,0.03143342,1.0,296.528015
2048563.0,0.04382691,1.0,295.839996
2048641.0,0.04220161,1.0,3.784
2048719.0,0.05169975,1.0,2.408
2048797.0,0.05043001,1.0,2.408
2048875.0,0.06363608,1.0,2.408
2048953.0,0.05865835,1.0,2.408
2049032.0,0.04113485,1.0,2.408
2049110.0,0.03615719,1.0,293.432007
2049188.0,0.05373153,1.0,294.463989
2049266.0,0.03280484,1.0,294.463989
2049344.0,0.04870304,1.0,294.463989
2049422.0,0.05241088,1.0,295.839996
2049500.0,0.0559156,1.0,295.152008
2049578.0,0.05489974,1.0,295.152008
2049656.0,0.05479814,1.0,3.44
2049735.0,0.06642967,1.0,2.064
2049813.0,0.0582521,1.0,2.408
2049891.0,0.04403011,1.0,2.064
2049969.0,0.05530607,1.0,2.408
2050047.0,0.03773173,1.0,1.032
2050125.0,0.04240466,1.0,293.776001
2050203.0,0.04032227,1.0,294.119995
2050281.0,0.04514749,1.0,293.776001
2050360.0,0.04570625,1.0,295.496002
2050438.0,0.03503981,1.0,295.496002
2050516.0,0.05708381,1.0,295.496002
2050594.0,0.05083634,1.0,266.600006
2050672.0,0.05957267,1.0,3.096
2050750.0,0.05515371,1.0,2.408
2050828.0,0.05550927,1.0,1.376
2050906.0,0.0446904,1.0,2.408
2050984.0,0.03879849,1.0,3.096
2051063.0,0.02147811,1.0,3.784
2051141.0,0.05195372,1.0,294.463989
2051219.0,0.01050688,1.0,295.496002
2051297.0,0.06043616,1.0,295.496002
2051375.0,0.04951569,1.0,295.152008
2051453.0,0.05474738,1.0,295.152008
2051531.0,0.05342673,1.0,295.152008
2051609.0,0.04794107,1.0,29.24
2051687.0,0.03910322,1.0,1.72
2051766.0,0.06582014,1.0,1.72
2051844.0,0.04372539,1.0,1.72
2051922.0,0.04656974,1.0,1.72
2052000.0,0.04377607,1.0,1.72
2052078.0,0.02488123,1.0,259.720001
2052156.0,0.07222005,1.0,294.463989
2052234.0,0.01858285,1.0,294.808014
2052312.0,0.03651268,1.0,294.808014
2052391.0,0.04215077,1.0,294.808014
2052469.0,0.04748406,1.0,294.808014
2052547.0,0.06160438,1.0,294.808014
2052625.0,0.02818267,1.0,3.096
2052703.0,0.03956031,1.0,1.72
2052781.0,0.05078558,1.0,1.72
2052859.0,0.04804275,1.0,1.72
2052937.0,0.04164284,1.0,1.72
2053015.0,0.0375286,1.0,1.032
2053094.0,0.05459495,1.0,292.056
2053172.0,0.02924936,1.0,295.152008
2053250.0,0.03676672,1.0,294.463989
2053328.0,0.05510287,1.0,294.463989
2053406.0,0.04443636,1.0,294.463989
2053484.0,0.05002369,1.0,293.432007
2053562.0,0.04352218,1.0,293.776001
2053640.0,0.05078558,1.0,1.72
2053718.0,0.05129343,1.0,1.032
2053797.0,0.06835984,1.0,1.376
2053875.0,0.03564926,1.0,1.376
2053953.0,0.06023296,1.0,2.064
2054031.0,0.05159815,1.0,2.752
2054109.0,0.04103324,1.0,293.432007
2054187.0,0.03839201,1.0,295.496002
2054265.0,0.03849361,1.0,295.152008
2054343.0,0.05114106,1.0,295.152008
2054421.0,0.03671588,1.0,295.152008
2054500.0,0.05484898,1.0,295.152008
2054578.0,0.05657588,1.0,294.808014
2054656.0,0.06084249,1.0,2.752
2054734.0,0.06322983,1.0,2.408
2054812.0,0.06922326,1.0,2.752
2054890.0,0.05855682,1.0,1.376
2054968.0,0.05693152,1.0,1.376
2055046.0,0.06373776,1.0,1.72
2055125.0,0.0471285,1.0,293.432007
2055203.0,0.03940794,1.0,295.152008
2055281.0,0.03971267,1.0,295.152008
2055359.0,0.04159201,1.0,295.496002
2055437.0,0.04342066,1.0,295.152008
2055515.0,0.0577441,1.0,295.152008
2055593.0,0.04890624,1.0,272.447998
2055671.0,0.04169361,1.0,3.096
2055750.0,0.06145201,1.0,1.72
2055828.0,0.04931257,1.0,1.72
2055906.0,0.05723625,1.0,2.064
2055984.0,0.02716682,1.0,2.064
2056062.0,0.04997285,1.0,1.376
2056140.0,0.05251248,1.0,293.432007
2056218.0,0.03097633,1.0,294.463989
2056296.0,0.0468237,1.0,294.808014
2056374.0,0.05561087,1.0,295.152008
2056452.0,0.04204917,1.0,295.152008
2056531.0,0.06871541,1.0,295.152008
2056609.0,0.04184604,1.0,36.119999
2056687.0,0.03290644,1.0,3.784
2056765.0,0.07034078,1.0,3.44
2056843.0,0.04951569,1.0,2.752
2056921.0,0.04560472,1.0,2.408
2056999.0,0.05896315,1.0,2.064
2057077.0,0.05713457,1.0,248.712006
2057156.0,0.03717304,1.0,295.839996
2057234.0,0.03818889,1.0,295.839996
2057312.0,0.04738246,1.0,295.496002
2057390.0,0.04494436,1.0,294.808014
2057468.0,0.05093786,1.0,295.152008
2057546.0,0.04403011,1.0,295.152008
2057624.0,0.04839824,1.0,3.096
2057702.0,0.05647428,1.0,2.408
2057781.0,0.02549068,1.0,2.064
2057859.0,0.06515986,1.0,2.064
2057937.0,0.05469655,1.0,2.064
2058015.0,0.07267728,1.0,1.72
2058093.0,0.05307117,1.0,292.399994
2058171.0,0.05373153,1.0,294.808014
2058249.0,0.05444258,1.0,294.808014
2058327.0,0.06500749,1.0,295.152008
2058405.0,0.07694381,1.0,294.463989
2058483.0,0.03468417,1.0,295.152008
2058562.0,0.05789654,1.0,294.808014
2058640.0,0.05281721,1.0,3.096
2058718.0,0.06703919,1.0,2.064
2058796.0,0.05276644,1.0,1.376
2058874.0,0.02930019,1.0,2.064
2058952.0,0.04961729,1.0,1.72
2059030.0,0.0392555,1.0,2.064
2059108.0,0.05296964,1.0,293.088013
2059186.0,0.04621417,1.0,294.808014
2059265.0,0.06216314,1.0,295.152008
2059343.0,0.04418247,1.0,295.152008
2059421.0,0.06927417,1.0,294.808014
2059499.0,0.05952184,1.0,295.152008
2059577.0,0.03158578,1.0,295.152008
2059655.0,0.05677908,1.0,2.752
2059733.0,0.04738246,1.0,1.376
2059811.0,0.06846145,1.0,2.064
2059890.0,0.06089325,1.0,2.064
2059968.0,0.05383313,1.0,2.064
2060046.0,0.05200463,1.0,2.064
2060124.0,0.05881086,1.0,293.776001
2060202.0,0.02737002,1.0,295.152008
2060280.0,0.01558613,1.0,295.152008
2060358.0,0.04499512,1.0,295.152008
2060436.0,0.04646814,1.0,295.152008
2060515.0,0.05302041,1.0,295.152008
2060593.0,0.05815057,1.0,276.231995
2060671.0,0.0444872,1.0,3.096
2060749.0,0.05632192,1.0,2.064
2060827.0,0.04667126,1.0,2.064
2060905.0,0.0598774,1.0,1.72
2060983.0,0.03717304,1.0,2.064
2061061.0,0.0468237,1.0,0.688
2061139.0,0.06084249,1.0,293.776001
2061218.0,0.01873528,1.0,295.152008
2061296.0,0.05159815,1.0,295.496002
2061374.0,0.05053154,1.0,295.496002
2061452.0,0.04255702,1.0,295.496002
2061530.0,0.06160438,1.0,295.152008
2061608.0,0.03204302,1.0,40.936001
2061686.0,0.04849976,1.0,2.064
2061764.0,0.06419484,1.0,2.064
2061842.0,0.06099493,1.0,2.064
2061920.0,0.06333135,1.0,2.064
2061999.0,0.04535069,1.0,2.064
2062077.0,0.05246164,1.0,230.479996
2062155.0,0.0598774,1.0,294.808014
2062233.0,0.02635417,1.0,295.152008
2062311.0,0.05606803,1.0,295.152008
2062389.0,0.05657588,1.0,295.152008
2062467.0,0.06272175,1.0,295.496002
2062545.0,0.06338212,1.0,295.839996
2062624.0,0.04758559,1.0,3.096
2062702.0,0.06119798,1.0,2.064
2062780.0,0.07694381,1.0,2.064
2062858.0,0.05769334,1.0,2.064
2062936.0,0.05291881,1.0,2.064
2063014.0,0.06165522,1.0,2.064
2063092.0,0.05261408,1.0,292.743988
2063170.0,0.04027143,1.0,295.152008
2063249.0,0.04382691,1.0,295.496002
2063327.0,0.04748406,1.0,295.496002
2063405.0,0.05881086,1.0,295.152008
2063483.0,0.05688061,1.0,295.496002
2063561.0,0.05820126,1.0,295.839996
2063639.0,0.05835363,1.0,3.096
2063717.0,0.06637891,1.0,2.064
2063795.0,0.06455041,1.0,2.064
2063873.0,0.05809966,1.0,2.064
2063952.0,0.06673447,1.0,1.72
2064030.0,0.06241703,1.0,2.064
2064108.0,0.05794737,1.0,293.432007
2064186.0,0.03234775,1.0,295.152008
2064264.0,0.04479192,1.0,295.496002
2064342.0,0.07806127,1.0,295.152008
2064420.0,0.04499512,1.0,295.496002
2064498.0,0.0578457,1.0,295.839996
2064576.0,0.0577441,1.0,295.152008
2064654.0,0.05429022,1.0,3.096
2064733.0,0.05916627,1.0,2.064
2064811.0,0.05347749,1.0,1.72
2064889.0,0.07481051,1.0,2.064
2064967.0,0.04987125,1.0,2.064
2065045.0,0.06775032,1.0,2.064
2065123.0,0.03458265,1.0,294.119995
2065201.0,0.04418247,1.0,295.152008
2065279.0,0.05093786,1.0,295.152008
2065358.0,0.04865228,1.0,295.496002
2065436.0,0.04291258,1.0,295.152008
2065514.0,0.03879849,1.0,295.496002
2065592.0,0.05693152,1.0,277.951996
2065670.0,0.03564926,1.0,3.096
2065748.0,0.08385165,1.0,1.72
2065826.0,0.05957267,1.0,1.376
2065904.0,0.08009297,1.0,2.064
2065983.0,0.05820126,1.0,2.752
2066061.0,0.05449342,1.0,0.0
2066139.0,0.05063314,1.0,294.808014
2066217.0,0.03402389,1.0,296.18399
2066295.0,0.05637276,1.0,295.839996
2066373.0,0.05296964,1.0,296.18399
2066451.0,0.06216314,1.0,295.839996
2066529.0,0.0580489,1.0,295.839996
2066607.0,0.06602334,1.0,48.16
2066686.0,0.05515371,1.0,2.408
2066764.0,0.06952798,1.0,2.408
2066842.0,0.06089325,1.0,2.408
2066920.0,0.05489974,1.0,2.408
2066998.0,0.05891239,1.0,2.408
2067076.0,0.0690709,1.0,223.944
2067154.0,0.05530607,1.0,295.496002
2067232.0,0.02787794,1.0,295.496002
2067310.0,0.04804275,1.0,295.496002
2067389.0,0.06206147,1.0,295.839996
2067467.0,0.05154747,1.0,295.496002
2067545.0,0.04108408,1.0,295.496002
2067623.0,0.05291881,1.0,3.44
2067701.0,0.05296964,1.0,2.408
2067779.0,0.08842305,1.0,2.408
2067857.0,0.05337597,1.0,2.064
2067935.0,0.0582521,1.0,2.064
2068014.0,0.06708996,1.0,2.064
2068092.0,0.04733155,1.0,293.088013
2068170.0,0.03021445,1.0,295.152008
2068248.0,0.05362993,1.0,295.496002
2068326.0,0.05383313,1.0,295.152008
2068404.0,0.04001739,1.0,295.496002
2068482.0,0.05637276,1.0,295.496002
2068560.0,0.04824588,1.0,295.839996
2068638.0,0.07511532,1.0,3.784
2068717.0,0.04778879,1.0,3.096
2068795.0,0.0509887,1.0,2.752
2068873.0,0.06023296,1.0,2.752
2068951.0,0.06140118,1.0,2.064
2069029.0,0.08131202,1.0,2.752
2069107.0,0.05703305,1.0,294.119995
2069185.0,0.05484898,1.0,295.839996
2069263.0,0.04697599,1.0,295.839996
2069341.0,0.0690709,1.0,295.839996
2069420.0,0.05886155,1.0,296.18399
2069498.0,0.05815057,1.0,295.839996
2069576.0,0.0468237,1.0,295.839996
2069654.0,0.05418869,1.0,3.44
2069732.0,0.06551542,1.0,2.408
2069810.0,0.05749014,1.0,2.408
2069888.0,0.05327437,1.0,2.408
2069966.0,0.0618075,1.0,2.064
2070044.0,0.03945878,1.0,2.064
2070123.0,0.04789031,1.0,294.119995
2070201.0,0.04479192,1.0,295.496002
2070279.0,0.04138881,1.0,295.496002
2070357.0,0.06419484,1.0,295.496002
2070435.0,0.03453181,1.0,295.839996
2070513.0,0.06018212,1.0,295.496002
2070591.0,0.05007438,1.0,281.735992
2070670.0,0.06099493,1.0,3.44
2070748.0,0.07684222,1.0,1.72
2070826.0,0.06338212,1.0,2.064
2070904.0,0.05870919,1.0,1.376
2070982.0,0.04392843,1.0,1.376
2071060.0,0.03920474,1.0,0.344
2071138.0,0.03874765,1.0,293.432007
2071216.0,0.03056993,1.0,295.152008
2071294.0,0.07887392,1.0,296.18399
2071372.0,0.03757944,1.0,296.18399
2071451.0,0.04707766,1.0,295.839996
2071529.0,0.07415015,1.0,295.839996
2071607.0,0.05571247,1.0,51.944
2071685.0,0.05921711,1.0,2.752
2071763.0,0.06876617,1.0,2.064
2071841.0,0.06033464,1.0,2.064
2071919.0,0.05500127,1.0,2.064
2071997.0,0.0598774,1.0,2.064
2072075.0,0.04849976,1.0,215.688004
2072154.0,0.04560472,1.0,295.152008
2072232.0,0.03839201,1.0,295.152008
2072310.0,0.04687446,1.0,295.496002
2072388.0,0.06262023,1.0,295.496002
2072466.0,0.06973118,1.0,295.496002
2072544.0,0.04387767,1.0,295.839996
2072622.0,0.01949717,1.0,3.44
2072701.0,0.07409939,1.0,2.064
2072779.0,0.05886155,1.0,2.408
2072857.0,0.05464578,1.0,2.064
2072935.0,0.05652505,1.0,2.064
2073013.0,0.04773795,1.0,2.064
2073091.0,0.04357287,1.0,293.088013
2073169.0,0.05383313,1.0,295.496002
2073247.0,0.03976351,1.0,295.496002
2073325.0,0.05393466,1.0,294.808014
2073403.0,0.0316367,1.0,295.839996
2073482.0,0.06109645,1.0,295.496002
2073560.0,0.07547081,1.0,295.839996
2073638.0,0.0729311,1.0,3.784
2073716.0,0.06338212,1.0,2.752
2073794.0,0.06896937,1.0,2.752
2073872.0,0.06272175,1.0,2.408
2073950.0,0.06622654,1.0,2.064
2074028.0,0.08126118,1.0,3.784
2074106.0,0.05444258,1.0,295.152008
2074185.0,0.0735407,1.0,296.872009
2074263.0,0.05220776,1.0,296.528015
2074341.0,0.05357909,1.0,296.872009
2074419.0,0.02889387,1.0,296.18399
2074497.0,0.06353455,1.0,296.18399
2074575.0,0.06063936,1.0,296.528015
2074653.0,0.05423946,1.0,3.44
2074731.0,0.0828358,1.0,2.752
2074809.0,0.05891239,1.0,2.752
2074888.0,0.05947115,1.0,2.064
2074966.0,0.03920474,1.0,2.752
2075044.0,0.05698221,1.0,2.408
2075122.0,0.06414401,1.0,294.119995
2075200.0,0.02889387,1.0,295.496002
2075278.0,0.01685595,1.0,295.496002
2075356.0,0.04778879,1.0,295.839996
2075435.0,0.05129343,1.0,295.496002
2075513.0,0.04982049,1.0,295.839996
2075591.0,0.07155976,1.0,286.208008
2075669.0,0.04128728,1.0,3.44
2075747.0,0.07811203,1.0,2.408
2075825.0,0.05236012,1.0,2.408
2075903.0,0.05449342,1.0,2.408
2075981.0,0.05495051,1.0,2.064
2076059.0,0.04824588,1.0,0.344
2076137.0,0.06871541,1.0,294.119995
2076216.0,0.04204917,1.0,295.152008
2076294.0,0.05652505,1.0,295.839996
2076372.0,0.06272175,1.0,295.496002
2076450.0,0.05916627,1.0,295.496002
2076528.0,0.04926173,1.0,295.839996
2076606.0,0.06190918,1.0,57.792
2076684.0,0.06576931,1.0,2.064
2076762.0,0.08415637,1.0,2.408
2076840.0,0.05180135,1.0,2.064
2076919.0,0.0674456,1.0,2.064
2076997.0,0.07582637,1.0,2.064
2077075.0,0.05124259,1.0,211.216003
2077153.0,0.04870304,1.0,295.152008
2077231.0,0.03620795,1.0,295.152008
2077309.0,0.05043001,1.0,295.152008
2077387.0,0.0485506,1.0,295.152008
2077465.0,0.05373153,1.0,295.152008
2077544.0,0.05383313,1.0,295.496002
2077622.0,0.04763627,1.0,3.44
2077700.0,0.05469655,1.0,2.064
2077778.0,0.07709625,1.0,2.064
2077856.0,0.06190918,1.0,2.752
2077934.0,0.05550927,1.0,2.408
2078012.0,0.05682985,1.0,2.064
2078090.0,0.04590945,1.0,292.743988
2078168.0,0.05611872,1.0,295.152008
2078247.0,0.06470276,1.0,295.496002
2078325.0,0.07445495,1.0,295.496002
2078403.0,0.04474124,1.0,295.496002
2078481.0,0.06373776,1.0,295.839996
2078559.0,0.06434721,1.0,295.496002
2078637.0,0.05896315,1.0,3.096
2078715.0,0.04951569,1.0,2.752
2078793.0,0.05495051,1.0,2.064
2078871.0,0.03189051,1.0,2.064
2078950.0,0.07110267,1.0,2.408
2079028.0,0.07338826,1.0,2.752
2079106.0,0.05439182,1.0,293.776001
2079184.0,0.07425175,1.0,295.496002
2079262.0,0.05525531,1.0,295.152008
2079340.0,0.04616341,1.0,295.496002
2079418.0,0.0485506,1.0,295.496002
2079496.0,0.06312815,1.0,295.152008
2079574.0,0.05581399,1.0,296.18399
2079653.0,0.02325578,1.0,3.096
2079731.0,0.05195372,1.0,2.064
2079809.0,0.07602949,1.0,1.376
2079887.0,0.06104561,1.0,1.72
2079965.0,0.05342673,1.0,2.064
2080043.0,0.07714694,1.0,1.72
2080121.0,0.06084249,1.0,294.119995
2080199.0,0.04606181,1.0,295.152008
2080278.0,0.03798576,1.0,295.152008
2080356.0,0.04037296,1.0,295.496002
2080434.0,0.06495673,1.0,295.152008
2080512.0,0.04550312,1.0,295.496002
2080590.0,0.06749636,1.0,288.272003
2080668.0,0.05891239,1.0,3.096
2080746.0,0.07496288,1.0,2.064
2080824.0,0.05073467,1.0,2.064
2080903.0,0.06576931,1.0,2.408
2080981.0,0.0538839,1.0,2.408
2081059.0,0.04499512,1.0,0.688
2081137.0,0.05616956,1.0,294.119995
2081215.0,0.0448936,1.0,295.152008
2081293.0,0.04834748,1.0,294.808014
2081371.0,0.05230936,1.0,295.496002
2081449.0,0.0600806,1.0,295.496002
2081527.0,0.06262023,1.0,295.496002
2081606.0,0.04377607,1.0,62.264
2081684.0,0.04738246,1.0,2.064
2081762.0,0.07755326,1.0,1.72
2081840.0,0.05261408,1.0,2.064
2081918.0,0.0576425,1.0,2.408
2081996.0,0.06241703,1.0,1.72
2082074.0,0.05693152,1.0,203.992004
2082152.0,0.06094409,1.0,295.152008
2082230.0,0.06480429,1.0,295.152008
2082308.0,0.0355985,1.0,295.839996
2082387.0,0.05185219,1.0,295.496002
2082465.0,0.04301418,1.0,295.496002
2082543.0,0.0509887,1.0,295.839996
2082621.0,0.06383928,1.0,3.784
2082699.0,0.06409324,1.0,2.064
2082777.0,0.05256317,1.0,2.408
2082855.0,0.06434721,1.0,2.064
2082934.0,0.0625187,1.0,1.72
2083012.0,0.05043001,1.0,2.408
2083090.0,0.06546458,1.0,292.743988
2083168.0,0.06272175,1.0,295.152008
2083246.0,0.05261408,1.0,295.152008
2083324.0,0.06104561,1.0,294.808014
2083402.0,0.06490589,1.0,295.496002
2083480.0,0.0582521,1.0,295.496002
2083558.0,0.06724239,1.0,295.496002
2083637.0,0.06495673,1.0,2.752
2083715.0,0.05728709,1.0,2.408
2083793.0,0.06505833,1.0,2.064
2083871.0,0.06084249,1.0,2.064
2083949.0,0.06378844,1.0,2.064
2084027.0,0.05251248,1.0,2.064
2084105.0,0.06312815,1.0,293.776001
2084183.0,0.05520447,1.0,295.152008
2084261.0,0.04910937,1.0,295.152008
2084340.0,0.06668364,1.0,295.496002
2084418.0,0.06962966,1.0,295.496002
2084496.0,0.04494436,1.0,295.496002
2084574.0,0.05185219,1.0,295.496002
2084652.0,0.06597258,1.0,2.752
2084730.0,0.06993446,1.0,2.064
2084808.0,0.04799191,1.0,2.064
2084886.0,0.04971882,1.0,2.064
2084964.0,0.05362993,1.0,2.064
2085043.0,0.04819504,1.0,2.064
2085121.0,0.059979,1.0,294.119995
2085199.0,0.04870304,1.0,295.152008
2085277.0,0.04067768,1.0,295.152008
2085355.0,0.04778879,1.0,295.152008
2085433.0,0.05236012,1.0,295.496002
2085511.0,0.0623155,1.0,295.496002
2085589.0,0.04458887,1.0,291.712006
2085667.0,0.05195372,1.0,3.096
2085746.0,0.06932486,1.0,2.064
2085824.0,0.06800421,1.0,2.064
2085902.0,0.05444258,1.0,2.064
2085980.0,0.06129965,1.0,2.064
2086058.0,0.06587106,1.0,0.688
2086136.0,0.05215692,1.0,293.776001
2086214.0,0.03859522,1.0,295.152008
2086292.0,0.05799806,1.0,295.152008
2086371.0,0.06053769,1.0,295.496002
2086449.0,0.05728709,1.0,295.496002
2086527.0,0.07176296,1.0,295.496002
2086605.0,0.06256954,1.0,72.584
2086683.0,0.06053769,1.0,2.064
2086761.0,0.07760418,1.0,2.064
2086839.0,0.05073467,1.0,2.064
2086917.0,0.06079173,1.0,2.064
2086996.0,0.05022682,1.0,2.064
2087074.0,0.04443636,1.0,197.455994
2087152.0,0.0536807,1.0,294.808014
2087230.0,0.04458887,1.0,295.496002
2087308.0,0.05246164,1.0,295.152008
2087386.0,0.06043616,1.0,295.152008
2087464.0,0.04606181,1.0,295.496002
2087542.0,0.05307117,1.0,295.496002
2087620.0,0.06673447,1.0,3.096
2087698.0,0.05982656,1.0,2.064
2087777.0,0.05896315,1.0,1.72
2087855.0,0.05916627,1.0,1.376
2087933.0,0.06455041,1.0,1.72
2088011.0,0.05916627,1.0,2.064
2088089.0,0.06490589,1.0,292.399994
2088167.0,0.04418247,1.0,294.463989
2088245.0,0.04789031,1.0,295.152008
2088323.0,0.04966813,1.0,295.152008
2088401.0,0.03971267,1.0,295.496002
2088480.0,0.06444873,1.0,295.152008
2088558.0,0.04819504,1.0,295.152008
2088636.0,0.06429636,1.0,2.752
2088714.0,0.06790268,1.0,1.376
2088792.0,0.0560172,1.0,1.72
2088870.0,0.04789031,1.0,2.064
2088948.0,0.06002984,1.0,2.064
2089027.0,0.04956653,1.0,1.72
2089105.0,0.04844908,1.0,293.088013
2089183.0,0.04128728,1.0,295.152008
2089261.0,0.05713457,1.0,295.496002
2089339.0,0.05195372,1.0,295.496002
2089417.0,0.05281721,1.0,296.18399
2089495.0,0.07237241,1.0,295.496002
2089573.0,0.0485506,1.0,295.496002
2089651.0,0.05977587,1.0,3.096
2089730.0,0.05693152,1.0,2.064
2089808.0,0.05464578,1.0,2.064
2089886.0,0.06429636,1.0,3.096
2089964.0,0.06104561,1.0,2.408
2090042.0,0.05469655,1.0,2.752
2090120.0,0.03930634,1.0,294.119995
2090198.0,0.06135049,1.0,295.839996
2090276.0,0.07755326,1.0,294.808014
2090354.0,0.05840439,1.0,295.839996
2090432.0,0.05972504,1.0,296.18399
2090511.0,0.04108408,1.0,296.18399
2090589.0,0.05068398,1.0,295.839996
2090667.0,0.04834748,1.0,4.128
2090745.0,0.05352841,1.0,2.064
2090823.0,0.0779089,1.0,2.064
2090901.0,0.04936333,1.0,2.752
2090979.0,0.06927417,1.0,2.752
2091058.0,0.0584553,1.0,0.688
2091136.0,0.05627116,1.0,293.776001
2091214.0,0.04301418,1.0,295.152008
2091292.0,0.06698836,1.0,294.808014
2091370.0,0.05723625,1.0,294.463989
2091448.0,0.07374383,1.0,295.496002
2091526.0,0.05916627,1.0,295.496002
2091604.0,0.06028372,1.0,78.087997
2091682.0,0.05043001,1.0,1.376
2091760.0,0.07597873,1.0,1.72
2091839.0,0.05007438,1.0,2.408
2091917.0,0.07465816,1.0,1.376
2091995.0,0.06002984,1.0,1.72
2092073.0,0.05393466,1.0,187.136002
2092151.0,0.08999752,1.0,294.808014
2092229.0,0.04890624,1.0,294.808014
2092307.0,0.05241088,1.0,294.808014
2092385.0,0.05291881,1.0,295.152008
2092463.0,0.06536306,1.0,295.152008
2092542.0,0.06195994,1.0,294.808014
2092620.0,0.0618075,1.0,3.096
2092698.0,0.0600806,1.0,1.72
2092776.0,0.0807025,1.0,2.064
2092854.0,0.07186456,1.0,2.064
2092932.0,0.04819504,1.0,2.064
2093010.0,0.06617578,1.0,2.408
2093089.0,0.06470276,1.0,292.399994
2093167.0,0.04342066,1.0,295.152008
2093245.0,0.033262,1.0,295.496002
2093323.0,0.06444873,1.0,295.839996
2093401.0,0.05652505,1.0,295.496002
2093479.0,0.04032227,1.0,295.839996
2093557.0,0.07247408,1.0,295.839996
2093635.0,0.05830286,1.0,3.44
2093713.0,0.05093786,1.0,2.752
2093792.0,0.07638513,1.0,2.752
2093870.0,0.04204917,1.0,2.752
2093948.0,0.0580489,1.0,2.752
2094026.0,0.06165522,1.0,2.408
2094104.0,0.06536306,1.0,294.119995
2094182.0,0.04910937,1.0,296.18399
2094260.0,0.04880464,1.0,295.496002
2094338.0,0.07059475,1.0,295.496002
2094416.0,0.07084864,1.0,295.496002
2094495.0,0.06587106,1.0,296.18399
2094573.0,0.07862003,1.0,295.839996
2094651.0,0.06617578,1.0,3.44
2094729.0,0.06739476,1.0,2.064
2094807.0,0.06627738,1.0,2.064
2094885.0,0.04773795,1.0,2.064
2094963.0,0.06541389,1.0,2.064
2095041.0,0.06653135,1.0,2.064
2095119.0,0.0621123,1.0,293.776001
2095197.0,0.05210615,1.0,295.152008
2095276.0,0.06419484,1.0,295.152008
2095354.0,0.0467221,1.0,295.152008
2095432.0,0.05972504,1.0,295.152008
2095510.0,0.06653135,1.0,294.808014
2095588.0,0.05429022,1.0,297.216003
2095666.0,0.05855682,1.0,2.752
2095744.0,0.07394703,1.0,2.064
2095822.0,0.05525531,1.0,2.064
2095900.0,0.04880464,1.0,2.064
2095979.0,0.06241703,1.0,2.064
2096057.0,0.05992824,1.0,0.688
2096135.0,0.05652505,1.0,293.432007
2096213.0,0.04529985,1.0,295.152008
2096291.0,0.04707766,1.0,295.152008
2096369.0,0.05545843,1.0,294.808014
2096447.0,0.04545221,1.0,295.152008
2096526.0,0.06937569,1.0,294.808014
2096604.0,0.05337597,1.0,88.064003
2096682.0,0.06190918,1.0,1.376
2096760.0,0.06312815,1.0,1.72
2096838.0,0.06561702,1.0,2.064
2096916.0,0.05530607,1.0,2.064
2096994.0,0.08481666,1.0,2.064
2097072.0,0.06434721,1.0,175.440002
2097150.0,0.05627116,1.0,295.152008
2097228.0,0.02919859,1.0,295.152008
2097307.0,0.06267107,1.0,295.152008
2097385.0,0.05063314,1.0,295.152008
2097463.0,0.05449342,1.0,295.496002
2097541.0,0.06769948,1.0,294.463989
2097619.0,0.05815057,1.0,2.752
2097697.0,0.07912796,1.0,1.72
2097775.0,0.0785692,1.0,1.72
2097854.0,0.05606803,1.0,1.72
2097932.0,0.07023919,1.0,1.72
2098010.0,0.05114106,1.0,1.72
2098088.0,0.07628345,1.0,292.399994
2098166.0,0.04601097,1.0,295.152008
2098244.0,0.02843671,1.0,295.839996
2098322.0,0.06851221,1.0,294.463989
2098400.0,0.06099493,1.0,295.496002
2098478.0,0.04519832,1.0,295.496002
2098557.0,0.05495051,1.0,295.496002
2098635.0,0.04204917,1.0,3.096
2098713.0,0.0653123,1.0,2.064
2098791.0,0.07699458,1.0,1.72
2098869.0,0.05622032,1.0,2.064
2098947.0,0.05500127,1.0,1.376
2099025.0,0.06729323,1.0,2.064
2099103.0,0.06719163,1.0,293.088013
2099181.0,0.0729311,1.0,295.152008
2099260.0,0.07237241,1.0,294.808014
2099338.0,0.06013144,1.0,294.808014
2099416.0,0.04753475,1.0,295.152008
2099494.0,0.06830893,1.0,295.152008
2099572.0,0.05332521,1.0,295.152008
2099650.0,0.0758772,1.0,3.784
2099728.0,0.08090562,1.0,2.064
2099806.0,0.0760804,1.0,2.064
2099884.0,0.05556003,1.0,2.408
2099962.0,0.05439182,1.0,2.752
2100041.0,0.09111497,1.0,2.064
2100119.0,0.05688061,1.0,294.119995
2100197.0,0.05149663,1.0,295.839996
2100275.0,0.064652,1.0,296.18399
2100353.0,0.04748406,1.0,296.18399
2100431.0,0.04331891,1.0,296.528015
2100509.0,0.0617059,1.0,295.496002
2100587.0,0.05307117,1.0,298.59201
2100665.0,0.06708996,1.0,3.44
2100744.0,0.06592182,1.0,2.408
2100822.0,0.07420106,1.0,2.408
2100900.0,0.0309255,1.0,1.376
2100978.0,0.0734391,1.0,1.72
2101056.0,0.05733777,1.0,0.688
2101134.0,0.05012529,1.0,293.776001
2101212.0,0.03747791,1.0,294.808014
2101290.0,0.06013144,1.0,295.152008
2101369.0,0.0353953,1.0,294.808014
2101447.0,0.07973741,1.0,295.152008
2101525.0,0.06338212,1.0,294.808014
2101603.0,0.05484898,1.0,94.944
2101681.0,0.05408709,1.0,1.376
2101759.0,0.07348986,1.0,1.72
2101837.0,0.06729323,1.0,1.72
2101915.0,0.05566156,1.0,1.72
2101994.0,0.06409324,1.0,1.72
2102072.0,0.08181994,1.0,157.895996
2102150.0,0.04494436,1.0,294.808014
2102228.0,0.02919859,1.0,294.808014
2102306.0,0.06023296,1.0,296.18399
2102384.0,0.07049322,1.0,295.152008
2102462.0,0.04189673,1.0,295.496002
2102540.0,0.06104561,1.0,295.152008
2102618.0,0.05733777,1.0,3.096
2102697.0,0.07460731,1.0,2.064
2102775.0,0.06698836,1.0,2.064
2102853.0,0.06282343,1.0,2.064
2102931.0,0.06389011,1.0,2.408
2103009.0,0.06033464,1.0,2.408
2103087.0,0.0392555,1.0,293.088013
2103165.0,0.05835363,1.0,295.839996
2103243.0,0.05342673,1.0,295.152008
2103321.0,0.03950947,1.0,295.152008
2103400.0,0.07851843,1.0,295.839996
2103478.0,0.07983908,1.0,295.496002
2103556.0,0.06571862,1.0,295.496002
2103634.0,0.0560172,1.0,2.752
2103712.0,0.05982656,1.0,1.376
2103790.0,0.06201078,1.0,1.376
2103868.0,0.08562939,1.0,1.376
2103946.0,0.06109645,1.0,1.376
2104025.0,0.06155362,1.0,1.376
2104103.0,0.07384542,1.0,292.743988
2104181.0,0.05251248,1.0,294.463989
2104259.0,0.05942031,1.0,294.808014
2104337.0,0.05347749,1.0,295.152008
2104415.0,0.05957267,1.0,295.152008
2104493.0,0.06891853,1.0,295.152008
2104571.0,0.05307117,1.0,295.152008
2104649.0,0.05749014,1.0,3.096
2104728.0,0.07013758,1.0,1.72
2104806.0,0.06505833,1.0,1.72
2104884.0,0.07760418,1.0,1.72
2104962.0,0.07867072,1.0,1.032
2105040.0,0.07359146,1.0,2.064
2105118.0,0.06201078,1.0,293.776001
2105196.0,0.04910937,1.0,295.152008
2105274.0,0.04321738,1.0,295.152008
2105352.0,0.07008675,1.0,295.496002
2105431.0,0.06978202,1.0,295.152008
2105509.0,0.05957267,1.0,295.152008
2105587.0,0.05302041,1.0,294.808014
2105665.0,0.05556003,1.0,2.752
2105743.0,0.07237241,1.0,2.408
2105821.0,0.07775655,1.0,2.064
2105899.0,0.0625187,1.0,2.408
2105977.0,0.06805512,1.0,2.064
2106055.0,0.07475975,1.0,1.032
2106134.0,0.05916627,1.0,293.776001
2106212.0,0.03209371,1.0,295.496002
2106290.0,0.07044231,1.0,295.496002
2106368.0,0.05723625,1.0,294.808014
2106446.0,0.06002984,1.0,294.463989
2106524.0,0.03707144,1.0,294.808014
2106602.0,0.048957,1.0,104.575996
2106681.0,0.05556003,1.0,1.72
2106759.0,0.07059475,1.0,1.72
2106837.0,0.07455663,1.0,1.376
2106915.0,0.0674456,1.0,2.064
2106993.0,0.05850599,1.0,1.72
2107071.0,0.07547081,1.0,152.391998
2107149.0,0.10157828,1.0,294.808014
2107227.0,0.03595399,1.0,294.119995
2107305.0,0.05850599,1.0,295.152008
2107383.0,0.0775025,1.0,295.152008
2107462.0,0.06373776,1.0,295.496002
2107540.0,0.05540775,1.0,294.808014
2107618.0,0.06922326,1.0,3.44
2107696.0,0.06175674,1.0,2.752
2107774.0,0.08471514,1.0,2.408
2107852.0,0.06582014,1.0,2.752
2107930.0,0.06668364,1.0,2.064
2108008.0,0.08258183,1.0,2.408
2108087.0,0.08766101,1.0,293.088013
2108165.0,0.07054391,1.0,295.496002
2108243.0,0.03702068,1.0,295.496002
2108321.0,0.05505211,1.0,295.839996
2108399.0,0.03107793,1.0,295.496002
2108477.0,0.05581399,1.0,295.839996
2108555.0,0.06190918,1.0,295.496002
2108633.0,0.0600806,1.0,3.44
2108711.0,0.06912173,1.0,2.408
2108790.0,0.08034686,1.0,2.064
2108868.0,0.03580163,1.0,2.408
2108946.0,0.07460731,1.0,2.064
2109024.0,0.05291881,1.0,2.408
2109102.0,0.03971267,1.0,292.743988
2109180.0,0.06267107,1.0,294.808014
2109258.0,0.0471285,1.0,294.808014
2109336.0,0.03605559,1.0,294.808014
2109414.0,0.05454418,1.0,295.152008
2109493.0,0.06460109,1.0,295.496002
2109571.0,0.05444258,1.0,295.496002
2109649.0,0.06673447,1.0,2.752
2109727.0,0.06698836,1.0,2.064
2109805.0,0.05835363,1.0,2.064
2109883.0,0.06546458,1.0,2.064
2109961.0,0.07521691,1.0,2.064
2110039.0,0.05403626,1.0,2.408
2110117.0,0.07196609,1.0,293.776001
2110196.0,0.0469253,1.0,295.152008
2110274.0,0.04194757,1.0,294.463989
2110352.0,0.06246787,1.0,295.496002
2110430.0,0.05891239,1.0,295.152008
2110508.0,0.0734391,1.0,294.808014
2110586.0,0.06526145,1.0,296.872009
2110664.0,0.05632192,1.0,3.096
2110742.0,0.09274034,1.0,2.064
2110820.0,0.06043616,1.0,2.064
2110899.0,0.06739476,1.0,2.064
2110977.0,0.07425175,1.0,2.064
2111055.0,0.05256317,1.0,1.032
2111133.0,0.06490589,1.0,293.776001
2111211.0,0.05159815,1.0,295.152008
2111289.0,0.06500749,1.0,294.808014
2111367.0,0.07994061,1.0,294.808014
2111445.0,0.06322983,1.0,295.496002
2111524.0,0.02914783,1.0,294.808014
2111602.0,0.040627,1.0,112.487999
2111680.0,0.05916627,1.0,2.064
2111758.0,0.08593411,1.0,2.064
2111836.0,0.05581399,1.0,2.064
2111914.0,0.07658825,1.0,1.72
2111992.0,0.05576316,1.0,2.064
2112070.0,0.04905853,1.0,142.759995
2112149.0,0.07201692,1.0,294.808014
2112227.0,0.06637891,1.0,295.152008
2112305.0,0.07282957,1.0,294.463989
2112383.0,0.05500127,1.0,295.152008
2112461.0,0.06322983,1.0,295.496002
2112539.0,0.06389011,1.0,295.496002
2112617.0,0.05596636,1.0,2.752
2112695.0,0.06998523,1.0,2.064
2112773.0,0.08659448,1.0,2.064
2112851.0,0.06383928,1.0,2.064
2112930.0,0.05373153,1.0,2.064
2113008.0,0.05992824,1.0,1.72
2113086.0,0.04865228,1.0,292.056
2113164.0,0.0427603,1.0,294.808014
2113242.0,0.05337597,1.0,294.808014
2113320.0,0.04123645,1.0,295.152008
2113398.0,0.05789654,1.0,294.463989
2113476.0,0.04997285,1.0,294.808014
2113555.0,0.07892475,1.0,295.152008
2113633.0,0.05992824,1.0,2.752
2113711.0,0.06881701,1.0,1.72
2113789.0,0.06424553,1.0,1.72
2113867.0,0.06038532,1.0,2.064
2113945.0,0.06551542,1.0,1.72
2114023.0,0.07597873,1.0,1.72
2114101.0,0.0758772,1.0,293.088013
2114180.0,0.05738861,1.0,294.808014
2114258.0,0.04047456,1.0,294.808014
2114336.0,0.06769948,1.0,295.152008
2114414.0,0.06688683,1.0,294.463989
2114492.0,0.05154747,1.0,295.152008
2114570.0,0.07877232,1.0,294.808014
2114648.0,0.04555389,1.0,3.096
2114726.0,0.07277881,1.0,1.72
2114804.0,0.06653135,1.0,1.72
2114882.0,0.07526761,1.0,1.72
2114961.0,0.06607418,1.0,2.064
2115039.0,0.07191532,1.0,2.064
2115117.0,0.06455041,1.0,293.776001
2115195.0,0.03417632,1.0,294.808014
2115273.0,0.06033464,1.0,295.152008
2115351.0,0.07821363,1.0,295.152008
2115429.0,0.06287427,1.0,294.463989
2115507.0,0.05489974,1.0,295.152008
2115585.0,0.0846643,1.0,296.528015
2115664.0,0.06795352,1.0,3.784
2115742.0,0.0775025,1.0,1.032
2115820.0,0.06698836,1.0,1.72
2115898.0,0.07272798,1.0,1.72
2115976.0,0.05616956,1.0,1.72
2116054.0,0.04921097,1.0,1.032
2116132.0,0.07597873,1.0,293.776001
2116210.0,0.05271568,1.0,295.152008
2116288.0,0.06150278,1.0,295.152008
2116367.0,0.04905853,1.0,294.808014
2116445.0,0.05393466,1.0,295.496002
2116523.0,0.06368684,1.0,295.152008
2116601.0,0.06490589,1.0,125.216003
2116679.0,0.04860144,1.0,1.72
2116757.0,0.08349609,1.0,2.064
2116835.0,0.08552779,1.0,1.376
2116914.0,0.05759181,1.0,2.064
2116992.0,0.05718533,1.0,1.72
2117070.0,0.04824588,1.0,135.535995
2117148.0,0.05957267,1.0,294.808014
2117226.0,0.05429022,1.0,295.152008
2117304.0,0.06881701,1.0,295.152008
2117382.0,0.06028372,1.0,295.152008
2117460.0,0.06734392,1.0,295.839996
2117538.0,0.09136893,1.0,295.839996
2117617.0,0.07521691,1.0,2.752
2117695.0,0.06317899,1.0,2.408
2117773.0,0.09070864,1.0,2.064
2117851.0,0.09954657,1.0,2.408
2117929.0,0.07013758,1.0,2.408
2118007.0,0.06673447,1.0,2.408
2118085.0,0.08288664,1.0,292.056
2118163.0,0.05779494,1.0,295.839996
2118241.0,0.04047456,1.0,295.839996
2118319.0,0.06627738,1.0,294.808014
2118398.0,0.06983286,1.0,296.18399
2118476.0,0.05672832,1.0,295.496002
2118554.0,0.0807025,1.0,295.496002
2118632.0,0.05378222,1.0,3.44
2118710.0,0.06668364,1.0,2.408
2118788.0,0.06820741,1.0,1.72
2118866.0,0.06668364,1.0,2.064
2118944.0,0.06058853,1.0,2.064
2119023.0,0.04971882,1.0,2.064
2119101.0,0.08527375,1.0,293.088013
2119179.0,0.07257561,1.0,295.152008
2119257.0,0.04545221,1.0,294.808014
2119335.0,0.07501364,1.0,295.496002
2119413.0,0.06475361,1.0,294.808014
2119491.0,0.06597258,1.0,295.496002
2119569.0,0.05357909,1.0,295.839996
2119648.0,0.06576931,1.0,3.44
2119726.0,0.05677908,1.0,2.064
2119804.0,0.0621123,1.0,2.064
2119882.0,0.07140733,1.0,2.064
2119960.0,0.07907704,1.0,2.064
2120038.0,0.07049322,1.0,2.064
2120116.0,0.0617059,1.0,293.776001
2120194.0,0.04545221,1.0,295.839996
2120272.0,0.0505823,1.0,296.18399
2120351.0,0.05012529,1.0,296.18399
2120429.0,0.05652505,1.0,296.18399
2120507.0,0.05962344,1.0,296.18399
2120585.0,0.06424553,1.0,297.903992
2120663.0,0.07298201,1.0,3.784
2120741.0,0.07079795,1.0,2.408
2120819.0,0.06876617,1.0,2.752
2120897.0,0.06343295,1.0,2.752
2120975.0,0.05992824,1.0,2.408
2121054.0,0.06917257,1.0,0.688
2121132.0,0.05891239,1.0,294.119995
2121210.0,0.0444872,1.0,295.496002
2121288.0,0.05134427,1.0,295.496002
2121366.0,0.05733777,1.0,295.152008
2121444.0,0.05952184,1.0,295.839996
2121522.0,0.09091184,1.0,295.496002
2121600.0,0.05738861,1.0,137.600006
2121678.0,0.06140118,1.0,2.064
2121757.0,0.05809966,1.0,2.064
2121835.0,0.0653123,1.0,1.72
2121913.0,0.06317899,1.0,2.408
2121991.0,0.07404862,1.0,2.064
2122069.0,0.04753475,1.0,129.343994
2122147.0,0.05947115,1.0,295.152008
2122225.0,0.04316662,1.0,295.152008
2122303.0,0.05576316,1.0,295.496002
2122381.0,0.07435335,1.0,295.496002
2122460.0,0.06089325,1.0,295.496002
2122538.0,0.05027758,1.0,295.496002
2122616.0,0.06937569,1.0,2.408
2122694.0,0.0503791,1.0,2.064
2122772.0,0.07303277,1.0,2.064
2122850.0,0.07028995,1.0,2.752
2122928.0,0.0694773,1.0,2.752
2123006.0,0.06851221,1.0,2.752
2123085.0,0.06678523,1.0,292.056
2123163.0,0.07374383,1.0,295.839996
2123241.0,0.05510287,1.0,295.839996
2123319.0,0.06160438,1.0,295.839996
2123397.0,0.0578457,1.0,296.18399
2123475.0,0.06063936,1.0,295.839996
2123553.0,0.06307732,1.0,295.152008
2123631.0,0.06434721,1.0,3.44
2123709.0,0.07064551,1.0,2.064
2123788.0,0.09167373,1.0,2.064
2123866.0,0.06978202,1.0,2.408
2123944.0,0.04916005,1.0,2.064
2124022.0,0.07892475,1.0,2.752
2124100.0,0.06800421,1.0,293.088013
2124178.0,0.05454418,1.0,295.496002
2124256.0,0.07491204,1.0,295.839996
2124334.0,0.07582637,1.0,295.496002
2124412.0,0.06480429,1.0,294.808014
2124491.0,0.08684844,1.0,295.496002
2124569.0,0.0688677,1.0,295.496002
2124647.0,0.06983286,1.0,3.44
2124725.0,0.06566778,1.0,2.752
2124803.0,0.06551542,1.0,1.72
2124881.0,0.07801043,1.0,2.408
2124959.0,0.06485513,1.0,2.064
2125037.0,0.05225844,1.0,2.064
2125116.0,0.05312193,1.0,293.776001
2125194.0,0.05566156,1.0,295.152008
2125272.0,0.05967427,1.0,295.152008
2125350.0,0.06775032,1.0,295.496002
2125428.0,0.05921711,1.0,295.152008
2125506.0,0.08308969,1.0,295.496002
2125584.0,0.07963581,1.0,297.903992
2125662.0,0.07384542,1.0,3.784
2125741.0,0.06322983,1.0,2.752
2125819.0,0.07323597,1.0,2.752
2125897.0,0.06272175,1.0,2.408
2125975.0,0.07928032,1.0,2.408
2126053.0,0.06896937,1.0,2.064
2126131.0,0.06485513,1.0,294.119995
2126209.0,0.04189673,1.0,295.152008
2126287.0,0.06698836,1.0,295.839996
2126365.0,0.07867072,1.0,295.839996
2126444.0,0.04240466,1.0,295.496002
2126522.0,0.04580785,1.0,295.839996
2126600.0,0.06734392,1.0,147.231995
2126678.0,0.0584553,1.0,2.752
2126756.0,0.09721015,1.0,2.408
2126834.0,0.06769948,1.0,2.408
2126912.0,0.0694773,1.0,2.408
2126990.0,0.06353455,1.0,2.408
2127068.0,0.07526761,1.0,120.400002
2127147.0,0.07968657,1.0,295.496002
2127225.0,0.04240466,1.0,295.496002
2127303.0,0.05896315,1.0,295.496002
2127381.0,0.06861381,1.0,295.496002
2127459.0,0.07765487,1.0,295.496002
2127537.0,0.07775655,1.0,295.839996
2127615.0,0.07023919,1.0,2.064
2127693.0,0.0736423,1.0,2.064
2127771.0,0.08634052,1.0,2.064
2127850.0,0.07648665,1.0,2.064
2127928.0,0.06912173,1.0,2.064
2128006.0,0.07115351,1.0,2.064
2128084.0,0.08334372,1.0,291.023987
2128162.0,0.08664524,1.0,295.152008
2128240.0,0.0511919,1.0,295.496002
2128318.0,0.07633422,1.0,295.496002
2128396.0,0.0508871,1.0,295.496002
2128475.0,0.07567393,1.0,295.152008
2128553.0,0.06221398,1.0,295.496002
2128631.0,0.05550927,1.0,3.44
2128709.0,0.0718138,1.0,2.064
2128787.0,0.06754712,1.0,2.064
2128865.0,0.06439804,1.0,2.064
2128943.0,0.07851843,1.0,2.064
2129021.0,0.05515371,1.0,2.064
2129099.0,0.08100729,1.0,293.432007
2129178.0,0.0606902,1.0,295.152008
2129256.0,0.04814435,1.0,295.152008
2129334.0,0.07922948,1.0,295.152008
2129412.0,0.04733155,1.0,295.152008
2129490.0,0.07597873,1.0,295.496002
2129568.0,0.06698836,1.0,295.152008
2129646.0,0.07176296,1.0,3.44
2129724.0,0.05027758,1.0,2.408
2129802.0,0.05677908,1.0,2.064
2129880.0,0.07359146,1.0,2.064
2129959.0,0.05241088,1.0,1.72
2130037.0,0.05266492,1.0,2.064
2130115.0,0.08933723,1.0,293.432007
2130193.0,0.06556626,1.0,295.152008
2130271.0,0.06820741,1.0,295.152008
2130349.0,0.05977587,1.0,295.152008
2130427.0,0.06841061,1.0,294.808014
2130505.0,0.0577441,1.0,295.496002
2130584.0,0.06094409,1.0,296.872009
2130662.0,0.07100108,1.0,2.752
2130740.0,0.07196609,1.0,2.408
2130818.0,0.06962966,1.0,2.064
2130896.0,0.05566156,1.0,2.064
2130974.0,0.07994061,1.0,2.064
2131052.0,0.07633422,1.0,1.376
2131130.0,0.05622032,1.0,293.776001
2131209.0,0.05017605,1.0,295.152008
2131287.0,0.06962966,1.0,295.152008
2131365.0,0.05535683,1.0,295.152008
2131443.0,0.05916627,1.0,295.496002
2131521.0,0.09152129,1.0,295.496002
2131599.0,0.05134427,1.0,158.927994
2131677.0,0.07028995,1.0,2.064
2131755.0,0.06764864,1.0,2.064
2131833.0,0.06114721,1.0,2.064
2131912.0,0.05881086,1.0,2.064
2131990.0,0.07765487,1.0,2.064
2132068.0,0.08430874,1.0,110.424004
2132146.0,0.09228318,1.0,294.808014
2132224.0,0.03737617,1.0,295.496002
2132302.0,0.05200463,1.0,295.496002
2132380.0,0.04971882,1.0,295.152008
2132458.0,0.06962966,1.0,295.152008
2132536.0,0.06673447,1.0,295.839996
2132615.0,0.0509887,1.0,2.064
2132693.0,0.06769948,1.0,2.064
2132771.0,0.0653123,1.0,2.064
2132849.0,0.04433484,1.0,1.72
2132927.0,0.06348372,1.0,2.064
2133005.0,0.05713457,1.0,2.064
2133083.0,0.05926795,1.0,289.64801
2133161.0,0.07643597,1.0,295.152008
2133240.0,0.04849976,1.0,295.152008
2133318.0,0.06460109,1.0,295.152008
2133396.0,0.06348372,1.0,295.152008
2133474.0,0.06841061,1.0,295.152008
2133552.0,0.05962344,1.0,295.152008
2133630.0,0.06363608,1.0,3.096
2133708.0,0.06835984,1.0,1.72
2133786.0,0.08415637,1.0,1.72
2133865.0,0.10101952,1.0,1.72
2133943.0,0.06317899,1.0,1.72
2134021.0,0.06089325,1.0,1.72
2134099.0,0.06764864,1.0,292.743988
2134177.0,0.05977587,1.0,294.463989
2134255.0,0.03884918,1.0,294.808014
2134333.0,0.07145824,1.0,295.152008
2134411.0,0.06526145,1.0,294.808014
2134489.0,0.07618193,1.0,294.808014
2134568.0,0.06993446,1.0,295.496002
2134646.0,0.08552779,1.0,3.096
2134724.0,0.07592797,1.0,2.752
2134802.0,0.08456277,1.0,2.752
2134880.0,0.06470276,1.0,2.064
2134958.0,0.07729945,1.0,2.752
2135036.0,0.06597258,1.0,2.064
2135114.0,0.05901391,1.0,294.808014
2135192.0,0.05794737,1.0,295.496002
2135270.0,0.07988977,1.0,296.18399
2135349.0,0.04011907,1.0,296.528015
2135427.0,0.06678523,1.0,296.18399
2135505.0,0.08354692,1.0,296.528015
2135583.0,0.06769948,1.0,297.559998
2135661.0,0.05276644,1.0,3.44
2135739.0,0.07968657,1.0,2.752
2135817.0,0.07039148,1.0,2.408
2135895.0,0.07288041,1.0,2.408
2135973.0,0.07095023,1.0,2.752
2136052.0,0.07257561,1.0,1.72
2136130.0,0.07415015,1.0,294.119995
2136208.0,0.048957,1.0,295.839996
2136286.0,0.06145201,1.0,295.496002
2136364.0,0.06942646,1.0,296.18399
2136442.0,0.07191532,1.0,296.18399
2136520.0,0.0694773,1.0,296.18399
2136599.0,0.07623269,1.0,166.151993
2136677.0,0.06693767,1.0,3.096
2136755.0,0.09279118,1.0,2.408
2136833.0,0.06287427,1.0,3.096
2136911.0,0.08695004,1.0,2.408
2136989.0,0.05789654,1.0,2.064
2137067.0,0.05682985,1.0,90.816002
2137145.0,0.06429636,1.0,295.839996
2137223.0,0.0538839,1.0,295.496002
2137301.0,0.06780116,1.0,296.18399
2137380.0,0.05977587,1.0,295.839996
2137458.0,0.06622654,1.0,295.839996
2137536.0,0.08095638,1.0,296.18399
2137614.0,0.0843595,1.0,2.752
2137692.0,0.06998523,1.0,2.752
2137770.0,0.07074703,1.0,2.064
2137848.0,0.07166136,1.0,2.064
2137927.0,0.07567393,1.0,2.408
2138005.0,0.06825825,1.0,2.064
2138083.0,0.06013144,1.0,290.679993
2138161.0,0.07384542,1.0,295.152008
2138239.0,0.06043616,1.0,296.18399
2138317.0,0.07531844,1.0,295.496002
2138395.0,0.07481051,1.0,295.839996
2138473.0,0.04311578,1.0,295.496002
2138551.0,0.06678523,1.0,295.839996
2138630.0,0.05103939,1.0,3.44
2138708.0,0.07028995,1.0,2.408
2138786.0,0.07389634,1.0,1.72
2138864.0,0.04951569,1.0,3.096
2138942.0,0.0712042,1.0,2.064
2139020.0,0.0734391,1.0,2.064
2139098.0,0.07735014,1.0,293.088013
2139176.0,0.07501364,1.0,296.528015
2139254.0,0.05434098,1.0,295.152008
2139333.0,0.06673447,1.0,295.152008
2139411.0,0.06708996,1.0,295.496002
2139489.0,0.05718533,1.0,295.839996
2139567.0,0.04971882,1.0,295.496002
2139645.0,0.06719163,1.0,3.096
2139723.0,0.08181994,1.0,2.408
2139801.0,0.08131202,1.0,2.752
2139879.0,0.07597873,1.0,2.408
2139957.0,0.07724854,1.0,2.408
2140035.0,0.07577568,1.0,1.72
2140114.0,0.06510901,1.0,293.776001
2140192.0,0.05205532,1.0,294.808014
2140270.0,0.06383928,1.0,295.152008
2140348.0,0.06526145,1.0,295.152008
2140426.0,0.05495051,1.0,294.808014
2140504.0,0.04164284,1.0,295.839996
2140582.0,0.06038532,1.0,296.872009
2140660.0,0.05936947,1.0,2.752
2140738.0,0.07328674,1.0,1.72
2140817.0,0.07521691,1.0,1.376
2140895.0,0.05820126,1.0,1.72
2140973.0,0.06937569,1.0,2.064
2141051.0,0.06739476,1.0,2.408
2141129.0,0.08776269,1.0,293.776001
2141207.0,0.05794737,1.0,294.463989
2141285.0,0.05053154,1.0,294.808014
2141363.0,0.06795352,1.0,294.463989
2141442.0,0.06998523,1.0,294.808014
2141520.0,0.06079173,1.0,295.496002
2141598.0,0.0538839,1.0,176.472
2141676.0,0.07288041,1.0,2.064
2141754.0,0.08380089,1.0,2.064
2141832.0,0.07623269,1.0,2.408
2141910.0,0.06739476,1.0,2.064
2141988.0,0.06576931,1.0,2.064
2142067.0,0.08532466,1.0,83.935997
2142145.0,0.07105176,1.0,295.496002
2142223.0,0.06013144,1.0,295.152008
2142301.0,0.05271568,1.0,295.839996
2142379.0,0.06632807,1.0,295.496002
2142457.0,0.05611872,1.0,295.839996
2142535.0,0.07668985,1.0,295.496002
2142613.0,0.06063936,1.0,1.72
2142691.0,0.06612487,1.0,2.064
2142770.0,0.08461346,1.0,1.376
2142848.0,0.06114721,1.0,2.064
2142926.0,0.04992202,1.0,1.376
2143004.0,0.07216929,1.0,2.064
2143082.0,0.05886155,1.0,289.64801
2143160.0,0.06648051,1.0,295.152008
2143238.0,0.05129343,1.0,295.152008
2143316.0,0.06703919,1.0,295.152008
2143394.0,0.07821363,1.0,295.496002
2143473.0,0.06561702,1.0,295.496002
2143551.0,0.07069635,1.0,294.463989
2143629.0,0.07044231,1.0,3.44
2143707.0,0.07140733,1.0,1.72
2143785.0,0.05576316,1.0,2.064
2143863.0,0.09177525,1.0,2.064
2143941.0,0.0755724,1.0,2.064
2144019.0,0.09441648,1.0,1.72
2144098.0,0.0695789,1.0,293.088013
2144176.0,0.07034078,1.0,295.152008
2144254.0,0.04870304,1.0,295.152008
2144332.0,0.04453796,1.0,295.152008
2144410.0,0.09629583,1.0,295.152008
2144488.0,0.06495673,1.0,295.152008
2144566.0,0.07785807,1.0,295.839996
2144644.0,0.07374383,1.0,3.096
2144722.0,0.08700073,1.0,2.064
2144801.0,0.06353455,1.0,2.064
2144879.0,0.09380703,1.0,2.064
2144957.0,0.06571862,1.0,2.064
2145035.0,0.06942646,1.0,2.064
2145113.0,0.0688677,1.0,293.432007
2145191.0,0.05205532,1.0,295.152008
2145269.0,0.03864605,1.0,295.152008
2145347.0,0.08877854,1.0,295.496002
2145425.0,0.05652505,1.0,295.152008
2145504.0,0.07867072,1.0,295.496002
2145582.0,0.07628345,1.0,294.808014
2145660.0,0.06389011,1.0,3.096
2145738.0,0.07262637,1.0,1.72
2145816.0,0.08273412,1.0,2.064
2145894.0,0.06851221,1.0,2.064
2145972.0,0.06399164,1.0,2.064
2146050.0,0.0735407,1.0,1.376
2146128.0,0.0623155,1.0,293.776001
2146207.0,0.0471285,1.0,294.463989
2146285.0,0.07486136,1.0,295.152008
2146363.0,0.07851843,1.0,295.152008
2146441.0,0.06759796,1.0,295.496002
2146519.0,0.04611265,1.0,295.152008
2146597.0,0.07973741,1.0,183.352005
2146675.0,0.06800421,1.0,2.408
2146753.0,0.09878469,1.0,2.064
2146832.0,0.06470276,1.0,1.72
2146910.0,0.09756564,1.0,2.064
2146988.0,0.07765487,1.0,1.72
2147066.0,0.06678523,1.0,74.304001
2147144.0,0.09243562,1.0,294.463989
2147222.0,0.04342066,1.0,295.152008
2147300.0,0.05840439,1.0,295.152008
2147378.0,0.05230936,1.0,294.808014
2147457.0,0.06307732,1.0,295.152008
2147535.0,0.06648051,1.0,294.808014
2147613.0,0.07415015,1.0,1.72
2147691.0,0.06444873,1.0,2.064
2147769.0,0.0469253,1.0,2.408
2147847.0,0.07196609,1.0,2.064
2147925.0,0.07994061,1.0,2.064
2148003.0,0.08628967,1.0,2.064
2148081.0,0.06429636,1.0,288.959991
2148159.0,0.05982656,1.0,294.808014
2148238.0,0.06277267,1.0,295.496002
2148316.0,0.06038532,1.0,295.152008
2148394.0,0.0487538,1.0,295.496002
2148472.0,0.06444873,1.0,295.496002
2148550.0,0.05230936,1.0,295.496002
2148628.0,0.08075326,1.0,3.44
2148706.0,0.05596636,1.0,1.72
2148784.0,0.08207384,1.0,2.064
2148862.0,0.06917257,1.0,2.064
2148941.0,0.06637891,1.0,2.408
2149019.0,0.04926173,1.0,2.064
2149097.0,0.06414401,1.0,293.088013
2149175.0,0.06515986,1.0,295.839996
2149253.0,0.06099493,1.0,295.496002
2149331.0,0.05449342,1.0,295.496002
2149409.0,0.06333135,1.0,295.496002
2149488.0,0.0566268,1.0,295.839996
2149566.0,0.06815664,1.0,294.808014
2149644.0,0.06449956,1.0,2.408
2149722.0,0.08700073,1.0,2.408
2149800.0,0.10127355,1.0,1.72
2149878.0,0.06444873,1.0,2.064
2149956.0,0.07074703,1.0,2.408
2150034.0,0.08192155,1.0,1.72
2150112.0,0.06338212,1.0,293.776001
2150191.0,0.07592797,1.0,295.152008
2150269.0,0.06033464,1.0,295.152008
2150347.0,0.06363608,1.0,295.496002
2150425.0,0.05596636,1.0,295.496002
2150503.0,0.06851221,1.0,295.496002
2150581.0,0.08095638,1.0,295.152008
2150659.0,0.05616956,1.0,2.752
2150737.0,0.08049937,1.0,2.064
2150815.0,0.06861381,1.0,2.064
2150893.0,0.09680375,1.0,2.064
2150972.0,0.07089947,1.0,2.064
2151050.0,0.08187063,1.0,1.376
2151128.0,0.08857534,1.0,293.776001
2151206.0,0.05495051,1.0,295.496002
2151284.0,0.07298201,1.0,295.839996
2151362.0,0.0674456,1.0,296.18399
2151440.0,0.07272798,1.0,295.839996
2151518.0,0.03661428,1.0,295.839996
2151596.0,0.09218166,1.0,195.048004
2151675.0,0.06937569,1.0,2.408
2151753.0,0.08044853,1.0,2.408
2151831.0,0.06978202,1.0,2.408
2151909.0,0.07862003,1.0,2.408
2151987.0,0.07795975,1.0,2.064
2152065.0,0.06698836,1.0,70.176003
2152143.0,0.09649903,1.0,295.496002
2152221.0,0.04951569,1.0,295.839996
2152300.0,0.06668364,1.0,295.496002
2152378.0,0.07882323,1.0,295.839996
2152456.0,0.06658211,1.0,295.152008
2152534.0,0.0694773,1.0,295.839996
2152612.0,0.08705156,1.0,1.376
2152690.0,0.07023919,1.0,1.72
2152768.0,0.10487987,1.0,1.72
2152846.0,0.07953421,1.0,1.376
2152925.0,0.06536306,1.0,1.376
2153003.0,0.06592182,1.0,1.72
2153081.0,0.07069635,1.0,287.23999
2153159.0,0.0828358,1.0,295.152008
2153237.0,0.07338826,1.0,295.152008
2153315.0,0.06551542,1.0,295.152008
2153393.0,0.09187686,1.0,295.152008
2153471.0,0.06546458,1.0,295.152008
2153549.0,0.06287427,1.0,295.152008
2153627.0,0.07948352,1.0,3.096
2153706.0,0.05383313,1.0,2.408
2153784.0,0.07084864,1.0,2.064
2153862.0,0.07978825,1.0,1.72
2153940.0,0.06480429,1.0,1.72
2154018.0,0.06546458,1.0,1.72
2154096.0,0.07653749,1.0,293.088013
2154174.0,0.07633422,1.0,295.496002
2154252.0,0.07506448,1.0,294.808014
2154330.0,0.06734392,1.0,294.463989
2154409.0,0.07491204,1.0,295.496002
2154487.0,0.07095023,1.0,295.152008
2154565.0,0.09060712,1.0,295.152008
2154643.0,0.04956653,1.0,2.752
2154721.0,0.08115966,1.0,2.064
2154799.0,0.07028995,1.0,2.064
2154877.0,0.10010526,1.0,2.408
2154956.0,0.07496288,1.0,2.408
2155034.0,0.08547695,1.0,2.064
2155112.0,0.0760804,1.0,293.088013
2155190.0,0.07176296,1.0,294.463989
2155268.0,0.03361756,1.0,294.808014
2155346.0,0.05347749,1.0,294.808014
2155424.0,0.06780116,1.0,294.808014
2155502.0,0.06637891,1.0,295.152008
2155580.0,0.05677908,1.0,295.496002
2155659.0,0.07389634,1.0,2.752
2155737.0,0.07735014,1.0,1.72
2155815.0,0.05225844,1.0,1.72
2155893.0,0.06216314,1.0,1.72
2155971.0,0.06592182,1.0,1.72
2156049.0,0.06536306,1.0,1.376
2156127.0,0.07760418,1.0,293.432007
2156205.0,0.02432247,1.0,294.808014
2156283.0,0.07643597,1.0,295.152008
2156361.0,0.05733777,1.0,295.152008
2156440.0,0.06952798,1.0,294.119995
2156518.0,0.07597873,1.0,295.152008
2156596.0,0.0758772,1.0,199.520004
2156674.0,0.09670215,1.0,2.752
2156752.0,0.09268958,1.0,1.72
2156830.0,0.06551542,1.0,1.032
2156908.0,0.09543233,1.0,1.376
2156987.0,0.07425175,1.0,2.752
2157065.0,0.06216314,1.0,65.015999
2157143.0,0.05830286,1.0,295.839996
2157221.0,0.0381382,1.0,295.496002
2157299.0,0.08735629,1.0,295.496002
2157377.0,0.0510903,1.0,295.839996
2157455.0,0.0559156,1.0,295.496002
2157533.0,0.10528612,1.0,295.496002
2157611.0,0.07308353,1.0,4.128
2157690.0,0.04961729,1.0,2.064
2157768.0,0.06195994,1.0,2.408
2157846.0,0.06637891,1.0,1.72
2157924.0,0.05738861,1.0,1.72
2158002.0,0.07049322,1.0,1.376
2158080.0,0.08075326,1.0,287.23999
2158158.0,0.08700073,1.0,293.776001
2158236.0,0.05820126,1.0,294.808014
2158314.0,0.06013144,1.0,294.463989
2158392.0,0.09451808,1.0,295.152008
2158471.0,0.09390863,1.0,294.808014
2158549.0,0.07516608,1.0,294.808014
2158627.0,0.08451194,1.0,2.752
2158705.0,0.06937569,1.0,1.72
2158783.0,0.09680375,1.0,1.72
2158861.0,0.0753692,1.0,1.72
2158939.0,0.0617059,1.0,1.72
2159017.0,0.06013144,1.0,2.064
2159095.0,0.0606902,1.0,292.743988
2159174.0,0.0755724,1.0,294.463989
2159252.0,0.06993446,1.0,294.808014
2159330.0,0.05281721,1.0,294.808014
2159408.0,0.06602334,1.0,294.808014
2159486.0,0.09787044,1.0,295.152008
2159564.0,0.06312815,1.0,295.152008
2159642.0,0.08999752,1.0,2.752
2159721.0,0.06719163,1.0,1.72
2159799.0,0.07547081,1.0,1.72
2159877.0,0.07602949,1.0,2.408
2159955.0,0.08964195,1.0,2.064
2160033.0,0.06389011,1.0,2.064
2160111.0,0.06810588,1.0,294.119995
2160189.0,0.07237241,1.0,295.152008
2160267.0,0.05586476,1.0,295.839996
2160345.0,0.06079173,1.0,295.496002
2160424.0,0.05743937,1.0,295.839996
2160502.0,0.06404248,1.0,294.808014
2160580.0,0.05139503,1.0,294.808014
2160658.0,0.07567393,1.0,2.752
2160736.0,0.08664524,1.0,2.064
2160814.0,0.09284195,1.0,1.72
2160892.0,0.08222627,1.0,2.064
2160970.0,0.07155976,1.0,2.064
2161048.0,0.06846145,1.0,1.032
2161127.0,0.06424553,1.0,293.432007
2161205.0,0.06835984,1.0,294.808014
2161283.0,0.07760418,1.0,294.808014
2161361.0,0.07379466,1.0,295.152008
2161439.0,0.08542626,1.0,295.152008
2161517.0,0.09355307,1.0,295.152008
2161595.0,0.0777057,1.0,211.216003
2161673.0,0.06952798,1.0,2.064
2161751.0,0.09319751,1.0,2.064
2161830.0,0.09030232,1.0,2.064
2161908.0,0.07186456,1.0,2.064
2161986.0,0.08943883,1.0,2.064
2162064.0,0.05886155,1.0,60.543999
2162142.0,0.09873392,1.0,294.808014
2162220.0,0.0598774,1.0,295.152008
2162298.0,0.09680375,1.0,295.152008
2162376.0,0.07125504,1.0,295.496002
2162455.0,0.07668985,1.0,295.152008
2162533.0,0.08248024,1.0,295.152008
2162611.0,0.07862003,1.0,5.848
2162689.0,0.06734392,1.0,2.064
2162767.0,0.07988977,1.0,2.064
2162845.0,0.06419484,1.0,2.064
2162923.0,0.06409324,1.0,1.72
2163001.0,0.09045468,1.0,2.064
2163079.0,0.0653123,1.0,285.175995
2163158.0,0.08075326,1.0,295.152008
2163236.0,0.05479814,1.0,295.496002
2163314.0,0.05571247,1.0,295.152008
2163392.0,0.0509887,1.0,295.152008
2163470.0,0.07653749,1.0,295.152008
2163548.0,0.06592182,1.0,295.152008
2163626.0,0.05342673,1.0,2.752
2163704.0,0.08948967,1.0,2.064
2163782.0,0.07948352,1.0,1.72
2163861.0,0.06724239,1.0,2.064
2163939.0,0.07922948,1.0,1.376
2164017.0,0.07648665,1.0,2.064
2164095.0,0.05571247,1.0,293.088013
2164173.0,0.06455041,1.0,295.152008
2164251.0,0.04545221,1.0,294.808014
2164329.0,0.05962344,1.0,295.152008
2164407.0,0.0566268,1.0,295.496002
2164485.0,0.07161053,1.0,295.496002
2164564.0,0.05891239,1.0,295.496002
2164642.0,0.06099493,1.0,3.096
2164720.0,0.08181994,1.0,1.72
2164798.0,0.08461346,1.0,2.064
2164876.0,0.06617578,1.0,2.064
2164954.0,0.07801043,1.0,2.064
2165032.0,0.08832131,1.0,1.72
2165110.0,0.06460109,1.0,293.776001
2165189.0,0.05225844,1.0,294.808014
2165267.0,0.05276644,1.0,295.152008
2165345.0,0.07511532,1.0,295.152008
2165423.0,0.07892475,1.0,295.152008
2165501.0,0.08232787,1.0,295.152008
2165579.0,0.04910937,1.0,295.152008
2165657.0,0.07602949,1.0,3.096
2165735.0,0.09502608,1.0,2.064
2165813.0,0.06846145,1.0,1.72
2165892.0,0.09279118,1.0,2.408
2165970.0,0.07511532,1.0,1.72
2166048.0,0.08771186,1.0,2.064
2166126.0,0.07658825,1.0,294.119995
2166204.0,0.05622032,1.0,294.808014
2166282.0,0.06460109,1.0,295.496002
2166360.0,0.05769334,1.0,295.496002
2166438.0,0.06968042,1.0,295.496002
2166516.0,0.05733777,1.0,295.496002
2166595.0,0.07338826,1.0,218.095993
2166673.0,0.06526145,1.0,2.408
2166751.0,0.08801658,1.0,2.064
2166829.0,0.06556626,1.0,1.72
2166907.0,0.06805512,1.0,2.064
2166985.0,0.10564169,1.0,1.72
2167063.0,0.07089947,1.0,53.32
2167141.0,0.05718533,1.0,294.808014
2167219.0,0.04540152,1.0,295.152008
2167298.0,0.06795352,1.0,295.152008
2167376.0,0.07475975,1.0,295.496002
2167454.0,0.05154747,1.0,295.496002
2167532.0,0.0694773,1.0,295.839996
2167610.0,0.07394703,1.0,8.944
2167688.0,0.07155976,1.0,1.72
2167766.0,0.08994683,1.0,2.064
2167844.0,0.07216929,1.0,2.064
2167923.0,0.08385165,1.0,2.064
2168001.0,0.07775655,1.0,1.72
2168079.0,0.08354692,1.0,283.799988
2168157.0,0.07333758,1.0,295.152008
2168235.0,0.07643597,1.0,295.152008
2168313.0,0.071509,1.0,295.152008
2168391.0,0.05972504,1.0,295.496002
2168469.0,0.05936947,1.0,295.496002
2168547.0,0.09654986,1.0,295.496002
2168626.0,0.08049937,1.0,3.44
2168704.0,0.08557847,1.0,2.064
2168782.0,0.08278496,1.0,2.064
2168860.0,0.08415637,1.0,1.72
2168938.0,0.06927417,1.0,2.752
2169016.0,0.09091184,1.0,3.096
2169094.0,0.0674456,1.0,293.776001
2169172.0,0.08146439,1.0,296.18399
2169251.0,0.06592182,1.0,295.839996
2169329.0,0.06460109,1.0,296.18399
2169407.0,0.09030232,1.0,295.839996
2169485.0,0.07978825,1.0,296.18399
2169563.0,0.07196609,1.0,296.18399
2169641.0,0.10269581,1.0,3.784
2169719.0,0.08146439,1.0,2.752
2169797.0,0.0785692,1.0,2.408
2169875.0,0.07034078,1.0,2.408
2169954.0,0.07486136,1.0,2.408
2170032.0,0.07902628,1.0,2.752
2170110.0,0.0510903,1.0,294.119995
2170188.0,0.07089947,1.0,295.152008
2170266.0,0.04215077,1.0,295.839996
2170344.0,0.07252485,1.0,295.496002
2170422.0,0.07211853,1.0,295.839996
2170500.0,0.06703919,1.0,295.496002
2170579.0,0.0890325,1.0,295.839996
2170657.0,0.07597873,1.0,3.44
2170735.0,0.05876002,1.0,2.064
2170813.0,0.07095023,1.0,2.408
2170891.0,0.0690709,1.0,2.064
2170969.0,0.07191532,1.0,2.064
2171047.0,0.0729311,1.0,2.064
2171125.0,0.07359146,1.0,293.776001
2171203.0,0.05180135,1.0,295.152008
2171282.0,0.07059475,1.0,295.152008
2171360.0,0.06739476,1.0,295.496002
2171438.0,0.07785807,1.0,294.119995
2171516.0,0.07867072,1.0,294.463989
2171594.0,0.07643597,1.0,227.727997
2171672.0,0.08110882,1.0,3.44
2171750.0,0.07801043,1.0,3.096
2171828.0,0.08491819,1.0,2.752
2171906.0,0.06830893,1.0,3.096
2171985.0,0.06119798,1.0,2.752
2172063.0,0.0671408,1.0,45.751999
2172141.0,0.05850599,1.0,295.152008
2172219.0,0.05423946,1.0,295.839996
2172297.0,0.07409939,1.0,296.18399
2172375.0,0.07531844,1.0,295.496002
2172453.0,0.08684844,1.0,295.839996
2172531.0,0.06790268,1.0,295.496002
2172609.0,0.07475975,1.0,10.664
2172688.0,0.08181994,1.0,2.408
2172766.0,0.09766731,1.0,2.408
2172844.0,0.07628345,1.0,3.096
2172922.0,0.08608655,1.0,2.752
2173000.0,0.07704542,1.0,2.064
2173078.0,0.06607418,1.0,282.424011
2173156.0,0.08359761,1.0,295.152008
2173234.0,0.06053769,1.0,295.496002
2173313.0,0.06566778,1.0,295.496002
2173391.0,0.06449956,1.0,295.496002
2173469.0,0.08766101,1.0,295.152008
2173547.0,0.07674069,1.0,295.496002
2173625.0,0.05754097,1.0,3.784
2173703.0,0.07465816,1.0,2.064
2173781.0,0.09370551,1.0,2.408
2173859.0,0.06206147,1.0,2.064
2173937.0,0.08471514,1.0,3.096
2174016.0,0.07409939,1.0,1.376
2174094.0,0.07333758,1.0,293.776001
2174172.0,0.07719778,1.0,295.496002
2174250.0,0.07166136,1.0,295.496002
2174328.0,0.05733777,1.0,297.216003
2174406.0,0.07333758,1.0,296.528015
2174484.0,0.07079795,1.0,297.216003
2174562.0,0.07862003,1.0,296.18399
2174640.0,0.10107043,1.0,4.128
2174719.0,0.07216929,1.0,2.408
2174797.0,0.07282957,1.0,2.408
2174875.0,0.10543856,1.0,3.096
2174953.0,0.09467052,1.0,2.408
2175031.0,0.08842305,1.0,2.752
2175109.0,0.08776269,1.0,294.119995
2175187.0,0.04291258,1.0,295.496002
2175265.0,0.0606902,1.0,295.496002
2175343.0,0.05286804,1.0,295.496002
2175422.0,0.07095023,1.0,295.496002
2175500.0,0.06607418,1.0,295.839996
2175578.0,0.0688677,1.0,295.496002
2175656.0,0.06236627,1.0,3.44
2175734.0,0.07369307,1.0,2.408
2175812.0,0.06023296,1.0,2.064
2175890.0,0.0937562,1.0,2.064
2175968.0,0.07206769,1.0,2.064
2176047.0,0.07465816,1.0,2.064
2176125.0,0.06333135,1.0,293.776001
2176203.0,0.05007438,1.0,295.152008
2176281.0,0.07074703,1.0,295.496002
2176359.0,0.07409939,1.0,295.496002
2176437.0,0.08933723,1.0,295.496002
2176515.0,0.05185219,1.0,295.496002
2176593.0,0.06688683,1.0,232.888
2176672.0,0.06028372,1.0,2.752
2176750.0,0.08811826,1.0,2.408
2176828.0,0.06434721,1.0,2.064
2176906.0,0.0713058,1.0,1.72
2176984.0,0.07785807,1.0,2.064
2177062.0,0.08334372,1.0,33.368
2177140.0,0.11833997,1.0,295.152008
2177218.0,0.04753475,1.0,295.839996
2177296.0,0.06607418,1.0,295.839996
2177374.0,0.07303277,1.0,295.839996
2177453.0,0.07740098,1.0,295.839996
2177531.0,0.07623269,1.0,295.839996
2177609.0,0.07765487,1.0,13.072
2177687.0,0.0842579,1.0,2.408
2177765.0,0.11178762,1.0,2.408
2177843.0,0.09329903,1.0,2.408
2177921.0,0.08369921,1.0,2.408
2177999.0,0.06439804,1.0,2.752
2178077.0,0.08090562,1.0,280.015991
2178156.0,0.08263259,1.0,295.496002
2178234.0,0.04763627,1.0,295.496002
2178312.0,0.06602334,1.0,295.496002
2178390.0,0.06099493,1.0,295.839996
2178468.0,0.06983286,1.0,295.839996
2178546.0,0.08776269,1.0,295.496002
2178624.0,0.0671408,1.0,3.44
2178703.0,0.07958505,1.0,2.064
2178781.0,0.08242939,1.0,2.064
2178859.0,0.05515371,1.0,2.064
2178937.0,0.08232787,1.0,2.408
2179015.0,0.07755326,1.0,1.72
2179093.0,0.08872778,1.0,293.088013
2179171.0,0.06968042,1.0,295.152008
2179249.0,0.05657588,1.0,296.18399
2179327.0,0.10386402,1.0,295.496002
2179405.0,0.0713058,1.0,295.496002
2179484.0,0.08801658,1.0,296.18399
2179562.0,0.08227704,1.0,295.839996
2179640.0,0.05489974,1.0,3.44
2179718.0,0.08623891,1.0,2.064
2179796.0,0.0846643,1.0,1.72
2179874.0,0.0758772,1.0,2.064
2179952.0,0.06515986,1.0,2.064
2180030.0,0.07948352,1.0,2.064
2180108.0,0.07567393,1.0,293.432007
2180187.0,0.08618808,1.0,295.152008
2180265.0,0.0467221,1.0,295.496002
2180343.0,0.07724854,1.0,295.496002
2180421.0,0.05291881,1.0,295.496002
2180499.0,0.07623269,1.0,295.496002
2180577.0,0.07186456,1.0,295.839996
2180655.0,0.07140733,1.0,3.096
2180733.0,0.087204,1.0,2.064
2180812.0,0.08207384,1.0,2.064
2180890.0,0.05835363,1.0,2.064
2180968.0,0.06389011,1.0,1.72
2181046.0,0.07516608,1.0,2.064
2181124.0,0.06094409,1.0,293.776001
2181202.0,0.07359146,1.0,295.152008
2181280.0,0.06688683,1.0,295.152008
2181358.0,0.08730552,1.0,295.496002
2181437.0,0.06973118,1.0,295.496002
2181515.0,0.10609892,1.0,295.839996
2181593.0,0.08395317,1.0,237.703995
2181671.0,0.06780116,1.0,2.752
2181749.0,0.08969279,1.0,2.408
2181827.0,0.0868992,1.0,2.408
2181905.0,0.08674684,1.0,1.72
2181983.0,0.06891853,1.0,2.064
2182061.0,0.07323597,1.0,21.672001
2182139.0,0.06708996,1.0,294.463989
2182218.0,0.07227081,1.0,295.152008
2182296.0,0.05835363,1.0,295.152008
2182374.0,0.0779089,1.0,295.839996
2182452.0,0.07211853,1.0,295.152008
2182530.0,0.07013758,1.0,295.152008
2182608.0,0.07542004,1.0,15.824
2182686.0,0.08908334,1.0,2.064
2182764.0,0.08634052,1.0,2.064
2182843.0,0.08085478,1.0,2.064
2182921.0,0.079331,1.0,2.064
2182999.0,0.08481666,1.0,2.064
2183077.0,0.0695789,1.0,276.920013
2183155.0,0.08141354,1.0,294.808014
2183233.0,0.04621417,1.0,295.152008
2183311.0,0.07110267,1.0,295.152008
2183389.0,0.071509,1.0,295.152008
2183468.0,0.06693767,1.0,295.496002
2183546.0,0.07008675,1.0,295.496002
2183624.0,0.07648665,1.0,3.44
2183702.0,0.07313438,1.0,2.064
2183780.0,0.09543233,1.0,2.064
2183858.0,0.07018835,1.0,2.064
2183936.0,0.08324213,1.0,2.064
2184014.0,0.09492441,1.0,2.064
2184092.0,0.07709625,1.0,293.088013
2184170.0,0.07648665,1.0,295.152008
2184249.0,0.06632807,1.0,295.152008
2184327.0,0.06795352,1.0,295.496002
2184405.0,0.09517845,1.0,295.496002
2184483.0,0.07054391,1.0,295.496002
2184561.0,0.07257561,1.0,295.496002
2184639.0,0.10152744,1.0,3.096
2184717.0,0.0939594,1.0,2.064
2184795.0,0.07328674,1.0,2.064
2184873.0,0.07983908,1.0,2.064
2184952.0,0.07394703,1.0,2.064
2185030.0,0.07303277,1.0,2.064
2185108.0,0.06338212,1.0,293.776001
2185186.0,0.0843595,1.0,295.152008
2185264.0,0.06175674,1.0,295.152008
2185342.0,0.0775025,1.0,295.496002
2185420.0,0.06409324,1.0,295.496002
2185499.0,0.05515371,1.0,295.496002
2185577.0,0.08481666,1.0,295.496002
2185655.0,0.06902014,1.0,3.44
2185733.0,0.06561702,1.0,2.064
2185811.0,0.08085478,1.0,2.064
2185889.0,0.08298816,1.0,2.064
2185967.0,0.11133054,1.0,2.064
2186045.0,0.06708996,1.0,2.064
2186123.0,0.07714694,1.0,293.776001
2186202.0,0.06785192,1.0,295.152008
2186280.0,0.05682985,1.0,295.496002
2186358.0,0.06978202,1.0,295.496002
2186436.0,0.0961943,1.0,295.152008
2186514.0,0.09461968,1.0,295.496002
2186592.0,0.09461968,1.0,242.175995
2186670.0,0.07435335,1.0,2.408
2186748.0,0.0868992,1.0,2.064
2186826.0,0.07785807,1.0,2.064
2186904.0,0.06592182,1.0,2.064
2186983.0,0.08979439,1.0,2.064
2187061.0,0.08217543,1.0,15.48
2187139.0,0.09253714,1.0,294.119995
2187217.0,0.03361756,1.0,295.152008
2187295.0,0.08146439,1.0,295.496002
2187373.0,0.06851221,1.0,295.152008
2187451.0,0.07008675,1.0,295.496002
2187529.0,0.05749014,1.0,294.808014
2187607.0,0.07008675,1.0,17.888
2187686.0,0.05865835,1.0,2.064
2187764.0,0.08562939,1.0,2.064
2187842.0,0.09106421,1.0,2.064
2187920.0,0.07277881,1.0,2.064
2187998.0,0.09487372,1.0,2.064
2188076.0,0.09736251,1.0,274.167999
2188154.0,0.08349609,1.0,295.152008
2188233.0,0.0598774,1.0,294.808014
2188311.0,0.10071479,1.0,295.152008
2188389.0,0.08410561,1.0,295.152008
2188467.0,0.08166759,1.0,295.496002
2188545.0,0.06688683,1.0,295.152008
2188623.0,0.08171842,1.0,3.096
2188701.0,0.06419484,1.0,2.064
2188779.0,0.09035308,1.0,2.064
2188857.0,0.07018835,1.0,2.064
2188935.0,0.07780723,1.0,1.72
2189014.0,0.08308969,1.0,2.064
2189092.0,0.07912796,1.0,292.743988
2189170.0,0.07420106,1.0,295.152008
2189248.0,0.07973741,1.0,295.496002
2189326.0,0.05251248,1.0,295.152008
2189404.0,0.09081024,1.0,295.152008
2189482.0,0.05622032,1.0,295.152008
2189560.0,0.07821363,1.0,295.496002
2189639.0,0.08308969,1.0,3.096
2189717.0,0.09538157,1.0,1.72
2189795.0,0.07862003,1.0,2.064
2189873.0,0.07735014,1.0,2.064
2189951.0,0.07963581,1.0,2.408
2190029.0,0.07440419,1.0,2.064
2190107.0,0.08877854,1.0,293.432007
2190185.0,0.07115351,1.0,295.152008
2190264.0,0.09507684,1.0,295.496002
2190342.0,0.07003599,1.0,295.152008
2190420.0,0.06013144,1.0,295.496002
2190498.0,0.08060089,1.0,295.496002
2190576.0,0.07272798,1.0,295.496002
2190654.0,0.07211853,1.0,3.44
2190732.0,0.0909626,1.0,2.064
2190810.0,0.09487372,1.0,2.752
2190888.0,0.09319751,1.0,2.064
2190967.0,0.08943883,1.0,2.752
2191045.0,0.08598495,1.0,2.064
2191123.0,0.07227081,1.0,294.463989
2191201.0,0.0980228,1.0,295.152008
2191279.0,0.08181994,1.0,295.839996
2191357.0,0.06155362,1.0,295.839996
2191435.0,0.07145824,1.0,295.152008
2191513.0,0.09350223,1.0,295.839996
2191591.0,0.07491204,1.0,249.056
2191670.0,0.10137516,1.0,3.096
2191748.0,0.09426412,1.0,2.064
2191826.0,0.06841061,1.0,1.72
2191904.0,0.06480429,1.0,1.72
2191982.0,0.08004213,1.0,2.064
2192060.0,0.07694381,1.0,12.384
2192138.0,0.08593411,1.0,294.463989
2192216.0,0.06510901,1.0,295.839996
2192294.0,0.09406092,1.0,295.496002
2192373.0,0.06637891,1.0,295.496002
2192451.0,0.06195994,1.0,294.808014
2192529.0,0.09690535,1.0,295.839996
2192607.0,0.05850599,1.0,19.952
2192685.0,0.05652505,1.0,2.064
2192763.0,0.09710862,1.0,2.408
2192841.0,0.0847659,1.0,1.72
2192919.0,0.0937562,1.0,2.752
2192998.0,0.0695789,1.0,2.064
2193076.0,0.09660055,1.0,271.415985
2193154.0,0.0736423,1.0,295.152008
2193232.0,0.06617578,1.0,295.496002
2193310.0,0.06627738,1.0,295.152008
2193388.0,0.07313438,1.0,295.496002
2193466.0,0.06896937,1.0,295.496002
2193544.0,0.07389634,1.0,295.496002
2193622.0,0.09091184,1.0,3.44
2193701.0,0.08364845,1.0,2.064
2193779.0,0.09878469,1.0,2.064
2193857.0,0.08115966,1.0,2.064
2193935.0,0.07526761,1.0,2.064
2194013.0,0.0625187,1.0,2.064
2194091.0,0.09116588,1.0,293.088013
2194169.0,0.07648665,1.0,295.152008
2194247.0,0.07079795,1.0,295.152008
2194325.0,0.0916229,1.0,295.496002
2194403.0,0.08369921,1.0,295.152008
2194482.0,0.10594641,1.0,295.496002
2194560.0,0.07552164,1.0,295.496002
2194638.0,0.07602949,1.0,3.096
2194716.0,0.08060089,1.0,2.064
2194794.0,0.08253107,1.0,1.72
2194872.0,0.08344533,1.0,2.064
2194950.0,0.06058853,1.0,2.064
2195028.0,0.08319136,1.0,2.064
2195107.0,0.07049322,1.0,293.088013
2195185.0,0.07633422,1.0,294.808014
2195263.0,0.07704542,1.0,295.152008
2195341.0,0.07404862,1.0,295.152008
2195419.0,0.07846759,1.0,294.463989
2195497.0,0.08588335,1.0,295.152008
2195575.0,0.05799806,1.0,295.152008
2195653.0,0.06262023,1.0,3.096
2195732.0,0.08065166,1.0,1.72
2195810.0,0.07018835,1.0,1.72
2195888.0,0.09370551,1.0,2.064
2195966.0,0.07247408,1.0,1.72
2196044.0,0.06932486,1.0,1.72
2196122.0,0.071509,1.0,293.776001
2196200.0,0.06256954,1.0,295.152008
2196278.0,0.08568022,1.0,295.152008
2196356.0,0.08024533,1.0,294.808014
2196435.0,0.09126741,1.0,295.152008
2196513.0,0.07633422,1.0,295.496002
2196591.0,0.07658825,1.0,253.184006
2196669.0,0.07110267,1.0,2.752
2196747.0,0.08618808,1.0,2.064
2196825.0,0.09284195,1.0,2.064
2196903.0,0.07089947,1.0,1.376
2196981.0,0.08253107,1.0,1.72
2197059.0,0.06917257,1.0,8.944
2197138.0,0.06094409,1.0,293.088013
2197216.0,0.05352841,1.0,295.152008
2197294.0,0.06724239,1.0,295.152008
2197372.0,0.09390863,1.0,295.496002
2197450.0,0.08065166,1.0,294.808014
2197528.0,0.0695789,1.0,295.152008
2197606.0,0.05327437,1.0,25.112
2197684.0,0.08344533,1.0,1.72
2197762.0,0.08872778,1.0,2.064
2197841.0,0.09553401,1.0,1.72
2197919.0,0.0868992,1.0,2.064
2197997.0,0.08080409,1.0,1.376
2198075.0,0.09233402,1.0,269.35199
2198153.0,0.0848675,1.0,294.808014
2198231.0,0.05769334,1.0,294.463989
2198309.0,0.07973741,1.0,295.152008
2198388.0,0.08115966,1.0,295.152008
2198466.0,0.07740098,1.0,295.496002
2198544.0,0.05992824,1.0,295.152008
2198622.0,0.05992824,1.0,3.44
2198700.0,0.07486136,1.0,2.064
2198778.0,0.08461346,1.0,2.064
2198856.0,0.09065788,1.0,2.064
2198934.0,0.07023919,1.0,1.72
2199012.0,0.07719778,1.0,2.064
2199090.0,0.07186456,1.0,293.432007
2199169.0,0.07089947,1.0,295.152008
2199247.0,0.05936947,1.0,295.496002
2199325.0,0.07313438,1.0,295.152008
2199403.0,0.08126118,1.0,295.496002
2199481.0,0.0690709,1.0,295.839996
2199559.0,0.06383928,1.0,295.496002
2199637.0,0.08222627,1.0,3.096
2199715.0,0.06881701,1.0,2.408
2199793.0,0.08329289,1.0,1.376
2199872.0,0.07882323,1.0,2.064
2199950.0,0.09152129,1.0,2.064
2200028.0,0.07963581,1.0,2.064
2200106.0,0.08634052,1.0,293.432007
2200184.0,0.08151507,1.0,295.496002
2200262.0,0.07486136,1.0,295.152008
2200340.0,0.07399786,1.0,295.152008
2200418.0,0.06175674,1.0,295.152008
2200496.0,0.0807025,1.0,295.839996
2200575.0,0.07826447,1.0,295.496002
2200653.0,0.09040391,1.0,3.096
2200731.0,0.08908334,1.0,2.064
2200809.0,0.07958505,1.0,2.064
2200887.0,0.0943658,1.0,1.72
2200965.0,0.07389634,1.0,1.72
2201043.0,0.07125504,1.0,2.064
2201122.0,0.07389634,1.0,293.776001
2201200.0,0.05230936,1.0,294.808014
2201278.0,0.09705779,1.0,295.152008
2201356.0,0.07115351,1.0,294.463989
2201434.0,0.09040391,1.0,295.152008
2201512.0,0.08126118,1.0,295.496002
2201590.0,0.08324213,1.0,261.783997
2201668.0,0.08700073,1.0,2.752
2201746.0,0.09548317,1.0,2.064
2201825.0,0.07506448,1.0,2.064
2201903.0,0.08253107,1.0,2.408
2201981.0,0.07277881,1.0,2.064
2202059.0,0.07247408,1.0,6.88
2202137.0,0.07176296,1.0,294.119995
2202215.0,0.06642967,1.0,295.152008
2202293.0,0.07597873,1.0,295.152008
2202371.0,0.07415015,1.0,295.152008
2202449.0,0.09106421,1.0,295.496002
2202527.0,0.07613109,1.0,295.496002
2202606.0,0.07288041,1.0,28.552
2202684.0,0.08730552,1.0,2.408
2202762.0,0.1132098,1.0,2.408
2202840.0,0.09350223,1.0,2.408
2202918.0,0.08755949,1.0,2.408
2202996.0,0.08684844,1.0,2.408
2203074.0,0.08065166,1.0,262.81601
2203152.0,0.07755326,1.0,295.152008
2203230.0,0.06526145,1.0,295.496002
2203309.0,0.06475361,1.0,295.839996
2203387.0,0.06912173,1.0,295.496002
2203465.0,0.07963581,1.0,295.496002
2203543.0,0.08242939,1.0,295.839996
2203621.0,0.06389011,1.0,3.784
2203699.0,0.05855682,1.0,2.064
2203777.0,0.09416252,1.0,2.064
2203856.0,0.08075326,1.0,2.408
2203934.0,0.07074703,1.0,2.408
2204012.0,0.08080409,1.0,0.688
2204090.0,0.079331,1.0,292.056
2204168.0,0.09660055,1.0,294.463989
2204246.0,0.08065166,1.0,294.463989
2204324.0,0.06759796,1.0,294.463989
2204402.0,0.08334372,1.0,294.808014
2204480.0,0.08217543,1.0,294.808014
2204559.0,0.06282343,1.0,294.463989
2204637.0,0.09370551,1.0,2.752
2204715.0,0.0729311,1.0,1.376
2204793.0,0.05362993,1.0,1.376
2204871.0,0.06912173,1.0,1.376
2204949.0,0.09522928,1.0,1.376
2205027.0,0.05073467,1.0,1.72
2205105.0,0.06637891,1.0,293.432007
2205183.0,0.08329289,1.0,294.808014
2205262.0,0.06195994,1.0,295.496002
2205340.0,0.06805512,1.0,295.839996
2205418.0,0.07999137,1.0,295.839996
2205496.0,0.06754712,1.0,295.839996
2205574.0,0.0712042,1.0,296.18399
2205652.0,0.07938185,1.0,3.44
2205730.0,0.10142592,1.0,2.408
2205808.0,0.07862003,1.0,2.408
2205886.0,0.07323597,1.0,2.408
2205964.0,0.06079173,1.0,2.408
2206043.0,0.08242939,1.0,2.408
2206121.0,0.06053769,1.0,294.119995
2206199.0,0.06942646,1.0,295.496002
2206277.0,0.09736251,1.0,295.496002
2206355.0,0.07023919,1.0,295.496002
2206433.0,0.08552779,1.0,295.496002
2206511.0,0.06109645,1.0,295.496002
2206589.0,0.07674069,1.0,265.567993
2206667.0,0.06988362,1.0,2.408
2206746.0,0.08237856,1.0,1.376
2206824.0,0.07049322,1.0,1.376
2206902.0,0.08248024,1.0,1.72
2206980.0,0.08329289,1.0,1.72
2207058.0,0.07988977,1.0,4.472
2207136.0,0.07389634,1.0,293.432007
2207214.0,0.05510287,1.0,294.463989
2207293.0,0.08151507,1.0,295.839996
2207371.0,0.07552164,1.0,294.808014
2207449.0,0.10127355,1.0,294.808014
2207527.0,0.09101345,1.0,295.152008
2207605.0,0.09924185,1.0,33.368
2207683.0,0.109756,1.0,2.064
2207761.0,0.10604808,1.0,1.376
2207839.0,0.07542004,1.0,2.064
2207917.0,0.09573714,1.0,1.376
2207996.0,0.08009297,1.0,2.752
2208074.0,0.0891341,1.0,253.528
2208152.0,0.0736423,1.0,296.528015
2208230.0,0.05449342,1.0,295.839996
2208308.0,0.08136286,1.0,295.839996
2208386.0,0.07348986,1.0,295.839996
2208464.0,0.06490589,1.0,295.839996
2208542.0,0.086696,1.0,296.18399
2208620.0,0.06658211,1.0,4.128
2208699.0,0.07943261,1.0,2.408
2208777.0,0.06444873,1.0,2.408
2208855.0,0.09136893,1.0,2.408
2208933.0,0.07912796,1.0,2.752
2209011.0,0.08369921,1.0,1.376
2209089.0,0.07191532,1.0,291.712006
2209167.0,0.07313438,1.0,294.119995
2209245.0,0.07049322,1.0,294.808014
2209323.0,0.06968042,1.0,295.496002
2209402.0,0.07902628,1.0,294.808014
2209480.0,0.07709625,1.0,294.808014
2209558.0,0.0807025,1.0,295.152008
2209636.0,0.05921711,1.0,3.096
2209714.0,0.0690709,1.0,2.064
2209792.0,0.08832131,1.0,2.064
2209870.0,0.09421336,1.0,2.064
2209949.0,0.08862618,1.0,2.064
2210027.0,0.08197231,1.0,2.064
2210105.0,0.07425175,1.0,293.432007
2210183.0,0.09365467,1.0,294.808014
2210261.0,0.06866457,1.0,295.152008
2210339.0,0.07420106,1.0,295.496002
2210417.0,0.07674069,1.0,294.463989
2210495.0,0.09126741,1.0,295.496002
2210573.0,0.07242325,1.0,294.463989
2210652.0,0.07531844,1.0,4.128
2210730.0,0.07841676,1.0,2.752
2210808.0,0.07110267,1.0,2.408
2210886.0,0.0864928,1.0,2.752
2210964.0,0.08695004,1.0,2.408
2211042.0,0.07755326,1.0,2.064
2211120.0,0.0920293,1.0,293.432007
2211198.0,0.09014995,1.0,295.152008
2211276.0,0.07196609,1.0,294.808014
2211354.0,0.08750873,1.0,295.152008
2211433.0,0.0842579,1.0,294.808014
2211511.0,0.06983286,1.0,295.839996
2211589.0,0.0779089,1.0,270.727997
2211667.0,0.07943261,1.0,3.096
2211745.0,0.09055628,1.0,1.72
2211823.0,0.0801945,1.0,2.064
2211901.0,0.079331,1.0,2.064
2211979.0,0.09253714,1.0,2.064
2212057.0,0.0807025,1.0,1.376
2212136.0,0.07882323,1.0,293.432007
2212214.0,0.06216314,1.0,294.808014
2212292.0,0.06993446,1.0,295.152008
2212370.0,0.0729311,1.0,295.152008
2212448.0,0.07613109,1.0,295.152008
2212526.0,0.08557847,1.0,294.808014
2212604.0,0.08420721,1.0,39.216
2212683.0,0.09279118,1.0,2.064
2212761.0,0.09873392,1.0,1.376
2212839.0,0.08415637,1.0,1.376
2212917.0,0.09268958,1.0,1.032
2212995.0,0.06795352,1.0,1.72
2213073.0,0.07806127,1.0,239.080002
2213151.0,0.07877232,1.0,294.119995
2213229.0,0.07013758,1.0,294.119995
2213307.0,0.08217543,1.0,294.119995
2213386.0,0.07597873,1.0,294.463989
2213464.0,0.09218166,1.0,295.152008
2213542.0,0.07415015,1.0,294.463989
2213620.0,0.10081647,1.0,2.752
2213698.0,0.08532466,1.0,1.376
2213776.0,0.10162912,1.0,1.376
2213854.0,0.08816902,1.0,1.376
2213932.0,0.08938807,1.0,1.72
2214010.0,0.10691164,1.0,1.72
2214088.0,0.09340063,1.0,292.399994
2214167.0,0.07755326,1.0,294.808014
2214245.0,0.06663294,1.0,294.808014
2214323.0,0.07795975,1.0,295.152008
2214401.0,0.08537543,1.0,295.152008
2214479.0,0.09649903,1.0,295.496002
2214557.0,0.07506448,1.0,294.808014
2214635.0,0.09289271,1.0,2.752
2214714.0,0.09487372,1.0,1.376
2214792.0,0.08796589,1.0,2.064
2214870.0,0.09406092,1.0,2.064
2214948.0,0.07420106,1.0,1.376
2215026.0,0.08522306,1.0,1.72
2215104.0,0.1056926,1.0,292.399994
2215182.0,0.09294347,1.0,294.119995
2215260.0,0.08151507,1.0,294.808014
2215338.0,0.07663902,1.0,294.463989
2215417.0,0.07811203,1.0,295.152008
2215495.0,0.07684222,1.0,294.808014
2215573.0,0.06561702,1.0,295.152008
2215651.0,0.0690709,1.0,3.096
2215729.0,0.09116588,1.0,1.72
2215807.0,0.08542626,1.0,1.72
2215885.0,0.07994061,1.0,1.72
2215963.0,0.0842579,1.0,2.064
2216041.0,0.08430874,1.0,2.064
2216119.0,0.07699458,1.0,293.432007
2216198.0,0.07572477,1.0,295.152008
2216276.0,0.06155362,1.0,295.496002
2216354.0,0.07257561,1.0,295.152008
2216432.0,0.07262637,1.0,295.152008
2216510.0,0.07801043,1.0,295.496002
2216588.0,0.08456277,1.0,275.544006
2216666.0,0.05114106,1.0,2.752
2216744.0,0.10223857,1.0,2.064
2216822.0,0.08410561,1.0,1.376
2216901.0,0.08075326,1.0,2.064
2216979.0,0.06658211,1.0,1.72
2217057.0,0.08197231,1.0,0.688
2217135.0,0.0471285,1.0,293.088013
2217213.0,0.05571247,1.0,294.119995
2217291.0,0.09431496,1.0,295.152008
2217369.0,0.05667748,1.0,295.152008
2217447.0,0.08400401,1.0,295.152008
2217526.0,0.08156591,1.0,295.496002
2217604.0,0.09243562,1.0,43.344002
2217682.0,0.07430259,1.0,1.72
2217760.0,0.07709625,1.0,2.064
2217838.0,0.07862003,1.0,1.376
2217916.0,0.08192155,1.0,1.376
2217994.0,0.08938807,1.0,1.72
2218072.0,0.06663294,1.0,227.039993
2218151.0,0.08816902,1.0,294.119995
2218229.0,0.04987125,1.0,294.808014
2218307.0,0.05159815,1.0,294.463989
2218385.0,0.05830286,1.0,295.152008
2218463.0,0.11011149,1.0,295.152008
2218541.0,0.09776891,1.0,295.152008
2218619.0,0.08273412,1.0,3.44
2218697.0,0.08664524,1.0,2.064
2218775.0,0.10081647,1.0,1.72
2218853.0,0.07521691,1.0,1.72
2218932.0,0.08537543,1.0,1.72
2219010.0,0.08725476,1.0,1.72
2219088.0,0.09858156,1.0,292.399994
2219166.0,0.0736423,1.0,294.463989
2219244.0,0.0777057,1.0,294.808014
2219322.0,0.07826447,1.0,295.152008
2219400.0,0.07892475,1.0,294.463989
2219478.0,0.05911559,1.0,294.808014
2219556.0,0.07110267,1.0,295.152008
2219635.0,0.09223242,1.0,2.752
2219713.0,0.08877854,1.0,2.064
2219791.0,0.09548317,1.0,2.064
2219869.0,0.09416252,1.0,2.064
2219947.0,0.07658825,1.0,2.064
2220025.0,0.07069635,1.0,2.064
2220103.0,0.08110882,1.0,293.432007
2220181.0,0.079331,1.0,295.152008
2220260.0,0.08984523,1.0,295.152008
2220338.0,0.0831406,1.0,295.152008
2220416.0,0.10889251,1.0,295.152008
2220494.0,0.08237856,1.0,296.18399
2220572.0,0.06018212,1.0,296.528015
2220650.0,0.08065166,1.0,3.44
2220728.0,0.09319751,1.0,2.752
2220806.0,0.08664524,1.0,2.752
2220885.0,0.06612487,1.0,2.408
2220963.0,0.09588958,1.0,2.752
2221041.0,0.08161674,1.0,2.408
2221119.0,0.08552779,1.0,294.463989
2221197.0,0.08258183,1.0,295.496002
2221275.0,0.08644211,1.0,295.496002
2221353.0,0.07577568,1.0,295.496002
2221431.0,0.07694381,1.0,295.839996
2221509.0,0.0674456,1.0,295.496002
2221588.0,0.08471514,1.0,278.984009
2221666.0,0.06419484,1.0,3.784
2221744.0,0.08029609,1.0,2.064
2221822.0,0.0843595,1.0,2.064
2221900.0,0.09538157,1.0,2.064
2221978.0,0.08517223,1.0,2.064
2222056.0,0.0779089,1.0,0.344
2222134.0,0.07547081,1.0,293.776001
2222212.0,0.05865835,1.0,295.496002
2222291.0,0.07328674,1.0,295.496002
2222369.0,0.09649903,1.0,295.496002
2222447.0,0.08964195,1.0,295.839996
2222525.0,0.07003599,1.0,295.496002
2222603.0,0.09263875,1.0,49.535999
2222681.0,0.07699458,1.0,2.064
2222759.0,0.08517223,1.0,2.064
2222837.0,0.09903865,1.0,2.064
2222916.0,0.08542626,1.0,2.064
2222994.0,0.08359761,1.0,2.064
2223072.0,0.08628967,1.0,222.223999
2223150.0,0.07846759,1.0,295.152008
2223228.0,0.0566268,1.0,296.18399
2223306.0,0.09116588,1.0,296.528015
2223384.0,0.09934337,1.0,295.839996
2223462.0,0.07348986,1.0,296.18399
2223541.0,0.08908334,1.0,296.18399
2223619.0,0.07262637,1.0,4.128
2223697.0,0.07455663,1.0,2.752
2223775.0,0.09649903,1.0,1.72
2223853.0,0.10361005,1.0,2.408
2223931.0,0.10294977,1.0,2.408
2224009.0,0.05891239,1.0,2.408
2224087.0,0.08583251,1.0,293.432007
2224165.0,0.08263259,1.0,295.496002
2224243.0,0.0584553,1.0,295.839996
2224322.0,0.0914197,1.0,295.839996
2224400.0,0.08354692,1.0,295.839996
2224478.0,0.06566778,1.0,295.496002
2224556.0,0.07760418,1.0,295.839996
2224634.0,0.09985138,1.0,3.44
2224712.0,0.08105806,1.0,2.064
2224790.0,0.09086101,1.0,2.408
2224868.0,0.07338826,1.0,2.064
2224946.0,0.08055006,1.0,2.752
2225025.0,0.0914197,1.0,2.064
2225103.0,0.0653123,1.0,294.119995
2225181.0,0.06617578,1.0,295.152008
2225259.0,0.06952798,1.0,295.496002
2225337.0,0.07313438,1.0,295.152008
2225415.0,0.08197231,1.0,295.496002
2225493.0,0.07333758,1.0,295.496002
2225571.0,0.07699458,1.0,295.496002
2225650.0,0.08816902,1.0,3.44
2225728.0,0.09233402,1.0,3.096
2225806.0,0.10523544,1.0,3.096
2225884.0,0.10157828,1.0,3.096
2225962.0,0.078366,1.0,2.752
2226040.0,0.09660055,1.0,2.752
2226118.0,0.08750873,1.0,294.463989
2226196.0,0.08080409,1.0,295.839996
2226274.0,0.08771186,1.0,295.839996
2226353.0,0.0690709,1.0,295.839996
2226431.0,0.10371166,1.0,295.839996
2226509.0,0.07166136,1.0,295.839996
2226587.0,0.08293732,1.0,281.048004
2226665.0,0.11686695,1.0,3.44
2226743.0,0.09030232,1.0,2.408
2226821.0,0.0848675,1.0,2.408
2226899.0,0.08237856,1.0,2.408
2226977.0,0.08136286,1.0,2.408
2227056.0,0.07552164,1.0,0.688
2227134.0,0.07242325,1.0,294.119995
2227212.0,0.08918487,1.0,295.496002
2227290.0,0.07963581,1.0,295.496002
2227368.0,0.07338826,1.0,295.496002
2227446.0,0.09721015,1.0,295.496002
2227524.0,0.09583873,1.0,295.496002
2227602.0,0.09878469,1.0,52.976002
2227681.0,0.0828358,1.0,2.408
2227759.0,0.1025942,1.0,2.408
2227837.0,0.1000545,1.0,2.064
2227915.0,0.07999137,1.0,2.064
2227993.0,0.09223242,1.0,2.064
2228071.0,0.07445495,1.0,212.936005
2228149.0,0.0978196,1.0,295.152008
2228227.0,0.05144587,1.0,295.152008
2228306.0,0.07308353,1.0,295.496002
2228384.0,0.04941409,1.0,295.152008
2228462.0,0.06932486,1.0,295.496002
2228540.0,0.07755326,1.0,296.18399
2228618.0,0.09639742,1.0,3.784
2228696.0,0.07049322,1.0,2.752
2228774.0,0.09461968,1.0,2.752
2228852.0,0.08126118,1.0,2.752
2228930.0,0.09670215,1.0,2.408
2229008.0,0.10625128,1.0,2.408
2229087.0,0.09233402,1.0,293.088013
2229165.0,0.06810588,1.0,295.496002
2229243.0,0.06942646,1.0,295.496002
2229321.0,0.10167995,1.0,295.152008
2229399.0,0.07216929,1.0,295.496002
2229477.0,0.10548932,1.0,295.496002
2229555.0,0.07689298,1.0,295.496002
2229633.0,0.08796589,1.0,3.44
2229711.0,0.08075326,1.0,1.72
2229790.0,0.10193384,1.0,1.376
2229868.0,0.07806127,1.0,1.376
2229946.0,0.07176296,1.0,2.064
2230024.0,0.07074703,1.0,1.72
2230102.0,0.08755949,1.0,293.432007
2230180.0,0.08385165,1.0,295.152008
2230258.0,0.07115351,1.0,295.152008
2230336.0,0.08598495,1.0,295.496002
2230415.0,0.08395317,1.0,295.496002
2230493.0,0.07394703,1.0,294.808014
2230571.0,0.08857534,1.0,295.496002
2230649.0,0.08014381,1.0,2.752
2230727.0,0.08359761,1.0,2.064
2230805.0,0.0916229,1.0,1.72
2230883.0,0.07511532,1.0,2.064
2230961.0,0.09014995,1.0,1.72
2231040.0,0.06978202,1.0,1.72
2231118.0,0.06835984,1.0,293.432007
2231196.0,0.07801043,1.0,295.152008
2231274.0,0.07765487,1.0,295.496002
2231352.0,0.0868992,1.0,295.496002
2231430.0,0.09111497,1.0,295.152008
2231508.0,0.09365467,1.0,295.496002
2231586.0,0.08578183,1.0,282.079987
2231664.0,0.05936947,1.0,2.752
2231743.0,0.08441034,1.0,2.064
2231821.0,0.07602949,1.0,2.064
2231899.0,0.09091184,1.0,2.064
2231977.0,0.08141354,1.0,2.064
2232055.0,0.07897545,1.0,0.0
2232133.0,0.0843595,1.0,293.432007
2232211.0,0.07374383,1.0,294.808014
2232289.0,0.09040391,1.0,295.496002
2232367.0,0.08659448,1.0,295.152008
2232446.0,0.0978196,1.0,295.152008
2232524.0,0.08979439,1.0,295.839996
2232602.0,0.08608655,1.0,59.855999
2232680.0,0.08380089,1.0,2.064
2232758.0,0.08024533,1.0,2.752
2232836.0,0.12077799,1.0,1.72
2232914.0,0.09614346,1.0,2.064
2232992.0,0.07719778,1.0,2.752
2233070.0,0.08181994,1.0,206.744003
2233149.0,0.08202314,1.0,295.152008
2233227.0,0.07547081,1.0,295.152008
2233305.0,0.06785192,1.0,295.152008
2233383.0,0.09207998,1.0,295.839996
2233461.0,0.08065166,1.0,295.152008
2233539.0,0.08151507,1.0,294.808014
2233617.0,0.08171842,1.0,3.784
2233695.0,0.09101345,1.0,2.408
2233774.0,0.09467052,1.0,1.376
2233852.0,0.10228948,1.0,2.064
2233930.0,0.09873392,1.0,1.72
2234008.0,0.09070864,1.0,1.376
2234086.0,0.08121035,1.0,292.399994
2234164.0,0.0979212,1.0,294.808014
2234242.0,0.06825825,1.0,295.839996
2234320.0,0.09969894,1.0,295.152008
2234398.0,0.087204,1.0,295.152008
2234476.0,0.07897545,1.0,295.152008
2234555.0,0.09538157,1.0,296.18399
2234633.0,0.07420106,1.0,3.44
2234711.0,0.08242939,1.0,2.064
2234789.0,0.09807364,1.0,2.064
2234867.0,0.08644211,1.0,2.408
2234945.0,0.08024533,1.0,2.408
2235023.0,0.07684222,1.0,2.408
2235101.0,0.08842305,1.0,293.776001
2235180.0,0.09045468,1.0,295.152008
2235258.0,0.05850599,1.0,295.496002
2235336.0,0.08248024,1.0,295.839996
2235414.0,0.07684222,1.0,295.496002
2235492.0,0.08273412,1.0,295.839996
2235570.0,0.08232787,1.0,295.839996
2235648.0,0.08405478,1.0,3.784
2235726.0,0.07745167,1.0,2.408
2235804.0,0.07684222,1.0,2.408
2235882.0,0.08110882,1.0,2.064
2235961.0,0.08298816,1.0,2.408
2236039.0,0.11041629,1.0,2.408
2236117.0,0.08385165,1.0,294.119995
2236195.0,0.06851221,1.0,295.152008
2236273.0,0.0980228,1.0,295.496002
2236351.0,0.08578183,1.0,295.496002
2236429.0,0.08217543,1.0,295.839996
2236508.0,0.10884167,1.0,295.839996
2236586.0,0.0718138,1.0,287.928009
2236664.0,0.07928032,1.0,3.096
2236742.0,0.09578797,1.0,2.408
2236820.0,0.08776269,1.0,2.064
2236898.0,0.08964195,1.0,2.408
2236976.0,0.08639128,1.0,2.064
2237054.0,0.07252485,1.0,0.0
2237132.0,0.08166759,1.0,294.119995
2237211.0,0.06312815,1.0,295.496002
2237289.0,0.08369921,1.0,295.152008
2237367.0,0.08029609,1.0,295.839996
2237445.0,0.07034078,1.0,295.839996
2237523.0,0.0907594,1.0,295.496002
2237601.0,0.06282343,1.0,66.047997
2237679.0,0.09654986,1.0,2.064
2237757.0,0.09588958,1.0,1.72
2237835.0,0.07552164,1.0,2.752
2237914.0,0.10355922,1.0,2.408
2237992.0,0.08268344,1.0,1.72
2238070.0,0.08217543,1.0,203.304001
2238148.0,0.09131817,1.0,295.152008
2238226.0,0.0755724,1.0,295.496002
2238304.0,0.08105806,1.0,295.496002
2238382.0,0.08055006,1.0,295.496002
2238460.0,0.10396554,1.0,295.496002
2238538.0,0.09406092,1.0,295.839996
2238617.0,0.07785807,1.0,3.44
2238695.0,0.09441648,1.0,2.064
2238773.0,0.09731168,1.0,2.408
2238851.0,0.10960356,1.0,2.064
2238929.0,0.07526761,1.0,2.064
2239007.0,0.08908334,1.0,2.752
2239085.0,0.07191532,1.0,292.743988
2239163.0,0.09787044,1.0,295.839996
2239242.0,0.08090562,1.0,295.496002
2239320.0,0.09243562,1.0,295.496002
2239398.0,0.07643597,1.0,295.152008
2239476.0,0.08603571,1.0,295.496002
2239554.0,0.09147061,1.0,295.496002
2239632.0,0.08430874,1.0,2.752
2239710.0,0.10137516,1.0,2.064
2239788.0,0.08380089,1.0,2.064
2239867.0,0.09319751,1.0,2.064
2239945.0,0.07288041,1.0,2.064
2240023.0,0.07785807,1.0,2.064
2240101.0,0.08639128,1.0,293.088013
2240179.0,0.10244177,1.0,294.808014
2240257.0,0.08420721,1.0,295.496002
2240335.0,0.07785807,1.0,295.496002
2240413.0,0.0850707,1.0,295.152008
2240491.0,0.08527375,1.0,295.496002
2240570.0,0.06424553,1.0,295.839996
2240648.0,0.07983908,1.0,2.408
2240726.0,0.09411176,1.0,2.064
2240804.0,0.09924185,1.0,2.408
2240882.0,0.07379466,1.0,2.408
2240960.0,0.08583251,1.0,1.72
2241038.0,0.07943261,1.0,1.72
2241116.0,0.08938807,1.0,294.119995
2241194.0,0.07374383,1.0,294.808014
2241272.0,0.08969279,1.0,295.152008
2241351.0,0.08628967,1.0,295.839996
2241429.0,0.09670215,1.0,295.839996
2241507.0,0.10533696,1.0,295.496002
2241585.0,0.08598495,1.0,290.679993
2241663.0,0.07679138,1.0,3.096
2241741.0,0.09548317,1.0,2.064
2241819.0,0.09045468,1.0,2.064
2241897.0,0.09207998,1.0,2.064
2241976.0,0.09238486,1.0,2.064
2242054.0,0.07333758,1.0,0.0
2242132.0,0.09263875,1.0,293.432007
2242210.0,0.0671408,1.0,295.152008
2242288.0,0.08771186,1.0,295.152008
2242366.0,0.09340063,1.0,295.496002
2242444.0,0.08430874,1.0,295.496002
2242522.0,0.09248646,1.0,295.152008
2242601.0,0.06962966,1.0,72.928001
2242679.0,0.09172449,1.0,2.408
2242757.0,0.08781345,1.0,2.064
2242835.0,0.09939422,1.0,2.064
2242913.0,0.10127355,1.0,2.064
2242991.0,0.08811826,1.0,2.064
2243069.0,0.08781345,1.0,195.048004
2243147.0,0.09126741,1.0,295.152008
2243225.0,0.07704542,1.0,295.152008
2243303.0,0.0758772,1.0,295.496002
2243382.0,0.0713058,1.0,295.496002
2243460.0,0.08842305,1.0,295.496002
2243538.0,0.08674684,1.0,295.496002
2243616.0,0.07862003,1.0,3.44
2243694.0,0.07597873,1.0,2.064
2243772.0,0.09517845,1.0,2.064
2243850.0,0.08700073,1.0,2.064
2243929.0,0.08755949,1.0,1.376
2244007.0,0.08044853,1.0,2.064
2244085.0,0.09309591,1.0,292.056
2244163.0,0.09451808,1.0,295.152008
2244241.0,0.08171842,1.0,295.152008
2244319.0,0.09411176,1.0,295.152008
2244397.0,0.07409939,1.0,295.496002
2244475.0,0.07978825,1.0,295.496002
2244553.0,0.08735629,1.0,295.496002
2244632.0,0.10406706,1.0,3.44
2244710.0,0.07668985,1.0,2.064
2244788.0,0.09218166,1.0,2.064
2244866.0,0.09527997,1.0,2.064
2244944.0,0.08801658,1.0,2.064
2245022.0,0.0779089,1.0,2.064
2245100.0,0.07887392,1.0,293.432007
2245178.0,0.08501986,1.0,295.152008
2245256.0,0.09319751,1.0,294.119995
2245335.0,0.08654372,1.0,295.152008
2245413.0,0.08181994,1.0,295.496002
2245491.0,0.09604186,1.0,295.152008
2245569.0,0.08227704,1.0,295.496002
2245647.0,0.0846643,1.0,3.096
2245725.0,0.08908334,1.0,2.064
2245803.0,0.09675306,1.0,2.064
2245881.0,0.07409939,1.0,1.72
2245959.0,0.09025156,1.0,2.064
2246037.0,0.08349609,1.0,2.752
2246116.0,0.10792742,1.0,293.776001
2246194.0,0.07811203,1.0,295.152008
2246272.0,0.0959911,1.0,294.808014
2246350.0,0.08552779,1.0,295.496002
2246428.0,0.0755724,1.0,295.152008
2246506.0,0.07095023,1.0,295.152008
2246584.0,0.07562316,1.0,293.432007
2246662.0,0.09192769,1.0,2.752
2246741.0,0.11082261,1.0,2.064
2246819.0,0.10523544,1.0,1.72
2246897.0,0.08288664,1.0,2.064
2246975.0,0.07922948,1.0,1.72
2247053.0,0.08451194,1.0,0.688
2247131.0,0.07262637,1.0,293.432007
2247209.0,0.07719778,1.0,294.463989
2247287.0,0.08319136,1.0,295.152008
2247366.0,0.08334372,1.0,294.808014
2247444.0,0.09731168,1.0,295.152008
2247522.0,0.07724854,1.0,295.152008
2247600.0,0.07958505,1.0,82.559998
2247678.0,0.083039,1.0,1.72
2247756.0,0.10554016,1.0,2.064
2247834.0,0.08964195,1.0,1.72
2247912.0,0.08446117,1.0,1.72
2247990.0,0.07729945,1.0,1.72
2248069.0,0.0983276,1.0,185.416
2248147.0,0.09426412,1.0,294.808014
2248225.0,0.06195994,1.0,295.152008
2248303.0,0.07602949,1.0,295.152008
2248381.0,0.09639742,1.0,295.496002
2248459.0,0.09776891,1.0,295.496002
2248537.0,0.06698836,1.0,295.496002
2248615.0,0.07968657,1.0,3.784
2248693.0,0.08547695,1.0,2.064
2248772.0,0.11285439,1.0,2.064
2248850.0,0.09086101,1.0,2.064
2248928.0,0.08207384,1.0,2.064
2249006.0,0.11265112,1.0,2.064
2249084.0,0.07369307,1.0,292.399994
2249162.0,0.0843595,1.0,295.496002
2249240.0,0.08055006,1.0,295.496002
2249318.0,0.08593411,1.0,295.839996
2249397.0,0.08933723,1.0,295.496002
2249475.0,0.06683607,1.0,295.496002
2249553.0,0.06358524,1.0,295.839996
2249631.0,0.0539855,1.0,3.44
2249709.0,0.09182617,1.0,2.408
2249787.0,0.10381325,1.0,3.096
2249865.0,0.08268344,1.0,2.064
2249943.0,0.10345761,1.0,2.408
2250021.0,0.0807025,1.0,2.064
2250100.0,0.07338826,1.0,294.119995
2250178.0,0.08344533,1.0,295.152008
2250256.0,0.07435335,1.0,295.152008
2250334.0,0.07795975,1.0,294.463989
2250412.0,0.09685459,1.0,295.496002
2250490.0,0.06998523,1.0,295.839996
2250568.0,0.08227704,1.0,295.496002
2250646.0,0.078366,1.0,3.096
2250724.0,0.08974363,1.0,2.752
2250803.0,0.09233402,1.0,1.72
2250881.0,0.0983276,1.0,2.064
2250959.0,0.08715317,1.0,2.064
2251037.0,0.08766101,1.0,2.408
2251115.0,0.08552779,1.0,293.776001
2251193.0,0.08253107,1.0,295.496002
2251271.0,0.08395317,1.0,295.152008
2251349.0,0.05322353,1.0,294.808014
2251427.0,0.08374997,1.0,295.152008
2251506.0,0.08918487,1.0,294.808014
2251584.0,0.08522306,1.0,296.872009
2251662.0,0.0843595,1.0,3.096
2251740.0,0.13672696,1.0,2.064
2251818.0,0.07867072,1.0,2.064
2251896.0,0.09822592,1.0,2.064
2251974.0,0.10533696,1.0,2.064
2252052.0,0.0889309,1.0,0.688
2252130.0,0.10701317,1.0,293.776001
2252209.0,0.05931871,1.0,295.152008
2252287.0,0.08060089,1.0,295.152008
2252365.0,0.10828298,1.0,295.496002
2252443.0,0.07902628,1.0,295.496002
2252521.0,0.09614346,1.0,295.496002
2252599.0,0.06835984,1.0,89.440002
2252677.0,0.09939422,1.0,1.72
2252756.0,0.10736866,1.0,2.064
2252834.0,0.10132431,1.0,1.376
2252912.0,0.10117203,1.0,2.064
2252990.0,0.07567393,1.0,2.064
2253068.0,0.07653749,1.0,164.776001
2253146.0,0.08359761,1.0,295.496002
2253224.0,0.08872778,1.0,295.152008
2253302.0,0.07831515,1.0,295.152008
2253380.0,0.09548317,1.0,295.152008
2253459.0,0.08588335,1.0,294.808014
2253537.0,0.07602949,1.0,296.18399
2253615.0,0.08771186,1.0,3.44
2253693.0,0.07044231,1.0,2.408
2253771.0,0.09334995,1.0,2.408
2253849.0,0.07628345,1.0,1.72
2253927.0,0.09106421,1.0,2.064
2254005.0,0.08542626,1.0,2.064
2254083.0,0.07216929,1.0,291.712006
2254161.0,0.10894328,1.0,294.119995
2254240.0,0.10117203,1.0,295.496002
2254318.0,0.1000545,1.0,295.839996
2254396.0,0.08695004,1.0,295.839996
2254474.0,0.09654986,1.0,295.839996
2254552.0,0.09228318,1.0,296.18399
2254630.0,0.1250446,1.0,4.128
2254708.0,0.08872778,1.0,3.096
2254786.0,0.09766731,1.0,3.096
2254864.0,0.09502608,1.0,2.752
2254943.0,0.08806741,1.0,2.752
2255021.0,0.07785807,1.0,2.752
2255099.0,0.09949581,1.0,293.776001
2255177.0,0.08745789,1.0,295.496002
2255255.0,0.06932486,1.0,295.839996
2255333.0,0.07963581,1.0,295.839996
2255411.0,0.08029609,1.0,295.839996
2255490.0,0.09086101,1.0,295.152008
2255568.0,0.08334372,1.0,295.152008
2255646.0,0.06302655,1.0,2.752
2255724.0,0.09213089,1.0,1.72
2255802.0,0.08679753,1.0,1.376
2255880.0,0.06368684,1.0,1.72
2255958.0,0.07455663,1.0,1.72
2256036.0,0.08568022,1.0,1.72
2256114.0,0.10254329,1.0,293.432007
2256193.0,0.07577568,1.0,294.808014
2256271.0,0.08527375,1.0,295.152008
2256349.0,0.09045468,1.0,295.152008
2256427.0,0.083039,1.0,295.152008
2256505.0,0.08288664,1.0,295.152008
2256583.0,0.08501986,1.0,297.903992
2256661.0,0.08110882,1.0,3.096
2256739.0,0.12291122,1.0,1.376
2256817.0,0.09893712,1.0,2.064
2256896.0,0.08562939,1.0,1.72
2256974.0,0.07938185,1.0,2.064
2257052.0,0.0871024,1.0,0.688
2257130.0,0.08415637,1.0,293.088013
2257208.0,0.05906468,1.0,295.496002
2257286.0,0.08740713,1.0,295.839996
2257364.0,0.07232165,1.0,296.18399
2257442.0,0.10487987,1.0,295.839996
2257520.0,0.08928647,1.0,295.839996
2257599.0,0.07740098,1.0,96.664001
2257677.0,0.05429022,1.0,2.408
2257755.0,0.12220025,1.0,2.752
2257833.0,0.07475975,1.0,2.408
2257911.0,0.08029609,1.0,2.408
2257989.0,0.08156591,1.0,2.064
2258067.0,0.09152129,1.0,156.175995
2258145.0,0.09721015,1.0,294.463989
2258223.0,0.07953421,1.0,294.808014
2258302.0,0.08039777,1.0,294.808014
2258380.0,0.09086101,1.0,294.808014
2258458.0,0.08908334,1.0,294.808014
2258536.0,0.08821978,1.0,295.152008
2258614.0,0.08390249,1.0,2.752
2258692.0,0.10015618,1.0,1.376
2258770.0,0.11366697,1.0,0.688
2258848.0,0.08954035,1.0,1.376
2258927.0,0.09553401,1.0,1.72
2259005.0,0.07755326,1.0,1.72
2259083.0,0.0943658,1.0,291.368011
2259161.0,0.07501364,1.0,294.808014
2259239.0,0.07044231,1.0,295.152008
2259317.0,0.10762262,1.0,294.808014
2259395.0,0.10020687,1.0,295.152008
2259473.0,0.09624506,1.0,295.496002
2259551.0,0.08481666,1.0,295.152008
2259630.0,0.0978196,1.0,3.096
2259708.0,0.08415637,1.0,2.064
2259786.0,0.08796589,1.0,2.064
2259864.0,0.10183232,1.0,2.064
2259942.0,0.07999137,1.0,2.064
2260020.0,0.07912796,1.0,2.408
2260098.0,0.0938578,1.0,294.119995
2260176.0,0.07882323,1.0,295.152008
2260254.0,0.07963581,1.0,295.839996
2260333.0,0.0847659,1.0,295.152008
2260411.0,0.08517223,1.0,296.18399
2260489.0,0.08801658,1.0,295.839996
2260567.0,0.08781345,1.0,295.839996
2260645.0,0.08659448,1.0,3.096
2260723.0,0.08608655,1.0,2.752
2260801.0,0.07892475,1.0,2.064
2260879.0,0.0983276,1.0,1.72
2260957.0,0.10543856,1.0,1.376
2261036.0,0.08999752,1.0,1.72
2261114.0,0.07816279,1.0,293.088013
2261192.0,0.08776269,1.0,294.808014
2261270.0,0.07308353,1.0,295.152008
2261348.0,0.10035922,1.0,295.152008
2261426.0,0.07765487,1.0,295.152008
2261504.0,0.10101952,1.0,295.152008
2261582.0,0.10107043,1.0,298.247986
2261661.0,0.09101345,1.0,2.752
2261739.0,0.09756564,1.0,1.72
2261817.0,0.07206769,1.0,1.72
2261895.0,0.0916229,1.0,1.72
2261973.0,0.07095023,1.0,1.72
2262051.0,0.08105806,1.0,0.688
2262129.0,0.06871541,1.0,293.776001
2262207.0,0.06810588,1.0,295.152008
2262286.0,0.08862618,1.0,295.152008
2262364.0,0.07496288,1.0,295.496002
2262442.0,0.08613724,1.0,295.496002
2262520.0,0.08451194,1.0,295.496002
2262598.0,0.08598495,1.0,107.671997
2262676.0,0.09908949,1.0,2.064
2262754.0,0.10086715,1.0,1.72
2262832.0,0.08141354,1.0,2.408
2262910.0,0.10051174,1.0,2.064
2262988.0,0.09548317,1.0,2.064
2263067.0,0.09228318,1.0,148.608002
2263145.0,0.08928647,1.0,295.152008
2263223.0,0.07623269,1.0,295.152008
2263301.0,0.109756,1.0,295.152008
2263379.0,0.09091184,1.0,295.496002
2263457.0,0.08750873,1.0,295.496002
2263535.0,0.08659448,1.0,294.463989
2263613.0,0.08547695,1.0,2.408
2263691.0,0.08735629,1.0,1.72
2263770.0,0.10462583,1.0,2.064
2263848.0,0.07765487,1.0,2.064
2263926.0,0.07953421,1.0,1.72
2264004.0,0.0864928,1.0,1.72
2264082.0,0.07572477,1.0,291.368011
2264160.0,0.07232165,1.0,294.808014
2264238.0,0.06800421,1.0,294.808014
2264317.0,0.0801945,1.0,295.152008
2264395.0,0.09807364,1.0,295.152008
2264473.0,0.09512761,1.0,295.152008
2264551.0,0.06902014,1.0,295.496002
2264629.0,0.07257561,1.0,2.752
2264707.0,0.08613724,1.0,2.064
2264785.0,0.10101952,1.0,2.064
2264863.0,0.0920293,1.0,2.064
2264941.0,0.08659448,1.0,2.064
2265020.0,0.09147061,1.0,2.064
2265098.0,0.09974977,1.0,293.088013
2265176.0,0.06201078,1.0,295.152008
2265254.0,0.08654372,1.0,295.152008
2265332.0,0.07430259,1.0,294.808014
2265410.0,0.08308969,1.0,295.496002
2265488.0,0.07313438,1.0,295.496002
2265566.0,0.08527375,1.0,295.839996
2265644.0,0.09106421,1.0,2.752
2265722.0,0.10086715,1.0,2.064
2265801.0,0.09167373,1.0,2.408
2265879.0,0.10401638,1.0,1.72
2265957.0,0.09710862,1.0,2.064
2266035.0,0.09136893,1.0,2.408
2266113.0,0.06343295,1.0,293.776001
2266191.0,0.08562939,1.0,295.496002
2266269.0,0.09070864,1.0,295.839996
2266347.0,0.0735407,1.0,295.152008
2266426.0,0.0831406,1.0,295.496002
2266504.0,0.10330526,1.0,294.463989
2266582.0,0.07262637,1.0,294.119995
2266660.0,0.08679753,1.0,3.096
2266738.0,0.09883545,1.0,2.064
2266816.0,0.08740713,1.0,2.064
2266894.0,0.0943658,1.0,2.064
2266972.0,0.07486136,1.0,2.408
2267051.0,0.09964825,1.0,0.688
2267129.0,0.10493071,1.0,293.776001
2267207.0,0.09258799,1.0,295.152008
2267285.0,0.08969279,1.0,295.496002
2267363.0,0.10411791,1.0,295.496002
2267441.0,0.08278496,1.0,295.496002
2267519.0,0.08705156,1.0,295.496002
2267597.0,0.09654986,1.0,114.552002
2267675.0,0.10147675,1.0,2.064
2267754.0,0.10777506,1.0,2.064
2267832.0,0.09502608,1.0,2.064
2267910.0,0.08761033,1.0,2.064
2267988.0,0.06851221,1.0,2.064
2268066.0,0.09934337,1.0,140.007996
2268144.0,0.08364845,1.0,295.152008
2268222.0,0.06282343,1.0,295.496002
2268300.0,0.07653749,1.0,295.152008
2268378.0,0.08659448,1.0,295.496002
2268457.0,0.08232787,1.0,295.496002
2268535.0,0.08420721,1.0,295.496002
2268613.0,0.09878469,1.0,2.752
2268691.0,0.09710862,1.0,2.064
2268769.0,0.08608655,1.0,2.064
2268847.0,0.09741335,1.0,1.72
2268925.0,0.07491204,1.0,2.064
2269003.0,0.08461346,1.0,2.064
2269081.0,0.08034686,1.0,291.368011
2269160.0,0.08872778,1.0,295.152008
2269238.0,0.06820741,1.0,295.152008
2269316.0,0.07425175,1.0,295.496002
2269394.0,0.08400401,1.0,295.152008
2269472.0,0.07633422,1.0,295.496002
2269550.0,0.09309591,1.0,295.496002
2269628.0,0.0779089,1.0,3.44
2269706.0,0.09827684,1.0,2.064
2269785.0,0.09893712,1.0,2.064
2269863.0,0.09685459,1.0,2.064
2269941.0,0.09111497,1.0,2.064
2270019.0,0.09207998,1.0,2.064
2270097.0,0.0847659,1.0,293.432007
2270175.0,0.0712042,1.0,295.152008
2270253.0,0.06835984,1.0,295.496002
2270331.0,0.09370551,1.0,295.496002
2270409.0,0.08786429,1.0,295.152008
2270488.0,0.08187063,1.0,295.496002
2270566.0,0.08552779,1.0,295.152008
2270644.0,0.08380089,1.0,3.096
2270722.0,0.10355922,1.0,2.408
2270800.0,0.11635903,1.0,2.064
2270878.0,0.08583251,1.0,2.064
2270956.0,0.11463206,1.0,2.408
2271034.0,0.0937562,1.0,2.064
2271112.0,0.09009912,1.0,293.432007
2271191.0,0.09334995,1.0,295.152008
2271269.0,0.08390249,1.0,295.152008
2271347.0,0.1169178,1.0,295.496002
2271425.0,0.09731168,1.0,295.496002
2271503.0,0.06317899,1.0,295.152008
2271581.0,0.06389011,1.0,296.872009
2271659.0,0.08542626,1.0,3.096
2271737.0,0.1113813,1.0,2.064
2271815.0,0.09172449,1.0,1.72
2271894.0,0.10203552,1.0,2.752
2271972.0,0.09578797,1.0,2.752
2272050.0,0.08806741,1.0,1.032
2272128.0,0.08735629,1.0,294.119995
2272206.0,0.08517223,1.0,295.839996
2272284.0,0.08776269,1.0,295.152008
2272362.0,0.07892475,1.0,296.18399
2272440.0,0.08766101,1.0,295.496002
2272518.0,0.08857534,1.0,295.839996
2272597.0,0.09289271,1.0,122.120003
2272675.0,0.08501986,1.0,2.408
2272753.0,0.10762262,1.0,2.408
2272831.0,0.12428271,1.0,2.408
2272909.0,0.10371166,1.0,2.408
2272987.0,0.08324213,1.0,2.408
2273065.0,0.09324827,1.0,135.192001
2273144.0,0.09807364,1.0,295.152008
2273222.0,0.07161053,1.0,295.496002
2273300.0,0.09705779,1.0,295.496002
2273378.0,0.08674684,1.0,295.496002
2273456.0,0.08405478,1.0,295.496002
2273534.0,0.09304522,1.0,295.496002
2273612.0,0.083039,1.0,2.752
2273690.0,0.08263259,1.0,2.408
2273768.0,0.09827684,1.0,2.408
2273846.0,0.10152744,1.0,2.752
2273925.0,0.09081024,1.0,2.064
2274003.0,0.08552779,1.0,1.376
2274081.0,0.11117817,1.0,291.368011
2274159.0,0.08832131,1.0,295.152008
2274237.0,0.08948967,1.0,296.18399
2274315.0,0.08715317,1.0,295.496002
2274393.0,0.11630819,1.0,295.839996
2274471.0,0.10061327,1.0,295.496002
2274549.0,0.0864928,1.0,295.152008
2274628.0,0.09152129,1.0,3.784
2274706.0,0.09944498,1.0,2.408
2274784.0,0.10015618,1.0,2.408
2274862.0,0.09065788,1.0,2.064
2274940.0,0.08888007,1.0,2.408
2275018.0,0.06805512,1.0,2.064
2275096.0,0.07638513,1.0,293.776001
2275174.0,0.08430874,1.0,295.152008
2275252.0,0.07486136,1.0,295.496002
2275331.0,0.08105806,1.0,295.496002
2275409.0,0.08441034,1.0,294.808014
2275487.0,0.08999752,1.0,295.496002
2275565.0,0.09324827,1.0,295.496002
2275643.0,0.07821363,1.0,3.096
2275721.0,0.0961943,1.0,2.408
2275799.0,0.0889309,1.0,2.064
2275877.0,0.12346999,1.0,2.408
2275956.0,0.07455663,1.0,2.064
2276034.0,0.06739476,1.0,2.064
2276112.0,0.08197231,1.0,293.432007
2276190.0,0.086696,1.0,295.152008
2276268.0,0.09914025,1.0,295.152008
2276346.0,0.08740713,1.0,295.152008
2276424.0,0.09187686,1.0,295.496002
2276502.0,0.10010526,1.0,295.496002
2276581.0,0.08613724,1.0,296.528015
2276659.0,0.08700073,1.0,3.096
2276737.0,0.09985138,1.0,2.064
2276815.0,0.09238486,1.0,2.064
2276893.0,0.09964825,1.0,2.064
2276971.0,0.08664524,1.0,2.064
2277049.0,0.08933723,1.0,0.688
2277127.0,0.08552779,1.0,293.432007
2277205.0,0.05743937,1.0,295.152008
2277284.0,0.0891341,1.0,295.839996
2277362.0,0.10696233,1.0,295.839996
2277440.0,0.08811826,1.0,296.18399
2277518.0,0.10056243,1.0,295.839996
2277596.0,0.10345761,1.0,135.535995
2277674.0,0.11326064,1.0,2.408
2277752.0,0.08994683,1.0,2.752
2277830.0,0.11117817,1.0,2.408
2277908.0,0.10015618,1.0,2.408
2277987.0,0.10071479,1.0,2.408
2278065.0,0.08532466,1.0,131.063995
2278143.0,0.09878469,1.0,295.496002
2278221.0,0.06612487,1.0,295.496002
2278299.0,0.09060712,1.0,295.496002
2278377.0,0.08039777,1.0,295.496002
2278455.0,0.09187686,1.0,295.839996
2278533.0,0.06775032,1.0,295.839996
2278611.0,0.08415637,1.0,2.752
2278690.0,0.0907594,1.0,2.408
2278768.0,0.0979212,1.0,2.408
2278846.0,0.087204,1.0,2.064
2278924.0,0.08065166,1.0,2.064
2279002.0,0.09776891,1.0,2.064
2279080.0,0.09812433,1.0,291.023987
2279158.0,0.08593411,1.0,295.152008
2279236.0,0.07674069,1.0,295.152008
2279315.0,0.08115966,1.0,295.152008
2279393.0,0.10711477,1.0,295.152008
2279471.0,0.07623269,1.0,295.839996
2279549.0,0.09477205,1.0,295.839996
2279627.0,0.11869546,1.0,3.44
2279705.0,0.08755949,1.0,2.408
2279783.0,0.08791506,1.0,2.064
2279861.0,0.0871024,1.0,2.064
2279939.0,0.12438431,1.0,2.064
2280018.0,0.105083,1.0,2.752
2280096.0,0.10228948,1.0,294.119995
2280174.0,0.09248646,1.0,295.839996
2280252.0,0.09761647,1.0,296.18399
2280330.0,0.06983286,1.0,295.839996
2280408.0,0.07303277,1.0,296.18399
2280486.0,0.0961943,1.0,296.18399
2280564.0,0.09401023,1.0,295.839996
2280642.0,0.09878469,1.0,3.44
2280721.0,0.0938578,1.0,2.752
2280799.0,0.09690535,1.0,2.408
2280877.0,0.09944498,1.0,2.408
2280955.0,0.09070864,1.0,2.064
2281033.0,0.09157213,1.0,2.408
2281111.0,0.09091184,1.0,294.119995
2281189.0,0.09568638,1.0,295.496002
2281267.0,0.07460731,1.0,295.496002
2281346.0,0.0850707,1.0,294.808014
2281424.0,0.10325449,1.0,295.496002
2281502.0,0.06185842,1.0,295.839996
2281580.0,0.07628345,1.0,297.216003
2281658.0,0.09070864,1.0,3.096
2281736.0,0.11097505,1.0,2.064
2281814.0,0.08791506,1.0,2.064
2281892.0,0.09934337,1.0,2.064
2281970.0,0.0909626,1.0,2.064
2282049.0,0.09020064,1.0,1.032
2282127.0,0.07161053,1.0,294.119995
2282205.0,0.08060089,1.0,295.496002
2282283.0,0.08832131,1.0,295.152008
2282361.0,0.10142592,1.0,295.496002
2282439.0,0.09070864,1.0,295.839996
2282517.0,0.0888293,1.0,295.496002
2282595.0,0.10371166,1.0,142.416
2282673.0,0.083039,1.0,2.752
2282752.0,0.08430874,1.0,2.064
2282830.0,0.10736866,1.0,2.064
2282908.0,0.08405478,1.0,2.408
2282986.0,0.09873392,1.0,1.72
2283064.0,0.09187686,1.0,123.152
2283142.0,0.08557847,1.0,294.463989
2283220.0,0.07054391,1.0,294.808014
2283298.0,0.09126741,1.0,295.496002
2283376.0,0.11209235,1.0,295.496002
2283455.0,0.09416252,1.0,295.496002
2283533.0,0.10635288,1.0,295.496002
2283611.0,0.07938185,1.0,2.408
2283689.0,0.10366081,1.0,2.408
2283767.0,0.11127978,1.0,2.064
2283845.0,0.08644211,1.0,2.064
2283923.0,0.08684844,1.0,2.064
2284001.0,0.09426412,1.0,2.408
2284080.0,0.09213089,1.0,290.679993
2284158.0,0.09512761,1.0,295.152008
2284236.0,0.08938807,1.0,295.496002
2284314.0,0.06917257,1.0,295.496002
2284392.0,0.09634666,1.0,295.496002
2284470.0,0.08872778,1.0,295.496002
2284548.0,0.07826447,1.0,295.496002
2284626.0,0.10234024,1.0,3.44
2284704.0,0.09654986,1.0,2.064
2284783.0,0.09334995,1.0,2.064
2284861.0,0.10173072,1.0,2.064
2284939.0,0.11077178,1.0,2.064
2285017.0,0.0777057,1.0,2.064
2285095.0,0.08420721,1.0,293.432007
2285173.0,0.08984523,1.0,295.152008
2285251.0,0.08943883,1.0,295.496002
2285329.0,0.08974363,1.0,295.152008
2285408.0,0.06775032,1.0,295.496002
2285486.0,0.09914025,1.0,295.496002
2285564.0,0.09853072,1.0,295.496002
2285642.0,0.0843595,1.0,3.096
2285720.0,0.09644834,1.0,1.72
2285798.0,0.06810588,1.0,2.064
2285876.0,0.09817516,1.0,2.064
2285954.0,0.09192769,1.0,2.064
2286032.0,0.09284195,1.0,2.064
2286111.0,0.09517845,1.0,293.776001
2286189.0,0.09380703,1.0,295.152008
2286267.0,0.06236627,1.0,295.496002
2286345.0,0.10203552,1.0,295.496002
2286423.0,0.09192769,1.0,295.496002
2286501.0,0.06952798,1.0,295.496002
2286579.0,0.08994683,1.0,297.216003
2286657.0,0.09492441,1.0,3.096
2286735.0,0.10320373,1.0,2.064
2286814.0,0.11300667,1.0,2.064
2286892.0,0.0938578,1.0,2.064
2286970.0,0.09492441,1.0,2.064
2287048.0,0.09477205,1.0,1.72
2287126.0,0.09207998,1.0,293.776001
2287204.0,0.078366,1.0,295.152008
2287282.0,0.10310206,1.0,295.152008
2287360.0,0.08654372,1.0,295.496002
2287439.0,0.08847374,1.0,295.496002
2287517.0,0.07887392,1.0,295.152008
2287595.0,0.09121657,1.0,153.423996
2287673.0,0.08517223,1.0,2.064
2287751.0,0.0888293,1.0,1.72
2287829.0,0.08715317,1.0,2.064
2287907.0,0.0960927,1.0,2.064
2287985.0,0.08781345,1.0,2.064
2288063.0,0.08847374,1.0,112.832001
2288142.0,0.11453045,1.0,295.152008
2288220.0,0.05754097,1.0,295.152008
2288298.0,0.0889309,1.0,295.496002
2288376.0,0.08374997,1.0,295.496002
2288454.0,0.12027007,1.0,295.152008
2288532.0,0.10015618,1.0,295.496002
2288610.0,0.10853695,1.0,2.064
2288688.0,0.1002577,1.0,2.064
2288766.0,0.10041007,1.0,2.064
2288844.0,0.10934953,1.0,2.064
2288923.0,0.09294347,1.0,1.72
2289001.0,0.09553401,1.0,1.72
2289079.0,0.09959742,1.0,290.335999
2289157.0,0.08562939,1.0,294.808014
2289235.0,0.07618193,1.0,295.152008
2289313.0,0.07064551,1.0,295.152008
2289391.0,0.09406092,1.0,295.496002
2289469.0,0.09548317,1.0,295.496002
2289548.0,0.08623891,1.0,295.152008
2289626.0,0.09106421,1.0,3.44
2289704.0,0.10274649,1.0,2.064
2289782.0,0.11239715,1.0,2.064
2289860.0,0.10833374,1.0,2.064
2289938.0,0.09761647,1.0,2.064
2290016.0,0.09507684,1.0,2.064
2290094.0,0.09594026,1.0,293.432007
2290173.0,0.10533696,1.0,295.152008
2290251.0,0.08217543,1.0,295.839996
2290329.0,0.09329903,1.0,295.152008
2290407.0,0.08390249,1.0,295.839996
2290485.0,0.10162912,1.0,295.839996
2290563.0,0.09665138,1.0,295.152008
2290641.0,0.09588958,1.0,3.784
2290719.0,0.09263875,1.0,2.064
2290797.0,0.10452431,1.0,2.408
2290876.0,0.09949581,1.0,2.064
2290954.0,0.08994683,1.0,2.064
2291032.0,0.08700073,1.0,2.408
2291110.0,0.10437194,1.0,293.432007
2291188.0,0.08695004,1.0,295.496002
2291266.0,0.09888629,1.0,295.152008
2291344.0,0.08197231,1.0,296.18399
2291422.0,0.09289271,1.0,295.496002
2291500.0,0.09533081,1.0,295.152008
2291579.0,0.10355922,1.0,297.216003
2291657.0,0.08156591,1.0,3.784
2291735.0,0.09182617,1.0,2.408
2291813.0,0.08806741,1.0,2.408
2291891.0,0.07430259,1.0,2.408
2291969.0,0.08004213,1.0,2.408
2292047.0,0.11102574,1.0,1.376
2292125.0,0.08989592,1.0,293.776001
2292203.0,0.0712042,1.0,295.152008
2292282.0,0.09370551,1.0,295.496002
2292360.0,0.11173686,1.0,294.808014
2292438.0,0.09340063,1.0,295.496002
2292516.0,0.08837214,1.0,294.808014
2292594.0,0.07470892,1.0,163.399994
2292672.0,0.10071479,1.0,2.064
2292750.0,0.09710862,1.0,2.064
2292828.0,0.09060712,1.0,2.064
2292907.0,0.0846643,1.0,1.72
2292985.0,0.09314675,1.0,2.064
2293063.0,0.0868992,1.0,104.919998
2293141.0,0.07775655,1.0,295.152008
2293219.0,0.09035308,1.0,295.152008
2293297.0,0.08816902,1.0,295.152008
2293375.0,0.09665138,1.0,295.496002
2293453.0,0.09192769,1.0,295.496002
2293531.0,0.08121035,1.0,295.496002
2293610.0,0.0871024,1.0,2.064
2293688.0,0.09959742,1.0,2.064
2293766.0,0.12545092,1.0,1.72
2293844.0,0.10970517,1.0,2.064
2293922.0,0.10096883,1.0,2.064
2294000.0,0.09238486,1.0,1.72
2294078.0,0.11188923,1.0,289.64801
2294156.0,0.10660677,1.0,295.152008
2294234.0,0.08938807,1.0,295.152008
2294313.0,0.10818139,1.0,295.152008
2294391.0,0.10599732,1.0,295.496002
2294469.0,0.11112734,1.0,295.152008
2294547.0,0.09182617,1.0,295.496002
2294625.0,0.07348986,1.0,3.096
2294703.0,0.0891341,1.0,1.72
2294781.0,0.10396554,1.0,1.72
2294859.0,0.08288664,1.0,1.376
2294938.0,0.09258799,1.0,1.376
2295016.0,0.09035308,1.0,1.376
2295094.0,0.06328052,1.0,292.056
2295172.0,0.0960927,1.0,295.152008
2295250.0,0.07658825,1.0,294.808014
2295328.0,0.08430874,1.0,294.463989
2295406.0,0.08750873,1.0,295.496002
2295484.0,0.09192769,1.0,294.808014
2295562.0,0.07247408,1.0,295.496002
2295641.0,0.10482903,1.0,2.752
2295719.0,0.09487372,1.0,1.72
2295797.0,0.1025942,1.0,2.064
2295875.0,0.07242325,1.0,1.72
2295953.0,0.0983276,1.0,1.72
2296031.0,0.09167373,1.0,1.376
2296109.0,0.1025942,1.0,292.743988
2296187.0,0.09172449,1.0,294.463989
2296265.0,0.09258799,1.0,295.152008
2296344.0,0.08755949,1.0,295.496002
2296422.0,0.09055628,1.0,294.808014
2296500.0,0.11381941,1.0,295.496002
2296578.0,0.08501986,1.0,297.559998
2296656.0,0.08537543,1.0,3.44
2296734.0,0.11869546,1.0,1.72
2296812.0,0.09365467,1.0,2.064
2296890.0,0.0801945,1.0,1.72
2296968.0,0.10096883,1.0,2.064
2297047.0,0.10152744,1.0,1.376
2297125.0,0.09319751,1.0,294.119995
2297203.0,0.0831406,1.0,295.152008
2297281.0,0.11346384,1.0,295.496002
2297359.0,0.09797211,1.0,295.152008
2297437.0,0.08400401,1.0,295.496002
2297515.0,0.09451808,1.0,295.152008
2297593.0,0.08075326,1.0,170.968002
2297672.0,0.10559099,1.0,2.064
2297750.0,0.10320373,1.0,2.064
2297828.0,0.10315289,1.0,2.064
2297906.0,0.10254329,1.0,2.064
2297984.0,0.09527997,1.0,2.064
2298062.0,0.08415637,1.0,86.0
2298140.0,0.09334995,1.0,295.152008
2298218.0,0.10030854,1.0,295.152008
2298297.0,0.0983276,1.0,295.496002
2298375.0,0.06546458,1.0,295.496002
2298453.0,0.09654986,1.0,295.496002
2298531.0,0.07227081,1.0,295.496002
2298609.0,0.07333758,1.0,2.064
2298687.0,0.09081024,1.0,2.408
2298765.0,0.09421336,1.0,2.064
2298843.0,0.09177525,1.0,2.064
2298921.0,0.10716546,1.0,2.064
2298999.0,0.07846759,1.0,2.064
2299078.0,0.09101345,1.0,289.64801
2299156.0,0.10132431,1.0,295.152008
2299234.0,0.07795975,1.0,295.839996
2299312.0,0.09248646,1.0,295.496002
2299390.0,0.08441034,1.0,295.152008
2299468.0,0.1095528,1.0,295.496002
2299546.0,0.10162912,1.0,296.872009
2299624.0,0.09543233,1.0,4.128
2299703.0,0.10950196,1.0,2.408
2299781.0,0.12626365,1.0,2.064
2299859.0,0.09477205,1.0,2.064
2299937.0,0.10843535,1.0,2.064
2300015.0,0.09401023,1.0,1.72
2300093.0,0.08761033,1.0,293.088013
2300171.0,0.10081647,1.0,295.152008
2300249.0,0.08248024,1.0,294.808014
2300327.0,0.08004213,1.0,295.152008
2300406.0,0.09172449,1.0,294.808014
2300484.0,0.09634666,1.0,295.152008
2300562.0,0.08227704,1.0,295.496002
2300640.0,0.09477205,1.0,3.096
2300718.0,0.09715931,1.0,2.064
2300796.0,0.10879084,1.0,1.72
2300874.0,0.08593411,1.0,1.72
2300952.0,0.08293732,1.0,1.72
2301030.0,0.09040391,1.0,1.72
2301109.0,0.09355307,1.0,292.743988
2301187.0,0.1156479,1.0,295.152008
2301265.0,0.09350223,1.0,295.152008
2301343.0,0.07531844,1.0,295.496002
2301421.0,0.09228318,1.0,295.152008
2301499.0,0.10340678,1.0,295.496002
2301577.0,0.08065166,1.0,297.216003
2301655.0,0.11183854,1.0,3.44
2301733.0,0.10503224,1.0,2.064
2301812.0,0.09218166,1.0,2.064
2301890.0,0.10513383,1.0,2.064
2301968.0,0.09665138,1.0,2.064
2302046.0,0.08202314,1.0,2.408
2302124.0,0.10482903,1.0,293.776001
2302202.0,0.07826447,1.0,296.18399
2302280.0,0.08344533,1.0,295.152008
2302359.0,0.09695611,1.0,295.839996
2302437.0,0.09218166,1.0,295.496002
2302515.0,0.08527375,1.0,294.463989
2302593.0,0.10747018,1.0,180.255997
2302671.0,0.0888293,1.0,3.096
2302749.0,0.1090448,1.0,2.064
2302827.0,0.09822592,1.0,2.064
2302905.0,0.10000367,1.0,3.44
2302983.0,0.10213704,1.0,2.064
2303062.0,0.09710862,1.0,80.152
2303140.0,0.1004609,1.0,295.152008
2303218.0,0.08552779,1.0,295.152008
2303296.0,0.10167995,1.0,295.152008
2303374.0,0.10813054,1.0,295.152008
2303452.0,0.08827061,1.0,295.496002
2303530.0,0.09721015,1.0,295.496002
2303608.0,0.09776891,1.0,1.72
2303686.0,0.09461968,1.0,2.064
2303764.0,0.09517845,1.0,2.064
2303843.0,0.09964825,1.0,2.064
2303921.0,0.08959119,1.0,2.064
2303999.0,0.07435335,1.0,2.064
2304077.0,0.10645441,1.0,288.272003
2304155.0,0.06698836,1.0,295.152008
2304233.0,0.09334995,1.0,294.808014
2304311.0,0.09340063,1.0,295.496002
2304390.0,0.08781345,1.0,295.496002
2304468.0,0.09152129,1.0,294.808014
2304546.0,0.09081024,1.0,294.808014
2304624.0,0.11610499,1.0,3.096
2304702.0,0.11122894,1.0,1.72
2304780.0,0.11427649,1.0,2.064
2304858.0,0.07232165,1.0,2.752
2304936.0,0.09705779,1.0,2.064
2305014.0,0.09060712,1.0,1.72
2305092.0,0.08715317,1.0,293.088013
2305171.0,0.08796589,1.0,295.152008
2305249.0,0.06576931,1.0,295.496002
2305327.0,0.09568638,1.0,295.152008
2305405.0,0.08542626,1.0,295.496002
2305483.0,0.11021309,1.0,294.808014
2305561.0,0.09182617,1.0,295.496002
2305639.0,0.08126118,1.0,3.44
2305717.0,0.10030854,1.0,2.752
2305795.0,0.09482281,1.0,2.408
2305874.0,0.10289893,1.0,2.752
2305952.0,0.10167995,1.0,2.408
2306030.0,0.08100729,1.0,1.72
2306108.0,0.11407329,1.0,293.776001
2306186.0,0.07978825,1.0,294.808014
2306264.0,0.0983276,1.0,295.839996
2306342.0,0.09776891,1.0,295.496002
2306420.0,0.0831406,1.0,295.839996
2306498.0,0.11021309,1.0,295.496002
2306577.0,0.10020687,1.0,297.903992
2306655.0,0.10137516,1.0,3.096
2306733.0,0.1094512,1.0,2.408
2306811.0,0.09817516,1.0,2.408
2306889.0,0.07719778,1.0,2.408
2306967.0,0.11478442,1.0,1.72
2307045.0,0.08263259,1.0,1.376
2307124.0,0.09629583,1.0,293.432007
2307202.0,0.08441034,1.0,294.808014
2307280.0,0.11234639,1.0,294.808014
2307358.0,0.086696,1.0,295.152008
2307436.0,0.10376234,1.0,295.152008
2307514.0,0.08090562,1.0,294.808014
2307592.0,0.08278496,1.0,188.856003
2307670.0,0.11595263,1.0,2.064
2307748.0,0.11366697,1.0,1.72
2307827.0,0.09853072,1.0,1.72
2307905.0,0.11600347,1.0,2.064
2307983.0,0.10218773,1.0,1.72
2308061.0,0.08293732,1.0,72.239998
2308139.0,0.09106421,1.0,294.808014
2308217.0,0.07694381,1.0,295.152008
2308295.0,0.11229563,1.0,295.152008
2308373.0,0.1004609,1.0,296.18399
2308451.0,0.08811826,1.0,294.808014
2308530.0,0.0871024,1.0,295.839996
2308608.0,0.09223242,1.0,2.064
2308686.0,0.10564169,1.0,2.064
2308764.0,0.10274649,1.0,2.064
2308842.0,0.10264497,1.0,2.408
2308920.0,0.12047327,1.0,2.408
2308998.0,0.10228948,1.0,2.064
2309076.0,0.10294977,1.0,287.23999
2309155.0,0.0871024,1.0,294.808014
2309233.0,0.07145824,1.0,295.152008
2309311.0,0.09086101,1.0,295.152008
2309389.0,0.10802895,1.0,295.152008
2309467.0,0.10061327,1.0,295.496002
2309545.0,0.08176911,1.0,295.152008
2309623.0,0.11580027,1.0,3.096
2309701.0,0.10807978,1.0,2.064
2309779.0,0.10427035,1.0,2.064
2309857.0,0.10452431,1.0,1.72
2309936.0,0.08654372,1.0,1.72
2310014.0,0.06871541,1.0,1.72
2310092.0,0.10934953,1.0,293.088013
2310170.0,0.09461968,1.0,295.152008
2310248.0,0.08943883,1.0,295.152008
2310326.0,0.08730552,1.0,295.152008
2310404.0,0.11752725,1.0,295.496002
2310482.0,0.08821978,1.0,295.152008
2310560.0,0.08872778,1.0,295.152008
2310639.0,0.09654986,1.0,3.096
2310717.0,0.11493685,1.0,2.064
2310795.0,0.11397169,1.0,2.064
2310873.0,0.0758772,1.0,2.064
2310951.0,0.10117203,1.0,2.064
2311029.0,0.09497525,1.0,2.064
2311107.0,0.08049937,1.0,294.119995
2311185.0,0.08898159,1.0,295.839996
2311263.0,0.07928032,1.0,295.839996
2311342.0,0.11000989,1.0,295.839996
2311420.0,0.09035308,1.0,295.839996
2311498.0,0.12291122,1.0,296.18399
2311576.0,0.10107043,1.0,295.839996
2311654.0,0.0909626,1.0,3.44
2311732.0,0.10244177,1.0,2.408
2311810.0,0.11473358,1.0,1.72
2311888.0,0.09990214,1.0,1.72
2311967.0,0.10985752,1.0,1.72
2312045.0,0.10061327,1.0,1.72
2312123.0,0.08852458,1.0,293.432007
2312201.0,0.0937562,1.0,295.496002
2312279.0,0.09309591,1.0,294.808014
2312357.0,0.08608655,1.0,294.808014
2312435.0,0.10183232,1.0,295.152008
2312513.0,0.09512761,1.0,295.152008
2312592.0,0.11107658,1.0,195.048004
2312670.0,0.09243562,1.0,1.72
2312748.0,0.12194621,1.0,1.376
2312826.0,0.09868309,1.0,1.72
2312904.0,0.08227704,1.0,1.376
2312982.0,0.10213704,1.0,1.72
2313060.0,0.06952798,1.0,65.704002
2313138.0,0.10213704,1.0,294.463989
2313216.0,0.08009297,1.0,294.808014
2313295.0,0.09746404,1.0,295.152008
2313373.0,0.09644834,1.0,294.808014
2313451.0,0.0807025,1.0,295.152008
2313529.0,0.1020862,1.0,294.808014
2313607.0,0.09248646,1.0,4.128
2313685.0,0.10122272,1.0,2.064
2313763.0,0.09974977,1.0,1.72
2313841.0,0.10950196,1.0,1.032
2313919.0,0.09665138,1.0,1.032
2313998.0,0.08674684,1.0,1.72
2314076.0,0.1002577,1.0,286.552002
2314154.0,0.09116588,1.0,294.463989
2314232.0,0.09380703,1.0,294.463989
2314310.0,0.08705156,1.0,295.152008
2314388.0,0.11681619,1.0,294.808014
2314466.0,0.10503224,1.0,295.496002
2314544.0,0.09817516,1.0,295.839996
2314623.0,0.10609892,1.0,3.784
2314701.0,0.09995297,1.0,2.408
2314779.0,0.1185431,1.0,2.064
2314857.0,0.10152744,1.0,2.408
2314935.0,0.09883545,1.0,2.064
2315013.0,0.09274034,1.0,1.72
2315091.0,0.08964195,1.0,292.399994
2315169.0,0.07460731,1.0,294.808014
2315247.0,0.08268344,1.0,294.808014
2315326.0,0.10650517,1.0,295.152008
2315404.0,0.08557847,1.0,295.152008
2315482.0,0.08750873,1.0,295.496002
2315560.0,0.11178762,1.0,295.496002
2315638.0,0.09974977,1.0,3.096
2315716.0,0.10929883,1.0,1.72
2315794.0,0.09685459,1.0,1.72
2315872.0,0.0980228,1.0,2.064
2315950.0,0.10096883,1.0,1.72
2316029.0,0.09766731,1.0,1.72
2316107.0,0.10721637,1.0,293.776001
2316185.0,0.08943883,1.0,295.152008
2316263.0,0.09660055,1.0,295.152008
2316341.0,0.08700073,1.0,295.152008
2316419.0,0.08872778,1.0,295.152008
2316497.0,0.12220025,1.0,295.152008
2316575.0,0.08501986,1.0,295.496002
2316653.0,0.10990829,1.0,3.096
2316732.0,0.11178762,1.0,1.72
2316810.0,0.09492441,1.0,1.72
2316888.0,0.10127355,1.0,2.064
2316966.0,0.10686073,1.0,2.064
2317044.0,0.09665138,1.0,1.376
2317122.0,0.10223857,1.0,293.776001
2317200.0,0.08405478,1.0,295.152008
2317278.0,0.12225094,1.0,295.152008
2317357.0,0.08847374,1.0,295.496002
2317435.0,0.09736251,1.0,295.496002
2317513.0,0.09248646,1.0,295.152008
2317591.0,0.09858156,1.0,206.056
2317669.0,0.10173072,1.0,2.408
2317747.0,0.10381325,1.0,2.064
2317825.0,0.09959742,1.0,1.376
2317903.0,0.08989592,1.0,1.72
2317981.0,0.11072101,1.0,2.064
2318060.0,0.09182617,1.0,62.952
2318138.0,0.09289271,1.0,295.152008
2318216.0,0.06058853,1.0,295.152008
2318294.0,0.10564169,1.0,294.808014
2318372.0,0.10076563,1.0,295.152008
2318450.0,0.09924185,1.0,295.496002
2318528.0,0.09025156,1.0,294.463989
2318606.0,0.09334995,1.0,5.848
2318684.0,0.0695789,1.0,1.376
2318763.0,0.12047327,1.0,1.72
2318841.0,0.10178148,1.0,1.72
2318919.0,0.08369921,1.0,1.72
2318997.0,0.07846759,1.0,1.72
2319075.0,0.10670837,1.0,284.488007
2319153.0,0.07811203,1.0,295.152008
2319231.0,0.1000545,1.0,295.152008
2319309.0,0.07308353,1.0,295.496002
2319388.0,0.11168603,1.0,295.496002
2319466.0,0.11773045,1.0,295.496002
2319544.0,0.07902628,1.0,295.496002
2319622.0,0.10980676,1.0,3.096
2319700.0,0.11102574,1.0,2.064
2319778.0,0.11249883,1.0,2.064
2319856.0,0.1154447,1.0,2.064
2319934.0,0.08517223,1.0,2.064
2320012.0,0.09924185,1.0,2.064
2320091.0,0.09248646,1.0,293.088013
2320169.0,0.1056926,1.0,295.152008
2320247.0,0.09187686,1.0,295.496002
2320325.0,0.09914025,1.0,295.496002
2320403.0,0.0939594,1.0,295.839996
2320481.0,0.1095528,1.0,295.839996
2320559.0,0.08522306,1.0,295.496002
2320637.0,0.08857534,1.0,3.096
2320715.0,0.10137516,1.0,2.064
2320794.0,0.07877232,1.0,2.408
2320872.0,0.10107043,1.0,2.064
2320950.0,0.10147675,1.0,2.064
2321028.0,0.08222627,1.0,2.064
2321106.0,0.09985138,1.0,293.432007
2321184.0,0.09543233,1.0,295.839996
2321262.0,0.09954657,1.0,295.496002
2321340.0,0.09538157,1.0,295.496002
2321419.0,0.09990214,1.0,295.496002
2321497.0,0.09030232,1.0,295.839996
2321575.0,0.10076563,1.0,295.496002
2321653.0,0.11102574,1.0,3.096
2321731.0,0.11828914,1.0,2.064
2321809.0,0.10665761,1.0,2.064
2321887.0,0.07831515,1.0,2.064
2321965.0,0.10325449,1.0,2.064
2322043.0,0.07547081,1.0,1.376
2322122.0,0.14449821,1.0,293.776001
2322200.0,0.09070864,1.0,295.152008
2322278.0,0.08781345,1.0,295.152008
2322356.0,0.09482281,1.0,295.496002
2322434.0,0.08735629,1.0,295.496002
2322512.0,0.09157213,1.0,295.496002
2322590.0,0.10071479,1.0,215.343994
2322668.0,0.12052403,1.0,2.408
2322746.0,0.09197845,1.0,2.064
2322825.0,0.10726713,1.0,2.064
2322903.0,0.08593411,1.0,2.064
2322981.0,0.10391478,1.0,2.064
2323059.0,0.09147061,1.0,57.792
2323137.0,0.10614961,1.0,294.808014
2323215.0,0.05738861,1.0,295.152008
2323293.0,0.08542626,1.0,295.496002
2323371.0,0.09522928,1.0,295.152008
2323449.0,0.08735629,1.0,295.839996
2323528.0,0.09771807,1.0,296.528015
2323606.0,0.087204,1.0,8.944
2323684.0,0.10198468,1.0,3.096
2323762.0,0.10762262,1.0,2.752
2323840.0,0.11356536,1.0,2.752
2323918.0,0.08481666,1.0,2.752
2323996.0,0.08674684,1.0,2.752
2324075.0,0.1158511,1.0,283.455994
2324153.0,0.10010526,1.0,295.496002
2324231.0,0.08496902,1.0,295.839996
2324309.0,0.08700073,1.0,295.839996
2324387.0,0.09629583,1.0,295.152008
2324465.0,0.07740098,1.0,296.872009
2324543.0,0.0980228,1.0,295.839996
2324621.0,0.07232165,1.0,3.784
2324699.0,0.10985752,1.0,2.408
2324777.0,0.10584489,1.0,2.408
2324856.0,0.12519696,1.0,2.064
2324934.0,0.10167995,1.0,2.408
2325012.0,0.10721637,1.0,2.408
2325090.0,0.08258183,1.0,292.743988
2325168.0,0.10752109,1.0,295.496002
2325246.0,0.08562939,1.0,295.496002
2325324.0,0.06089325,1.0,295.496002
2325402.0,0.10640365,1.0,295.496002
2325480.0,0.09949581,1.0,295.496002
2325559.0,0.09578797,1.0,295.496002
2325637.0,0.09192769,1.0,3.096
2325715.0,0.0959911,1.0,2.064
2325793.0,0.11823837,1.0,2.064
2325871.0,0.09228318,1.0,2.064
2325949.0,0.1176796,1.0,2.064
2326027.0,0.09919109,1.0,2.064
2326105.0,0.11955902,1.0,294.808014
2326184.0,0.08634052,1.0,296.18399
2326262.0,0.08994683,1.0,296.18399
2326340.0,0.08293732,1.0,296.528015
2326418.0,0.10081647,1.0,296.18399
2326496.0,0.09995297,1.0,296.528015
2326574.0,0.09934337,1.0,296.18399
2326652.0,0.10076563,1.0,3.784
2326730.0,0.11610499,1.0,2.752
2326809.0,0.11300667,1.0,2.752
2326887.0,0.11833997,1.0,2.408
2326965.0,0.10279733,1.0,2.408
2327043.0,0.10594641,1.0,2.408
2327121.0,0.11661292,1.0,294.119995
2327199.0,0.10086715,1.0,295.496002
2327277.0,0.0871024,1.0,295.839996
2327355.0,0.09253714,1.0,295.839996
2327433.0,0.1096544,1.0,295.839996
2327511.0,0.10894328,1.0,295.839996
2327590.0,0.10523544,1.0,222.223999
2327668.0,0.1068099,1.0,2.752
2327746.0,0.12321595,1.0,2.408
2327824.0,0.10807978,1.0,2.408
2327902.0,0.07694381,1.0,2.064
2327980.0,0.11199082,1.0,2.064
2328058.0,0.1115845,1.0,49.192001
2328136.0,0.10787666,1.0,295.152008
2328214.0,0.09218166,1.0,295.496002
2328293.0,0.08867686,1.0,295.496002
2328371.0,0.08369921,1.0,295.496002
2328449.0,0.08461346,1.0,295.496002
2328527.0,0.09726091,1.0,295.496002
2328605.0,0.0848675,1.0,9.976
2328683.0,0.07922948,1.0,2.064
2328761.0,0.11387017,1.0,2.064
2328839.0,0.11326064,1.0,3.44
2328918.0,0.08593411,1.0,3.44
2328996.0,0.10665761,1.0,3.44
2329074.0,0.09512761,1.0,282.079987
2329152.0,0.09929269,1.0,295.839996
2329230.0,0.09324827,1.0,296.18399
2329308.0,0.09228318,1.0,295.839996
2329386.0,0.10376234,1.0,296.18399
2329464.0,0.09924185,1.0,296.18399
2329543.0,0.07902628,1.0,296.18399
2329621.0,0.08613724,1.0,3.44
2329699.0,0.10427035,1.0,2.408
2329777.0,0.09614346,1.0,2.064
2329855.0,0.10787666,1.0,1.72
2329933.0,0.10691164,1.0,2.064
2330011.0,0.09431496,1.0,2.064
2330089.0,0.07465816,1.0,293.088013
2330167.0,0.10940044,1.0,295.496002
2330246.0,0.07684222,1.0,294.463989
2330324.0,0.11087338,1.0,294.808014
2330402.0,0.10183232,1.0,295.152008
2330480.0,0.1002577,1.0,295.496002
2330558.0,0.11326064,1.0,295.496002
2330636.0,0.11803517,1.0,3.44
2330714.0,0.11199082,1.0,1.72
2330792.0,0.09893712,1.0,2.064
2330870.0,0.07552164,1.0,2.064
2330948.0,0.10594641,1.0,2.064
2331027.0,0.09116588,1.0,2.064
2331105.0,0.11270195,1.0,293.432007
2331183.0,0.09604186,1.0,295.496002
2331261.0,0.09370551,1.0,295.496002
2331339.0,0.09649903,1.0,294.463989
2331417.0,0.10345761,1.0,294.808014
2331495.0,0.08999752,1.0,296.18399
2331573.0,0.11808601,1.0,296.528015
2331651.0,0.109248,1.0,4.128
2331730.0,0.1114829,1.0,2.752
2331808.0,0.09629583,1.0,2.752
2331886.0,0.11036545,1.0,2.408
2331964.0,0.08273412,1.0,2.752
2332042.0,0.086696,1.0,2.752
2332120.0,0.09614346,1.0,294.463989
2332198.0,0.09766731,1.0,295.839996
2332277.0,0.11270195,1.0,295.839996
2332355.0,0.09924185,1.0,295.496002
2332433.0,0.11920338,1.0,296.18399
2332511.0,0.09035308,1.0,295.839996
2332589.0,0.12291122,1.0,228.759995
2332667.0,0.10447355,1.0,2.752
2332745.0,0.10198468,1.0,1.72
2332823.0,0.08715317,1.0,2.408
2332901.0,0.10584489,1.0,2.408
2332980.0,0.10853695,1.0,1.72
2333058.0,0.10056243,1.0,37.152
2333136.0,0.09746404,1.0,294.808014
2333214.0,0.08791506,1.0,295.839996
2333292.0,0.09665138,1.0,294.808014
2333370.0,0.0979212,1.0,295.496002
2333448.0,0.09721015,1.0,295.152008
2333526.0,0.11981283,1.0,295.839996
2333604.0,0.08385165,1.0,12.728
2333683.0,0.11666375,1.0,2.408
2333761.0,0.11991451,1.0,2.752
2333839.0,0.10462583,1.0,2.408
2333917.0,0.10264497,1.0,2.064
2333995.0,0.09847989,1.0,2.408
2334073.0,0.11905102,1.0,279.328003
2334151.0,0.10305136,1.0,295.496002
2334229.0,0.10223857,1.0,296.18399
2334307.0,0.11402261,1.0,295.496002
2334386.0,0.1121941,1.0,295.839996
2334464.0,0.09568638,1.0,295.839996
2334542.0,0.11813685,1.0,296.528015
2334620.0,0.12143836,1.0,4.128
2334698.0,0.12672082,1.0,2.064
2334776.0,0.10543856,1.0,2.064
2334854.0,0.09853072,1.0,2.752
2334932.0,0.09009912,1.0,2.408
2335011.0,0.11244792,1.0,2.064
2335089.0,0.09522928,1.0,293.432007
2335167.0,0.07887392,1.0,295.839996
2335245.0,0.06922326,1.0,295.496002
2335323.0,0.09451808,1.0,295.496002
2335401.0,0.07953421,1.0,295.496002
2335479.0,0.10574336,1.0,295.839996
2335557.0,0.10640365,1.0,295.839996
2335636.0,0.10701317,1.0,3.096
2335714.0,0.11036545,1.0,2.408
2335792.0,0.12575565,1.0,2.408
2335870.0,0.109756,1.0,2.408
2335948.0,0.11290508,1.0,2.408
2336026.0,0.09177525,1.0,2.064
2336104.0,0.0955847,1.0,294.119995
2336182.0,0.09319751,1.0,295.496002
2336260.0,0.10081647,1.0,295.839996
2336338.0,0.10767346,1.0,295.496002
2336417.0,0.0891341,1.0,295.496002
2336495.0,0.09908949,1.0,295.839996
2336573.0,0.09746404,1.0,295.839996
2336651.0,0.09736251,1.0,3.44
2336729.0,0.12489224,1.0,2.752
2336807.0,0.11676536,1.0,2.064
2336885.0,0.08948967,1.0,2.408
2336963.0,0.09279118,1.0,2.064
2337041.0,0.09304522,1.0,2.064
2337120.0,0.11463206,1.0,294.119995
2337198.0,0.0890325,1.0,295.839996
2337276.0,0.1068099,1.0,296.18399
2337354.0,0.10675921,1.0,296.18399
2337432.0,0.08192155,1.0,296.18399
2337510.0,0.11249883,1.0,295.839996
2337588.0,0.11031476,1.0,236.328003
2337666.0,0.09944498,1.0,3.096
2337744.0,0.09969894,1.0,2.064
2337823.0,0.11635903,1.0,2.408
2337901.0,0.10071479,1.0,2.408
2337979.0,0.10792742,1.0,1.72
2338057.0,0.10162912,1.0,24.768
2338135.0,0.11463206,1.0,294.463989
2338213.0,0.08842305,1.0,295.496002
2338291.0,0.09654986,1.0,295.839996
2338370.0,0.09604186,1.0,295.839996
2338448.0,0.09507684,1.0,295.496002
2338526.0,0.11686695,1.0,295.496002
2338604.0,0.09990214,1.0,15.136
2338682.0,0.08237856,1.0,1.72
2338760.0,0.14292359,1.0,2.064
2338838.0,0.11757808,1.0,2.064
2338916.0,0.11437817,1.0,2.064
2338994.0,0.12209865,1.0,2.064
2339073.0,0.10884167,1.0,276.920013
2339151.0,0.10101952,1.0,295.152008
2339229.0,0.08664524,1.0,295.496002
2339307.0,0.10609892,1.0,295.152008
2339385.0,0.10035922,1.0,295.496002
2339463.0,0.11773045,1.0,295.839996
2339541.0,0.101883,1.0,295.496002
2339619.0,0.10599732,1.0,3.096
2339697.0,0.09563553,1.0,1.72
2339776.0,0.12077799,1.0,2.064
2339854.0,0.0978196,1.0,1.376
2339932.0,0.09228318,1.0,1.72
2340010.0,0.10518459,1.0,1.72
2340088.0,0.11315911,1.0,292.743988
2340166.0,0.10091799,1.0,295.152008
2340244.0,0.08837214,1.0,295.152008
2340322.0,0.10604808,1.0,295.152008
2340400.0,0.09665138,1.0,296.18399
2340478.0,0.09512761,1.0,295.496002
2340557.0,0.10427035,1.0,295.152008
2340635.0,0.09807364,1.0,2.408
2340713.0,0.11986375,1.0,1.376
2340791.0,0.10884167,1.0,1.376
2340869.0,0.09898797,1.0,2.064
2340947.0,0.11407329,1.0,3.096
2341025.0,0.09893712,1.0,2.408
2341103.0,0.11102574,1.0,293.776001
2341182.0,0.10051174,1.0,295.839996
2341260.0,0.10467667,1.0,295.152008
2341338.0,0.09771807,1.0,295.839996
2341416.0,0.1074195,1.0,295.839996
2341494.0,0.11661292,1.0,295.496002
2341572.0,0.13306981,1.0,296.18399
2341650.0,0.09294347,1.0,3.44
2341728.0,0.11590194,1.0,2.064
2341807.0,0.11056858,1.0,1.72
2341885.0,0.117121,1.0,2.064
2341963.0,0.07851843,1.0,2.064
2342041.0,0.09665138,1.0,2.064
2342119.0,0.07846759,1.0,293.776001
2342197.0,0.09025156,1.0,295.152008
2342275.0,0.09111497,1.0,295.496002
2342353.0,0.10533696,1.0,295.496002
2342431.0,0.09939422,1.0,295.152008
2342510.0,0.09268958,1.0,295.496002
2342588.0,0.10279733,1.0,241.143997
2342666.0,0.09700695,1.0,2.752
2342744.0,0.10731789,1.0,2.064
2342822.0,0.12113356,1.0,2.064
2342900.0,0.09939422,1.0,1.72
2342978.0,0.11275264,1.0,2.064
2343056.0,0.10305136,1.0,18.92
2343134.0,0.1211844,1.0,294.119995
2343213.0,0.08715317,1.0,295.152008
2343291.0,0.08695004,1.0,295.152008
2343369.0,0.10879084,1.0,295.152008
2343447.0,0.09776891,1.0,295.496002
2343525.0,0.09604186,1.0,295.152008
2343603.0,0.08954035,1.0,16.856001
2343681.0,0.10127355,1.0,2.064
2343759.0,0.12220025,1.0,2.064
2343838.0,0.10757194,1.0,2.064
2343916.0,0.10990829,1.0,2.064
2343994.0,0.10482903,1.0,2.064
2344072.0,0.109756,1.0,273.480011
2344150.0,0.10950196,1.0,295.152008
2344228.0,0.08948967,1.0,295.496002
2344306.0,0.10117203,1.0,295.496002
2344384.0,0.09533081,1.0,295.496002
2344462.0,0.0960927,1.0,295.496002
2344541.0,0.09954657,1.0,295.496002
2344619.0,0.09776891,1.0,3.44
2344697.0,0.11249883,1.0,1.72
2344775.0,0.0938578,1.0,2.064
2344853.0,0.10635288,1.0,2.064
2344931.0,0.0984292,1.0,2.064
2345009.0,0.11371788,1.0,2.064
2345087.0,0.10493071,1.0,293.088013
2345165.0,0.09949581,1.0,295.152008
2345244.0,0.04931257,1.0,295.152008
2345322.0,0.10513383,1.0,295.496002
2345400.0,0.11290508,1.0,295.496002
2345478.0,0.08146439,1.0,295.496002
2345556.0,0.10030854,1.0,295.496002
2345634.0,0.10813054,1.0,3.096
2345712.0,0.10411791,1.0,2.064
2345790.0,0.1189495,1.0,2.064
2345869.0,0.10980676,1.0,2.064
2345947.0,0.09502608,1.0,2.064
2346025.0,0.09401023,1.0,2.064
2346103.0,0.10960356,1.0,293.432007
2346181.0,0.10797819,1.0,295.496002
2346259.0,0.1115845,1.0,295.496002
2346337.0,0.1162575,1.0,295.496002
2346415.0,0.10218773,1.0,295.496002
2346493.0,0.11884782,1.0,295.496002
2346572.0,0.10960356,1.0,295.839996
2346650.0,0.10630205,1.0,3.096
2346728.0,0.10345761,1.0,2.064
2346806.0,0.10650517,1.0,2.064
2346884.0,0.10112119,1.0,1.72
2346962.0,0.09365467,1.0,2.064
2347040.0,0.12123509,1.0,1.72
2347118.0,0.10274649,1.0,293.088013
2347196.0,0.10579412,1.0,295.496002
2347275.0,0.09538157,1.0,295.152008
2347353.0,0.10183232,1.0,294.463989
2347431.0,0.11676536,1.0,295.152008
2347509.0,0.11493685,1.0,295.152008
2347587.0,0.08806741,1.0,243.895996
2347665.0,0.12357159,1.0,2.752
2347743.0,0.11717168,1.0,2.064
2347821.0,0.10457514,1.0,1.376
2347899.0,0.11844157,1.0,1.376
2347978.0,0.10173072,1.0,1.376
2348056.0,0.10543856,1.0,14.104
2348134.0,0.10772422,1.0,294.119995
2348212.0,0.0755724,1.0,294.463989
2348290.0,0.09741335,1.0,295.152008
2348368.0,0.09467052,1.0,295.152008
2348446.0,0.1025942,1.0,295.496002
2348524.0,0.09517845,1.0,295.839996
2348602.0,0.10853695,1.0,19.608
2348681.0,0.10599732,1.0,2.064
2348759.0,0.11011149,1.0,2.408
2348837.0,0.12611121,1.0,2.408
2348915.0,0.10010526,1.0,2.064
2348993.0,0.10310206,1.0,2.408
2349071.0,0.10020687,1.0,271.071991
2349149.0,0.09954657,1.0,295.839996
2349227.0,0.08938807,1.0,295.839996
2349306.0,0.09614346,1.0,295.839996
2349384.0,0.09472129,1.0,295.839996
2349462.0,0.09187686,1.0,295.496002
2349540.0,0.12458744,1.0,295.496002
2349618.0,0.09797211,1.0,3.784
2349696.0,0.109756,1.0,2.064
2349774.0,0.13428886,1.0,1.72
2349852.0,0.11270195,1.0,1.72
2349930.0,0.10437194,1.0,2.752
2350009.0,0.12809215,1.0,2.408
2350087.0,0.10660677,1.0,293.432007
2350165.0,0.11194006,1.0,295.496002
2350243.0,0.11762877,1.0,295.839996
2350321.0,0.10554016,1.0,295.496002
2350399.0,0.12722866,1.0,295.152008
2350477.0,0.09390863,1.0,295.152008
2350555.0,0.12600961,1.0,295.152008
2350633.0,0.08954035,1.0,3.096
2350712.0,0.11249883,1.0,1.72
2350790.0,0.11554638,1.0,2.064
2350868.0,0.07958505,1.0,2.752
2350946.0,0.11006072,1.0,2.064
2351024.0,0.10909571,1.0,1.72
2351102.0,0.10853695,1.0,293.776001
2351180.0,0.09477205,1.0,295.496002
2351258.0,0.10909571,1.0,295.496002
2351336.0,0.08603571,1.0,295.152008
2351415.0,0.11214326,1.0,295.839996
2351493.0,0.12016847,1.0,294.808014
2351571.0,0.10980676,1.0,294.808014
2351649.0,0.10513383,1.0,3.096
2351727.0,0.11945742,1.0,2.752
2351805.0,0.10858771,1.0,1.72
2351883.0,0.12032091,1.0,1.376
2351962.0,0.10919724,1.0,2.752
2352040.0,0.10589572,1.0,2.408
2352118.0,0.06053769,1.0,294.119995
2352196.0,0.09538157,1.0,294.463989
2352274.0,0.10772422,1.0,295.496002
2352352.0,0.10300053,1.0,295.496002
2352430.0,0.09426412,1.0,295.496002
2352508.0,0.09401023,1.0,295.839996
2352586.0,0.09461968,1.0,251.464005
2352665.0,0.09827684,1.0,3.096
2352743.0,0.11336224,1.0,2.064
2352821.0,0.10071479,1.0,2.064
2352899.0,0.09949581,1.0,2.408
2352977.0,0.09167373,1.0,2.064
2353055.0,0.11971131,1.0,11.008
2353133.0,0.11376856,1.0,293.776001
2353211.0,0.07206769,1.0,296.18399
2353289.0,0.08842305,1.0,295.152008
2353368.0,0.11351468,1.0,295.839996
2353446.0,0.08908334,1.0,296.18399
2353524.0,0.11402261,1.0,296.528015
2353602.0,0.10919724,1.0,23.736
2353680.0,0.13164771,1.0,2.064
2353758.0,0.14002848,1.0,2.408
2353836.0,0.13383177,1.0,2.064
2353914.0,0.11742572,1.0,2.408
2353992.0,0.11935575,1.0,2.408
2354071.0,0.10579412,1.0,269.35199
2354149.0,0.11402261,1.0,295.152008
2354227.0,0.09680375,1.0,295.496002
2354305.0,0.10559099,1.0,295.496002
2354383.0,0.11488602,1.0,295.496002
2354461.0,0.10650517,1.0,295.152008
2354539.0,0.11229563,1.0,295.839996
2354617.0,0.1203716,1.0,3.096
2354695.0,0.13230799,1.0,1.72
2354774.0,0.11498762,1.0,1.72
2354852.0,0.08349609,1.0,2.064
2354930.0,0.09228318,1.0,1.72
2355008.0,0.10787666,1.0,2.064
2355086.0,0.10894328,1.0,292.743988
2355164.0,0.10056243,1.0,295.496002
2355242.0,0.08237856,1.0,295.152008
2355320.0,0.09136893,1.0,295.496002
2355399.0,0.10614961,1.0,295.496002
2355477.0,0.11249883,1.0,295.839996
2355555.0,0.10675921,1.0,295.152008
2355633.0,0.10609892,1.0,2.752
2355711.0,0.10366081,1.0,2.064
2355789.0,0.11447969,1.0,2.064
2355867.0,0.09644834,1.0,2.064
2355945.0,0.11361621,1.0,1.72
2356024.0,0.11229563,1.0,1.72
2356102.0,0.09731168,1.0,292.743988
2356180.0,0.09380703,1.0,295.152008
2356258.0,0.079331,1.0,294.463989
2356336.0,0.08740713,1.0,295.152008
2356414.0,0.11920338,1.0,294.463989
2356492.0,0.11463206,1.0,295.152008
2356570.0,0.11011149,1.0,295.152008
2356648.0,0.1273811,1.0,2.752
2356727.0,0.11234639,1.0,2.064
2356805.0,0.11910186,1.0,2.064
2356883.0,0.105083,1.0,1.72
2356961.0,0.10452431,1.0,1.72
2357039.0,0.10736866,1.0,1.376
2357117.0,0.10614961,1.0,293.432007
2357195.0,0.10035922,1.0,296.18399
2357273.0,0.09939422,1.0,295.496002
2357351.0,0.11067017,1.0,295.152008
2357430.0,0.09065788,1.0,295.839996
2357508.0,0.08400401,1.0,294.808014
2357586.0,0.1115845,1.0,258.0
2357664.0,0.11839073,1.0,2.752
2357742.0,0.14597122,1.0,2.752
2357820.0,0.1068099,1.0,2.752
2357898.0,0.09568638,1.0,2.752
2357976.0,0.1004609,1.0,2.408
2358054.0,0.09736251,1.0,8.944
2358132.0,0.10376234,1.0,294.119995
2358211.0,0.08496902,1.0,296.18399
2358289.0,0.10244177,1.0,295.839996
2358367.0,0.10757194,1.0,294.463989
2358445.0,0.11503845,1.0,294.463989
2358523.0,0.09355307,1.0,294.808014
2358601.0,0.08959119,1.0,27.176001
2358679.0,0.12159065,1.0,1.376
2358758.0,0.12392715,1.0,1.376
2358836.0,0.10620045,1.0,1.376
2358914.0,0.12621282,1.0,1.72
2358992.0,0.11021309,1.0,1.376
2359070.0,0.10157828,1.0,263.847992
2359148.0,0.09665138,1.0,294.808014
2359226.0,0.07988977,1.0,294.808014
2359304.0,0.10000367,1.0,295.152008
2359382.0,0.10990829,1.0,295.152008
2359461.0,0.12042244,1.0,295.152008
2359539.0,0.13032706,1.0,295.152008
2359617.0,0.11519074,1.0,3.096
2359695.0,0.10686073,1.0,1.72
2359773.0,0.12346999,1.0,2.408
2359851.0,0.11326064,1.0,2.064
2359929.0,0.09406092,1.0,2.408
2360007.0,0.09502608,1.0,2.408
2360085.0,0.11793357,1.0,293.088013
2360163.0,0.09639742,1.0,294.808014
2360242.0,0.10183232,1.0,295.496002
2360320.0,0.09990214,1.0,296.18399
2360398.0,0.10244177,1.0,296.18399
2360476.0,0.117121,1.0,296.18399
2360554.0,0.10711477,1.0,295.839996
2360632.0,0.10670837,1.0,3.784
2360710.0,0.09411176,1.0,2.064
2360789.0,0.12712707,1.0,2.064
2360867.0,0.08654372,1.0,2.752
2360945.0,0.11112734,1.0,2.064
2361023.0,0.10244177,1.0,1.72
2361101.0,0.08451194,1.0,292.399994
2361179.0,0.10686073,1.0,294.119995
2361257.0,0.10183232,1.0,294.463989
2361335.0,0.11788281,1.0,294.808014
2361413.0,0.09451808,1.0,294.808014
2361492.0,0.11341301,1.0,294.808014
2361570.0,0.10081647,1.0,295.152008
2361648.0,0.11833997,1.0,2.752
2361726.0,0.11056858,1.0,2.064
2361804.0,0.11031476,1.0,1.72
2361882.0,0.10584489,1.0,1.72
2361960.0,0.11381941,1.0,1.72
2362038.0,0.10462583,1.0,2.064
2362116.0,0.10736866,1.0,293.432007
2362195.0,0.0916229,1.0,295.152008
2362273.0,0.10035922,1.0,294.808014
2362351.0,0.11016233,1.0,295.152008
2362429.0,0.1172732,1.0,295.152008
2362507.0,0.10543856,1.0,294.463989
2362585.0,0.09919109,1.0,262.81601
2362663.0,0.11453045,1.0,3.096
2362741.0,0.12067632,1.0,2.064
2362819.0,0.11778128,1.0,2.064
2362898.0,0.11305752,1.0,2.408
2362976.0,0.10848611,1.0,2.064
2363054.0,0.10274649,1.0,5.16
2363132.0,0.10594641,1.0,293.776001
2363210.0,0.08471514,1.0,295.839996
2363288.0,0.11620667,1.0,295.496002
2363366.0,0.10228948,1.0,295.496002
2363444.0,0.11752725,1.0,295.496002
2363522.0,0.11153381,1.0,295.496002
2363601.0,0.11077178,1.0,34.400002
2363679.0,0.11940658,1.0,2.064
2363757.0,0.11285439,1.0,2.064
2363835.0,0.10970517,1.0,1.376
2363913.0,0.101883,1.0,1.376
2363991.0,0.08634052,1.0,1.376
2364069.0,0.11458122,1.0,257.312012
2364147.0,0.11686695,1.0,294.463989
2364226.0,0.10538779,1.0,294.808014
2364304.0,0.09588958,1.0,294.808014
2364382.0,0.09172449,1.0,294.808014
2364460.0,0.10300053,1.0,295.152008
2364538.0,0.12042244,1.0,294.808014
2364616.0,0.11173686,1.0,3.096
2364694.0,0.12108272,1.0,1.72
2364772.0,0.12194621,1.0,1.376
2364850.0,0.12245414,1.0,1.72
2364929.0,0.09853072,1.0,1.72
2365007.0,0.12286054,1.0,1.376
2365085.0,0.10523544,1.0,292.399994
2365163.0,0.11773045,1.0,295.839996
2365241.0,0.09670215,1.0,296.18399
2365319.0,0.10320373,1.0,295.839996
2365397.0,0.0846643,1.0,296.18399
2365475.0,0.09370551,1.0,296.18399
2365553.0,0.09426412,1.0,296.18399
2365632.0,0.11112734,1.0,3.784
2365710.0,0.09030232,1.0,2.408
2365788.0,0.12199698,1.0,2.408
2365866.0,0.1158511,1.0,2.752
2365944.0,0.10061327,1.0,2.064
2366022.0,0.11082261,1.0,2.064
2366100.0,0.10777506,1.0,293.776001
2366178.0,0.09345147,1.0,295.152008
2366256.0,0.09634666,1.0,295.496002
2366335.0,0.12880328,1.0,295.839996
2366413.0,0.11097505,1.0,295.496002
2366491.0,0.11229563,1.0,294.463989
2366569.0,0.1162575,1.0,294.808014
2366647.0,0.11117817,1.0,2.408
2366725.0,0.12189537,1.0,1.72
2366803.0,0.11849226,1.0,1.72
2366881.0,0.10970517,1.0,1.72
2366960.0,0.10848611,1.0,2.064
2367038.0,0.11234639,1.0,2.064
2367116.0,0.10300053,1.0,293.432007
2367194.0,0.09654986,1.0,294.808014
2367272.0,0.09111497,1.0,295.152008
2367350.0,0.10833374,1.0,295.152008
2367428.0,0.10919724,1.0,295.152008
2367506.0,0.10310206,1.0,295.152008
2367584.0,0.10457514,1.0,269.35199
2367663.0,0.12021931,1.0,2.752
2367741.0,0.10213704,1.0,2.064
2367819.0,0.11661292,1.0,2.064
2367897.0,0.1121941,1.0,2.064
2367975.0,0.10889251,1.0,2.064
2368053.0,0.11742572,1.0,3.096
2368131.0,0.11773045,1.0,293.776001
2368209.0,0.08192155,1.0,295.496002
2368287.0,0.10467667,1.0,295.496002
2368366.0,0.10533696,1.0,295.152008
2368444.0,0.10178148,1.0,295.152008
2368522.0,0.09751488,1.0,295.496002
2368600.0,0.10452431,1.0,38.183998
2368678.0,0.11214326,1.0,2.064
2368756.0,0.11910186,1.0,2.064
2368834.0,0.09634666,1.0,2.064
2368912.0,0.11463206,1.0,2.064
2368990.0,0.09035308,1.0,2.064
2369069.0,0.1226065,1.0,246.304001
2369147.0,0.12250497,1.0,294.808014
2369225.0,0.09924185,1.0,294.808014
2369303.0,0.1156479,1.0,294.808014
2369381.0,0.10716546,1.0,295.152008
2369459.0,0.086696,1.0,295.496002
2369537.0,0.10432111,1.0,295.496002
2369615.0,0.08288664,1.0,3.44
2369694.0,0.12306366,1.0,1.72
2369772.0,0.11361621,1.0,2.064
2369850.0,0.12646678,1.0,2.064
2369928.0,0.11326064,1.0,2.064
2370006.0,0.11503845,1.0,1.72
2370084.0,0.10061327,1.0,292.399994
2370162.0,0.11686695,1.0,295.152008
2370240.0,0.09985138,1.0,295.152008
2370319.0,0.09055628,1.0,295.152008
2370397.0,0.11839073,1.0,295.496002
2370475.0,0.09888629,1.0,295.496002
2370553.0,0.11707008,1.0,295.496002
2370631.0,0.12275894,1.0,3.096
2370709.0,0.10802895,1.0,2.064
2370787.0,0.1277366,1.0,1.72
2370865.0,0.071509,1.0,2.064
2370943.0,0.12758431,1.0,2.064
2371022.0,0.09685459,1.0,1.72
2371100.0,0.09004836,1.0,293.432007
2371178.0,0.10858771,1.0,295.152008
2371256.0,0.08954035,1.0,294.808014
2371334.0,0.11051781,1.0,295.496002
2371412.0,0.11112734,1.0,295.152008
2371490.0,0.11549554,1.0,295.152008
2371568.0,0.09949581,1.0,296.872009
2371646.0,0.11879713,1.0,3.44
2371724.0,0.09934337,1.0,2.064
2371803.0,0.12545092,1.0,2.064
2371881.0,0.12001603,1.0,2.064
2371959.0,0.11742572,1.0,2.064
2372037.0,0.10000367,1.0,2.064
2372115.0,0.10879084,1.0,293.776001
2372193.0,0.09517845,1.0,295.152008
2372271.0,0.1090448,1.0,295.496002
2372349.0,0.11087338,1.0,295.496002
2372428.0,0.0983276,1.0,295.496002
2372506.0,0.10736866,1.0,295.496002
2372584.0,0.09949581,1.0,273.135986
2372662.0,0.09644834,1.0,2.752
2372740.0,0.12032091,1.0,1.72
2372818.0,0.12529849,1.0,2.064
2372896.0,0.11427649,1.0,2.064
2372974.0,0.10249261,1.0,1.72
2373053.0,0.10152744,1.0,1.376
2373131.0,0.10833374,1.0,294.119995
2373209.0,0.11041629,1.0,295.152008
2373287.0,0.09157213,1.0,295.152008
2373365.0,0.11336224,1.0,295.152008
2373443.0,0.09324827,1.0,295.496002
2373521.0,0.11717168,1.0,295.496002
2373599.0,0.12296214,1.0,42.655998
2373677.0,0.10493071,1.0,2.064
2373756.0,0.1316984,1.0,2.064
2373834.0,0.0920293,1.0,2.064
2373912.0,0.10452431,1.0,2.064
2373990.0,0.13032706,1.0,2.064
2374068.0,0.10894328,1.0,233.231995
2374146.0,0.11859386,1.0,294.808014
2374224.0,0.09644834,1.0,295.152008
2374302.0,0.13566028,1.0,294.463989
2374380.0,0.11305752,1.0,295.152008
2374459.0,0.12286054,1.0,295.152008
2374537.0,0.09345147,1.0,294.808014
2374615.0,0.12275894,1.0,3.44
2374693.0,0.09314675,1.0,0.688
2374771.0,0.10985752,1.0,1.376
2374849.0,0.11178762,1.0,1.376
2374927.0,0.09461968,1.0,1.376
2375005.0,0.10041007,1.0,2.408
2375084.0,0.09954657,1.0,293.088013
2375162.0,0.11315911,1.0,295.839996
2375240.0,0.10122272,1.0,295.496002
2375318.0,0.0758772,1.0,295.496002
2375396.0,0.10609892,1.0,295.496002
2375474.0,0.10081647,1.0,295.152008
2375552.0,0.10640365,1.0,295.839996
2375630.0,0.10193384,1.0,3.44
2375709.0,0.11153381,1.0,2.408
2375787.0,0.10772422,1.0,2.408
2375865.0,0.11569874,1.0,2.408
2375943.0,0.11209235,1.0,2.064
2376021.0,0.10228948,1.0,2.064
2376099.0,0.10157828,1.0,293.432007
2376177.0,0.10122272,1.0,294.808014
2376255.0,0.11656223,1.0,295.152008
2376333.0,0.11681619,1.0,295.496002
2376411.0,0.09406092,1.0,295.152008
2376490.0,0.12387631,1.0,295.496002
2376568.0,0.10726713,1.0,295.496002
2376646.0,0.1172732,1.0,3.096
2376724.0,0.12687311,1.0,2.064
2376802.0,0.11417497,1.0,2.064
2376880.0,0.10056243,1.0,2.064
2376958.0,0.11107658,1.0,2.064
2377036.0,0.1341365,1.0,1.72
2377114.0,0.13337462,1.0,293.776001
2377193.0,0.09091184,1.0,294.808014
2377271.0,0.08761033,1.0,295.152008
2377349.0,0.11554638,1.0,295.152008
2377427.0,0.11275264,1.0,295.152008
2377505.0,0.10340678,1.0,295.152008
2377583.0,0.09868309,1.0,276.575989
2377661.0,0.10112119,1.0,2.752
2377739.0,0.13047943,1.0,2.752
2377817.0,0.12651753,1.0,2.752
2377896.0,0.11869546,1.0,2.752
2377974.0,0.11016233,1.0,2.408
2378052.0,0.09959742,1.0,0.688
2378130.0,0.10437194,1.0,293.776001
2378208.0,0.08222627,1.0,295.839996
2378286.0,0.11651139,1.0,295.496002
2378364.0,0.11468289,1.0,295.839996
2378442.0,0.09517845,1.0,295.496002
2378521.0,0.1094512,1.0,295.839996
2378599.0,0.10411791,1.0,46.784
2378677.0,0.12702554,1.0,2.064
2378755.0,0.11737481,1.0,2.064
2378833.0,0.11270195,1.0,2.408
2378911.0,0.12286054,1.0,2.408
2378989.0,0.14835849,1.0,2.408
2379067.0,0.1096544,1.0,220.848007
2379146.0,0.12499376,1.0,295.496002
2379224.0,0.08141354,1.0,295.496002
2379302.0,0.11686695,1.0,295.496002
2379380.0,0.11508914,1.0,295.496002
2379458.0,0.10995913,1.0,295.152008
2379536.0,0.11244792,1.0,294.808014
2379614.0,0.10620045,1.0,3.784
2379692.0,0.1156479,1.0,2.408
2379770.0,0.12382555,1.0,2.408
2379848.0,0.12407959,1.0,2.064
2379927.0,0.11473358,1.0,2.408
2380005.0,0.09207998,1.0,2.064
2380083.0,0.10838451,1.0,292.399994
2380161.0,0.09878469,1.0,295.152008
2380239.0,0.11097505,1.0,295.152008
2380317.0,0.10853695,1.0,296.18399
2380395.0,0.10421958,1.0,296.18399
2380473.0,0.10691164,1.0,296.18399
2380551.0,0.10950196,1.0,296.528015
2380630.0,0.11295591,1.0,3.784
2380708.0,0.1115845,1.0,2.752
2380786.0,0.12346999,1.0,2.064
2380864.0,0.10132431,1.0,2.408
2380942.0,0.11402261,1.0,2.408
2381020.0,0.09695611,1.0,2.408
2381098.0,0.0850707,1.0,293.776001
2381176.0,0.1114829,1.0,295.496002
2381255.0,0.11346384,1.0,295.496002
2381333.0,0.10777506,1.0,295.839996
2381411.0,0.10035922,1.0,295.496002
2381489.0,0.10584489,1.0,295.152008
2381567.0,0.11127978,1.0,295.839996
2381645.0,0.10452431,1.0,3.44
2381723.0,0.1293112,1.0,2.408
2381801.0,0.1300731,1.0,2.064
2381880.0,0.12382555,1.0,2.064
2381958.0,0.11595263,1.0,2.064
2382036.0,0.11427649,1.0,2.408
2382114.0,0.11610499,1.0,294.119995
2382192.0,0.1068099,1.0,295.152008
2382270.0,0.09837836,1.0,295.496002
2382348.0,0.11417497,1.0,295.496002
2382426.0,0.12631434,1.0,295.152008
2382504.0,0.11239715,1.0,295.152008
2382583.0,0.13378094,1.0,280.015991
2382661.0,0.11707008,1.0,3.096
2382739.0,0.14211102,1.0,2.064
2382817.0,0.12311442,1.0,2.064
2382895.0,0.11026385,1.0,2.064
2382973.0,0.11900026,1.0,2.752
2383051.0,0.11275264,1.0,0.688
2383129.0,0.12184469,1.0,294.119995
2383207.0,0.0889309,1.0,296.18399
2383286.0,0.11676536,1.0,296.18399
2383364.0,0.12306366,1.0,296.18399
2383442.0,0.10279733,1.0,295.839996
2383520.0,0.11478442,1.0,295.839996
2383598.0,0.11722252,1.0,53.664001
2383676.0,0.1091464,1.0,2.408
2383754.0,0.11569874,1.0,2.408
2383832.0,0.10162912,1.0,2.752
2383910.0,0.12418119,1.0,2.408
2383989.0,0.11163534,1.0,2.408
2384067.0,0.10228948,1.0,215.0
2384145.0,0.11178762,1.0,295.496002
2384223.0,0.09507684,1.0,295.496002
2384301.0,0.11442886,1.0,295.496002
2384379.0,0.10300053,1.0,295.496002
2384457.0,0.09665138,1.0,295.496002
2384535.0,0.12326686,1.0,295.496002
2384614.0,0.1185431,1.0,3.784
2384692.0,0.1363714,1.0,2.408
2384770.0,0.13190159,1.0,2.064
2384848.0,0.09497525,1.0,2.064
2384926.0,0.11935575,1.0,2.064
2385004.0,0.10838451,1.0,2.064
2385082.0,0.11742572,1.0,292.743988
2385160.0,0.12184469,1.0,295.152008
2385238.0,0.10564169,1.0,295.496002
2385317.0,0.1172732,1.0,295.496002
2385395.0,0.11153381,1.0,295.496002
2385473.0,0.12240338,1.0,295.496002
2385551.0,0.10772422,1.0,295.496002
2385629.0,0.10289893,1.0,3.44
2385707.0,0.11102574,1.0,2.064
2385785.0,0.11412413,1.0,2.064
2385863.0,0.10300053,1.0,2.064
2385941.0,0.13286676,1.0,2.064
2386020.0,0.11920338,1.0,2.064
2386098.0,0.10731789,1.0,293.432007
2386176.0,0.10112119,1.0,295.152008
2386254.0,0.10543856,1.0,295.152008
2386332.0,0.11265112,1.0,295.496002
2386410.0,0.11163534,1.0,295.496002
2386488.0,0.08501986,1.0,295.152008
2386566.0,0.09878469,1.0,295.496002
2386644.0,0.12448592,1.0,3.096
2386723.0,0.11260035,1.0,1.72
2386801.0,0.11696848,1.0,2.064
2386879.0,0.11823837,1.0,2.064
2386957.0,0.10442263,1.0,2.064
2387035.0,0.1121941,1.0,2.064
2387113.0,0.11447969,1.0,293.432007
2387191.0,0.09847989,1.0,295.152008
2387269.0,0.12057479,1.0,295.496002
2387348.0,0.11925422,1.0,295.152008
2387426.0,0.11067017,1.0,295.496002
2387504.0,0.11356536,1.0,295.496002
2387582.0,0.12651753,1.0,282.079987
2387660.0,0.12550177,1.0,3.44
2387738.0,0.11864469,1.0,2.064
2387816.0,0.13418734,1.0,2.064
2387894.0,0.11737481,1.0,2.752
2387973.0,0.11529234,1.0,2.064
2388051.0,0.12062564,1.0,0.0
2388129.0,0.12778743,1.0,294.119995
2388207.0,0.083039,1.0,295.152008
2388285.0,0.10386402,1.0,295.152008
2388363.0,0.15176161,1.0,295.496002
2388441.0,0.09924185,1.0,295.496002
2388519.0,0.11808601,1.0,295.496002
2388597.0,0.10279733,1.0,57.104
2388676.0,0.09583873,1.0,1.72
2388754.0,0.13073339,1.0,1.376
2388832.0,0.11905102,1.0,2.064
2388910.0,0.11122894,1.0,1.72
2388988.0,0.09380703,1.0,1.72
2389066.0,0.12133661,1.0,209.496002
2389144.0,0.11336224,1.0,294.808014
2389222.0,0.08827061,1.0,294.463989
2389300.0,0.11580027,1.0,294.463989
2389378.0,0.10889251,1.0,294.808014
2389457.0,0.10447355,1.0,294.463989
2389535.0,0.10929883,1.0,294.808014
2389613.0,0.11539394,1.0,3.096
2389691.0,0.10990829,1.0,2.064
2389769.0,0.10767346,1.0,2.064
2389847.0,0.109248,1.0,2.064
2389925.0,0.11778128,1.0,2.064
2390004.0,0.12433348,1.0,1.72
2390082.0,0.12519696,1.0,292.056
2390160.0,0.10228948,1.0,294.463989
2390238.0,0.09680375,1.0,294.808014
2390316.0,0.10726713,1.0,295.496002
2390394.0,0.11153381,1.0,295.152008
2390472.0,0.102391,1.0,295.839996
2390550.0,0.10300053,1.0,295.839996
2390628.0,0.10868923,1.0,3.096
2390707.0,0.11204159,1.0,2.064
2390785.0,0.1172732,1.0,1.72
2390863.0,0.10538779,1.0,2.064
2390941.0,0.10696233,1.0,2.064
2391019.0,0.11427649,1.0,1.72
2391097.0,0.1208796,1.0,293.776001
2391175.0,0.10315289,1.0,294.463989
2391253.0,0.08024533,1.0,295.152008
2391331.0,0.09512761,1.0,295.496002
2391410.0,0.12148912,1.0,295.152008
2391488.0,0.09522928,1.0,295.496002
2391566.0,0.10691164,1.0,295.496002
2391644.0,0.10940044,1.0,3.096
2391722.0,0.13256188,1.0,2.064
2391800.0,0.12164149,1.0,2.064
2391878.0,0.09324827,1.0,2.064
2391956.0,0.12052403,1.0,2.064
2392034.0,0.11102574,1.0,2.064
2392112.0,0.12926036,1.0,293.776001
2392191.0,0.09858156,1.0,295.152008
2392269.0,0.08755949,1.0,295.152008
2392347.0,0.11290508,1.0,295.152008
2392425.0,0.11549554,1.0,295.496002
2392503.0,0.10193384,1.0,295.496002
2392581.0,0.11265112,1.0,284.832001
2392659.0,0.11173686,1.0,3.096
2392737.0,0.14617442,1.0,2.064
2392816.0,0.12590809,1.0,2.064
2392894.0,0.14200942,1.0,2.064
2392972.0,0.11737481,1.0,1.72
2393050.0,0.10726713,1.0,0.0
2393128.0,0.11397169,1.0,293.088013
2393206.0,0.09248646,1.0,295.152008
2393284.0,0.10366081,1.0,294.808014
2393362.0,0.10178148,1.0,294.808014
2393441.0,0.11610499,1.0,294.808014
2393519.0,0.11260035,1.0,295.152008
2393597.0,0.11285439,1.0,62.264
2393675.0,0.12296214,1.0,2.064
2393753.0,0.14145066,1.0,2.064
2393831.0,0.13347621,1.0,2.064
2393909.0,0.12123509,1.0,1.72
2393987.0,0.12524781,1.0,2.064
2394065.0,0.11285439,1.0,202.615997
2394144.0,0.10528612,1.0,294.808014
2394222.0,0.10894328,1.0,294.808014
2394300.0,0.10909571,1.0,295.152008
2394378.0,0.12423187,1.0,295.496002
2394456.0,0.11773045,1.0,295.496002
2394534.0,0.11986375,1.0,295.839996
2394612.0,0.09274034,1.0,3.784
2394690.0,0.12199698,1.0,2.408
2394768.0,0.11468289,1.0,2.064
2394847.0,0.10112119,1.0,2.408
2394925.0,0.12148912,1.0,1.72
2395003.0,0.11752725,1.0,2.752
2395081.0,0.13190159,1.0,292.399994
2395159.0,0.12214941,1.0,295.152008
2395237.0,0.08659448,1.0,295.839996
2395315.0,0.11610499,1.0,295.839996
2395393.0,0.10452431,1.0,295.839996
2395471.0,0.1290064,1.0,295.496002
2395550.0,0.11955902,1.0,295.839996
2395628.0,0.1208796,1.0,3.784
2395706.0,0.12824459,1.0,2.752
2395784.0,0.12600961,1.0,2.408
2395862.0,0.10655601,1.0,2.408
2395940.0,0.11488602,1.0,2.408
2396018.0,0.11651139,1.0,2.752
2396096.0,0.10279733,1.0,293.776001
2396175.0,0.12143836,1.0,295.839996
2396253.0,0.12484147,1.0,295.839996
2396331.0,0.12250497,1.0,295.496002
2396409.0,0.12133661,1.0,295.839996
2396487.0,0.12860008,1.0,295.496002
2396565.0,0.11833997,1.0,295.496002
2396643.0,0.12961593,1.0,3.44
2396721.0,0.12204781,1.0,2.408
2396800.0,0.10767346,1.0,2.064
2396878.0,0.10863855,1.0,2.752
2396956.0,0.12316526,1.0,2.064
2397034.0,0.0979212,1.0,2.064
2397112.0,0.10543856,1.0,293.776001
2397190.0,0.10056243,1.0,295.152008
2397268.0,0.10442263,1.0,295.839996
2397346.0,0.11757808,1.0,295.496002
2397424.0,0.11808601,1.0,295.839996
2397503.0,0.11707008,1.0,295.496002
2397581.0,0.10853695,1.0,288.615997
2397659.0,0.12971745,1.0,3.44
2397737.0,0.12920961,1.0,2.064
2397815.0,0.12763499,1.0,2.064
2397893.0,0.11483525,1.0,2.408
2397971.0,0.12936197,1.0,2.064
2398049.0,0.12519696,1.0,0.0
2398127.0,0.11397169,1.0,293.776001
2398205.0,0.10813054,1.0,295.152008
2398284.0,0.10807978,1.0,295.496002
2398362.0,0.11981283,1.0,295.496002
2398440.0,0.11803517,1.0,295.152008
2398518.0,0.12717783,1.0,295.839996
2398596.0,0.12052403,1.0,69.832001
2398674.0,0.11280355,1.0,2.064
2398752.0,0.12352083,1.0,2.408
2398830.0,0.11163534,1.0,2.064
2398909.0,0.128143,1.0,2.408
2398987.0,0.12067632,1.0,2.064
2399065.0,0.12661907,1.0,198.143997
2399143.0,0.12123509,1.0,295.152008
2399221.0,0.08954035,1.0,295.839996
2399299.0,0.11437817,1.0,295.496002
2399377.0,0.13388246,1.0,295.152008
2399455.0,0.10853695,1.0,295.152008
2399534.0,0.1113813,1.0,295.152008
2399612.0,0.11823837,1.0,3.784
2399690.0,0.11559722,1.0,1.72
2399768.0,0.13119046,1.0,2.064
2399846.0,0.12103189,1.0,2.064
2399924.0,0.08994683,1.0,1.72
2400002.0,0.10818139,1.0,1.72
2400080.0,0.10482903,1.0,292.056
2400158.0,0.11361621,1.0,295.496002
2400237.0,0.09797211,1.0,294.808014
2400315.0,0.11747648,1.0,295.496002
2400393.0,0.10863855,1.0,295.839996
2400471.0,0.1056926,1.0,295.496002
2400549.0,0.12133661,1.0,295.152008
2400627.0,0.10447355,1.0,3.096
2400705.0,0.11026385,1.0,2.064
2400783.0,0.12113356,1.0,1.72
2400861.0,0.1094512,1.0,2.064
2400940.0,0.11707008,1.0,2.064
2401018.0,0.12545092,1.0,1.72
2401096.0,0.11102574,1.0,293.088013
2401174.0,0.10884167,1.0,295.152008
2401252.0,0.11280355,1.0,295.839996
2401330.0,0.11569874,1.0,295.496002
2401408.0,0.08639128,1.0,295.496002
2401486.0,0.14388876,1.0,295.496002
2401564.0,0.10797819,1.0,295.496002
2401643.0,0.1176796,1.0,3.096
2401721.0,0.1133114,1.0,2.064
2401799.0,0.1228097,1.0,2.064
2401877.0,0.10757194,1.0,2.064
2401955.0,0.10147675,1.0,2.064
2402033.0,0.11955902,1.0,1.376
2402111.0,0.09355307,1.0,294.119995
2402189.0,0.09624506,1.0,295.152008
2402268.0,0.11011149,1.0,295.152008
2402346.0,0.12844771,1.0,295.496002
2402424.0,0.11808601,1.0,295.496002
2402502.0,0.12722866,1.0,295.496002
2402580.0,0.11610499,1.0,290.679993
2402658.0,0.10792742,1.0,3.096
2402736.0,0.15841547,1.0,1.72
2402814.0,0.11955902,1.0,2.064
2402892.0,0.13647293,1.0,2.064
2402971.0,0.12926036,1.0,2.064
2403049.0,0.11402261,1.0,0.0
2403127.0,0.11214326,1.0,293.432007
2403205.0,0.07201692,1.0,295.152008
2403283.0,0.12651753,1.0,295.152008
2403361.0,0.087204,1.0,295.496002
2403439.0,0.10879084,1.0,295.496002
2403517.0,0.10030854,1.0,295.496002
2403595.0,0.10112119,1.0,78.431999
2403674.0,0.11194006,1.0,2.064
2403752.0,0.12473988,1.0,2.064
2403830.0,0.10498139,1.0,2.064
2403908.0,0.10868923,1.0,2.064
2403986.0,0.09644834,1.0,2.064
2404064.0,0.12407959,1.0,191.264008
2404142.0,0.10894328,1.0,295.152008
2404220.0,0.08908334,1.0,295.152008
2404299.0,0.11006072,1.0,295.152008
2404377.0,0.12941273,1.0,295.496002
2404455.0,0.1258065,1.0,295.496002
2404533.0,0.12854932,1.0,295.496002
2404611.0,0.10249261,1.0,3.784
2404689.0,0.11209235,1.0,2.408
2404767.0,0.12819375,1.0,2.064
2404845.0,0.12865084,1.0,2.064
2404923.0,0.12651753,1.0,2.064
2405002.0,0.11513998,1.0,2.064
2405080.0,0.10863855,1.0,291.368011
2405158.0,0.11508914,1.0,295.152008
2405236.0,0.08263259,1.0,294.119995
2405314.0,0.10884167,1.0,295.152008
2405392.0,0.11803517,1.0,294.808014
2405470.0,0.0939594,1.0,295.152008
2405548.0,0.10696233,1.0,295.496002
2405626.0,0.09004836,1.0,3.096
2405705.0,0.12321595,1.0,1.72
2405783.0,0.1156479,1.0,1.72
2405861.0,0.11900026,1.0,1.376
2405939.0,0.11361621,1.0,2.064
2406017.0,0.10894328,1.0,2.064
2406095.0,0.11844157,1.0,293.088013
2406173.0,0.11366697,1.0,294.808014
2406251.0,0.1187463,1.0,294.808014
2406330.0,0.11859386,1.0,295.152008
2406408.0,0.11605423,1.0,294.808014
2406486.0,0.12997149,1.0,295.152008
2406564.0,0.12245414,1.0,295.152008
2406642.0,0.12199698,1.0,3.096
2406720.0,0.11463206,1.0,2.064
2406798.0,0.12626365,1.0,1.72
2406876.0,0.11239715,1.0,1.72
2406954.0,0.11168603,1.0,1.72
2407033.0,0.11127978,1.0,2.064
2407111.0,0.11229563,1.0,294.119995
2407189.0,0.09111497,1.0,295.152008
2407267.0,0.1185431,1.0,295.152008
2407345.0,0.10574336,1.0,295.839996
2407423.0,0.1121941,1.0,295.152008
2407501.0,0.11849226,1.0,295.152008
2407579.0,0.09914025,1.0,294.119995
2407657.0,0.11346384,1.0,3.44
2407736.0,0.14241575,1.0,2.408
2407814.0,0.13347621,1.0,2.064
2407892.0,0.12910801,1.0,2.064
2407970.0,0.12905717,1.0,1.376
2408048.0,0.11869546,1.0,0.688
2408126.0,0.11580027,1.0,293.776001
2408204.0,0.10427035,1.0,295.152008
2408282.0,0.1187463,1.0,295.839996
2408360.0,0.13891102,1.0,295.496002
2408439.0,0.12595877,1.0,295.839996
2408517.0,0.12377471,1.0,295.839996
2408595.0,0.10244177,1.0,84.968002
2408673.0,0.10884167,1.0,1.376
2408751.0,0.11722252,1.0,2.064
2408829.0,0.12433348,1.0,3.096
2408907.0,0.12047327,1.0,2.064
2408985.0,0.11061949,1.0,2.064
2409063.0,0.12275894,1.0,176.472
2409142.0,0.10813054,1.0,294.463989
2409220.0,0.09944498,1.0,294.808014
2409298.0,0.10294977,1.0,295.496002
2409376.0,0.09055628,1.0,295.496002
2409454.0,0.11239715,1.0,295.496002
2409532.0,0.124943,1.0,295.839996
2409610.0,0.12265734,1.0,3.784
2409688.0,0.12362242,1.0,1.72
2409766.0,0.13002226,1.0,2.064
2409845.0,0.12230177,1.0,1.72
2409923.0,0.13042866,1.0,2.064
2410001.0,0.12484147,1.0,2.064
2410079.0,0.12103189,1.0,291.368011
2410157.0,0.10614961,1.0,294.463989
2410235.0,0.117121,1.0,295.152008
2410313.0,0.12595877,1.0,295.496002
2410392.0,0.11407329,1.0,295.496002
2410470.0,0.13129215,1.0,295.152008
2410548.0,0.12651753,1.0,295.496002
2410626.0,0.09248646,1.0,3.44
2410704.0,0.14393952,1.0,2.064
2410782.0,0.12397791,1.0,2.064
2410860.0,0.1095528,1.0,2.064
2410938.0,0.13479678,1.0,2.064
2411016.0,0.10472736,1.0,2.064
2411095.0,0.11371788,1.0,293.432007
2411173.0,0.13037781,1.0,295.152008
2411251.0,0.11153381,1.0,295.152008
2411329.0,0.12585725,1.0,295.496002
2411407.0,0.10731789,1.0,295.496002
2411485.0,0.13220647,1.0,296.18399
2411563.0,0.10736866,1.0,296.18399
2411641.0,0.13642208,1.0,3.44
2411719.0,0.13581264,1.0,2.752
2411798.0,0.11960978,1.0,2.408
2411876.0,0.1365746,1.0,2.408
2411954.0,0.13134298,1.0,2.408
2412032.0,0.12849848,1.0,2.408
2412110.0,0.11249883,1.0,294.119995
2412188.0,0.11910186,1.0,295.152008
2412266.0,0.13098742,1.0,295.496002
2412344.0,0.10777506,1.0,295.496002
2412422.0,0.12540017,1.0,295.496002
2412501.0,0.13134298,1.0,295.839996
2412579.0,0.10396554,1.0,296.872009
2412657.0,0.12473988,1.0,3.096
2412735.0,0.13835226,1.0,1.72
2412813.0,0.10604808,1.0,1.72
2412891.0,0.12428271,1.0,1.376
2412969.0,0.11981283,1.0,1.72
2413047.0,0.10294977,1.0,0.688
2413126.0,0.12407959,1.0,293.432007
2413204.0,0.09020064,1.0,294.119995
2413282.0,0.12555252,1.0,294.808014
2413360.0,0.11976214,1.0,295.152008
2413438.0,0.11021309,1.0,294.119995
2413516.0,0.13240953,1.0,295.152008
2413594.0,0.11397169,1.0,91.160004
2413672.0,0.11833997,1.0,0.688
2413750.0,0.12113356,1.0,1.376
2413829.0,0.12626365,1.0,1.376
2413907.0,0.13845395,1.0,1.72
2413985.0,0.13327301,1.0,1.72
2414063.0,0.12108272,1.0,161.335999
2414141.0,0.1250446,1.0,295.152008
2414219.0,0.10934953,1.0,295.839996
2414297.0,0.10305136,1.0,295.839996
2414375.0,0.10223857,1.0,295.496002
2414453.0,0.10802895,1.0,295.496002
2414532.0,0.12123509,1.0,296.18399
2414610.0,0.109248,1.0,3.784
2414688.0,0.12829527,1.0,2.752
2414766.0,0.13530479,1.0,2.752
2414844.0,0.12717783,1.0,2.408
2414922.0,0.10645441,1.0,2.752
2415000.0,0.11397169,1.0,2.408
2415078.0,0.11422573,1.0,292.056
2415156.0,0.12052403,1.0,295.496002
2415235.0,0.07811203,1.0,295.152008
2415313.0,0.10889251,1.0,294.808014
2415391.0,0.11955902,1.0,294.463989
2415469.0,0.10157828,1.0,295.496002
2415547.0,0.12189537,1.0,295.152008
2415625.0,0.12595877,1.0,2.752
2415703.0,0.1158511,1.0,1.72
2415781.0,0.11077178,1.0,1.72
2415860.0,0.13322218,1.0,1.72
2415938.0,0.12052403,1.0,1.72
2416016.0,0.11818753,1.0,1.72
2416094.0,0.11493685,1.0,293.432007
2416172.0,0.11595263,1.0,294.463989
2416250.0,0.1025942,1.0,294.808014
2416328.0,0.1228097,1.0,295.152008
2416406.0,0.11595263,1.0,294.808014
2416484.0,0.13032706,1.0,294.808014
2416563.0,0.11981283,1.0,295.152008
2416641.0,0.13053018,1.0,2.752
2416719.0,0.13682856,1.0,2.064
2416797.0,0.12423187,1.0,1.72
2416875.0,0.11224479,1.0,2.064
2416953.0,0.12027007,1.0,2.064
2417031.0,0.12545092,1.0,2.064
2417109.0,0.12712707,1.0,294.463989
2417187.0,0.10127355,1.0,296.18399
2417266.0,0.12057479,1.0,296.18399
2417344.0,0.12250497,1.0,295.839996
2417422.0,0.10675921,1.0,296.18399
2417500.0,0.12560329,1.0,296.18399
2417578.0,0.11381941,1.0,297.216003
2417656.0,0.14013007,1.0,3.784
2417734.0,0.13530479,1.0,1.72
2417812.0,0.11412413,1.0,2.408
2417890.0,0.1132098,1.0,2.064
2417969.0,0.11889866,1.0,1.72
2418047.0,0.13073339,1.0,0.688
2418125.0,0.10665761,1.0,293.088013
2418203.0,0.0961943,1.0,294.808014
2418281.0,0.12159065,1.0,294.808014
2418359.0,0.16832009,1.0,294.808014
2418437.0,0.12052403,1.0,295.152008
2418515.0,0.11630819,1.0,295.152008
2418593.0,0.09482281,1.0,101.136002
2418672.0,0.09644834,1.0,2.064
2418750.0,0.13850462,1.0,2.064
2418828.0,0.09964825,1.0,2.064
2418906.0,0.09751488,1.0,2.064
2418984.0,0.10406706,1.0,1.376
2419062.0,0.12296214,1.0,152.048004
2419140.0,0.12387631,1.0,294.808014
2419219.0,0.11249883,1.0,295.152008
2419297.0,0.11432733,1.0,295.152008
2419375.0,0.09868309,1.0,295.152008
2419453.0,0.12641601,1.0,295.496002
2419531.0,0.10503224,1.0,295.496002
2419609.0,0.13393329,1.0,3.096
2419687.0,0.1290064,1.0,2.064
2419765.0,0.1208796,1.0,2.064
2419843.0,0.11849226,1.0,2.064
2419921.0,0.11793357,1.0,2.064
2420000.0,0.12936197,1.0,2.064
2420078.0,0.12372403,1.0,291.712006
2420156.0,0.10432111,1.0,295.152008
2420234.0,0.10747018,1.0,295.152008
2420312.0,0.10538779,1.0,295.152008
2420390.0,0.10554016,1.0,295.496002
2420468.0,0.11163534,1.0,295.496002
2420546.0,0.09939422,1.0,295.496002
2420625.0,0.11000989,1.0,3.096
2420703.0,0.11194006,1.0,2.064
2420781.0,0.12992066,1.0,1.72
2420859.0,0.13149527,1.0,2.064
2420937.0,0.11183854,1.0,2.064
2421015.0,0.1300731,1.0,2.064
2421093.0,0.12600961,1.0,293.088013
2421171.0,0.10863855,1.0,295.152008
2421249.0,0.13068269,1.0,295.496002
2421328.0,0.10584489,1.0,295.496002
2421406.0,0.109248,1.0,295.496002
2421484.0,0.07841676,1.0,295.496002
2421562.0,0.12926036,1.0,295.839996
2421640.0,0.1162575,1.0,3.096
2421718.0,0.14007924,1.0,2.064
2421796.0,0.12727943,1.0,1.72
2421874.0,0.10533696,1.0,1.72
2421952.0,0.12143836,1.0,2.064
2422031.0,0.09746404,1.0,1.72
2422109.0,0.0847659,1.0,293.432007
2422187.0,0.12021931,1.0,295.496002
2422265.0,0.10467667,1.0,295.152008
2422343.0,0.13367933,1.0,295.496002
2422421.0,0.11920338,1.0,295.496002
2422499.0,0.11194006,1.0,295.496002
2422577.0,0.10772422,1.0,297.903992
2422656.0,0.10919724,1.0,3.44
2422734.0,0.1566885,1.0,1.72
2422812.0,0.12575565,1.0,2.064
2422890.0,0.09776891,1.0,2.064
2422968.0,0.0914197,1.0,2.064
2423046.0,0.11376856,1.0,1.032
2423124.0,0.12743187,1.0,293.432007
2423202.0,0.09888629,1.0,295.152008
2423280.0,0.11407329,1.0,295.152008
2423359.0,0.11178762,1.0,295.152008
2423437.0,0.124943,1.0,295.152008
2423515.0,0.11326064,1.0,295.496002
2423593.0,0.12387631,1.0,109.047997
2423671.0,0.11818753,1.0,1.72
2423749.0,0.1475966,1.0,1.376
2423827.0,0.11006072,1.0,2.064
2423905.0,0.12159065,1.0,2.408
2423983.0,0.08573098,1.0,2.064
2424062.0,0.14180622,1.0,145.511993
2424140.0,0.1185431,1.0,294.808014
2424218.0,0.11239715,1.0,295.152008
2424296.0,0.11828914,1.0,295.152008
2424374.0,0.1293112,1.0,295.496002
2424452.0,0.09817516,1.0,295.839996
2424530.0,0.1211844,1.0,295.496002
2424608.0,0.12240338,1.0,3.44
2424686.0,0.11595263,1.0,2.408
2424765.0,0.1318,1.0,1.72
2424843.0,0.11046705,1.0,2.064
2424921.0,0.13149527,1.0,2.064
2424999.0,0.11559722,1.0,2.064
2425077.0,0.11315911,1.0,291.712006
2425155.0,0.12727943,1.0,295.152008
2425233.0,0.09263875,1.0,295.152008
2425311.0,0.10599732,1.0,295.152008
2425390.0,0.11971131,1.0,295.496002
2425468.0,0.11295591,1.0,295.496002
2425546.0,0.10223857,1.0,295.496002
2425624.0,0.12824459,1.0,3.44
2425702.0,0.09248646,1.0,2.064
2425780.0,0.11742572,1.0,2.064
2425858.0,0.12585725,1.0,2.064
2425936.0,0.12839688,1.0,2.064
2426014.0,0.1270763,1.0,2.064
2426093.0,0.10782582,1.0,293.088013
2426171.0,0.14861253,1.0,295.152008
2426249.0,0.11102574,1.0,295.152008
2426327.0,0.10020687,1.0,295.496002
2426405.0,0.11981283,1.0,295.152008
2426483.0,0.12763499,1.0,296.18399
2426561.0,0.1340349,1.0,296.18399
2426639.0,0.12860008,1.0,3.784
2426717.0,0.11021309,1.0,2.752
2426796.0,0.14018077,1.0,2.408
2426874.0,0.13571112,1.0,2.408
2426952.0,0.1091464,1.0,2.408
2427030.0,0.12473988,1.0,2.408
2427108.0,0.12245414,1.0,294.119995
2427186.0,0.11056858,1.0,295.496002
2427264.0,0.12839688,1.0,295.839996
2427342.0,0.13571112,1.0,295.839996
2427421.0,0.11397169,1.0,295.839996
2427499.0,0.12575565,1.0,295.496002
2427577.0,0.11397169,1.0,297.216003
2427655.0,0.1185431,1.0,3.44
2427733.0,0.1458697,1.0,2.408
2427811.0,0.10894328,1.0,2.408
2427889.0,0.1227081,1.0,2.064
2427967.0,0.13261272,1.0,2.064
2428046.0,0.12326686,1.0,0.688
2428124.0,0.12047327,1.0,293.776001
2428202.0,0.10198468,1.0,295.496002
2428280.0,0.10564169,1.0,295.496002
2428358.0,0.12682234,1.0,295.496002
2428436.0,0.12986989,1.0,295.839996
2428514.0,0.13058095,1.0,295.496002
2428592.0,0.11991451,1.0,115.928001
2428670.0,0.11681619,1.0,2.064
2428749.0,0.13499999,1.0,2.064
2428827.0,0.1226065,1.0,2.064
2428905.0,0.11803517,1.0,2.408
2428983.0,0.11493685,1.0,2.064
2429061.0,0.12682234,1.0,138.632004
2429139.0,0.11986375,1.0,295.839996
2429217.0,0.09538157,1.0,295.839996
2429295.0,0.10609892,1.0,295.839996
2429373.0,0.12138744,1.0,296.18399
2429451.0,0.11387017,1.0,295.839996
2429530.0,0.11559722,1.0,296.18399
2429608.0,0.12286054,1.0,2.752
2429686.0,0.11447969,1.0,2.408
2429764.0,0.1226065,1.0,2.408
2429842.0,0.11473358,1.0,2.408
2429920.0,0.10391478,1.0,2.064
2429998.0,0.10787666,1.0,2.408
2430077.0,0.12641601,1.0,291.368011
2430155.0,0.11285439,1.0,295.496002
2430233.0,0.13098742,1.0,295.496002
2430311.0,0.10447355,1.0,296.18399
2430389.0,0.10787666,1.0,295.496002
2430467.0,0.11519074,1.0,295.152008
2430545.0,0.12128592,1.0,295.839996
2430623.0,0.12727943,1.0,3.44
2430701.0,0.10863855,1.0,1.376
2430780.0,0.12138744,1.0,2.064
2430858.0,0.12057479,1.0,1.72
2430936.0,0.10757194,1.0,1.72
2431014.0,0.12194621,1.0,2.064
2431092.0,0.10863855,1.0,293.088013
2431170.0,0.13977452,1.0,295.152008
2431248.0,0.10797819,1.0,295.152008
2431326.0,0.12367319,1.0,295.496002
2431404.0,0.11529234,1.0,295.496002
2431482.0,0.10041007,1.0,295.496002
2431561.0,0.11671451,1.0,295.496002
2431639.0,0.11127978,1.0,3.096
2431717.0,0.13428886,1.0,2.752
2431795.0,0.14536169,1.0,2.408
2431873.0,0.11473358,1.0,2.408
2431951.0,0.12453668,1.0,2.408
2432029.0,0.13708246,1.0,2.408
2432107.0,0.11635903,1.0,293.776001
2432186.0,0.11747648,1.0,295.152008
2432264.0,0.11905102,1.0,295.496002
2432342.0,0.11214326,1.0,295.496002
2432420.0,0.12834612,1.0,295.839996
2432498.0,0.11569874,1.0,295.839996
2432576.0,0.11773045,1.0,297.903992
2432654.0,0.12265734,1.0,3.784
2432732.0,0.14023168,1.0,2.408
2432811.0,0.11041629,1.0,2.408
2432889.0,0.12890488,1.0,2.408
2432967.0,0.10528612,1.0,2.408
2433045.0,0.11265112,1.0,1.032
2433123.0,0.09660055,1.0,294.119995
2433201.0,0.10162912,1.0,296.18399
2433279.0,0.12123509,1.0,295.496002
2433357.0,0.09157213,1.0,295.839996
2433435.0,0.13017462,1.0,295.839996
2433514.0,0.13139367,1.0,295.839996
2433592.0,0.11275264,1.0,126.935997
2433670.0,0.12382555,1.0,2.408
2433748.0,0.14282207,1.0,2.408
2433826.0,0.1347461,1.0,2.752
2433904.0,0.13408573,1.0,2.064
2433982.0,0.12941273,1.0,2.408
2434060.0,0.12783812,1.0,134.160004
2434138.0,0.14480293,1.0,295.496002
2434217.0,0.10604808,1.0,295.839996
2434295.0,0.12316526,1.0,295.152008
2434373.0,0.13439053,1.0,295.496002
2434451.0,0.12656838,1.0,295.496002
2434529.0,0.1154447,1.0,295.152008
2434607.0,0.11910186,1.0,2.408
2434685.0,0.1381999,1.0,2.752
2434763.0,0.13596508,1.0,2.752
2434841.0,0.13022545,1.0,2.752
2434920.0,0.11127978,1.0,2.408
2434998.0,0.12214941,1.0,2.408
2435076.0,0.11194006,1.0,291.368011
2435154.0,0.10843535,1.0,295.496002
2435232.0,0.10462583,1.0,295.839996
2435310.0,0.13677765,1.0,295.839996
2435388.0,0.11493685,1.0,295.839996
2435466.0,0.10929883,1.0,295.839996
2435545.0,0.1250446,1.0,295.839996
2435623.0,0.09426412,1.0,3.44
2435701.0,0.12021931,1.0,2.408
2435779.0,0.12027007,1.0,2.064
2435857.0,0.14846009,1.0,2.408
2435935.0,0.11666375,1.0,2.408
2436013.0,0.13540639,1.0,2.064
2436091.0,0.12727943,1.0,293.432007
2436169.0,0.1435332,1.0,295.152008
2436248.0,0.12174308,1.0,295.496002
2436326.0,0.10147675,1.0,295.496002
2436404.0,0.12306366,1.0,295.496002
2436482.0,0.11229563,1.0,295.496002
2436560.0,0.1273811,1.0,295.496002
2436638.0,0.13733642,1.0,3.44
2436716.0,0.1321048,1.0,2.064
2436794.0,0.13936819,1.0,2.064
2436872.0,0.12682234,1.0,2.408
2436951.0,0.12133661,1.0,2.064
2437029.0,0.1341365,1.0,2.064
2437107.0,0.1091464,1.0,293.776001
2437185.0,0.11056858,1.0,295.496002
2437263.0,0.11539394,1.0,295.152008
2437341.0,0.1228097,1.0,295.839996
2437419.0,0.12062564,1.0,295.839996
2437497.0,0.11828914,1.0,295.496002
2437575.0,0.13769197,1.0,297.216003
2437654.0,0.13058095,1.0,3.44
2437732.0,0.13164771,1.0,2.064
2437810.0,0.1203716,1.0,2.064
2437888.0,0.11412413,1.0,2.408
2437966.0,0.10437194,1.0,2.064
2438044.0,0.12230177,1.0,0.688
2438122.0,0.11635903,1.0,294.119995
2438200.0,0.10345761,1.0,296.18399
2438279.0,0.12027007,1.0,296.18399
2438357.0,0.12413028,1.0,295.839996
2438435.0,0.12524781,1.0,295.839996
2438513.0,0.13525388,1.0,295.496002
2438591.0,0.10503224,1.0,135.535995
2438669.0,0.12453668,1.0,2.064
2438747.0,0.13560951,1.0,2.064
2438825.0,0.11412413,1.0,2.408
2438903.0,0.12352083,1.0,2.064
2438982.0,0.12027007,1.0,2.064
2439060.0,0.13286676,1.0,127.968002
2439138.0,0.11402261,1.0,295.152008
2439216.0,0.09263875,1.0,295.152008
2439294.0,0.12296214,1.0,295.496002
2439372.0,0.11950811,1.0,295.496002
2439450.0,0.12143836,1.0,295.496002
2439528.0,0.11823837,1.0,295.496002
2439606.0,0.12600961,1.0,1.72
2439685.0,0.1436348,1.0,2.064
2439763.0,0.14652999,1.0,2.064
2439841.0,0.12809215,1.0,2.064
2439919.0,0.13444123,1.0,1.72
2439997.0,0.11793357,1.0,2.064
2440075.0,0.124943,1.0,290.335999
2440153.0,0.12250497,1.0,295.152008
2440231.0,0.11026385,1.0,295.152008
2440310.0,0.13286676,1.0,295.839996
2440388.0,0.12885404,1.0,294.463989
2440466.0,0.12692395,1.0,295.152008
2440544.0,0.13134298,1.0,295.496002
2440622.0,0.11950811,1.0,3.44
2440700.0,0.12001603,1.0,2.752
2440778.0,0.12651753,1.0,2.064
2440856.0,0.08872778,1.0,2.064
2440934.0,0.14449821,1.0,2.064
2441012.0,0.11900026,1.0,2.408
2441091.0,0.13865699,1.0,292.743988
2441169.0,0.11437817,1.0,295.152008
2441247.0,0.11569874,1.0,295.152008
2441325.0,0.12204781,1.0,295.152008
2441403.0,0.14226331,1.0,296.18399
2441481.0,0.10427035,1.0,295.496002
2441559.0,0.12941273,1.0,295.152008
2441637.0,0.12113356,1.0,2.752
2441716.0,0.10823222,1.0,2.064
2441794.0,0.12316526,1.0,2.064
2441872.0,0.11747648,1.0,2.064
2441950.0,0.11493685,1.0,2.408
2442028.0,0.12986989,1.0,2.064
2442106.0,0.12138744,1.0,293.776001
2442184.0,0.12047327,1.0,295.152008
2442262.0,0.13444123,1.0,295.496002
2442340.0,0.11752725,1.0,295.152008
2442419.0,0.12661907,1.0,295.152008
2442497.0,0.13423802,1.0,295.496002
2442575.0,0.13083491,1.0,297.559998
2442653.0,0.11407329,1.0,3.096
2442731.0,0.14754575,1.0,2.064
2442809.0,0.12011771,1.0,2.064
2442887.0,0.1251462,1.0,1.72
2442965.0,0.1162575,1.0,2.064
2443044.0,0.11280355,1.0,1.032
2443122.0,0.11595263,1.0,293.776001
2443200.0,0.10493071,1.0,295.152008
2443278.0,0.12336846,1.0,295.152008
2443356.0,0.12042244,1.0,295.496002
2443434.0,0.11072101,1.0,295.496002
2443512.0,0.11696848,1.0,295.496002
2443590.0,0.11549554,1.0,146.888
2443668.0,0.12082884,1.0,2.408
2443747.0,0.1436348,1.0,2.064
2443825.0,0.12758431,1.0,2.064
2443903.0,0.12595877,1.0,2.064
2443981.0,0.10701317,1.0,2.064
2444059.0,0.12230177,1.0,123.152
2444137.0,0.13119046,1.0,295.152008
2444215.0,0.08979439,1.0,295.152008
2444293.0,0.11310828,1.0,295.152008
2444371.0,0.105083,1.0,295.496002
2444450.0,0.13058095,1.0,295.496002
2444528.0,0.11315911,1.0,295.496002
2444606.0,0.12377471,1.0,2.408
2444684.0,0.09365467,1.0,2.064
2444762.0,0.12519696,1.0,2.064
2444840.0,0.13383177,1.0,2.064
2444918.0,0.12565406,1.0,2.064
2444996.0,0.12362242,1.0,2.064
2445074.0,0.1246382,1.0,290.335999
2445153.0,0.13047943,1.0,295.152008
2445231.0,0.06627738,1.0,295.152008
2445309.0,0.1296667,1.0,295.496002
2445387.0,0.12844771,1.0,295.839996
2445465.0,0.13200328,1.0,295.496002
2445543.0,0.11651139,1.0,295.496002
2445621.0,0.1056926,1.0,3.096
2445699.0,0.13540639,1.0,2.064
2445777.0,0.1230129,1.0,2.064
2445856.0,0.10117203,1.0,2.064
2445934.0,0.11991451,1.0,1.72
2446012.0,0.11681619,1.0,2.064
2446090.0,0.12611121,1.0,293.432007
2446168.0,0.11778128,1.0,295.152008
2446246.0,0.12042244,1.0,295.496002
2446324.0,0.11818753,1.0,295.496002
2446403.0,0.14038397,1.0,295.496002
2446481.0,0.11849226,1.0,295.496002
2446559.0,0.11559722,1.0,295.496002
2446637.0,0.1427713,1.0,3.096
2446715.0,0.15160917,1.0,2.064
2446793.0,0.13154604,1.0,1.72
2446871.0,0.12529849,1.0,2.064
2446949.0,0.13708246,1.0,2.064
2447027.0,0.11833997,1.0,2.064
2447106.0,0.12072716,1.0,293.432007
2447184.0,0.13032706,1.0,295.152008
2447262.0,0.12113356,1.0,294.808014
2447340.0,0.11732405,1.0,295.496002
2447418.0,0.13814914,1.0,295.152008
2447496.0,0.1114829,1.0,295.152008
2447574.0,0.12799056,1.0,297.216003
2447652.0,0.11615591,1.0,3.096
2447730.0,0.12453668,1.0,1.376
2447808.0,0.14429508,1.0,1.72
2447887.0,0.12194621,1.0,1.376
2447965.0,0.13068269,1.0,1.72
2448043.0,0.11006072,1.0,1.376
2448121.0,0.1154447,1.0,293.088013
2448199.0,0.10599732,1.0,295.152008
2448277.0,0.11671451,1.0,295.152008
2448355.0,0.11067017,1.0,295.152008
2448433.0,0.11732405,1.0,295.152008
2448512.0,0.11006072,1.0,295.152008
2448590.0,0.10300053,1.0,155.488007
2448668.0,0.11168603,1.0,2.408
2448746.0,0.11889866,1.0,1.72
2448824.0,0.14114586,1.0,2.064
2448902.0,0.13063177,1.0,2.064
2448980.0,0.12616205,1.0,1.72
2449058.0,0.10543856,1.0,109.391998
2449137.0,0.12077799,1.0,295.496002
2449215.0,0.1096544,1.0,295.839996
2449293.0,0.10645441,1.0,295.152008
2449371.0,0.11605423,1.0,295.839996
2449449.0,0.11127978,1.0,295.496002
2449527.0,0.12148912,1.0,295.152008
2449605.0,0.13606668,1.0,2.064
2449683.0,0.11061949,1.0,2.064
2449761.0,0.14266971,1.0,2.064
2449840.0,0.1296667,1.0,2.752
2449918.0,0.14856169,1.0,2.408
2449996.0,0.12920961,1.0,2.752
2450074.0,0.13129215,1.0,289.992004
2450152.0,0.11173686,1.0,295.496002
2450230.0,0.10498139,1.0,295.496002
2450308.0,0.10528612,1.0,295.496002
2450386.0,0.12428271,1.0,295.496002
2450464.0,0.11788281,1.0,295.496002
2450543.0,0.11011149,1.0,296.18399
2450621.0,0.1228097,1.0,3.44
2450699.0,0.13540639,1.0,2.064
2450777.0,0.12951434,1.0,2.408
2450855.0,0.12844771,1.0,2.064
2450933.0,0.12250497,1.0,2.064
2451011.0,0.1309365,1.0,2.064
2451089.0,0.13499999,1.0,293.088013
2451167.0,0.11737481,1.0,295.496002
2451246.0,0.11940658,1.0,294.808014
2451324.0,0.109248,1.0,295.152008
2451402.0,0.11833997,1.0,295.839996
2451480.0,0.10660677,1.0,295.839996
2451558.0,0.11696848,1.0,295.839996
2451636.0,0.14383791,1.0,3.44
2451714.0,0.12839688,1.0,2.064
2451793.0,0.12377471,1.0,2.064
2451871.0,0.13154604,1.0,2.064
2451949.0,0.12468904,1.0,2.408
2452027.0,0.11808601,1.0,2.064
2452105.0,0.12839688,1.0,293.776001
2452183.0,0.13621904,1.0,295.496002
2452261.0,0.11310828,1.0,295.152008
2452339.0,0.1185431,1.0,296.18399
2452417.0,0.11336224,1.0,295.839996
2452496.0,0.11519074,1.0,295.839996
2452574.0,0.13753961,1.0,297.559998
2452652.0,0.1115845,1.0,3.784
2452730.0,0.13230799,1.0,2.752
2452808.0,0.13738725,1.0,2.064
2452886.0,0.1348983,1.0,1.72
2452964.0,0.13063177,1.0,2.064
2453042.0,0.1154447,1.0,1.376
2453120.0,0.11778128,1.0,293.776001
2453198.0,0.10477827,1.0,295.152008
2453277.0,0.11493685,1.0,296.528015
2453355.0,0.11376856,1.0,295.496002
2453433.0,0.13510151,1.0,295.496002
2453511.0,0.12595877,1.0,295.496002
2453589.0,0.11732405,1.0,164.087997
2453667.0,0.12174308,1.0,2.408
2453745.0,0.13713321,1.0,2.064
2453823.0,0.13281593,1.0,2.064
2453901.0,0.13439053,1.0,3.096
2453980.0,0.11356536,1.0,2.064
2454058.0,0.13662536,1.0,94.599998
2454136.0,0.11554638,1.0,294.808014
2454214.0,0.10447355,1.0,295.152008
2454292.0,0.1325112,1.0,295.496002
2454370.0,0.12636526,1.0,295.152008
2454448.0,0.13388246,1.0,294.463989
2454526.0,0.12448592,1.0,295.152008
2454605.0,0.1209812,1.0,2.064
2454683.0,0.12489224,1.0,1.72
2454761.0,0.13901263,1.0,2.064
2454839.0,0.12230177,1.0,1.72
2454917.0,0.10828298,1.0,1.72
2454995.0,0.10147675,1.0,1.72
2455073.0,0.12265734,1.0,288.959991
2455151.0,0.13698085,1.0,294.463989
2455230.0,0.08522306,1.0,294.808014
2455308.0,0.12489224,1.0,295.152008
2455386.0,0.12890488,1.0,295.152008
2455464.0,0.11950811,1.0,294.119995
2455542.0,0.11844157,1.0,295.152008
2455620.0,0.13774274,1.0,3.096
2455698.0,0.11681619,1.0,1.376
2455776.0,0.14785056,1.0,2.064
2455854.0,0.10711477,1.0,2.064
2455932.0,0.12661907,1.0,1.72
2456011.0,0.12809215,1.0,1.376
2456089.0,0.11788281,1.0,292.743988
2456167.0,0.12169217,1.0,294.119995
2456245.0,0.12179385,1.0,295.152008
2456323.0,0.11762877,1.0,294.808014
2456401.0,0.12545092,1.0,294.808014
2456479.0,0.09985138,1.0,294.119995
2456557.0,0.12133661,1.0,294.119995
2456636.0,0.1189495,1.0,2.408
2456714.0,0.12595877,1.0,1.72
2456792.0,0.11437817,1.0,1.376
2456870.0,0.11666375,1.0,2.408
2456948.0,0.12204781,1.0,1.376
2457026.0,0.13291745,1.0,1.376
2457104.0,0.12611121,1.0,292.743988
2457182.0,0.1230129,1.0,295.152008
2457261.0,0.12082884,1.0,295.152008
2457339.0,0.12672082,1.0,295.152008
2457417.0,0.12189537,1.0,294.808014
2457495.0,0.13129215,1.0,294.119995
2457573.0,0.13058095,1.0,296.872009
2457651.0,0.12123509,1.0,3.096
2457729.0,0.11879713,1.0,1.376
2457807.0,0.13144451,1.0,2.064
2457885.0,0.12870169,1.0,1.72
2457964.0,0.12793972,1.0,2.064
2458042.0,0.11635903,1.0,1.376
2458120.0,0.1189495,1.0,293.776001
2458198.0,0.09878469,1.0,294.463989
2458276.0,0.12291122,1.0,295.496002
2458354.0,0.13723488,1.0,295.496002
2458432.0,0.13073339,1.0,294.463989
2458510.0,0.11194006,1.0,295.496002
2458588.0,0.11955902,1.0,174.063995
2458667.0,0.12250497,1.0,2.064
2458745.0,0.13068269,1.0,2.064
2458823.0,0.13967292,1.0,2.064
2458901.0,0.11427649,1.0,2.064
2458979.0,0.1226065,1.0,2.064
2459057.0,0.12194621,1.0,84.968002
2459135.0,0.12113356,1.0,295.152008
2459213.0,0.11381941,1.0,295.152008
2459291.0,0.13459359,1.0,295.152008
2459370.0,0.13855547,1.0,295.496002
2459448.0,0.124943,1.0,295.839996
2459526.0,0.13911423,1.0,295.839996
2459604.0,0.1154447,1.0,1.72
2459682.0,0.12880328,1.0,2.064
2459760.0,0.13017462,1.0,2.064
2459838.0,0.13723488,1.0,2.064
2459916.0,0.11950811,1.0,2.064
2459994.0,0.12397791,1.0,2.064
2460073.0,0.10721637,1.0,288.959991
2460151.0,0.10777506,1.0,294.808014
2460229.0,0.11447969,1.0,295.839996
2460307.0,0.12717783,1.0,294.808014
2460385.0,0.12265734,1.0,296.872009
2460463.0,0.11986375,1.0,295.496002
2460541.0,0.11468289,1.0,296.18399
2460620.0,0.11813685,1.0,4.128
2460698.0,0.12626365,1.0,2.408
2460776.0,0.1365746,1.0,3.096
2460854.0,0.13662536,1.0,2.752
2460932.0,0.11793357,1.0,1.376
2461010.0,0.13860631,1.0,2.064
2461088.0,0.11793357,1.0,293.432007
2461166.0,0.11849226,1.0,295.152008
2461244.0,0.11437817,1.0,295.152008
2461322.0,0.12346999,1.0,295.496002
2461401.0,0.12047327,1.0,294.808014
2461479.0,0.1114829,1.0,294.808014
2461557.0,0.12321595,1.0,295.152008
2461635.0,0.12113356,1.0,2.064
2461713.0,0.13367933,1.0,1.376
2461791.0,0.12352083,1.0,1.72
2461869.0,0.11915255,1.0,1.72
2461947.0,0.12636526,1.0,1.72
2462025.0,0.13088575,1.0,1.72
2462104.0,0.13774274,1.0,293.432007
2462182.0,0.11290508,1.0,295.152008
2462260.0,0.11366697,1.0,294.808014
2462338.0,0.11371788,1.0,295.152008
2462416.0,0.12062564,1.0,295.152008
2462494.0,0.1250446,1.0,295.496002
2462572.0,0.14104426,1.0,296.872009
2462650.0,0.12077799,1.0,3.096
2462728.0,0.15191397,1.0,2.064
2462807.0,0.1246382,1.0,2.064
2462885.0,0.12346999,1.0,2.064
2462963.0,0.14165385,1.0,1.72
2463041.0,0.12672082,1.0,2.064
2463119.0,0.11224479,1.0,293.776001
2463197.0,0.10396554,1.0,295.152008
2463275.0,0.12758431,1.0,294.463989
2463353.0,0.11910186,1.0,296.528015
2463431.0,0.1227081,1.0,295.152008
2463510.0,0.1025942,1.0,295.496002
2463588.0,0.12519696,1.0,182.320007
2463666.0,0.12799056,1.0,2.064
2463744.0,0.14602199,1.0,2.064
2463822.0,0.11559722,1.0,2.064
2463900.0,0.11483525,1.0,2.064
2463978.0,0.14272048,1.0,2.408
2464057.0,0.1340349,1.0,77.400002
2464135.0,0.14734264,1.0,294.119995
2464213.0,0.10020687,1.0,294.463989
2464291.0,0.11651139,1.0,294.463989
2464369.0,0.10518459,1.0,295.152008
2464447.0,0.13738725,1.0,294.808014
2464525.0,0.10203552,1.0,295.152008
2464603.0,0.11407329,1.0,1.376
2464681.0,0.13454282,1.0,1.72
2464760.0,0.12880328,1.0,1.376
2464838.0,0.13809837,1.0,1.376
2464916.0,0.12636526,1.0,1.72
2464994.0,0.14393952,1.0,1.376
2465072.0,0.13047943,1.0,286.895996
2465150.0,0.12382555,1.0,294.808014
2465228.0,0.05855682,1.0,294.463989
2465306.0,0.12956516,1.0,295.152008
2465384.0,0.10716546,1.0,294.808014
2465463.0,0.12321595,1.0,296.18399
2465541.0,0.12809215,1.0,295.839996
2465619.0,0.12570488,1.0,3.784
2465697.0,0.1156479,1.0,2.408
2465775.0,0.13367933,1.0,2.408
2465853.0,0.11976214,1.0,2.408
2465931.0,0.14226331,1.0,2.408
2466009.0,0.12611121,1.0,2.064
2466087.0,0.101883,1.0,293.432007
2466166.0,0.12011771,1.0,295.496002
2466244.0,0.11960978,1.0,295.152008
2466322.0,0.13119046,1.0,296.18399
2466400.0,0.12661907,1.0,295.496002
2466478.0,0.11371788,1.0,295.496002
2466556.0,0.11341301,1.0,295.496002
2466634.0,0.12839688,1.0,3.096
2466712.0,0.14703791,1.0,2.064
2466791.0,0.13835226,1.0,1.376
2466869.0,0.11884782,1.0,1.376
2466947.0,0.12174308,1.0,1.72
2467025.0,0.12336846,1.0,1.72
2467103.0,0.11930506,1.0,293.088013
2467181.0,0.12499376,1.0,294.808014
2467259.0,0.12484147,1.0,294.808014
2467337.0,0.11041629,1.0,294.808014
2467415.0,0.12341923,1.0,295.152008
2467494.0,0.14165385,1.0,295.152008
2467572.0,0.11635903,1.0,296.872009
2467650.0,0.11554638,1.0,3.096
2467728.0,0.1519648,1.0,2.064
2467806.0,0.12834612,1.0,2.064
2467884.0,0.10884167,1.0,2.064
2467962.0,0.11026385,1.0,2.064
2468040.0,0.12860008,1.0,1.376
2468118.0,0.14495537,1.0,293.776001
2468197.0,0.11194006,1.0,295.496002
2468275.0,0.11686695,1.0,296.18399
2468353.0,0.10406706,1.0,295.152008
2468431.0,0.12895565,1.0,295.839996
2468509.0,0.13530479,1.0,295.496002
2468587.0,0.12138744,1.0,189.888
2468665.0,0.11656223,1.0,2.064
2468743.0,0.12946364,1.0,2.064
2468821.0,0.12743187,1.0,1.72
2468900.0,0.13103811,1.0,2.064
2468978.0,0.14139982,1.0,2.408
2469056.0,0.16019313,1.0,71.552002
2469134.0,0.12230177,1.0,295.152008
2469212.0,0.11310828,1.0,295.152008
2469290.0,0.11224479,1.0,295.496002
2469368.0,0.12672082,1.0,295.496002
2469446.0,0.11940658,1.0,295.496002
2469524.0,0.12753339,1.0,295.496002
2469603.0,0.14856169,1.0,2.408
2469681.0,0.11305752,1.0,2.064
2469759.0,0.14632671,1.0,2.064
2469837.0,0.1270763,1.0,2.064
2469915.0,0.12133661,1.0,2.064
2469993.0,0.11194006,1.0,2.064
2470071.0,0.11996534,1.0,286.552002
2470149.0,0.12651753,1.0,295.152008
2470228.0,0.09954657,1.0,295.152008
2470306.0,0.13362858,1.0,295.152008
2470384.0,0.1156479,1.0,295.496002
2470462.0,0.13835226,1.0,295.152008
2470540.0,0.12733027,1.0,295.496002
2470618.0,0.11483525,1.0,3.096
2470696.0,0.11747648,1.0,2.064
2470774.0,0.1309365,1.0,2.064
2470852.0,0.12717783,1.0,2.064
2470931.0,0.12997149,1.0,1.72
2471009.0,0.12656838,1.0,1.72
2471087.0,0.12641601,1.0,293.088013
2471165.0,0.12138744,1.0,294.808014
2471243.0,0.11224479,1.0,295.152008
2471321.0,0.1154447,1.0,294.808014
2471399.0,0.1228097,1.0,295.496002
2471477.0,0.10731789,1.0,295.496002
2471555.0,0.13596508,1.0,295.152008
2471634.0,0.14002848,1.0,2.064
2471712.0,0.12570488,1.0,2.064
2471790.0,0.1431268,1.0,1.72
2471868.0,0.13418734,1.0,1.72
2471946.0,0.12920961,1.0,2.064
2472024.0,0.12545092,1.0,2.064
2472102.0,0.10066395,1.0,293.432007
2472180.0,0.1203716,1.0,295.152008
2472258.0,0.12986989,1.0,295.152008
2472337.0,0.1068099,1.0,294.463989
2472415.0,0.1273811,1.0,294.808014
2472493.0,0.13571112,1.0,295.496002
2472571.0,0.1316984,1.0,295.496002
2472649.0,0.11656223,1.0,3.096
2472727.0,0.14815529,1.0,2.064
2472805.0,0.14424424,1.0,2.064
2472883.0,0.12875244,1.0,2.064
2472962.0,0.13870791,1.0,1.72
2473040.0,0.11966062,1.0,1.376
2473118.0,0.11011149,1.0,293.776001
2473196.0,0.09837836,1.0,295.152008
2473274.0,0.12981905,1.0,294.463989
2473352.0,0.13119046,1.0,294.808014
2473430.0,0.1208796,1.0,294.808014
2473508.0,0.13591431,1.0,295.496002
2473587.0,0.1187463,1.0,197.455994
2473665.0,0.12788902,1.0,2.064
2473743.0,0.15008539,1.0,2.064
2473821.0,0.13388246,1.0,1.376
2473899.0,0.13347621,1.0,1.72
2473977.0,0.13149527,1.0,1.376
2474055.0,0.1365746,1.0,65.360001
2474133.0,0.12413028,1.0,295.152008
2474211.0,0.0939594,1.0,295.152008
2474290.0,0.12722866,1.0,294.463989
2474368.0,0.12961593,1.0,294.808014
2474446.0,0.12875244,1.0,294.463989
2474524.0,0.1499331,1.0,295.496002
2474602.0,0.10289893,1.0,4.472
2474680.0,0.12626365,1.0,2.408
2474758.0,0.13022545,1.0,2.064
2474836.0,0.12341923,1.0,2.064
2474914.0,0.13428886,1.0,2.064
2474993.0,0.10589572,1.0,1.72
2475071.0,0.11971131,1.0,285.175995
2475149.0,0.13967292,1.0,294.463989
2475227.0,0.13063177,1.0,295.152008
2475305.0,0.15628217,1.0,295.152008
2475383.0,0.11610499,1.0,294.808014
2475461.0,0.15049186,1.0,295.496002
2475539.0,0.15648529,1.0,295.496002
2475617.0,0.11661292,1.0,3.096
2475696.0,0.12159065,1.0,2.064
2475774.0,0.124943,1.0,1.72
2475852.0,0.14023168,1.0,1.72
2475930.0,0.13586339,1.0,1.72
2476008.0,0.12413028,1.0,1.376
2476086.0,0.12717783,1.0,292.399994
2476164.0,0.13672696,1.0,294.808014
2476242.0,0.12326686,1.0,294.808014
2476321.0,0.124435,1.0,295.152008
2476399.0,0.11742572,1.0,294.808014
2476477.0,0.10122272,1.0,295.152008
2476555.0,0.12052403,1.0,294.808014
2476633.0,0.11468289,1.0,3.096
2476711.0,0.12854932,1.0,1.72
2476789.0,0.12108272,1.0,1.72
2476867.0,0.13931735,1.0,1.72
2476945.0,0.13240953,1.0,1.72
2477024.0,0.12611121,1.0,1.72
2477102.0,0.12250497,1.0,293.432007
2477180.0,0.11000989,1.0,295.152008
2477258.0,0.13032706,1.0,295.152008
2477336.0,0.12128592,1.0,295.152008
2477414.0,0.13002226,1.0,294.463989
2477492.0,0.13698085,1.0,295.496002
2477570.0,0.14546323,1.0,294.808014
2477648.0,0.12448592,1.0,3.096
2477727.0,0.17111368,1.0,1.376
2477805.0,0.13337462,1.0,1.72
2477883.0,0.13835226,1.0,2.064
2477961.0,0.1388602,1.0,2.064
2478039.0,0.12946364,1.0,2.408
2478117.0,0.13454282,1.0,294.808014
2478195.0,0.12235261,1.0,295.839996
2478273.0,0.12748262,1.0,295.839996
2478351.0,0.12473988,1.0,295.839996
2478430.0,0.14998379,1.0,296.528015
2478508.0,0.14160302,1.0,295.839996
2478586.0,0.11300667,1.0,205.024002
2478664.0,0.14226331,1.0,2.752
2478742.0,0.14109509,1.0,2.408
2478820.0,0.12204781,1.0,2.408
2478898.0,0.13906339,1.0,1.72
2478976.0,0.12392715,1.0,2.408
2479055.0,0.1321048,1.0,62.264
2479133.0,0.12946364,1.0,295.496002
2479211.0,0.11478442,1.0,295.496002
2479289.0,0.12682234,1.0,295.496002
2479367.0,0.13240953,1.0,295.839996
2479445.0,0.13479678,1.0,295.839996
2479523.0,0.11788281,1.0,295.496002
2479601.0,0.12275894,1.0,7.224
2479680.0,0.14124753,1.0,2.064
2479758.0,0.12418119,1.0,2.408
2479836.0,0.10686073,1.0,2.064
2479914.0,0.11935575,1.0,2.064
2479992.0,0.1189495,1.0,2.064
2480070.0,0.12143836,1.0,284.832001
2480148.0,0.12860008,1.0,294.463989
2480226.0,0.13510151,1.0,295.152008
2480304.0,0.10747018,1.0,295.496002
2480383.0,0.11402261,1.0,295.496002
2480461.0,0.1162575,1.0,295.496002
2480539.0,0.14465065,1.0,295.839996
2480617.0,0.12341923,1.0,4.472
2480695.0,0.11945742,1.0,2.752
2480773.0,0.1363714,1.0,2.752
2480851.0,0.13769197,1.0,3.096
2480929.0,0.13113971,1.0,2.408
2481007.0,0.12717783,1.0,2.752
2481086.0,0.11229563,1.0,293.432007
2481164.0,0.1250446,1.0,295.839996
2481242.0,0.12534933,1.0,296.18399
2481320.0,0.11407329,1.0,296.18399
2481398.0,0.14393952,1.0,295.839996
2481476.0,0.13200328,1.0,296.18399
2481554.0,0.11900026,1.0,296.18399
2481632.0,0.14216179,1.0,3.784
2481711.0,0.12971745,1.0,2.752
2481789.0,0.1250446,1.0,2.408
2481867.0,0.13957131,1.0,2.408
2481945.0,0.12839688,1.0,2.752
2482023.0,0.12575565,1.0,2.752
2482101.0,0.11432733,1.0,293.776001
2482179.0,0.12997149,1.0,295.152008
2482257.0,0.13571112,1.0,295.496002
2482335.0,0.11783197,1.0,295.839996
2482414.0,0.12418119,1.0,295.839996
2482492.0,0.13601583,1.0,295.839996
2482570.0,0.1226065,1.0,295.839996
2482648.0,0.10599732,1.0,3.44
2482726.0,0.14226331,1.0,2.064
2482804.0,0.1404348,1.0,1.72
2482882.0,0.14947593,1.0,2.408
2482960.0,0.12748262,1.0,2.064
2483038.0,0.13682856,1.0,1.72
2483117.0,0.11437817,1.0,294.119995
2483195.0,0.09654986,1.0,295.496002
2483273.0,0.12428271,1.0,295.496002
2483351.0,0.12854932,1.0,296.872009
2483429.0,0.128143,1.0,296.872009
2483507.0,0.12519696,1.0,296.528015
2483585.0,0.11823837,1.0,216.376007
2483663.0,0.14099357,1.0,3.096
2483741.0,0.12306366,1.0,2.752
2483819.0,0.12346999,1.0,2.752
2483898.0,0.13418734,1.0,2.408
2483976.0,0.13733642,1.0,2.752
2484054.0,0.11204159,1.0,57.792
2484132.0,0.11620667,1.0,295.496002
2484210.0,0.11752725,1.0,295.839996
2484288.0,0.13626988,1.0,295.839996
2484366.0,0.11051781,1.0,295.839996
2484444.0,0.13708246,1.0,295.839996
2484523.0,0.14145066,1.0,295.839996
2484601.0,0.12844771,1.0,8.6
2484679.0,0.15008539,1.0,2.408
2484757.0,0.13748886,1.0,2.064
2484835.0,0.15353942,1.0,2.064
2484913.0,0.13830143,1.0,2.408
2484991.0,0.1270763,1.0,2.408
2485070.0,0.12555252,1.0,283.112
2485148.0,0.12153988,1.0,295.152008
2485226.0,0.11600347,1.0,295.496002
2485304.0,0.12895565,1.0,295.496002
2485382.0,0.14023168,1.0,295.496002
2485460.0,0.13967292,1.0,295.496002
2485538.0,0.13586339,1.0,295.496002
2485616.0,0.14236483,1.0,3.096
2485694.0,0.12103189,1.0,2.064
2485773.0,0.13967292,1.0,2.064
2485851.0,0.12956516,1.0,2.064
2485929.0,0.13428886,1.0,2.064
2486007.0,0.12788902,1.0,3.096
2486085.0,0.13987604,1.0,294.119995
2486163.0,0.11000989,1.0,296.18399
2486241.0,0.13068269,1.0,296.18399
2486319.0,0.14084113,1.0,296.18399
2486397.0,0.11107658,1.0,296.18399
2486475.0,0.11458122,1.0,296.18399
2486554.0,0.13581264,1.0,296.528015
2486632.0,0.12240338,1.0,3.784
2486710.0,0.11427649,1.0,2.408
2486788.0,0.11818753,1.0,2.408
2486866.0,0.13317148,1.0,2.752
2486944.0,0.11229563,1.0,2.752
2487022.0,0.13053018,1.0,2.408
2487100.0,0.12387631,1.0,294.119995
2487178.0,0.11813685,1.0,295.496002
2487257.0,0.1208796,1.0,295.496002
2487335.0,0.12799056,1.0,295.839996
2487413.0,0.12204781,1.0,295.839996
2487491.0,0.13713321,1.0,295.839996
2487569.0,0.13713321,1.0,295.839996
2487647.0,0.14165385,1.0,3.44
2487725.0,0.15099971,1.0,2.408
2487803.0,0.15120284,1.0,2.064
2487881.0,0.13941896,1.0,2.408
2487960.0,0.1309365,1.0,2.064
2488038.0,0.14729179,1.0,2.408
2488116.0,0.12626365,1.0,293.776001
2488194.0,0.11397169,1.0,295.152008
2488272.0,0.14520942,1.0,295.496002
2488350.0,0.12961593,1.0,295.496002
2488428.0,0.13698085,1.0,295.496002
2488507.0,0.14104426,1.0,295.839996
2488585.0,0.1347461,1.0,222.223999
2488663.0,0.11717168,1.0,2.064
2488741.0,0.15018699,1.0,1.376
2488819.0,0.12753339,1.0,1.376
2488897.0,0.1404348,1.0,1.72
2488975.0,0.13784434,1.0,1.72
2489053.0,0.12179385,1.0,51.256001
2489131.0,0.13860631,1.0,294.463989
2489210.0,0.1074195,1.0,295.152008
2489288.0,0.13017462,1.0,295.496002
2489366.0,0.10818139,1.0,294.808014
2489444.0,0.13083491,1.0,294.808014
2489522.0,0.14160302,1.0,294.808014
2489600.0,0.13068269,1.0,10.664
2489678.0,0.1357618,1.0,1.72
2489756.0,0.12011771,1.0,1.376
2489834.0,0.13261272,1.0,1.72
2489913.0,0.12057479,1.0,2.064
2489991.0,0.1458697,1.0,1.72
2490069.0,0.12722866,1.0,280.359985
2490147.0,0.13687932,1.0,295.152008
2490225.0,0.12336846,1.0,294.463989
2490303.0,0.13738725,1.0,295.152008
2490381.0,0.12834612,1.0,294.808014
2490459.0,0.13946979,1.0,295.496002
2490537.0,0.13078421,1.0,294.808014
2490615.0,0.12402875,1.0,3.44
2490694.0,0.13322218,1.0,2.064
2490772.0,0.1405364,1.0,2.064
2490850.0,0.12992066,1.0,2.064
2490928.0,0.12555252,1.0,1.72
2491006.0,0.13439053,1.0,1.72
2491084.0,0.1357618,1.0,292.743988
2491162.0,0.12600961,1.0,295.152008
2491241.0,0.12600961,1.0,295.152008
2491319.0,0.12392715,1.0,295.152008
2491397.0,0.14393952,1.0,295.152008
2491475.0,0.13296829,1.0,295.839996
2491553.0,0.13281593,1.0,295.496002
2491631.0,0.10909571,1.0,3.784
2491709.0,0.13982521,1.0,2.064
2491787.0,0.14475217,1.0,2.064
2491865.0,0.12372403,1.0,1.72
2491944.0,0.12306366,1.0,2.064
2492022.0,0.14485385,1.0,2.064
2492100.0,0.13560951,1.0,293.432007
2492178.0,0.13484763,1.0,295.152008
2492256.0,0.12113356,1.0,295.152008
2492334.0,0.13073339,1.0,295.496002
2492412.0,0.11910186,1.0,295.496002
2492490.0,0.14861253,1.0,295.496002
2492568.0,0.14470141,1.0,295.496002
2492646.0,0.12524781,1.0,3.096
2492725.0,0.13835226,1.0,1.72
2492803.0,0.1296667,1.0,1.72
2492881.0,0.10843535,1.0,1.376
2492959.0,0.13906339,1.0,1.72
2493037.0,0.11605423,1.0,1.72
2493115.0,0.12179385,1.0,293.088013
2493193.0,0.10117203,1.0,294.808014
2493271.0,0.11747648,1.0,295.496002
2493350.0,0.13459359,1.0,295.152008
2493428.0,0.13672696,1.0,295.152008
2493506.0,0.14612359,1.0,295.496002
2493584.0,0.12524781,1.0,228.416
2493662.0,0.14079037,1.0,2.408
2493740.0,0.16019313,1.0,1.72
2493818.0,0.12225094,1.0,2.064
2493896.0,0.1347461,1.0,2.064
2493975.0,0.1341365,1.0,1.72
2494053.0,0.13479678,1.0,37.495998
2494131.0,0.14378709,1.0,294.808014
2494209.0,0.12646678,1.0,295.839996
2494287.0,0.14409189,1.0,295.839996
2494365.0,0.13185084,1.0,295.496002
2494443.0,0.13957131,1.0,295.496002
2494521.0,0.12570488,1.0,295.496002
2494599.0,0.12611121,1.0,13.76
2494678.0,0.12032091,1.0,2.408
2494756.0,0.13322218,1.0,2.064
2494834.0,0.13078421,1.0,2.408
2494912.0,0.14835849,1.0,2.408
2494990.0,0.1258065,1.0,2.064
2495068.0,0.13601583,1.0,278.984009
2495146.0,0.14795224,1.0,295.839996
2495224.0,0.11026385,1.0,295.496002
2495302.0,0.10884167,1.0,295.496002
2495381.0,0.13652377,1.0,295.839996
2495459.0,0.13713321,1.0,295.839996
2495537.0,0.15099971,1.0,295.496002
2495615.0,0.12727943,1.0,3.096
2495693.0,0.1293112,1.0,2.408
2495771.0,0.14333007,1.0,2.064
2495849.0,0.14805377,1.0,2.408
2495927.0,0.14266971,1.0,1.72
2496006.0,0.12839688,1.0,3.096
2496084.0,0.1452601,1.0,293.088013
2496162.0,0.1251462,1.0,295.152008
2496240.0,0.12748262,1.0,296.18399
2496318.0,0.10101952,1.0,295.496002
2496396.0,0.13286676,1.0,295.839996
2496474.0,0.12428271,1.0,295.496002
2496552.0,0.13571112,1.0,295.839996
2496630.0,0.12575565,1.0,3.44
2496709.0,0.14094272,1.0,2.408
2496787.0,0.15145688,1.0,2.408
2496865.0,0.15094888,1.0,2.064
2496943.0,0.10609892,1.0,2.752
2497021.0,0.12844771,1.0,2.408
2497099.0,0.15612973,1.0,293.776001
2497177.0,0.13256188,1.0,295.496002
2497255.0,0.14449821,1.0,295.496002
2497333.0,0.13296829,1.0,295.839996
2497412.0,0.13997772,1.0,295.496002
2497490.0,0.14023168,1.0,295.496002
2497568.0,0.13784434,1.0,295.839996
2497646.0,0.14165385,1.0,4.128
2497724.0,0.15008539,1.0,1.72
2497802.0,0.13159686,1.0,2.752
2497880.0,0.1269747,1.0,2.752
2497958.0,0.15110132,1.0,2.064
2498036.0,0.11026385,1.0,2.752
2498115.0,0.13124123,1.0,293.776001
2498193.0,0.12687311,1.0,295.496002
2498271.0,0.13352704,1.0,295.496002
2498349.0,0.11955902,1.0,295.496002
2498427.0,0.14475217,1.0,295.839996
2498505.0,0.14947593,1.0,295.496002
2498583.0,0.13317148,1.0,235.983994
2498661.0,0.13032706,1.0,3.096
2498739.0,0.16044718,1.0,2.064
2498818.0,0.11463206,1.0,2.064
2498896.0,0.1392666,1.0,2.064
2498974.0,0.12402875,1.0,2.408
2499052.0,0.15247273,1.0,26.143999
2499130.0,0.15389498,1.0,294.808014
2499208.0,0.09746404,1.0,295.152008
2499286.0,0.1348983,1.0,296.18399
2499364.0,0.12306366,1.0,295.152008
2499443.0,0.13037781,1.0,295.152008
2499521.0,0.13291745,1.0,295.496002
2499599.0,0.15587585,1.0,14.792
2499677.0,0.13073339,1.0,2.064
2499755.0,0.12316526,1.0,2.408
2499833.0,0.13698085,1.0,2.064
2499911.0,0.12626365,1.0,2.408
2499989.0,0.14673318,1.0,2.408
2500067.0,0.12926036,1.0,275.200012
2500146.0,0.13271424,1.0,295.152008
2500224.0,0.11366697,1.0,295.152008
2500302.0,0.14373632,1.0,295.152008
2500380.0,0.12926036,1.0,295.152008
2500458.0,0.11097505,1.0,295.496002
2500536.0,0.1458697,1.0,295.496002
2500614.0,0.14317763,1.0,3.44
2500692.0,0.12819375,1.0,2.064
2500770.0,0.14175539,1.0,1.72
2500849.0,0.14937434,1.0,2.064
2500927.0,0.12666997,1.0,2.064
2501005.0,0.10731789,1.0,1.72
2501083.0,0.14769819,1.0,293.088013
2501161.0,0.11605423,1.0,295.496002
2501239.0,0.1226065,1.0,295.152008
2501317.0,0.14084113,1.0,295.496002
2501395.0,0.14632671,1.0,295.496002
2501474.0,0.12651753,1.0,295.839996
2501552.0,0.14536169,1.0,295.496002
2501630.0,0.1176796,1.0,3.44
2501708.0,0.12865084,1.0,2.064
2501786.0,0.13393329,1.0,2.064
2501864.0,0.12743187,1.0,1.72
2501942.0,0.11828914,1.0,2.064
2502020.0,0.1316984,1.0,2.064
2502099.0,0.11798433,1.0,292.743988
2502177.0,0.12722866,1.0,295.152008
2502255.0,0.14013007,1.0,295.152008
2502333.0,0.13748886,1.0,295.152008
2502411.0,0.15084727,1.0,295.496002
2502489.0,0.12306366,1.0,295.496002
2502567.0,0.1273811,1.0,295.496002
2502645.0,0.11178762,1.0,3.096
2502723.0,0.14333007,1.0,2.064
2502802.0,0.14520942,1.0,2.064
2502880.0,0.11209235,1.0,2.064
2502958.0,0.13073339,1.0,2.064
2503036.0,0.14378709,1.0,1.72
2503114.0,0.15303133,1.0,293.776001
2503192.0,0.10355922,1.0,295.152008
2503270.0,0.12199698,1.0,295.152008
2503348.0,0.1228097,1.0,295.496002
2503426.0,0.13591431,1.0,295.496002
2503505.0,0.1420601,1.0,295.496002
2503583.0,0.13571112,1.0,240.455994
2503661.0,0.12082884,1.0,2.408
2503739.0,0.13779357,1.0,2.064
2503817.0,0.14566642,1.0,2.064
2503895.0,0.14500614,1.0,2.064
2503973.0,0.12880328,1.0,2.408
2504051.0,0.14084113,1.0,19.264
2504129.0,0.13012393,1.0,294.119995
2504207.0,0.11661292,1.0,295.152008
2504286.0,0.13896172,1.0,295.152008
2504364.0,0.13433962,1.0,295.152008
2504442.0,0.13246028,1.0,295.496002
2504520.0,0.1384031,1.0,295.496002
2504598.0,0.13271424,1.0,17.200001
2504676.0,0.12499376,1.0,2.064
2504754.0,0.14358388,1.0,2.064
2504832.0,0.13383177,1.0,2.064
2504911.0,0.12976837,1.0,2.064
2504989.0,0.13621904,1.0,2.064
2505067.0,0.12865084,1.0,272.447998
2505145.0,0.09939422,1.0,295.152008
2505223.0,0.10574336,1.0,294.808014
2505301.0,0.13134298,1.0,295.152008
2505379.0,0.10361005,1.0,295.152008
2505457.0,0.12636526,1.0,295.496002
2505536.0,0.12316526,1.0,295.152008
2505614.0,0.12585725,1.0,3.44
2505692.0,0.12164149,1.0,1.376
2505770.0,0.1290064,1.0,1.72
2505848.0,0.13185084,1.0,1.72
2505926.0,0.12646678,1.0,2.064
2506004.0,0.1365746,1.0,2.064
2506082.0,0.13215555,1.0,292.743988
2506160.0,0.11864469,1.0,294.808014
2506239.0,0.12108272,1.0,295.152008
2506317.0,0.10447355,1.0,295.152008
2506395.0,0.10594641,1.0,295.152008
2506473.0,0.14561565,1.0,295.496002
2506551.0,0.15475839,1.0,295.152008
2506629.0,0.13753961,1.0,2.408
2506707.0,0.11981283,1.0,1.72
2506785.0,0.14251734,1.0,1.72
2506863.0,0.12220025,1.0,1.72
2506942.0,0.13022545,1.0,2.064
2507020.0,0.13850462,1.0,1.72
2507098.0,0.12829527,1.0,292.399994
2507176.0,0.11707008,1.0,294.808014
2507254.0,0.11940658,1.0,295.496002
2507332.0,0.12951434,1.0,294.808014
2507410.0,0.1056926,1.0,295.839996
2507488.0,0.1404855,1.0,295.496002
2507566.0,0.13068269,1.0,295.496002
2507645.0,0.12169217,1.0,3.096
2507723.0,0.15186313,1.0,1.72
2507801.0,0.12382555,1.0,2.408
2507879.0,0.1169178,1.0,2.064
2507957.0,0.12606053,1.0,1.376
2508035.0,0.14470141,1.0,2.064
2508113.0,0.13738725,1.0,294.119995
2508191.0,0.1269747,1.0,295.152008
2508269.0,0.12550177,1.0,294.808014
2508348.0,0.11833997,1.0,295.496002
2508426.0,0.14145066,1.0,295.152008
2508504.0,0.13499999,1.0,296.18399
2508582.0,0.13601583,1.0,245.272003
2508660.0,0.12428271,1.0,3.096
2508738.0,0.14612359,1.0,2.064
2508816.0,0.14104426,1.0,2.752
2508895.0,0.10980676,1.0,2.408
2508973.0,0.13281593,1.0,2.752
2509051.0,0.12392715,1.0,15.136
2509129.0,0.12895565,1.0,294.463989
2509207.0,0.12915877,1.0,294.808014
2509285.0,0.12834612,1.0,294.808014
2509363.0,0.12534933,1.0,295.152008
2509441.0,0.13119046,1.0,295.496002
2509519.0,0.13159686,1.0,295.496002
2509598.0,0.10960356,1.0,19.952
2509676.0,0.13256188,1.0,1.72
2509754.0,0.16948824,1.0,2.064
2509832.0,0.12458744,1.0,2.064
2509910.0,0.12407959,1.0,2.064
2509988.0,0.12011771,1.0,2.064
2510066.0,0.12788902,1.0,270.727997
2510144.0,0.13520311,1.0,294.463989
2510222.0,0.12890488,1.0,295.152008
2510300.0,0.13225716,1.0,295.152008
2510379.0,0.13809837,1.0,295.152008
2510457.0,0.13352704,1.0,295.152008
2510535.0,0.15049186,1.0,295.496002
2510613.0,0.13266356,1.0,2.752
2510691.0,0.14007924,1.0,1.72
2510769.0,0.1405364,1.0,2.064
2510847.0,0.12326686,1.0,2.064
2510926.0,0.1452601,1.0,2.064
2511004.0,0.14297444,1.0,1.72
2511082.0,0.12382555,1.0,292.399994
2511160.0,0.10340678,1.0,295.152008
2511238.0,0.12722866,1.0,295.152008
2511316.0,0.11803517,1.0,295.496002
2511394.0,0.13291745,1.0,295.496002
2511472.0,0.12499376,1.0,295.496002
2511550.0,0.15272662,1.0,295.496002
2511629.0,0.12534933,1.0,3.784
2511707.0,0.1340349,1.0,2.408
2511785.0,0.13703169,1.0,2.408
2511863.0,0.15018699,1.0,2.752
2511941.0,0.13520311,1.0,2.752
2512019.0,0.1325112,1.0,2.752
2512097.0,0.13418734,1.0,294.463989
2512175.0,0.1227081,1.0,296.18399
2512253.0,0.12768583,1.0,295.839996
2512332.0,0.13383177,1.0,296.18399
2512410.0,0.10807978,1.0,295.839996
2512488.0,0.13291745,1.0,296.528015
2512566.0,0.14307603,1.0,296.528015
2512644.0,0.14454912,1.0,4.128
2512722.0,0.13789518,1.0,2.408
2512800.0,0.14571726,1.0,2.408
2512878.0,0.14099357,1.0,1.376
2512956.0,0.12890488,1.0,1.376
2513034.0,0.13469526,1.0,1.376
2513113.0,0.13906339,1.0,294.119995
2513191.0,0.10137516,1.0,295.496002
2513269.0,0.14256811,1.0,294.463989
2513347.0,0.14023168,1.0,295.496002
2513425.0,0.11839073,1.0,294.463989
2513503.0,0.11752725,1.0,294.463989
2513581.0,0.15130444,1.0,251.464005
2513659.0,0.12529849,1.0,2.064
2513738.0,0.14703791,1.0,1.72
2513816.0,0.14373632,1.0,2.064
2513894.0,0.15074575,1.0,2.064
2513972.0,0.13505082,1.0,2.752
2514050.0,0.11940658,1.0,10.664
2514128.0,0.13276508,1.0,294.119995
2514206.0,0.12611121,1.0,295.496002
2514284.0,0.13642208,1.0,294.808014
2514363.0,0.14744416,1.0,295.496002
2514441.0,0.11864469,1.0,295.839996
2514519.0,0.14089197,1.0,295.496002
2514597.0,0.12951434,1.0,24.08
2514675.0,0.12590809,1.0,2.064
2514753.0,0.13753961,1.0,3.096
2514831.0,0.14505698,1.0,2.752
2514909.0,0.14703791,1.0,3.096
2514987.0,0.12438431,1.0,3.096
2515066.0,0.1227081,1.0,269.35199
2515144.0,0.15125367,1.0,295.839996
2515222.0,0.10513383,1.0,295.839996
2515300.0,0.13398413,1.0,295.839996
2515378.0,0.13347621,1.0,295.839996
2515456.0,0.13317148,1.0,295.839996
2515534.0,0.12336846,1.0,295.496002
2515612.0,0.12194621,1.0,3.096
2515690.0,0.14668228,1.0,1.032
2515769.0,0.15623133,1.0,1.376
2515847.0,0.12672082,1.0,1.72
2515925.0,0.14068876,1.0,1.72
2516003.0,0.13769197,1.0,1.72
2516081.0,0.13896172,1.0,292.399994
2516159.0,0.1388095,1.0,294.463989
2516237.0,0.12123509,1.0,295.152008
2516315.0,0.13058095,1.0,295.152008
2516394.0,0.14637755,1.0,294.808014
2516472.0,0.12682234,1.0,295.152008
2516550.0,0.1432284,1.0,295.152008
2516628.0,0.13545707,1.0,2.752
2516706.0,0.13113971,1.0,1.72
2516784.0,0.13759045,1.0,2.064
2516862.0,0.13682856,1.0,1.72
2516940.0,0.12778743,1.0,1.72
2517018.0,0.13002226,1.0,1.376
2517097.0,0.13190159,1.0,293.432007
2517175.0,0.13083491,1.0,295.152008
2517253.0,0.11341301,1.0,295.152008
2517331.0,0.12656838,1.0,295.152008
2517409.0,0.12626365,1.0,296.18399
2517487.0,0.10442263,1.0,296.528015
2517565.0,0.1566885,1.0,295.496002
2517643.0,0.14023168,1.0,3.784
2517721.0,0.15760282,1.0,2.064
2517800.0,0.14231415,1.0,2.752
2517878.0,0.1211844,1.0,2.408
2517956.0,0.13230799,1.0,2.408
2518034.0,0.11417497,1.0,2.752
2518112.0,0.11986375,1.0,293.432007
2518190.0,0.12621282,1.0,295.152008
2518268.0,0.13454282,1.0,295.839996
2518346.0,0.13850462,1.0,294.119995
2518424.0,0.13088575,1.0,294.463989
2518503.0,0.14236483,1.0,294.463989
2518581.0,0.12733027,1.0,256.279999
2518659.0,0.13332385,1.0,2.064
2518737.0,0.15287906,1.0,1.376
2518815.0,0.14531094,1.0,1.032
2518893.0,0.12712707,1.0,1.376
2518971.0,0.14221254,1.0,1.376
2519049.0,0.13454282,1.0,8.256
2519127.0,0.14292359,1.0,293.776001
2519206.0,0.10355922,1.0,295.152008
2519284.0,0.13494915,1.0,295.152008
2519362.0,0.13083491,1.0,295.152008
2519440.0,0.12275894,1.0,295.496002
2519518.0,0.12448592,1.0,295.496002
2519596.0,0.12946364,1.0,27.176001
2519674.0,0.13952048,1.0,1.72
2519753.0,0.12291122,1.0,2.752
2519831.0,0.14846009,1.0,2.064
2519909.0,0.1246382,1.0,2.064
2519987.0,0.12331762,1.0,2.064
2520065.0,0.12870169,1.0,263.847992
2520143.0,0.14825696,1.0,296.18399
2520221.0,0.1156479,1.0,296.18399
2520299.0,0.12646678,1.0,296.18399
2520377.0,0.1436348,1.0,295.496002
2520456.0,0.12621282,1.0,296.18399
2520534.0,0.11381941,1.0,296.18399
2520612.0,0.14343159,1.0,3.096
2520690.0,0.13896172,1.0,2.064
2520768.0,0.13454282,1.0,2.408
2520846.0,0.13047943,1.0,2.064
2520924.0,0.13002226,1.0,2.064
2521002.0,0.14739348,1.0,1.72
2521080.0,0.13642208,1.0,291.712006
2521158.0,0.13139367,1.0,294.463989
2521237.0,0.12321595,1.0,294.463989
2521315.0,0.14658074,1.0,294.808014
2521393.0,0.1251462,1.0,294.808014
2521471.0,0.12453668,1.0,294.463989
2521549.0,0.13012393,1.0,294.808014
2521627.0,0.13378094,1.0,2.752
2521705.0,0.14175539,1.0,1.72
2521784.0,0.12631434,1.0,2.064
2521862.0,0.1348983,1.0,1.72
2521940.0,0.1318,1.0,1.72
2522018.0,0.14378709,1.0,2.064
2522096.0,0.12692395,1.0,293.088013
2522174.0,0.1227081,1.0,294.808014
2522252.0,0.12656838,1.0,294.808014
2522330.0,0.11981283,1.0,294.808014
2522408.0,0.13875866,1.0,295.152008
2522487.0,0.13317148,1.0,295.496002
2522565.0,0.12986989,1.0,295.152008
2522643.0,0.14236483,1.0,3.096
2522721.0,0.1495267,1.0,1.72
2522799.0,0.13743801,1.0,2.064
2522877.0,0.14515857,1.0,1.72
2522955.0,0.13378094,1.0,2.064
2523033.0,0.12418119,1.0,2.064
2523111.0,0.14754575,1.0,293.432007
2523189.0,0.12575565,1.0,295.152008
2523268.0,0.14226331,1.0,295.152008
2523346.0,0.13418734,1.0,294.808014
2523424.0,0.13525388,1.0,295.152008
2523502.0,0.13139367,1.0,295.152008
2523580.0,0.14079037,1.0,261.440002
2523658.0,0.13347621,1.0,2.752
2523736.0,0.14434585,1.0,2.408
2523814.0,0.10421958,1.0,2.064
2523892.0,0.13499999,1.0,2.064
2523971.0,0.13809837,1.0,2.064
2524049.0,0.14901878,1.0,5.504
2524127.0,0.14333007,1.0,294.463989
2524205.0,0.09924185,1.0,295.152008
2524283.0,0.12331762,1.0,294.808014
2524361.0,0.1203716,1.0,295.152008
2524439.0,0.13733642,1.0,294.808014
2524517.0,0.11427649,1.0,295.496002
2524596.0,0.14079037,1.0,33.712002
2524674.0,0.14073953,1.0,1.72
2524752.0,0.15023783,1.0,2.408
2524830.0,0.12418119,1.0,1.376
2524908.0,0.1420601,1.0,2.064
2524986.0,0.14388876,1.0,2.064
2525064.0,0.14150149,1.0,259.032013
2525142.0,0.13261272,1.0,294.808014
2525221.0,0.11986375,1.0,295.152008
2525299.0,0.14231415,1.0,295.152008
2525377.0,0.1420601,1.0,295.496002
2525455.0,0.13449205,1.0,295.496002
2525533.0,0.14033328,1.0,295.496002
2525611.0,0.13525388,1.0,3.784
2525689.0,0.10564169,1.0,2.064
2525767.0,0.13220647,1.0,2.064
2525845.0,0.1290064,1.0,2.064
2525924.0,0.14764737,1.0,2.064
2526002.0,0.13860631,1.0,2.064
2526080.0,0.12326686,1.0,292.399994
2526158.0,0.14114586,1.0,295.152008
2526236.0,0.13306981,1.0,295.152008
2526314.0,0.11981283,1.0,295.152008
2526392.0,0.13809837,1.0,295.496002
2526470.0,0.1458697,1.0,295.496002
2526548.0,0.1337301,1.0,295.496002
2526626.0,0.13566028,1.0,3.44
2526705.0,0.12946364,1.0,2.064
2526783.0,0.15623133,1.0,2.064
2526861.0,0.15557097,1.0,2.064
2526939.0,0.14632671,1.0,2.064
2527017.0,0.14779973,1.0,2.064
2527095.0,0.13515235,1.0,293.432007
2527173.0,0.13652377,1.0,295.152008
2527251.0,0.109756,1.0,295.496002
2527330.0,0.15013631,1.0,295.496002
2527408.0,0.12341923,1.0,295.496002
2527486.0,0.12575565,1.0,295.152008
2527564.0,0.14211102,1.0,295.839996
2527642.0,0.12763499,1.0,3.096
2527720.0,0.16481531,1.0,2.064
2527798.0,0.13779357,1.0,2.064
2527876.0,0.13393329,1.0,1.72
2527955.0,0.13728572,1.0,1.72
2528033.0,0.12387631,1.0,2.064
2528111.0,0.13545707,1.0,293.776001
2528189.0,0.12677151,1.0,295.152008
2528267.0,0.12854932,1.0,295.152008
2528345.0,0.14251734,1.0,295.152008
2528423.0,0.12286054,1.0,295.496002
2528501.0,0.13977452,1.0,295.496002
2528579.0,0.13327301,1.0,269.007996
2528658.0,0.12905717,1.0,3.096
2528736.0,0.13687932,1.0,2.064
2528814.0,0.1660852,1.0,2.064
2528892.0,0.12367319,1.0,2.064
2528970.0,0.13779357,1.0,1.72
2529048.0,0.11742572,1.0,3.44
2529126.0,0.1458697,1.0,293.776001
2529204.0,0.11549554,1.0,295.152008
2529282.0,0.13378094,1.0,295.152008
2529361.0,0.13850462,1.0,296.18399
2529439.0,0.12235261,1.0,296.18399
2529517.0,0.13977452,1.0,296.18399
2529595.0,0.15430123,1.0,38.528
2529673.0,0.11996534,1.0,2.408
2529751.0,0.1455649,1.0,2.408
2529829.0,0.12473988,1.0,2.408
2529907.0,0.11681619,1.0,2.408
2529986.0,0.13058095,1.0,2.752
2530064.0,0.13352704,1.0,241.832001
2530142.0,0.1316984,1.0,295.496002
2530220.0,0.14063801,1.0,295.496002
2530298.0,0.13337462,1.0,295.839996
2530376.0,0.13850462,1.0,295.496002
2530454.0,0.1269747,1.0,295.496002
2530532.0,0.11295591,1.0,295.839996
2530611.0,0.1384031,1.0,3.784
2530689.0,0.11473358,1.0,2.064
2530767.0,0.1436348,1.0,2.064
2530845.0,0.14871405,1.0,2.064
2530923.0,0.13571112,1.0,2.064
2531001.0,0.13779357,1.0,1.72
2531079.0,0.1230129,1.0,292.399994
2531157.0,0.1630884,1.0,295.152008
2531235.0,0.12372403,1.0,295.152008
2531313.0,0.12067632,1.0,295.152008
2531392.0,0.12479056,1.0,295.152008
2531470.0,0.13469526,1.0,295.496002
2531548.0,0.13875866,1.0,295.152008
2531626.0,0.12052403,1.0,2.752
2531704.0,0.14693631,1.0,2.064
2531782.0,0.15221868,1.0,2.064
2531860.0,0.14358388,1.0,2.064
2531938.0,0.12992066,1.0,2.064
2532016.0,0.15074575,1.0,2.064
2532095.0,0.11935575,1.0,294.463989
2532173.0,0.1411967,1.0,295.496002
2532251.0,0.14307603,1.0,295.839996
2532329.0,0.14058724,1.0,295.839996
2532407.0,0.12199698,1.0,295.839996
2532485.0,0.13205396,1.0,295.839996
2532563.0,0.13845395,1.0,296.18399
2532641.0,0.1455649,1.0,3.784
2532720.0,0.13185084,1.0,2.408
2532798.0,0.13119046,1.0,2.408
2532876.0,0.1228097,1.0,3.096
2532954.0,0.12702554,1.0,2.064
2533032.0,0.14282207,1.0,2.408
2533110.0,0.13972367,1.0,294.463989
2533188.0,0.11574943,1.0,295.496002
2533266.0,0.11610499,1.0,296.18399
2533344.0,0.14018077,1.0,296.18399
2533423.0,0.14327915,1.0,295.839996
2533501.0,0.14231415,1.0,295.839996
2533579.0,0.12194621,1.0,272.791992
2533657.0,0.12656838,1.0,3.44
2533735.0,0.15739962,1.0,2.064
2533813.0,0.14779973,1.0,2.408
2533891.0,0.14652999,1.0,2.064
2533969.0,0.14434585,1.0,2.408
2534047.0,0.14891726,1.0,1.376
2534126.0,0.12717783,1.0,294.119995
2534204.0,0.14622518,1.0,295.152008
2534282.0,0.13012393,1.0,295.152008
2534360.0,0.14089197,1.0,295.496002
2534438.0,0.1208796,1.0,295.496002
2534516.0,0.12235261,1.0,295.496002
2534594.0,0.12956516,1.0,43.344002
2534672.0,0.13312057,1.0,2.064
2534750.0,0.14967906,1.0,2.064
2534829.0,0.12174308,1.0,2.752
2534907.0,0.11793357,1.0,2.752
2534985.0,0.12997149,1.0,2.752
2535063.0,0.14917122,1.0,231.856003
2535141.0,0.12438431,1.0,295.496002
2535219.0,0.13256188,1.0,295.839996
2535297.0,0.14190781,1.0,295.839996
2535376.0,0.13058095,1.0,295.839996
2535454.0,0.12199698,1.0,295.839996
2535532.0,0.11910186,1.0,295.839996
2535610.0,0.15145688,1.0,4.128
2535688.0,0.13296829,1.0,2.408
2535766.0,0.15689169,1.0,2.408
2535844.0,0.14612359,1.0,2.408
2535922.0,0.14739348,1.0,2.408
2536000.0,0.15938056,1.0,2.064
2536078.0,0.11630819,1.0,292.743988
2536157.0,0.128143,1.0,295.152008
2536235.0,0.12651753,1.0,295.496002
2536313.0,0.13992696,1.0,295.496002
2536391.0,0.13525388,1.0,295.496002
2536469.0,0.16217408,1.0,295.496002
2536547.0,0.14795224,1.0,295.839996
2536625.0,0.14424424,1.0,3.44
2536703.0,0.1379967,1.0,2.064
2536781.0,0.14536169,1.0,2.064
2536860.0,0.14434585,1.0,2.064
2536938.0,0.12981905,1.0,2.064
2537016.0,0.12321595,1.0,2.064
2537094.0,0.14871405,1.0,293.432007
2537172.0,0.14632671,1.0,295.496002
2537250.0,0.1341365,1.0,295.152008
2537328.0,0.14333007,1.0,295.496002
2537407.0,0.13804755,1.0,295.496002
2537485.0,0.13261272,1.0,295.496002
2537563.0,0.12235261,1.0,296.18399
2537641.0,0.14617442,1.0,4.816
2537719.0,0.1388602,1.0,2.064
2537797.0,0.1587202,1.0,2.408
2537875.0,0.13718405,1.0,2.752
2537953.0,0.1348983,1.0,2.408
2538031.0,0.12387631,1.0,3.44
2538110.0,0.13606668,1.0,294.463989
2538188.0,0.13240953,1.0,296.528015
2538266.0,0.13291745,1.0,295.839996
2538344.0,0.15059339,1.0,295.839996
2538422.0,0.13687932,1.0,296.528015
2538500.0,0.14160302,1.0,296.528015
2538578.0,0.14658074,1.0,277.608002
2538656.0,0.14114586,1.0,3.784
2538734.0,0.14967906,1.0,2.408
2538813.0,0.13601583,1.0,2.408
2538891.0,0.13479678,1.0,2.408
2538969.0,0.12143836,1.0,2.064
2539047.0,0.14454912,1.0,0.688
2539125.0,0.14602199,1.0,293.432007
2539203.0,0.09461968,1.0,294.463989
2539281.0,0.12387631,1.0,295.496002
2539359.0,0.1381999,1.0,295.496002
2539437.0,0.12179385,1.0,295.496002
2539516.0,0.12936197,1.0,295.839996
2539594.0,0.16745654,1.0,47.816002
2539672.0,0.14891726,1.0,2.064
2539750.0,0.15292981,1.0,2.064
2539828.0,0.14754575,1.0,2.064
2539906.0,0.13469526,1.0,2.064
2539984.0,0.14216179,1.0,2.064
2540062.0,0.12164149,1.0,223.944
2540140.0,0.12565406,1.0,295.152008
2540218.0,0.10757194,1.0,295.496002
2540297.0,0.13814914,1.0,295.152008
2540375.0,0.13896172,1.0,295.152008
2540453.0,0.13322218,1.0,295.496002
2540531.0,0.12865084,1.0,295.496002
2540609.0,0.13581264,1.0,3.44
2540687.0,0.14089197,1.0,2.408
2540765.0,0.14688547,1.0,2.064
2540844.0,0.11346384,1.0,2.064
2540922.0,0.14333007,1.0,2.408
2541000.0,0.12915877,1.0,2.064
2541078.0,0.12204781,1.0,292.399994
2541156.0,0.15653613,1.0,295.152008
2541234.0,0.13667613,1.0,294.808014
2541312.0,0.14399035,1.0,294.463989
2541390.0,0.13037781,1.0,295.152008
2541468.0,0.12570488,1.0,294.808014
2541547.0,0.14333007,1.0,295.839996
2541625.0,0.12057479,1.0,3.44
2541703.0,0.16019313,1.0,2.064
2541781.0,0.14241575,1.0,1.72
2541859.0,0.15861867,1.0,2.064
2541937.0,0.12006687,1.0,2.064
2542015.0,0.13433962,1.0,2.064
2542093.0,0.13555868,1.0,293.432007
2542171.0,0.12291122,1.0,295.496002
2542250.0,0.11280355,1.0,294.463989
2542328.0,0.12743187,1.0,295.496002
2542406.0,0.13068269,1.0,295.496002
2542484.0,0.13393329,1.0,295.496002
2542562.0,0.14663151,1.0,295.839996
2542640.0,0.1546568,1.0,3.44
2542718.0,0.18746898,1.0,1.72
2542796.0,0.13967292,1.0,2.064
2542874.0,0.14840925,1.0,2.064
2542953.0,0.117121,1.0,2.064
2543031.0,0.15775518,1.0,1.72
2543109.0,0.11351468,1.0,293.776001
2543187.0,0.12626365,1.0,295.496002
2543265.0,0.13225716,1.0,295.152008
2543343.0,0.12001603,1.0,295.152008
2543421.0,0.14013007,1.0,295.496002
2543499.0,0.12225094,1.0,295.839996
2543577.0,0.14673318,1.0,280.359985
2543656.0,0.13037781,1.0,3.096
2543734.0,0.14419349,1.0,2.064
2543812.0,0.15943132,1.0,2.064
2543890.0,0.15323462,1.0,2.064
2543968.0,0.15145688,1.0,2.064
2544046.0,0.1404855,1.0,0.344
2544124.0,0.1340349,1.0,293.776001
2544203.0,0.10345761,1.0,295.152008
2544281.0,0.13469526,1.0,295.496002
2544359.0,0.12560329,1.0,295.496002
2544437.0,0.13748886,1.0,295.496002
2544515.0,0.14134914,1.0,295.496002
2544593.0,0.10879084,1.0,52.287998
2544671.0,0.12519696,1.0,2.064
2544749.0,0.14434585,1.0,2.064
2544827.0,0.14607282,1.0,2.064
2544906.0,0.14576794,1.0,2.064
2544984.0,0.13159686,1.0,2.064
2545062.0,0.13444123,1.0,216.031998
2545140.0,0.14333007,1.0,295.152008
2545218.0,0.12509529,1.0,295.152008
2545296.0,0.13246028,1.0,295.496002
2545374.0,0.13992696,1.0,295.496002
2545452.0,0.1357618,1.0,295.496002
2545530.0,0.12067632,1.0,295.496002
2545609.0,0.15501228,1.0,3.44
2545687.0,0.13271424,1.0,2.064
2545765.0,0.14734264,1.0,1.72
2545843.0,0.13941896,1.0,2.064
2545921.0,0.15475839,1.0,2.064
2545999.0,0.13068269,1.0,2.064
2546077.0,0.14226331,1.0,292.399994
2546155.0,0.12286054,1.0,295.152008
2546233.0,0.13794601,1.0,295.152008
2546311.0,0.12570488,1.0,295.496002
2546390.0,0.14104426,1.0,295.496002
2546468.0,0.15719649,1.0,295.496002
2546546.0,0.1541997,1.0,295.496002
2546624.0,0.1381999,1.0,3.096
2546702.0,0.1384031,1.0,2.064
2546780.0,0.14256811,1.0,2.064
2546858.0,0.13891102,1.0,1.72
2546937.0,0.14531094,1.0,2.064
2547015.0,0.13677765,1.0,2.064
2547093.0,0.15607904,1.0,293.432007
2547171.0,0.12778743,1.0,295.152008
2547249.0,0.13693017,1.0,295.496002
2547327.0,0.13312057,1.0,295.496002
2547405.0,0.12428271,1.0,295.496002
2547483.0,0.12621282,1.0,295.496002
2547561.0,0.12575565,1.0,294.808014
2547640.0,0.14211102,1.0,3.44
2547718.0,0.10802895,1.0,1.72
2547796.0,0.15084727,1.0,1.72
2547874.0,0.13814914,1.0,2.064
2547952.0,0.1384031,1.0,2.064
2548030.0,0.13931735,1.0,1.72
2548108.0,0.14251734,1.0,293.432007
2548186.0,0.12372403,1.0,295.152008
2548264.0,0.12331762,1.0,295.152008
2548343.0,0.12870169,1.0,295.152008
2548421.0,0.14226331,1.0,295.496002
2548499.0,0.13195243,1.0,295.152008
2548577.0,0.15953285,1.0,279.328003
2548655.0,0.14079037,1.0,2.752
2548733.0,0.13256188,1.0,1.72
2548811.0,0.14155225,1.0,2.064
2548889.0,0.13677765,1.0,2.408
2548967.0,0.12077799,1.0,2.064
2549045.0,0.14703791,1.0,0.344
2549124.0,0.1361682,1.0,293.776001
2549202.0,0.1169178,1.0,295.496002
2549280.0,0.11717168,1.0,295.152008
2549358.0,0.12890488,1.0,294.808014
2549436.0,0.147495,1.0,295.496002
2549514.0,0.12768583,1.0,295.152008
2549592.0,0.16222492,1.0,57.792
2549671.0,0.12666997,1.0,2.064
2549749.0,0.13718405,1.0,1.72
2549827.0,0.13789518,1.0,2.064
2549905.0,0.13728572,1.0,2.064
2549983.0,0.13347621,1.0,1.72
2550061.0,0.12895565,1.0,208.807999
2550139.0,0.1296667,1.0,295.152008
2550217.0,0.09207998,1.0,295.152008
2550295.0,0.13464442,1.0,295.152008
2550374.0,0.14683472,1.0,295.496002
2550452.0,0.13906339,1.0,295.496002
2550530.0,0.14373632,1.0,295.496002
2550608.0,0.16750737,1.0,3.44
2550686.0,0.13444123,1.0,2.064
2550764.0,0.1583138,1.0,2.064
2550842.0,0.16161539,1.0,2.064
2550920.0,0.14114586,1.0,2.752
2550998.0,0.15816151,1.0,2.408
2551076.0,0.12778743,1.0,293.088013
2551155.0,0.13012393,1.0,295.496002
2551233.0,0.13814914,1.0,295.839996
2551311.0,0.13190159,1.0,295.839996
2551389.0,0.12743187,1.0,294.808014
2551467.0,0.16481531,1.0,295.839996
2551545.0,0.11844157,1.0,295.152008
2551623.0,0.1251462,1.0,3.44
2551702.0,0.14002848,1.0,2.064
2551780.0,0.14170454,1.0,2.064
2551858.0,0.13545707,1.0,1.72
2551936.0,0.14576794,1.0,2.408
2552014.0,0.14236483,1.0,2.064
2552092.0,0.11686695,1.0,293.432007
2552170.0,0.13703169,1.0,295.839996
2552248.0,0.14597122,1.0,295.496002
2552326.0,0.1384031,1.0,295.152008
2552405.0,0.12255566,1.0,295.496002
2552483.0,0.13393329,1.0,295.496002
2552561.0,0.12641601,1.0,295.496002
2552639.0,0.1392666,1.0,3.096
2552717.0,0.14343159,1.0,2.064
2552795.0,0.15150757,1.0,1.72
2552873.0,0.14658074,1.0,2.064
2552951.0,0.12626365,1.0,2.064
2553029.0,0.13571112,1.0,2.064
2553108.0,0.1470886,1.0,293.432007
2553186.0,0.14241575,1.0,295.152008
2553264.0,0.1496283,1.0,295.152008
2553342.0,0.13449205,1.0,295.496002
2553420.0,0.13591431,1.0,295.496002
2553498.0,0.14978066,1.0,295.496002
2553576.0,0.15501228,1.0,284.832001
2553654.0,0.12885404,1.0,3.096
2553732.0,0.18447219,1.0,2.064
2553811.0,0.14891726,1.0,2.064
2553889.0,0.14307603,1.0,2.064
2553967.0,0.1609551,1.0,2.064
2554045.0,0.14912038,1.0,0.0
2554123.0,0.14800292,1.0,293.432007
2554201.0,0.1208796,1.0,294.808014
2554279.0,0.13946979,1.0,295.496002
2554357.0,0.14957754,1.0,294.808014
2554435.0,0.14449821,1.0,295.496002
2554514.0,0.12636526,1.0,294.808014
2554592.0,0.14719027,1.0,62.952
2554670.0,0.15079659,1.0,1.72
2554748.0,0.15592653,1.0,1.376
2554826.0,0.14058724,1.0,1.376
2554904.0,0.13967292,1.0,1.72
2554982.0,0.12560329,1.0,1.72
2555061.0,0.14683472,1.0,205.367996
2555139.0,0.12672082,1.0,294.463989
2555217.0,0.12103189,1.0,295.496002
2555295.0,0.12733027,1.0,295.152008
2555373.0,0.1589234,1.0,295.152008
2555451.0,0.13753961,1.0,294.808014
2555529.0,0.15303133,1.0,295.152008
2555607.0,0.16811682,1.0,3.44
2555685.0,0.12809215,1.0,1.376
2555763.0,0.15760282,1.0,1.72
2555842.0,0.16679624,1.0,1.72
2555920.0,0.14490454,1.0,2.064
2555998.0,0.14566642,1.0,1.72
2556076.0,0.13911423,1.0,291.712006
2556154.0,0.13235869,1.0,295.152008
2556232.0,0.10635288,1.0,294.808014
2556310.0,0.1341365,1.0,295.152008
2556388.0,0.15780587,1.0,295.152008
2556466.0,0.10736866,1.0,294.463989
2556545.0,0.1381999,1.0,295.496002
2556623.0,0.13662536,1.0,3.096
2556701.0,0.14515857,1.0,2.064
2556779.0,0.16080274,1.0,1.72
2556857.0,0.12829527,1.0,2.064
2556935.0,0.13896172,1.0,1.72
2557013.0,0.15364094,1.0,2.408
2557091.0,0.18020558,1.0,292.743988
2557170.0,0.13108894,1.0,294.808014
2557248.0,0.14388876,1.0,294.808014
2557326.0,0.14678387,1.0,295.152008
2557404.0,0.1458697,1.0,295.839996
2557482.0,0.14393952,1.0,295.496002
2557560.0,0.14815529,1.0,295.152008
2557638.0,0.15485999,1.0,3.096
2557716.0,0.14109509,1.0,1.72
2557794.0,0.14663151,1.0,2.408
2557873.0,0.15039012,1.0,2.064
2557951.0,0.13626988,1.0,2.064
2558029.0,0.16090433,1.0,1.72
2558107.0,0.13647293,1.0,293.088013
2558185.0,0.12225094,1.0,295.496002
2558263.0,0.13017462,1.0,295.152008
2558341.0,0.12199698,1.0,295.152008
2558419.0,0.15226953,1.0,295.496002
2558497.0,0.13759045,1.0,295.496002
2558576.0,0.13398413,1.0,287.23999
2558654.0,0.16019313,1.0,3.096
2558732.0,0.17893577,1.0,2.064
2558810.0,0.15216793,1.0,2.064
2558888.0,0.12321595,1.0,2.064
2558966.0,0.12961593,1.0,2.408
2559044.0,0.16227567,1.0,0.0
2559122.0,0.16364709,1.0,293.776001
2559200.0,0.11864469,1.0,295.152008
2559279.0,0.14317763,1.0,295.152008
2559357.0,0.13769197,1.0,295.152008
2559435.0,0.13667613,1.0,295.152008
2559513.0,0.15059339,1.0,295.496002
2559591.0,0.14282207,1.0,71.208
2559669.0,0.12722866,1.0,1.72
2559747.0,0.14988226,1.0,2.064
2559826.0,0.15607904,1.0,2.064
2559904.0,0.15054256,1.0,2.064
2559982.0,0.1411967,1.0,2.064
2560060.0,0.13896172,1.0,199.175995
2560138.0,0.13256188,1.0,294.463989
2560216.0,0.11600347,1.0,295.152008
2560294.0,0.14139982,1.0,295.152008
2560372.0,0.14063801,1.0,295.496002
2560450.0,0.14912038,1.0,295.152008
2560529.0,0.13774274,1.0,295.496002
2560607.0,0.14571726,1.0,3.784
2560685.0,0.14637755,1.0,2.064
2560763.0,0.16567887,1.0,1.376
2560841.0,0.14668228,1.0,2.064
2560919.0,0.14033328,1.0,2.064
2560997.0,0.12860008,1.0,2.752
2561075.0,0.15714559,1.0,292.056
2561153.0,0.1296667,1.0,295.496002
2561231.0,0.13296829,1.0,295.152008
2561310.0,0.13530479,1.0,295.496002
2561388.0,0.14221254,1.0,295.496002
2561466.0,0.13708246,1.0,295.496002
2561544.0,0.14018077,1.0,295.496002
2561622.0,0.14185698,1.0,3.44
2561700.0,0.14886642,1.0,2.064
2561778.0,0.16186935,1.0,1.72
2561856.0,0.15333621,1.0,1.72
2561935.0,0.14719027,1.0,2.408
2562013.0,0.13119046,1.0,2.064
2562091.0,0.12768583,1.0,293.432007
2562169.0,0.13388246,1.0,295.496002
2562247.0,0.13703169,1.0,295.152008
2562325.0,0.11067017,1.0,295.496002
2562403.0,0.15140603,1.0,296.18399
2562481.0,0.147495,1.0,295.496002
2562559.0,0.12093036,1.0,295.496002
2562638.0,0.13677765,1.0,3.44
2562716.0,0.15932965,1.0,2.064
2562794.0,0.15181243,1.0,2.064
2562872.0,0.13977452,1.0,2.064
2562950.0,0.15922812,1.0,2.064
2563028.0,0.14698699,1.0,2.064
2563106.0,0.12986989,1.0,293.432007
2563184.0,0.12865084,1.0,295.152008
2563262.0,0.10899411,1.0,294.808014
2563341.0,0.14114586,1.0,295.839996
2563419.0,0.16024397,1.0,295.152008
2563497.0,0.15729801,1.0,295.152008
2563575.0,0.1296667,1.0,291.023987
2563653.0,0.13870791,1.0,3.096
2563731.0,0.15404719,1.0,2.408
2563809.0,0.14429508,1.0,2.064
2563887.0,0.12438431,1.0,2.064
2563965.0,0.12545092,1.0,1.72
2564044.0,0.17233273,1.0,0.0
2564122.0,0.13139367,1.0,293.776001
2564200.0,0.12712707,1.0,295.152008
2564278.0,0.14668228,1.0,295.152008
2564356.0,0.13550791,1.0,295.152008
2564434.0,0.1637487,1.0,294.808014
2564512.0,0.14266971,1.0,294.808014
2564590.0,0.13591431,1.0,77.744003
2564669.0,0.13515235,1.0,2.408
2564747.0,0.1411967,1.0,1.72
2564825.0,0.16186935,1.0,1.72
2564903.0,0.14444737,1.0,1.376
2564981.0,0.13479678,1.0,1.376
2565059.0,0.14272048,1.0,191.951996
2565137.0,0.1455649,1.0,293.776001
2565215.0,0.09944498,1.0,294.463989
2565294.0,0.13449205,1.0,294.808014
2565372.0,0.14373632,1.0,295.152008
2565450.0,0.14551413,1.0,294.463989
2565528.0,0.1309365,1.0,295.496002
2565606.0,0.15232037,1.0,3.096
2565684.0,0.15328538,1.0,2.064
2565762.0,0.16252963,1.0,1.72
2565840.0,0.13825074,1.0,2.408
2565918.0,0.13667613,1.0,2.752
2565997.0,0.1392666,1.0,2.752
2566075.0,0.14038397,1.0,292.399994
2566153.0,0.14607282,1.0,295.496002
2566231.0,0.15607904,1.0,295.839996
2566309.0,0.12895565,1.0,295.496002
2566387.0,0.13063177,1.0,295.496002
2566465.0,0.10655601,1.0,295.839996
2566543.0,0.15054256,1.0,295.152008
2566621.0,0.14378709,1.0,3.44
2566700.0,0.13896172,1.0,2.408
2566778.0,0.15364094,1.0,2.408
2566856.0,0.12560329,1.0,2.408
2566934.0,0.14566642,1.0,2.408
2567012.0,0.13794601,1.0,2.064
2567090.0,0.14170454,1.0,292.743988
2567168.0,0.15897408,1.0,294.463989
2567246.0,0.13708246,1.0,294.808014
2567324.0,0.13225716,1.0,294.808014
2567402.0,0.15054256,1.0,295.152008
2567481.0,0.13352704,1.0,295.152008
2567559.0,0.15064415,1.0,295.152008
2567637.0,0.13261272,1.0,2.752
2567715.0,0.13002226,1.0,1.72
2567793.0,0.15953285,1.0,1.72
2567871.0,0.13936819,1.0,1.72
2567949.0,0.15993924,1.0,1.376
2568028.0,0.14073953,1.0,2.064
2568106.0,0.11935575,1.0,293.432007
2568184.0,0.1361682,1.0,295.496002
2568262.0,0.13855547,1.0,295.839996
2568340.0,0.12870169,1.0,296.18399
2568418.0,0.14744416,1.0,295.496002
2568496.0,0.13530479,1.0,295.152008
2568574.0,0.13891102,1.0,294.119995
2568652.0,0.13555868,1.0,3.096
2568731.0,0.12910801,1.0,1.72
2568809.0,0.14840925,1.0,1.72
2568887.0,0.14820606,1.0,1.72
2568965.0,0.15440276,1.0,1.72
2569043.0,0.15780587,1.0,1.032
2569121.0,0.1405364,1.0,293.088013
2569199.0,0.10518459,1.0,295.152008
2569277.0,0.14165385,1.0,295.152008
2569355.0,0.14272048,1.0,295.152008
2569434.0,0.12722866,1.0,295.496002
2569512.0,0.13855547,1.0,295.496002
2569590.0,0.14185698,1.0,84.279999
2569668.0,0.14084113,1.0,2.064
2569746.0,0.13738725,1.0,2.064
2569824.0,0.14114586,1.0,2.064
2569902.0,0.15171076,1.0,2.064
2569980.0,0.12997149,1.0,2.064
2570058.0,0.1499331,1.0,178.535995
2570137.0,0.13957131,1.0,295.152008
2570215.0,0.16166623,1.0,295.152008
2570293.0,0.12220025,1.0,295.152008
2570371.0,0.13764113,1.0,295.496002
2570449.0,0.15171076,1.0,295.496002
2570527.0,0.14566642,1.0,295.496002
2570605.0,0.1582631,1.0,3.44
2570683.0,0.12595877,1.0,2.064
2570762.0,0.16085343,1.0,2.064
2570840.0,0.12560329,1.0,2.064
2570918.0,0.15851708,1.0,1.72
2570996.0,0.15389498,1.0,1.72
2571074.0,0.14779973,1.0,291.712006
2571152.0,0.15480916,1.0,295.152008
2571230.0,0.11940658,1.0,295.839996
2571308.0,0.11666375,1.0,295.839996
2571387.0,0.15912659,1.0,295.839996
2571465.0,0.15099971,1.0,295.839996
2571543.0,0.15105048,1.0,296.528015
2571621.0,0.13357773,1.0,3.44
2571699.0,0.14038397,1.0,2.408
2571777.0,0.13626988,1.0,2.752
2571855.0,0.14333007,1.0,2.408
2571933.0,0.1458697,1.0,2.408
2572011.0,0.12555252,1.0,2.752
2572089.0,0.13317148,1.0,293.776001
2572168.0,0.12768583,1.0,295.152008
2572246.0,0.13632056,1.0,295.496002
2572324.0,0.14251734,1.0,295.839996
2572402.0,0.13621904,1.0,295.839996
2572480.0,0.13515235,1.0,295.496002
2572558.0,0.12062564,1.0,295.152008
2572636.0,0.14927281,1.0,2.408
2572714.0,0.15628217,1.0,2.064
2572792.0,0.14536169,1.0,2.064
2572871.0,0.15150757,1.0,1.72
2572949.0,0.15039012,1.0,2.064
2573027.0,0.14846009,1.0,1.376
2573105.0,0.16176775,1.0,293.088013
2573183.0,0.10792742,1.0,295.152008
2573261.0,0.13220647,1.0,295.152008
2573339.0,0.14302519,1.0,294.463989
2573417.0,0.14906953,1.0,295.152008
2573495.0,0.15597744,1.0,295.152008
2573574.0,0.16379952,1.0,296.872009
2573652.0,0.14744416,1.0,2.752
2573730.0,0.15374246,1.0,1.032
2573808.0,0.15760282,1.0,1.72
2573886.0,0.14266971,1.0,1.032
2573964.0,0.1720787,1.0,1.72
2574042.0,0.14785056,1.0,0.688
2574121.0,0.14307603,1.0,292.743988
2574199.0,0.14536169,1.0,295.152008
2574277.0,0.14272048,1.0,295.152008
2574355.0,0.12677151,1.0,294.463989
2574433.0,0.13398413,1.0,295.496002
2574511.0,0.13246028,1.0,295.496002
2574589.0,0.15816151,1.0,94.255997
2574667.0,0.13728572,1.0,2.064
2574745.0,0.15308218,1.0,2.064
2574824.0,0.13378094,1.0,2.064
2574902.0,0.14520942,1.0,1.032
2574980.0,0.1587202,1.0,2.064
2575058.0,0.11468289,1.0,164.776001
2575136.0,0.14272048,1.0,295.152008
2575214.0,0.10950196,1.0,294.463989
2575292.0,0.1347461,1.0,294.808014
2575370.0,0.12606053,1.0,294.808014
2575448.0,0.14094272,1.0,294.808014
2575526.0,0.11681619,1.0,295.496002
2575605.0,0.14419349,1.0,2.752
2575683.0,0.14033328,1.0,1.376
2575761.0,0.14719027,1.0,1.376
2575839.0,0.12885404,1.0,2.064
2575917.0,0.15166008,1.0,2.064
2575995.0,0.12819375,1.0,1.72
2576073.0,0.13931735,1.0,290.679993
2576151.0,0.1318,1.0,294.808014
2576230.0,0.13855547,1.0,294.463989
2576308.0,0.13586339,1.0,295.152008
2576386.0,0.14434585,1.0,295.152008
2576464.0,0.15069492,1.0,294.808014
2576542.0,0.13804755,1.0,295.152008
2576620.0,0.14170454,1.0,2.752
2576698.0,0.13850462,1.0,2.064
2576776.0,0.1428729,1.0,1.72
2576855.0,0.15770435,1.0,1.72
2576933.0,0.1475966,1.0,2.064
2577011.0,0.15160917,1.0,2.064
2577089.0,0.14988226,1.0,292.399994
2577167.0,0.13505082,1.0,295.152008
2577245.0,0.14881557,1.0,295.152008
2577323.0,0.13449205,1.0,294.463989
2577401.0,0.15623133,1.0,295.152008
2577479.0,0.14901878,1.0,295.496002
2577558.0,0.13626988,1.0,295.496002
2577636.0,0.14018077,1.0,2.752
2577714.0,0.15750122,1.0,1.72
2577792.0,0.15160917,1.0,1.72
2577870.0,0.15602821,1.0,2.064
2577948.0,0.15125367,1.0,2.064
2578026.0,0.15440276,1.0,1.72
2578104.0,0.15394567,1.0,293.432007
2578182.0,0.11742572,1.0,295.152008
2578261.0,0.12077799,1.0,295.152008
2578339.0,0.13271424,1.0,295.152008
2578417.0,0.13779357,1.0,295.152008
2578495.0,0.13068269,1.0,295.152008
2578573.0,0.14414264,1.0,297.903992
2578651.0,0.12844771,1.0,2.752
2578729.0,0.17035171,1.0,2.064
2578807.0,0.13682856,1.0,2.064
2578885.0,0.15018699,1.0,2.064
2578964.0,0.13520311,1.0,1.376
2579042.0,0.14424424,1.0,0.688
2579120.0,0.13378094,1.0,293.776001
2579198.0,0.11072101,1.0,295.152008
2579276.0,0.12956516,1.0,295.152008
2579354.0,0.13510151,1.0,295.496002
2579432.0,0.15110132,1.0,295.496002
2579511.0,0.14216179,1.0,295.496002
2579589.0,0.12418119,1.0,100.447998
2579667.0,0.13708246,1.0,2.064
2579745.0,0.1534885,1.0,1.72
2579823.0,0.14124753,1.0,2.064
2579901.0,0.15160917,1.0,2.064
2579979.0,0.14871405,1.0,2.064
2580057.0,0.14642832,1.0,154.800003
2580135.0,0.13078421,1.0,295.152008
2580213.0,0.13677765,1.0,295.496002
2580292.0,0.11376856,1.0,295.839996
2580370.0,0.16212331,1.0,295.496002
2580448.0,0.14317763,1.0,295.839996
2580526.0,0.16242804,1.0,295.496002
2580604.0,0.13738725,1.0,3.096
2580682.0,0.14454912,1.0,2.752
2580760.0,0.15973613,1.0,1.72
2580838.0,0.14703791,1.0,1.72
2580916.0,0.13850462,1.0,2.064
2580995.0,0.16059962,1.0,2.752
2581073.0,0.15882179,1.0,292.056
2581151.0,0.16059962,1.0,295.839996
2581229.0,0.13946979,1.0,295.839996
2581307.0,0.15475839,1.0,295.839996
2581385.0,0.17400888,1.0,295.839996
2581463.0,0.15338691,1.0,296.18399
2581541.0,0.12255566,1.0,295.839996
2581619.0,0.13992696,1.0,3.44
2581698.0,0.13555868,1.0,2.408
2581776.0,0.14795224,1.0,2.064
2581854.0,0.15572348,1.0,2.064
2581932.0,0.14719027,1.0,2.408
2582010.0,0.13225716,1.0,2.064
2582088.0,0.13916491,1.0,293.432007
2582166.0,0.16100585,1.0,295.152008
2582245.0,0.14028244,1.0,295.496002
2582323.0,0.15277745,1.0,295.152008
2582401.0,0.13246028,1.0,295.839996
2582479.0,0.13865699,1.0,295.496002
2582557.0,0.1542504,1.0,295.496002
2582635.0,0.14089197,1.0,3.096
2582713.0,0.16562803,1.0,2.752
2582791.0,0.15044102,1.0,2.408
2582869.0,0.1515584,1.0,1.72
2582948.0,0.13266356,1.0,1.72
2583026.0,0.12550177,1.0,2.408
2583104.0,0.14536169,1.0,294.119995
2583182.0,0.12397791,1.0,295.152008
2583260.0,0.13891102,1.0,295.152008
2583338.0,0.13266356,1.0,295.839996
2583416.0,0.1361682,1.0,295.839996
2583494.0,0.1435332,1.0,295.496002
2583572.0,0.12595877,1.0,298.59201
2583651.0,0.13591431,1.0,4.128
2583729.0,0.15074575,1.0,2.408
2583807.0,0.1677614,1.0,3.096
2583885.0,0.14327915,1.0,2.408
2583963.0,0.15140603,1.0,2.408
2584041.0,0.14846009,1.0,1.376
2584119.0,0.1455649,1.0,294.119995
2584197.0,0.13017462,1.0,295.496002
2584275.0,0.14957754,1.0,295.839996
2584353.0,0.13235869,1.0,295.839996
2584432.0,0.13464442,1.0,295.839996
2584510.0,0.15694246,1.0,295.839996
2584588.0,0.13317148,1.0,108.360001
2584666.0,0.14622518,1.0,2.408
2584744.0,0.15485999,1.0,2.408
2584822.0,0.15221868,1.0,2.064
2584900.0,0.14333007,1.0,2.408
2584978.0,0.13769197,1.0,2.408
2585056.0,0.15435199,1.0,144.479996
2585135.0,0.14683472,1.0,295.152008
2585213.0,0.10828298,1.0,295.152008
2585291.0,0.13113971,1.0,295.496002
2585369.0,0.1379967,1.0,295.496002
2585447.0,0.13286676,1.0,295.496002
2585525.0,0.13484763,1.0,295.496002
2585603.0,0.14536169,1.0,2.752
2585681.0,0.13748886,1.0,2.064
2585760.0,0.17136757,1.0,2.064
2585838.0,0.15750122,1.0,2.064
2585916.0,0.15237105,1.0,2.064
2585994.0,0.14028244,1.0,2.064
2586072.0,0.14840925,1.0,291.368011
2586150.0,0.15374246,1.0,295.152008
2586228.0,0.13814914,1.0,295.496002
2586306.0,0.14317763,1.0,295.496002
2586385.0,0.13362858,1.0,296.18399
2586463.0,0.14810452,1.0,296.18399
2586541.0,0.14764737,1.0,296.18399
2586619.0,0.14642832,1.0,3.784
2586697.0,0.15841547,1.0,2.408
2586775.0,0.1458697,1.0,2.752
2586853.0,0.15079659,1.0,2.408
2586931.0,0.15272662,1.0,2.408
2587009.0,0.15201564,1.0,2.408
2587087.0,0.12575565,1.0,293.432007
2587166.0,0.13129215,1.0,295.496002
2587244.0,0.13185084,1.0,295.496002
2587322.0,0.14607282,1.0,295.496002
2587400.0,0.15821227,1.0,295.496002
2587478.0,0.1546568,1.0,295.839996
2587556.0,0.12727943,1.0,295.839996
2587634.0,0.14099357,1.0,3.096
2587712.0,0.12595877,1.0,2.408
2587791.0,0.13682856,1.0,1.72
2587869.0,0.14612359,1.0,2.064
2587947.0,0.15653613,1.0,2.064
2588025.0,0.15140603,1.0,2.064
2588103.0,0.15485999,1.0,294.119995
2588181.0,0.13972367,1.0,295.496002
2588259.0,0.14211102,1.0,295.496002
2588338.0,0.12986989,1.0,295.496002
2588416.0,0.13388246,1.0,295.496002
2588494.0,0.15262508,1.0,295.496002
2588572.0,0.13860631,1.0,298.59201
2588650.0,0.12971745,1.0,3.096
2588728.0,0.15211716,1.0,2.064
2588806.0,0.15150757,1.0,1.72
2588884.0,0.16593276,1.0,1.72
2588962.0,0.13439053,1.0,2.752
2589041.0,0.16192019,1.0,1.72
2589119.0,0.13388246,1.0,294.463989
2589197.0,0.13022545,1.0,295.496002
2589275.0,0.15511395,1.0,294.808014
2589353.0,0.12783812,1.0,295.496002
2589431.0,0.15272662,1.0,295.839996
2589509.0,0.13530479,1.0,295.496002
2589587.0,0.0959911,1.0,114.208
2589665.0,0.14226331,1.0,2.408
2589743.0,0.1546568,1.0,2.064
2589822.0,0.15216793,1.0,2.064
2589900.0,0.15110132,1.0,2.064
2589978.0,0.16786294,1.0,2.064
2590056.0,0.14520942,1.0,138.975998
2590134.0,0.15247273,1.0,295.152008
2590212.0,0.1348983,1.0,295.496002
2590290.0,0.14795224,1.0,295.496002
2590368.0,0.1347461,1.0,294.808014
2590446.0,0.1515584,1.0,294.808014
2590525.0,0.15013631,1.0,295.496002
2590603.0,0.13977452,1.0,2.408
2590681.0,0.15760282,1.0,2.064
2590759.0,0.13296829,1.0,1.72
2590837.0,0.15308218,1.0,1.72
2590915.0,0.15282822,1.0,1.72
2590993.0,0.13718405,1.0,2.064
2591071.0,0.13068269,1.0,291.368011
2591149.0,0.13764113,1.0,295.496002
2591228.0,0.13566028,1.0,294.808014
2591306.0,0.13240953,1.0,295.496002
2591384.0,0.13103811,1.0,294.463989
2591462.0,0.12860008,1.0,295.496002
2591540.0,0.1455649,1.0,295.152008
2591618.0,0.14505698,1.0,2.408
2591696.0,0.14419349,1.0,1.72
2591774.0,0.1379967,1.0,1.72
2591853.0,0.14724104,1.0,1.72
2591931.0,0.13286676,1.0,2.064
2592009.0,0.14475217,1.0,1.72
2592087.0,0.14658074,1.0,292.743988
2592165.0,0.12479056,1.0,295.152008
2592243.0,0.12057479,1.0,295.152008
2592321.0,0.13952048,1.0,295.496002
2592399.0,0.15501228,1.0,295.152008
2592477.0,0.13190159,1.0,295.152008
2592556.0,0.15734878,1.0,295.496002
2592634.0,0.13423802,1.0,3.096
2592712.0,0.1411967,1.0,2.064
2592790.0,0.16024397,1.0,1.72
2592868.0,0.14658074,1.0,2.064
2592946.0,0.15171076,1.0,1.72
2593024.0,0.13713321,1.0,2.408
2593102.0,0.14617442,1.0,293.776001
2593180.0,0.1388095,1.0,295.152008
2593259.0,0.1542504,1.0,295.496002
2593337.0,0.16400273,1.0,295.496002
2593415.0,0.15963437,1.0,295.496002
2593493.0,0.15054256,1.0,295.496002
2593571.0,0.15176161,1.0,296.872009
2593649.0,0.14795224,1.0,3.096
2593727.0,0.16720264,1.0,1.72
2593805.0,0.13469526,1.0,1.72
2593883.0,0.14023168,1.0,2.064
2593962.0,0.15673934,1.0,2.064
2594040.0,0.14541253,1.0,1.376
2594118.0,0.1583138,1.0,293.432007
2594196.0,0.12052403,1.0,295.152008
2594274.0,0.15145688,1.0,295.496002
2594352.0,0.14068876,1.0,295.496002
2594430.0,0.14764737,1.0,295.496002
2594509.0,0.14104426,1.0,295.839996
2594587.0,0.16344397,1.0,125.559998
2594665.0,0.12230177,1.0,2.408
2594743.0,0.13789518,1.0,2.408
2594821.0,0.14089197,1.0,2.408
2594899.0,0.15298066,1.0,2.752
2594977.0,0.13058095,1.0,2.064
2595055.0,0.13936819,1.0,134.848007
2595133.0,0.14602199,1.0,295.496002
2595212.0,0.12753339,1.0,295.152008
2595290.0,0.15074575,1.0,295.839996
2595368.0,0.16659304,1.0,295.839996
2595446.0,0.12641601,1.0,295.496002
2595524.0,0.14724104,1.0,295.496002
2595602.0,0.11671451,1.0,2.408
2595680.0,0.15292981,1.0,2.064
2595758.0,0.1388095,1.0,2.064
2595836.0,0.14002848,1.0,2.408
2595914.0,0.14145066,1.0,2.064
2595993.0,0.1583138,1.0,2.752
2596071.0,0.14713943,1.0,290.679993
2596149.0,0.1534885,1.0,295.152008
2596227.0,0.14038397,1.0,295.496002
2596305.0,0.1269747,1.0,295.496002
2596383.0,0.13352704,1.0,295.496002
2596461.0,0.13560951,1.0,295.839996
2596539.0,0.16613588,1.0,295.496002
2596618.0,0.13530479,1.0,3.44
2596696.0,0.14774896,1.0,2.408
2596774.0,0.15780587,1.0,2.408
2596852.0,0.11356536,1.0,2.064
2596930.0,0.15084727,1.0,2.752
2597008.0,0.13941896,1.0,2.064
2597086.0,0.15221868,1.0,293.432007
2597164.0,0.1365746,1.0,295.152008
2597243.0,0.15618058,1.0,295.839996
2597321.0,0.15166008,1.0,296.18399
2597399.0,0.15028858,1.0,295.839996
2597477.0,0.15993924,1.0,296.18399
2597555.0,0.15105048,1.0,295.839996
2597633.0,0.12880328,1.0,3.44
2597711.0,0.14419349,1.0,2.408
2597789.0,0.15932965,1.0,2.408
2597867.0,0.15166008,1.0,2.408
2597946.0,0.13515235,1.0,2.752
2598024.0,0.14719027,1.0,2.408
2598102.0,0.14424424,1.0,293.776001
2598180.0,0.14673318,1.0,295.496002
2598258.0,0.14058724,1.0,296.18399
2598336.0,0.13545707,1.0,295.839996
2598414.0,0.17019936,1.0,295.839996
2598492.0,0.14922197,1.0,295.839996
2598570.0,0.14018077,1.0,296.872009
2598649.0,0.12093036,1.0,3.096
2598727.0,0.15516472,1.0,2.064
2598805.0,0.15546945,1.0,2.064
2598883.0,0.14505698,1.0,2.064
2598961.0,0.1570949,1.0,1.376
2599039.0,0.15475839,1.0,1.032
2599117.0,0.13515235,1.0,294.119995
2599195.0,0.13652377,1.0,295.152008
2599273.0,0.13835226,1.0,295.496002
2599352.0,0.1427713,1.0,294.808014
2599430.0,0.12524781,1.0,295.839996
2599508.0,0.16115829,1.0,295.152008
2599586.0,0.14912038,1.0,135.535995
2599664.0,0.14876482,1.0,1.72
2599742.0,0.15607904,1.0,2.064
2599820.0,0.13677765,1.0,1.72
2599898.0,0.18685944,1.0,2.064
2599976.0,0.13830143,1.0,1.72
2600055.0,0.15663773,1.0,129.688004
2600133.0,0.14510766,1.0,294.808014
2600211.0,0.10686073,1.0,294.808014
2600289.0,0.14023168,1.0,295.152008
2600367.0,0.14099357,1.0,295.152008
2600445.0,0.11402261,1.0,295.839996
2600523.0,0.16263124,1.0,295.839996
2600602.0,0.14261886,1.0,2.408
2600680.0,0.12656838,1.0,1.72
2600758.0,0.15973613,1.0,2.064
2600836.0,0.12971745,1.0,2.064
2600914.0,0.14632671,1.0,2.064
2600992.0,0.14881557,1.0,2.752
2601070.0,0.15287906,1.0,290.335999
2601148.0,0.13759045,1.0,295.496002
2601226.0,0.14642832,1.0,295.496002
2601305.0,0.13764113,1.0,295.496002
2601383.0,0.15511395,1.0,295.496002
2601461.0,0.16044718,1.0,295.496002
2601539.0,0.15856783,1.0,295.496002
2601617.0,0.14637755,1.0,3.44
2601695.0,0.16410425,1.0,2.064
2601773.0,0.15821227,1.0,2.064
2601851.0,0.14221254,1.0,2.064
2601929.0,0.11534318,1.0,2.064
2602007.0,0.15282822,1.0,2.064
2602086.0,0.14216179,1.0,293.088013
2602164.0,0.14165385,1.0,295.152008
2602242.0,0.13205396,1.0,295.152008
2602320.0,0.15821227,1.0,295.152008
2602398.0,0.15673934,1.0,295.496002
2602476.0,0.14018077,1.0,295.496002
2602554.0,0.14652999,1.0,295.839996
2602632.0,0.15653613,1.0,3.096
2602710.0,0.1515584,1.0,2.064
2602789.0,0.16115829,1.0,2.064
2602867.0,0.1379967,1.0,2.064
2602945.0,0.13499999,1.0,2.064
2603023.0,0.13499999,1.0,2.064
2603101.0,0.16222492,1.0,293.776001
2603179.0,0.13566028,1.0,295.496002
2603257.0,0.14327915,1.0,295.152008
2603335.0,0.12306366,1.0,295.152008
2603414.0,0.14459981,1.0,295.496002
2603492.0,0.13850462,1.0,295.496002
2603570.0,0.13850462,1.0,297.216003
2603648.0,0.12946364,1.0,3.096
2603726.0,0.15714559,1.0,2.064
2603804.0,0.16065037,1.0,2.064
2603882.0,0.16283444,1.0,2.064
2603960.0,0.14175539,1.0,2.064
2604039.0,0.16166623,1.0,0.688
2604117.0,0.1357618,1.0,293.776001
2604195.0,0.13291745,1.0,295.152008
2604273.0,0.15257433,1.0,295.152008
2604351.0,0.12352083,1.0,295.496002
2604429.0,0.15206634,1.0,295.496002
2604507.0,0.13362858,1.0,295.496002
2604585.0,0.1348983,1.0,146.544006
2604663.0,0.14658074,1.0,2.064
2604742.0,0.16705021,1.0,2.064
2604820.0,0.16628832,1.0,2.064
2604898.0,0.14510766,1.0,2.064
2604976.0,0.14561565,1.0,1.72
2605054.0,0.14546323,1.0,124.183998
2605132.0,0.14561565,1.0,295.152008
2605210.0,0.12849848,1.0,295.152008
2605288.0,0.1499331,1.0,295.496002
2605366.0,0.14972983,1.0,295.152008
2605445.0,0.15409803,1.0,295.152008
2605523.0,0.15932965,1.0,295.152008
2605601.0,0.1550632,1.0,2.408
2605679.0,0.13591431,1.0,1.72
2605757.0,0.15562181,1.0,1.72
2605835.0,0.13525388,1.0,1.72
2605913.0,0.15089811,1.0,2.064
2605991.0,0.14978066,1.0,2.064
2606069.0,0.14307603,1.0,289.992004
2606148.0,0.1574503,1.0,295.152008
2606226.0,0.11041629,1.0,295.152008
2606304.0,0.12672082,1.0,295.152008
2606382.0,0.14129829,1.0,294.463989
2606460.0,0.13916491,1.0,295.152008
2606538.0,0.1379967,1.0,295.496002
2606616.0,0.17172322,1.0,3.096
2606694.0,0.155825,1.0,1.72
2606773.0,0.14912038,1.0,2.064
2606851.0,0.1208796,1.0,1.376
2606929.0,0.16379952,1.0,2.064
2607007.0,0.13398413,1.0,1.72
2607085.0,0.15618058,1.0,292.743988
2607163.0,0.14566642,1.0,294.463989
2607241.0,0.13733642,1.0,295.152008
2607319.0,0.1589234,1.0,295.496002
2607397.0,0.13439053,1.0,295.152008
2607476.0,0.14058724,1.0,294.808014
2607554.0,0.13119046,1.0,295.496002
2607632.0,0.14226331,1.0,2.064
2607710.0,0.14018077,1.0,1.72
2607788.0,0.15577425,1.0,2.064
2607866.0,0.14876482,1.0,2.064
2607944.0,0.16070114,1.0,2.064
2608022.0,0.1470886,1.0,2.408
2608100.0,0.13997772,1.0,293.432007
2608179.0,0.13753961,1.0,294.463989
2608257.0,0.15988842,1.0,295.496002
2608335.0,0.14058724,1.0,294.808014
2608413.0,0.14404112,1.0,295.839996
2608491.0,0.16131066,1.0,295.496002
2608569.0,0.15221868,1.0,297.216003
2608647.0,0.13525388,1.0,3.096
2608725.0,0.16400273,1.0,2.064
2608803.0,0.14779973,1.0,2.408
2608882.0,0.14876482,1.0,2.064
2608960.0,0.15125367,1.0,2.408
2609038.0,0.14424424,1.0,1.376
2609116.0,0.14307603,1.0,294.119995
2609194.0,0.13240953,1.0,295.496002
2609272.0,0.14906953,1.0,295.496002
2609350.0,0.12971745,1.0,295.496002
2609429.0,0.14195858,1.0,294.808014
2609507.0,0.15232037,1.0,296.18399
2609585.0,0.14495537,1.0,153.768005
2609663.0,0.13550791,1.0,2.064
2609741.0,0.20179249,1.0,2.064
2609819.0,0.14302519,1.0,2.408
2609897.0,0.14449821,1.0,2.064
2609975.0,0.14576794,1.0,1.72
2610053.0,0.15018699,1.0,112.832001
2610132.0,0.16136143,1.0,294.808014
2610210.0,0.12809215,1.0,295.152008
2610288.0,0.13596508,1.0,295.152008
2610366.0,0.13312057,1.0,295.839996
2610444.0,0.14764737,1.0,295.839996
2610522.0,0.15160917,1.0,295.496002
2610600.0,0.14404112,1.0,1.72
2610678.0,0.13759045,1.0,2.064
2610756.0,0.16141219,1.0,2.064
2610835.0,0.14912038,1.0,1.72
2610913.0,0.15023783,1.0,2.064
2610991.0,0.15714559,1.0,1.72
2611069.0,0.15323462,1.0,289.303986
2611147.0,0.15521556,1.0,295.152008
2611225.0,0.14409189,1.0,295.152008
2611303.0,0.13738725,1.0,295.152008
2611381.0,0.15272662,1.0,295.152008
2611459.0,0.12540017,1.0,295.152008
2611538.0,0.14404112,1.0,295.496002
2611616.0,0.14637755,1.0,2.752
2611694.0,0.14906953,1.0,2.064
2611772.0,0.16146302,1.0,1.72
2611850.0,0.16004086,1.0,2.064
2611928.0,0.14495537,1.0,2.408
2612006.0,0.16486613,1.0,2.064
2612084.0,0.14033328,1.0,294.119995
2612162.0,0.1628852,1.0,295.152008
2612241.0,0.13896172,1.0,295.496002
2612319.0,0.15993924,1.0,295.839996
2612397.0,0.14429508,1.0,294.119995
2612475.0,0.16075189,1.0,294.808014
2612553.0,0.14490454,1.0,295.496002
2612631.0,0.1587202,1.0,3.096
2612709.0,0.15445367,1.0,2.064
2612787.0,0.15094888,1.0,1.72
2612866.0,0.15145688,1.0,2.064
2612944.0,0.15298066,1.0,1.72
2613022.0,0.14256811,1.0,1.376
2613100.0,0.14901878,1.0,293.432007
2613178.0,0.17634538,1.0,295.839996
2613256.0,0.14261886,1.0,294.808014
2613334.0,0.1347461,1.0,295.496002
2613412.0,0.13987604,1.0,295.496002
2613490.0,0.16395181,1.0,295.496002
2613569.0,0.15369171,1.0,297.559998
2613647.0,0.1542504,1.0,4.128
2613725.0,0.16440898,1.0,2.752
2613803.0,0.1855388,1.0,3.44
2613881.0,0.16110747,1.0,2.408
2613959.0,0.15394567,1.0,2.064
2614037.0,0.16222492,1.0,1.376
2614115.0,0.15557097,1.0,293.776001
2614193.0,0.12666997,1.0,295.152008
2614272.0,0.13510151,1.0,295.496002
2614350.0,0.14348236,1.0,295.496002
2614428.0,0.15125367,1.0,295.152008
2614506.0,0.12951434,1.0,295.496002
2614584.0,0.15988842,1.0,162.712006
2614662.0,0.14333007,1.0,1.72
2614740.0,0.1582631,1.0,2.064
2614818.0,0.14932349,1.0,1.72
2614896.0,0.1452601,1.0,2.064
2614975.0,0.15059339,1.0,2.064
2615053.0,0.14109509,1.0,98.727997
2615131.0,0.14612359,1.0,296.18399
2615209.0,0.12600961,1.0,296.18399
2615287.0,0.15536793,1.0,296.18399
2615365.0,0.13921575,1.0,296.528015
2615443.0,0.14871405,1.0,296.18399
2615521.0,0.15780587,1.0,296.18399
2615600.0,0.15394567,1.0,2.752
2615678.0,0.1720787,1.0,2.408
2615756.0,0.15836464,1.0,2.752
2615834.0,0.14739348,1.0,2.752
2615912.0,0.13317148,1.0,2.064
2615990.0,0.13977452,1.0,2.408
2616068.0,0.15475839,1.0,288.615997
2616146.0,0.16085343,1.0,295.152008
2616225.0,0.14129829,1.0,294.808014
2616303.0,0.1677614,1.0,294.463989
2616381.0,0.16512011,1.0,294.808014
2616459.0,0.15369171,1.0,294.808014
2616537.0,0.15821227,1.0,294.808014
2616615.0,0.13012393,1.0,2.064
2616693.0,0.15902492,1.0,2.064
2616771.0,0.1452601,1.0,1.72
2616849.0,0.15455526,1.0,2.064
2616927.0,0.15039012,1.0,1.032
2617006.0,0.15018699,1.0,1.72
2617084.0,0.15440276,1.0,291.712006
2617162.0,0.15211716,1.0,294.808014
2617240.0,0.14089197,1.0,294.463989
2617318.0,0.13190159,1.0,294.463989
2617396.0,0.15176161,1.0,294.463989
2617474.0,0.15861867,1.0,295.152008
2617553.0,0.16273277,1.0,294.463989
2617631.0,0.15181243,1.0,3.096
2617709.0,0.15587585,1.0,1.376
2617787.0,0.14358388,1.0,2.408
2617865.0,0.16029482,1.0,2.408
2617943.0,0.16928518,1.0,2.064
2618021.0,0.14835849,1.0,2.752
2618099.0,0.15536793,1.0,293.432007
2618177.0,0.13936819,1.0,295.152008
2618256.0,0.15430123,1.0,295.496002
2618334.0,0.12550177,1.0,295.152008
2618412.0,0.15572348,1.0,295.496002
2618490.0,0.1637487,1.0,295.496002
2618568.0,0.15323462,1.0,297.216003
2618646.0,0.14927281,1.0,2.408
2618724.0,0.14856169,1.0,1.376
2618802.0,0.15480916,1.0,1.376
2618880.0,0.16115829,1.0,1.376
2618959.0,0.16791369,1.0,1.376
2619037.0,0.15125367,1.0,1.032
2619115.0,0.14393952,1.0,293.432007
2619193.0,0.12819375,1.0,294.808014
2619271.0,0.15318385,1.0,295.152008
2619349.0,0.14724104,1.0,295.152008
2619427.0,0.14678387,1.0,295.152008
2619505.0,0.14515857,1.0,295.152008
2619583.0,0.13896172,1.0,172.688004
2619661.0,0.13875866,1.0,2.064
2619740.0,0.15943132,1.0,1.72
2619818.0,0.16303764,1.0,2.064
2619896.0,0.13291745,1.0,1.376
2619974.0,0.15724726,1.0,1.032
2620052.0,0.13632056,1.0,87.375999
2620130.0,0.13632056,1.0,294.808014
2620208.0,0.11437817,1.0,295.152008
2620286.0,0.15110132,1.0,295.496002
2620364.0,0.16293596,1.0,294.808014
2620443.0,0.12661907,1.0,295.152008
2620521.0,0.1361682,1.0,296.872009
2620599.0,0.14470141,1.0,2.752
2620677.0,0.15485999,1.0,2.752
2620755.0,0.16669464,1.0,3.096
2620833.0,0.16085343,1.0,2.752
2620911.0,0.1669486,1.0,2.752
2620990.0,0.15546945,1.0,2.752
2621068.0,0.14825696,1.0,287.928009
2621146.0,0.13454282,1.0,295.152008
2621224.0,0.14444737,1.0,295.496002
2621302.0,0.15028858,1.0,295.839996
2621380.0,0.14912038,1.0,294.808014
2621458.0,0.13962215,1.0,295.152008
2621536.0,0.15643461,1.0,295.152008
2621614.0,0.1309365,1.0,2.752
2621693.0,0.14617442,1.0,1.376
2621771.0,0.15943132,1.0,2.064
2621849.0,0.15201564,1.0,1.376
2621927.0,0.14622518,1.0,2.064
2622005.0,0.15577425,1.0,1.376
2622083.0,0.1649169,1.0,292.743988
2622161.0,0.15790755,1.0,294.808014
2622239.0,0.14505698,1.0,295.152008
2622317.0,0.15160917,1.0,294.808014
2622395.0,0.14871405,1.0,295.152008
2622474.0,0.15343775,1.0,294.808014
2622552.0,0.14861253,1.0,295.496002
2622630.0,0.13246028,1.0,3.096
2622708.0,0.13220647,1.0,1.72
2622786.0,0.15861867,1.0,1.376
2622864.0,0.15211716,1.0,1.72
2622942.0,0.14835849,1.0,1.72
2623020.0,0.17218022,1.0,1.72
2623098.0,0.15922812,1.0,293.432007
2623177.0,0.15343775,1.0,295.839996
2623255.0,0.13510151,1.0,295.152008
2623333.0,0.14480293,1.0,295.152008
2623411.0,0.15094888,1.0,295.152008
2623489.0,0.17070729,1.0,296.528015
2623567.0,0.14475217,1.0,297.559998
2623645.0,0.13835226,1.0,2.752
2623724.0,0.15110132,1.0,2.752
2623802.0,0.14764737,1.0,2.408
2623880.0,0.13779357,1.0,2.064
2623958.0,0.15404719,1.0,1.72
2624036.0,0.1496283,1.0,1.376
2624114.0,0.15704405,1.0,293.432007
2624192.0,0.12915877,1.0,294.463989
2624270.0,0.16826926,1.0,294.808014
2624348.0,0.16115829,1.0,295.496002
2624427.0,0.13510151,1.0,295.496002
2624505.0,0.14373632,1.0,294.463989
2624583.0,0.12524781,1.0,178.192001
2624661.0,0.14089197,1.0,2.064
2624739.0,0.16913266,1.0,2.064
2624817.0,0.14967906,1.0,2.408
2624895.0,0.1337301,1.0,1.72
2624973.0,0.15623133,1.0,1.72
2625051.0,0.16588207,1.0,76.711998
2625130.0,0.1494251,1.0,295.152008
2625208.0,0.12397791,1.0,294.808014
2625286.0,0.14922197,1.0,295.152008
2625364.0,0.14373632,1.0,295.152008
2625442.0,0.1515584,1.0,295.152008
2625520.0,0.15166008,1.0,295.496002
2625598.0,0.13515235,1.0,1.72
2625676.0,0.13860631,1.0,2.064
2625754.0,0.14084113,1.0,2.064
2625833.0,0.14439668,1.0,1.72
2625911.0,0.16984387,1.0,2.064
2625989.0,0.14790133,1.0,2.064
2626067.0,0.14388876,1.0,287.928009
2626145.0,0.15790755,1.0,295.152008
2626223.0,0.13728572,1.0,295.152008
2626301.0,0.15475839,1.0,295.496002
2626379.0,0.14698699,1.0,295.152008
2626458.0,0.14414264,1.0,295.496002
2626536.0,0.15557097,1.0,295.496002
2626614.0,0.1499331,1.0,3.44
2626692.0,0.14886642,1.0,2.064
2626770.0,0.16745654,1.0,1.72
2626848.0,0.14967906,1.0,2.064
2626926.0,0.13525388,1.0,2.064
2627004.0,0.14617442,1.0,2.064
2627082.0,0.14485385,1.0,293.088013
2627161.0,0.14612359,1.0,295.152008
2627239.0,0.14856169,1.0,295.152008
2627317.0,0.13677765,1.0,295.496002
2627395.0,0.15856783,1.0,295.496002
2627473.0,0.16583115,1.0,295.496002
2627551.0,0.14754575,1.0,295.496002
2627629.0,0.14830765,1.0,3.096
2627707.0,0.15531708,1.0,2.064
2627785.0,0.15785678,1.0,2.064
2627864.0,0.14434585,1.0,2.064
2627942.0,0.14693631,1.0,2.064
2628020.0,0.13505082,1.0,2.064
2628098.0,0.15501228,1.0,293.432007
2628176.0,0.16039641,1.0,295.152008
2628254.0,0.14551413,1.0,295.152008
2628332.0,0.1392666,1.0,295.152008
2628410.0,0.15658697,1.0,295.496002
2628489.0,0.14627595,1.0,295.496002
2628567.0,0.12692395,1.0,297.216003
2628645.0,0.14333007,1.0,3.096
2628723.0,0.15374246,1.0,2.064
2628801.0,0.13515235,1.0,2.064
2628879.0,0.16638991,1.0,2.064
2628957.0,0.11828914,1.0,2.064
2629035.0,0.1495267,1.0,1.72
2629113.0,0.14510766,1.0,293.776001
2629192.0,0.15765351,1.0,295.152008
2629270.0,0.13200328,1.0,295.152008
2629348.0,0.14216179,1.0,295.496002
2629426.0,0.14388876,1.0,295.496002
2629504.0,0.15176161,1.0,295.839996
2629582.0,0.14231415,1.0,189.544006
2629660.0,0.14891726,1.0,2.752
2629738.0,0.16410425,1.0,2.064
2629816.0,0.1515584,1.0,2.064
2629895.0,0.15089811,1.0,2.064
2629973.0,0.14368556,1.0,2.064
2630051.0,0.15643461,1.0,72.239998
2630129.0,0.13987604,1.0,294.808014
2630207.0,0.1162575,1.0,295.152008
2630285.0,0.1340349,1.0,295.152008
2630363.0,0.13002226,1.0,295.496002
2630441.0,0.15805991,1.0,295.496002
2630519.0,0.14063801,1.0,295.839996
2630598.0,0.14637755,1.0,2.408
2630676.0,0.16354549,1.0,2.064
2630754.0,0.16222492,1.0,2.064
2630832.0,0.15851708,1.0,2.064
2630910.0,0.1452601,1.0,2.064
2630988.0,0.14383791,1.0,2.408
2631066.0,0.16593276,1.0,286.895996
2631144.0,0.14719027,1.0,295.152008
2631222.0,0.13510151,1.0,294.808014
2631301.0,0.14013007,1.0,295.152008
2631379.0,0.15861867,1.0,295.152008
2631457.0,0.1688787,1.0,295.496002
2631535.0,0.1582631,1.0,295.496002
2631613.0,0.12626365,1.0,3.44
2631691.0,0.17522793,1.0,2.064
2631769.0,0.1535901,1.0,2.064
2631847.0,0.13855547,1.0,2.064
2631926.0,0.13728572,1.0,2.064
2632004.0,0.1455649,1.0,2.064
2632082.0,0.14871405,1.0,293.088013
2632160.0,0.14668228,1.0,295.152008
2632238.0,0.14531094,1.0,295.496002
2632316.0,0.14998379,1.0,295.496002
2632394.0,0.15369171,1.0,296.528015
2632472.0,0.15805991,1.0,296.528015
2632550.0,0.14602199,1.0,297.216003
2632629.0,0.15496151,1.0,3.784
2632707.0,0.11722252,1.0,2.752
2632785.0,0.16303764,1.0,3.096
2632863.0,0.1605487,1.0,2.752
2632941.0,0.15968528,1.0,2.752
2633019.0,0.14825696,1.0,2.752
2633097.0,0.13149527,1.0,294.119995
2633175.0,0.14292359,1.0,295.839996
2633253.0,0.12717783,1.0,296.18399
2633332.0,0.15557097,1.0,295.839996
2633410.0,0.15511395,1.0,296.18399
2633488.0,0.15110132,1.0,295.839996
2633566.0,0.14698699,1.0,294.463989
2633644.0,0.17030104,1.0,3.784
2633722.0,0.16014245,1.0,2.408
2633800.0,0.16176775,1.0,2.064
2633878.0,0.15780587,1.0,2.064
2633957.0,0.14805377,1.0,2.064
2634035.0,0.14881557,1.0,1.72
2634113.0,0.14211102,1.0,294.119995
2634191.0,0.14023168,1.0,294.808014
2634269.0,0.14754575,1.0,295.152008
2634347.0,0.14063801,1.0,295.496002
2634425.0,0.15780587,1.0,295.496002
2634503.0,0.15475839,1.0,295.496002
2634582.0,0.15521556,1.0,195.735992
2634660.0,0.14150149,1.0,2.408
2634738.0,0.17334859,1.0,2.064
2634816.0,0.15572348,1.0,1.72
2634894.0,0.15298066,1.0,2.064
2634972.0,0.16115829,1.0,2.064
2635050.0,0.14444737,1.0,66.047997
2635128.0,0.1470886,1.0,296.18399
2635206.0,0.14520942,1.0,295.839996
2635285.0,0.14795224,1.0,296.18399
2635363.0,0.13860631,1.0,296.18399
2635441.0,0.15166008,1.0,296.18399
2635519.0,0.17665011,1.0,295.496002
2635597.0,0.14835849,1.0,5.504
2635675.0,0.15938056,1.0,2.752
2635753.0,0.14520942,1.0,2.408
2635831.0,0.14825696,1.0,2.408
2635909.0,0.17873257,1.0,2.408
2635987.0,0.14424424,1.0,2.752
2636066.0,0.14774896,1.0,286.552002
2636144.0,0.16430746,1.0,294.808014
2636222.0,0.11966062,1.0,294.808014
2636300.0,0.14444737,1.0,295.496002
2636378.0,0.15404719,1.0,295.496002
2636456.0,0.15313302,1.0,295.496002
2636534.0,0.16410425,1.0,295.496002
2636612.0,0.15394567,1.0,3.096
2636691.0,0.14510766,1.0,2.408
2636769.0,0.1701486,1.0,2.064
2636847.0,0.15673934,1.0,2.064
2636925.0,0.1381999,1.0,2.408
2637003.0,0.1340349,1.0,2.064
2637081.0,0.14972983,1.0,293.088013
2637159.0,0.18294841,1.0,295.152008
2637237.0,0.14058724,1.0,295.152008
2637316.0,0.15099971,1.0,295.152008
2637394.0,0.17263746,1.0,295.152008
2637472.0,0.14490454,1.0,296.18399
2637550.0,0.14546323,1.0,295.152008
2637628.0,0.15353942,1.0,3.096
2637706.0,0.18325314,1.0,2.064
2637784.0,0.15572348,1.0,2.064
2637862.0,0.16506927,1.0,3.784
2637940.0,0.13022545,1.0,3.096
2638019.0,0.15201564,1.0,2.752
2638097.0,0.15932965,1.0,294.463989
2638175.0,0.1318,1.0,295.839996
2638253.0,0.14851084,1.0,296.18399
2638331.0,0.155825,1.0,296.18399
2638409.0,0.15816151,1.0,296.18399
2638487.0,0.14769819,1.0,296.18399
2638565.0,0.15795839,1.0,296.18399
2638643.0,0.15272662,1.0,3.44
2638722.0,0.17080896,1.0,2.408
2638800.0,0.1745168,1.0,2.408
2638878.0,0.17670086,1.0,2.752
2638956.0,0.13459359,1.0,2.408
2639034.0,0.17233273,1.0,1.72
2639112.0,0.1499331,1.0,294.119995
2639190.0,0.1296667,1.0,295.496002
2639268.0,0.16085343,1.0,295.496002
2639346.0,0.15907584,1.0,295.496002
2639425.0,0.15028858,1.0,295.839996
2639503.0,0.14637755,1.0,295.496002
2639581.0,0.16029482,1.0,207.087997
2639659.0,0.16029482,1.0,2.752
2639737.0,0.14165385,1.0,2.408
2639815.0,0.17009775,1.0,2.064
2639893.0,0.14840925,1.0,2.064
2639972.0,0.15541868,1.0,2.408
2640050.0,0.16237728,1.0,62.952
2640128.0,0.15521556,1.0,294.808014
2640206.0,0.14546323,1.0,295.496002
2640284.0,0.15379331,1.0,295.496002
2640362.0,0.15734878,1.0,295.839996
2640440.0,0.14261886,1.0,294.808014
2640518.0,0.1583138,1.0,296.872009
2640596.0,0.14922197,1.0,7.224
2640675.0,0.1550632,1.0,3.096
2640753.0,0.15374246,1.0,2.408
2640831.0,0.15166008,1.0,2.752
2640909.0,0.15445367,1.0,3.096
2640987.0,0.1541997,1.0,2.064
2641065.0,0.15922812,1.0,284.832001
2641143.0,0.15323462,1.0,295.839996
2641221.0,0.12986989,1.0,295.839996
2641299.0,0.14810452,1.0,295.839996
2641378.0,0.15785678,1.0,295.839996
2641456.0,0.16567887,1.0,295.839996
2641534.0,0.15023783,1.0,295.839996
2641612.0,0.1388095,1.0,3.784
2641690.0,0.14231415,1.0,2.408
2641768.0,0.17471986,1.0,2.752
2641846.0,0.14795224,1.0,2.408
2641924.0,0.15292981,1.0,2.408
2642002.0,0.16948824,1.0,2.064
2642080.0,0.1432284,1.0,293.088013
2642159.0,0.14840925,1.0,295.496002
2642237.0,0.11717168,1.0,295.152008
2642315.0,0.1791389,1.0,295.496002
2642393.0,0.13271424,1.0,295.496002
2642471.0,0.14607282,1.0,295.496002
2642549.0,0.15999001,1.0,295.839996
2642627.0,0.16684708,1.0,3.096
2642706.0,0.17746268,1.0,2.064
2642784.0,0.16710111,1.0,2.064
2642862.0,0.14541253,1.0,2.064
2642940.0,0.15475839,1.0,2.064
2643018.0,0.15308218,1.0,2.064
2643096.0,0.14368556,1.0,293.776001
2643174.0,0.14373632,1.0,295.496002
2643252.0,0.14007924,1.0,295.152008
2643330.0,0.14800292,1.0,295.496002
2643409.0,0.15999001,1.0,295.496002
2643487.0,0.15008539,1.0,295.496002
2643565.0,0.16029482,1.0,295.496002
2643643.0,0.16146302,1.0,3.44
2643721.0,0.17091048,1.0,2.064
2643799.0,0.15679002,1.0,2.064
2643877.0,0.13941896,1.0,2.064
2643955.0,0.17350088,1.0,2.064
2644033.0,0.16075189,1.0,1.72
2644112.0,0.14211102,1.0,293.776001
2644190.0,0.13606668,1.0,295.152008
2644268.0,0.15323462,1.0,295.496002
2644346.0,0.14906953,1.0,295.496002
2644424.0,0.14134914,1.0,295.496002
2644502.0,0.163698,1.0,295.496002
2644580.0,0.14139982,1.0,214.311996
2644658.0,0.13078421,1.0,2.408
2644736.0,0.17050415,1.0,2.064
2644815.0,0.15689169,1.0,1.72
2644893.0,0.16471379,1.0,2.064
2644971.0,0.13936819,1.0,2.064
2645049.0,0.15084727,1.0,58.824001
2645127.0,0.15790755,1.0,295.152008
2645205.0,0.12540017,1.0,295.152008
2645283.0,0.14785056,1.0,295.152008
2645361.0,0.13185084,1.0,295.152008
2645439.0,0.15033935,1.0,295.496002
2645518.0,0.13804755,1.0,295.496002
2645596.0,0.16669464,1.0,8.6
2645674.0,0.14089197,1.0,2.064
2645752.0,0.17380567,1.0,2.064
2645830.0,0.15816151,1.0,1.72
2645908.0,0.13738725,1.0,2.408
2645986.0,0.15993924,1.0,2.064
2646064.0,0.14647914,1.0,282.424011
2646143.0,0.15963437,1.0,295.152008
2646221.0,0.13875866,1.0,295.152008
2646299.0,0.14129829,1.0,295.496002
2646377.0,0.14774896,1.0,295.496002
2646455.0,0.14820606,1.0,295.496002
2646533.0,0.15186313,1.0,295.496002
2646611.0,0.15079659,1.0,3.44
2646689.0,0.16847238,1.0,2.064
2646767.0,0.14302519,1.0,2.064
2646845.0,0.15816151,1.0,2.064
2646924.0,0.1581106,1.0,2.064
2647002.0,0.1669486,1.0,2.064
2647080.0,0.15623133,1.0,293.088013
2647158.0,0.15206634,1.0,295.496002
2647236.0,0.15374246,1.0,295.152008
2647314.0,0.16100585,1.0,295.152008
2647392.0,0.17202793,1.0,295.496002
2647470.0,0.15252349,1.0,295.496002
2647548.0,0.16029482,1.0,295.496002
2647627.0,0.15516472,1.0,3.44
2647705.0,0.15049186,1.0,1.72
2647783.0,0.1657804,1.0,2.064
2647861.0,0.16740584,1.0,2.064
2647939.0,0.14785056,1.0,1.376
2648017.0,0.14734264,1.0,1.72
2648095.0,0.1392666,1.0,293.432007
2648173.0,0.13916491,1.0,295.152008
2648252.0,0.15084727,1.0,294.808014
2648330.0,0.15257433,1.0,295.152008
2648408.0,0.15790755,1.0,295.152008
2648486.0,0.14683472,1.0,295.496002
2648564.0,0.15369171,1.0,295.152008
2648642.0,0.13891102,1.0,3.096
2648720.0,0.16867559,1.0,1.72
2648798.0,0.15719649,1.0,2.064
2648877.0,0.16654235,1.0,1.72
2648955.0,0.13469526,1.0,2.064
2649033.0,0.1494251,1.0,1.72
2649111.0,0.14698699,1.0,293.432007
2649189.0,0.12748262,1.0,295.152008
2649267.0,0.15338691,1.0,295.839996
2649345.0,0.1541997,1.0,295.496002
2649423.0,0.14551413,1.0,295.839996
2649501.0,0.14795224,1.0,295.839996
2649580.0,0.19341172,1.0,220.848007
2649658.0,0.14861253,1.0,2.752
2649736.0,0.16486613,1.0,2.408
2649814.0,0.17578661,1.0,2.064
2649892.0,0.14901878,1.0,2.064
2649970.0,0.14348236,1.0,2.064
2650048.0,0.15968528,1.0,50.568001
2650126.0,0.14358388,1.0,294.808014
2650204.0,0.13987604,1.0,295.152008
2650283.0,0.1542504,1.0,295.496002
2650361.0,0.14937434,1.0,295.152008
2650439.0,0.14221254,1.0,295.496002
2650517.0,0.14221254,1.0,295.839996
2650595.0,0.15430123,1.0,11.352
2650673.0,0.15389498,1.0,2.064
2650751.0,0.17390728,1.0,2.064
2650829.0,0.16242804,1.0,2.064
2650908.0,0.14678387,1.0,2.064
2650986.0,0.15882179,1.0,2.064
2651064.0,0.15079659,1.0,281.048004
2651142.0,0.15877104,1.0,295.152008
2651220.0,0.14068876,1.0,295.152008
2651298.0,0.15805991,1.0,295.496002
2651376.0,0.15485999,1.0,295.839996
2651454.0,0.14109509,1.0,295.496002
2651533.0,0.17172322,1.0,296.528015
2651611.0,0.15394567,1.0,4.472
2651689.0,0.14698699,1.0,3.096
2651767.0,0.15729801,1.0,3.096
2651845.0,0.15805991,1.0,1.72
2651923.0,0.15470755,1.0,1.72
2652001.0,0.13687932,1.0,1.72
2652079.0,0.14510766,1.0,293.088013
2652157.0,0.14165385,1.0,295.152008
2652235.0,0.13901263,1.0,295.152008
2652314.0,0.16319001,1.0,295.152008
2652392.0,0.15536793,1.0,295.496002
2652470.0,0.13850462,1.0,295.496002
2652548.0,0.15333621,1.0,295.496002
2652626.0,0.13804755,1.0,3.096
2652704.0,0.17009775,1.0,1.72
2652782.0,0.15216793,1.0,2.064
2652860.0,0.16720264,1.0,2.064
2652938.0,0.15069492,1.0,2.064
2653017.0,0.17080896,1.0,1.72
2653095.0,0.16435829,1.0,293.432007
2653173.0,0.15328538,1.0,295.152008
2653251.0,0.1534885,1.0,295.152008
2653329.0,0.14688547,1.0,295.496002
2653407.0,0.1546568,1.0,295.152008
2653485.0,0.15120284,1.0,295.839996
2653563.0,0.16837086,1.0,295.496002
2653641.0,0.16466302,1.0,3.096
2653720.0,0.17670086,1.0,2.064
2653798.0,0.16496775,1.0,2.064
2653876.0,0.16583115,1.0,2.064
2653954.0,0.16192019,1.0,1.376
2654032.0,0.15455526,1.0,2.064
2654110.0,0.14033328,1.0,293.776001
2654188.0,0.13388246,1.0,294.808014
2654266.0,0.1494251,1.0,295.152008
2654345.0,0.13962215,1.0,295.152008
2654423.0,0.15394567,1.0,295.496002
2654501.0,0.13499999,1.0,294.808014
2654579.0,0.15115215,1.0,229.104004
2654657.0,0.14713943,1.0,2.752
2654735.0,0.14480293,1.0,2.064
2654813.0,0.1628852,1.0,1.72
2654891.0,0.13738725,1.0,1.72
2654969.0,0.16247895,1.0,2.064
2655048.0,0.15653613,1.0,42.655998
2655126.0,0.14769819,1.0,293.776001
2655204.0,0.12768583,1.0,294.808014
2655282.0,0.15887256,1.0,295.152008
2655360.0,0.14307603,1.0,294.808014
2655438.0,0.14602199,1.0,294.808014
2655516.0,0.14678387,1.0,295.496002
2655594.0,0.15795839,1.0,12.728
2655672.0,0.1496283,1.0,1.376
2655751.0,0.17111368,1.0,1.376
2655829.0,0.17609134,1.0,2.408
2655907.0,0.16517086,1.0,2.064
2655985.0,0.1581106,1.0,2.064
2656063.0,0.17065644,1.0,278.29599
2656141.0,0.14861253,1.0,294.808014
2656219.0,0.12646678,1.0,295.152008
2656298.0,0.14607282,1.0,295.152008
2656376.0,0.15673934,1.0,295.496002
2656454.0,0.15932965,1.0,295.496002
2656532.0,0.15414886,1.0,295.839996
2656610.0,0.14663151,1.0,3.096
2656688.0,0.16120906,1.0,2.064
2656766.0,0.18076427,1.0,2.064
2656844.0,0.15948209,1.0,1.72
2656922.0,0.15694246,1.0,2.064
2657000.0,0.17360255,1.0,2.064
2657079.0,0.1550632,1.0,292.056
2657157.0,0.16456142,1.0,295.152008
2657235.0,0.13291745,1.0,295.496002
2657313.0,0.15039012,1.0,295.496002
2657391.0,0.16131066,1.0,295.839996
2657469.0,0.14790133,1.0,295.152008
2657547.0,0.15679002,1.0,295.839996
2657625.0,0.14647914,1.0,3.44
2657703.0,0.14886642,1.0,2.064
2657782.0,0.178885,1.0,1.72
2657860.0,0.15653613,1.0,2.064
2657938.0,0.15607904,1.0,2.408
2658016.0,0.14459981,1.0,1.72
2658094.0,0.16715181,1.0,293.432007
2658172.0,0.14531094,1.0,295.152008
2658250.0,0.1684217,1.0,295.496002
2658328.0,0.14947593,1.0,295.496002
2658406.0,0.15191397,1.0,295.152008
2658485.0,0.16440898,1.0,295.496002
2658563.0,0.15927896,1.0,295.496002
2658641.0,0.16471379,1.0,3.096
2658719.0,0.1759389,1.0,2.064
2658797.0,0.16293596,1.0,2.064
2658875.0,0.1605487,1.0,2.064
2658953.0,0.2037226,1.0,2.408
2659032.0,0.16186935,1.0,2.752
2659110.0,0.15221868,1.0,293.776001
2659188.0,0.1534885,1.0,295.152008
2659266.0,0.17080896,1.0,294.808014
2659344.0,0.13555868,1.0,295.152008
2659422.0,0.16151379,1.0,295.496002
2659500.0,0.16136143,1.0,295.496002
2659578.0,0.13423802,1.0,233.919998
2659656.0,0.18127227,1.0,2.752
2659735.0,0.17507541,1.0,1.376
2659813.0,0.15897408,1.0,2.408
2659891.0,0.15719649,1.0,2.064
2659969.0,0.1325112,1.0,1.376
2660047.0,0.15800907,1.0,26.143999
2660125.0,0.16044718,1.0,294.119995
2660203.0,0.12321595,1.0,295.152008
2660281.0,0.15135528,1.0,295.152008
2660359.0,0.15470755,1.0,295.496002
2660437.0,0.16222492,1.0,295.839996
2660516.0,0.17228189,1.0,295.496002
2660594.0,0.15999001,1.0,16.167999
2660672.0,0.16903114,1.0,2.064
2660750.0,0.16892962,1.0,2.408
2660828.0,0.17670086,1.0,2.064
2660906.0,0.15968528,1.0,1.72
2660984.0,0.15221868,1.0,2.064
2661062.0,0.16765973,1.0,276.575989
2661140.0,0.16181859,1.0,294.808014
2661219.0,0.14023168,1.0,295.152008
2661297.0,0.14251734,1.0,295.496002
2661375.0,0.16649152,1.0,295.496002
2661453.0,0.15003462,1.0,295.496002
2661531.0,0.15856783,1.0,296.18399
2661609.0,0.14835849,1.0,3.44
2661687.0,0.1574503,1.0,3.096
2661765.0,0.16085343,1.0,2.064
2661844.0,0.14896794,1.0,2.064
2661922.0,0.15958369,1.0,2.064
2662000.0,0.16009161,1.0,1.72
2662078.0,0.17101201,1.0,292.743988
2662156.0,0.1605487,1.0,295.839996
2662234.0,0.15719649,1.0,295.152008
2662312.0,0.13946979,1.0,294.808014
2662390.0,0.15176161,1.0,295.152008
2662469.0,0.15679002,1.0,295.839996
2662547.0,0.16898046,1.0,295.496002
2662625.0,0.1546568,1.0,3.44
2662703.0,0.16583115,1.0,2.064
2662781.0,0.1550632,1.0,2.064
2662859.0,0.16146302,1.0,2.064
2662937.0,0.13779357,1.0,2.064
2663015.0,0.14632671,1.0,1.72
2663093.0,0.16242804,1.0,293.432007
2663172.0,0.15135528,1.0,295.152008
2663250.0,0.16476454,1.0,295.152008
2663328.0,0.17192633,1.0,295.152008
2663406.0,0.15663773,1.0,295.152008
2663484.0,0.1589234,1.0,295.152008
2663562.0,0.14800292,1.0,295.496002
2663640.0,0.16705021,1.0,3.44
2663718.0,0.16826926,1.0,2.064
2663796.0,0.16898046,1.0,2.064
2663875.0,0.16567887,1.0,2.064
2663953.0,0.15511395,1.0,1.72
2664031.0,0.16303764,1.0,2.064
2664109.0,0.14906953,1.0,293.776001
2664187.0,0.14002848,1.0,295.152008
2664265.0,0.15389498,1.0,295.152008
2664343.0,0.15572348,1.0,295.496002
2664421.0,0.15877104,1.0,295.496002
2664500.0,0.14419349,1.0,295.496002
2664578.0,0.16395181,1.0,241.488007
2664656.0,0.14693631,1.0,2.752
2664734.0,0.16989464,1.0,2.408
2664812.0,0.14429508,1.0,1.376
2664890.0,0.16522178,1.0,2.064
2664968.0,0.15120284,1.0,1.72
2665046.0,0.15552028,1.0,19.608
2665124.0,0.1470886,1.0,294.119995
2665203.0,0.11833997,1.0,294.808014
2665281.0,0.15612973,1.0,294.808014
2665359.0,0.15252349,1.0,295.496002
2665437.0,0.1610567,1.0,295.152008
2665515.0,0.1519648,1.0,295.839996
2665593.0,0.15927896,1.0,17.544001
2665671.0,0.15572348,1.0,1.72
2665749.0,0.17273898,1.0,1.72
2665827.0,0.15638377,1.0,2.064
2665906.0,0.17558348,1.0,2.408
2665984.0,0.16765973,1.0,1.72
2666062.0,0.17538022,1.0,273.480011
2666140.0,0.19508778,1.0,295.839996
2666218.0,0.12844771,1.0,295.839996
2666296.0,0.17710726,1.0,296.18399
2666374.0,0.14129829,1.0,296.18399
2666452.0,0.17522793,1.0,295.839996
2666530.0,0.15480916,1.0,296.18399
2666609.0,0.15592653,1.0,3.096
2666687.0,0.14566642,1.0,2.408
2666765.0,0.1546568,1.0,3.096
2666843.0,0.15125367,1.0,2.408
2666921.0,0.16979304,1.0,2.064
2666999.0,0.14713943,1.0,2.408
2667077.0,0.17964689,1.0,293.088013
2667156.0,0.15577425,1.0,295.496002
2667234.0,0.14414264,1.0,295.496002
2667312.0,0.16014245,1.0,295.839996
2667390.0,0.170047,1.0,294.808014
2667468.0,0.15628217,1.0,295.152008
2667546.0,0.16004086,1.0,295.152008
2667624.0,0.14383791,1.0,2.408
2667702.0,0.12804139,1.0,1.72
2667780.0,0.15054256,1.0,1.72
2667858.0,0.15059339,1.0,1.376
2667937.0,0.14500614,1.0,2.064
2668015.0,0.15541868,1.0,1.72
2668093.0,0.15836464,1.0,293.776001
2668171.0,0.15206634,1.0,295.152008
2668249.0,0.15480916,1.0,295.839996
2668327.0,0.17466916,1.0,295.152008
2668405.0,0.14454912,1.0,295.496002
2668483.0,0.14480293,1.0,295.152008
2668561.0,0.15247273,1.0,295.496002
2668640.0,0.14998379,1.0,3.096
2668718.0,0.16958991,1.0,1.032
2668796.0,0.15110132,1.0,2.408
2668874.0,0.15633292,1.0,3.096
2668952.0,0.13972367,1.0,2.752
2669030.0,0.14983158,1.0,1.72
2669108.0,0.13987604,1.0,293.088013
2669186.0,0.14459981,1.0,295.496002
2669264.0,0.14327915,1.0,295.152008
2669343.0,0.14490454,1.0,295.152008
2669421.0,0.1688787,1.0,294.808014
2669499.0,0.13809837,1.0,295.152008
2669577.0,0.15785678,1.0,242.175995
2669655.0,0.15211716,1.0,2.752
2669733.0,0.16857398,1.0,2.064
2669811.0,0.15221868,1.0,1.72
2669890.0,0.17761512,1.0,1.72
2669968.0,0.15546945,1.0,1.72
2670046.0,0.1404855,1.0,15.48
2670124.0,0.14520942,1.0,293.776001
2670202.0,0.16811682,1.0,295.496002
2670280.0,0.13845395,1.0,295.152008
2670358.0,0.13916491,1.0,295.152008
2670436.0,0.1669486,1.0,295.496002
2670514.0,0.15755199,1.0,295.496002
2670593.0,0.15719649,1.0,18.92
2670671.0,0.15607904,1.0,1.72
2670749.0,0.17268831,1.0,2.408
2670827.0,0.15567264,1.0,1.376
2670905.0,0.15912659,1.0,1.376
2670983.0,0.12905717,1.0,1.72
2671061.0,0.15069492,1.0,269.696014
2671139.0,0.1610567,1.0,294.808014
2671217.0,0.13825074,1.0,295.839996
2671296.0,0.15120284,1.0,295.496002
2671374.0,0.1475966,1.0,295.496002
2671452.0,0.17121521,1.0,295.496002
2671530.0,0.15287906,1.0,295.839996
2671608.0,0.14063801,1.0,3.44
2671686.0,0.14673318,1.0,3.096
2671764.0,0.15958369,1.0,2.752
2671842.0,0.13987604,1.0,2.752
2671920.0,0.15973613,1.0,3.096
2671999.0,0.12936197,1.0,3.096
2672077.0,0.15287906,1.0,293.088013
2672155.0,0.14678387,1.0,296.18399
2672233.0,0.16730417,1.0,295.496002
2672311.0,0.15866935,1.0,295.496002
2672389.0,0.13789518,1.0,295.839996
2672467.0,0.13632056,1.0,295.496002
2672545.0,0.16618679,1.0,295.496002
2672624.0,0.14663151,1.0,3.096
2672702.0,0.15760282,1.0,2.064
2672780.0,0.18066266,1.0,1.032
2672858.0,0.15232037,1.0,1.032
2672936.0,0.15948209,1.0,1.032
2673014.0,0.15765351,1.0,1.032
2673092.0,0.1629868,1.0,292.743988
2673170.0,0.17070729,1.0,294.463989
2673248.0,0.14602199,1.0,294.808014
2673326.0,0.17304386,1.0,294.463989
2673405.0,0.15861867,1.0,294.463989
2673483.0,0.15882179,1.0,294.463989
2673561.0,0.15999001,1.0,294.808014
2673639.0,0.16572963,1.0,2.408
2673717.0,0.17263746,1.0,1.72
2673795.0,0.15938056,1.0,1.376
2673873.0,0.17192633,1.0,2.408
2673951.0,0.16329153,1.0,2.064
2674029.0,0.16237728,1.0,1.72
2674108.0,0.14307603,1.0,292.399994
2674186.0,0.15760282,1.0,294.463989
2674264.0,0.13997772,1.0,295.496002
2674342.0,0.14571726,1.0,295.496002
2674420.0,0.13113971,1.0,295.496002
2674498.0,0.15775518,1.0,295.496002
2674576.0,0.15074575,1.0,250.432007
2674655.0,0.14480293,1.0,3.784
2674733.0,0.16898046,1.0,2.752
2674811.0,0.1431268,1.0,2.408
2674889.0,0.15521556,1.0,3.096
2674967.0,0.14744416,1.0,2.064
2675045.0,0.15648529,1.0,11.696
2675123.0,0.15805991,1.0,294.808014
2675201.0,0.14515857,1.0,295.496002
2675279.0,0.16857398,1.0,295.839996
2675358.0,0.16786294,1.0,296.18399
2675436.0,0.16232651,1.0,295.839996
2675514.0,0.1649169,1.0,295.152008
2675592.0,0.15587585,1.0,23.392
2675670.0,0.17040256,1.0,1.72
2675748.0,0.15252349,1.0,1.72
2675826.0,0.15475839,1.0,2.064
2675904.0,0.17685322,1.0,2.064
2675982.0,0.15597744,1.0,1.72
2676061.0,0.14038397,1.0,268.320007
2676139.0,0.15567264,1.0,294.808014
2676217.0,0.14378709,1.0,294.808014
2676295.0,0.16252963,1.0,295.152008
2676373.0,0.16034557,1.0,295.152008
2676451.0,0.13510151,1.0,295.152008
2676529.0,0.16567887,1.0,295.152008
2676607.0,0.15150757,1.0,3.096
2676685.0,0.1688787,1.0,2.064
2676764.0,0.16334237,1.0,2.064
2676842.0,0.15130444,1.0,2.064
2676920.0,0.16039641,1.0,2.064
2676998.0,0.14622518,1.0,2.064
2677076.0,0.1405364,1.0,291.712006
2677154.0,0.16857398,1.0,295.152008
2677232.0,0.1381999,1.0,295.152008
2677310.0,0.15287906,1.0,295.152008
2677389.0,0.15800907,1.0,294.808014
2677467.0,0.15780587,1.0,295.496002
2677545.0,0.15800907,1.0,295.496002
2677623.0,0.16319001,1.0,3.096
2677701.0,0.1570949,1.0,1.72
2677779.0,0.16583115,1.0,2.064
2677857.0,0.17116453,1.0,2.064
2677935.0,0.14150149,1.0,2.064
2678013.0,0.16710111,1.0,2.064
2678091.0,0.14647914,1.0,293.432007
2678170.0,0.16892962,1.0,294.808014
2678248.0,0.16212331,1.0,295.152008
2678326.0,0.15704405,1.0,294.463989
2678404.0,0.15882179,1.0,295.152008
2678482.0,0.17121521,1.0,295.496002
2678560.0,0.16156462,1.0,295.496002
2678638.0,0.16212331,1.0,3.096
2678716.0,0.16029482,1.0,2.064
2678794.0,0.16898046,1.0,2.064
2678873.0,0.1519648,1.0,2.064
2678951.0,0.14541253,1.0,2.064
2679029.0,0.15999001,1.0,2.064
2679107.0,0.15938056,1.0,293.776001
2679185.0,0.15516472,1.0,295.152008
2679263.0,0.15805991,1.0,295.152008
2679341.0,0.17319608,1.0,295.152008
2679420.0,0.16791369,1.0,295.839996
2679498.0,0.16644068,1.0,295.496002
2679576.0,0.15953285,1.0,255.248001
2679654.0,0.17091048,1.0,3.096
2679732.0,0.16730417,1.0,2.064
2679810.0,0.15618058,1.0,2.064
2679888.0,0.14165385,1.0,2.064
2679966.0,0.14856169,1.0,2.064
2680044.0,0.14983158,1.0,8.256
2680123.0,0.16476454,1.0,294.119995
2680201.0,0.11950811,1.0,295.152008
2680279.0,0.14571726,1.0,295.152008
2680357.0,0.14652999,1.0,295.496002
2680435.0,0.16664387,1.0,295.496002
2680513.0,0.1455649,1.0,295.496002
2680591.0,0.15795839,1.0,29.24
2680669.0,0.14957754,1.0,2.064
2680747.0,0.16034557,1.0,1.72
2680826.0,0.15287906,1.0,1.72
2680904.0,0.16867559,1.0,1.72
2680982.0,0.16435829,1.0,2.064
2681060.0,0.15379331,1.0,265.223999
2681138.0,0.14541253,1.0,294.808014
2681216.0,0.11661292,1.0,295.152008
2681294.0,0.16512011,1.0,295.496002
2681372.0,0.16948824,1.0,295.496002
2681450.0,0.14912038,1.0,295.496002
2681529.0,0.15491068,1.0,295.152008
2681607.0,0.14190781,1.0,3.44
2681685.0,0.1495267,1.0,2.408
2681763.0,0.16938671,1.0,2.064
2681841.0,0.15999001,1.0,2.064
2681919.0,0.15084727,1.0,2.408
2681997.0,0.1455649,1.0,2.064
2682075.0,0.15821227,1.0,292.399994
2682154.0,0.17959605,1.0,295.496002
2682232.0,0.14124753,1.0,295.152008
2682310.0,0.15257433,1.0,295.496002
2682388.0,0.14038397,1.0,295.152008
2682466.0,0.16136143,1.0,295.496002
2682544.0,0.17441513,1.0,295.839996
2682622.0,0.17151994,1.0,3.44
2682700.0,0.16567887,1.0,2.408
2682778.0,0.15323462,1.0,2.408
2682857.0,0.18289757,1.0,2.064
2682935.0,0.16146302,1.0,2.064
2683013.0,0.14470141,1.0,2.064
2683091.0,0.1546568,1.0,293.432007
2683169.0,0.11905102,1.0,295.496002
2683247.0,0.14175539,1.0,295.496002
2683325.0,0.14094272,1.0,295.496002
2683403.0,0.17009775,1.0,295.839996
2683481.0,0.14825696,1.0,295.496002
2683560.0,0.16273277,1.0,295.496002
2683638.0,0.15460595,1.0,3.44
2683716.0,0.17030104,1.0,2.408
2683794.0,0.16898046,1.0,2.064
2683872.0,0.16669464,1.0,2.064
2683950.0,0.14226331,1.0,2.752
2684028.0,0.15018699,1.0,2.752
2684106.0,0.15389498,1.0,294.463989
2684184.0,0.12616205,1.0,295.839996
2684263.0,0.14856169,1.0,295.839996
2684341.0,0.16588207,1.0,295.839996
2684419.0,0.15445367,1.0,295.839996
2684497.0,0.155825,1.0,295.839996
2684575.0,0.17025019,1.0,262.81601
2684653.0,0.15821227,1.0,3.44
2684731.0,0.17228189,1.0,2.408
2684810.0,0.1566885,1.0,2.408
2684888.0,0.15470755,1.0,2.408
2684966.0,0.1653233,1.0,2.408
2685044.0,0.14297444,1.0,6.536
2685122.0,0.15445367,1.0,294.119995
2685200.0,0.12357159,1.0,295.496002
2685278.0,0.16034557,1.0,295.496002
2685356.0,0.16400273,1.0,295.839996
2685434.0,0.14597122,1.0,295.839996
2685513.0,0.1535901,1.0,295.496002
2685591.0,0.15282822,1.0,33.023998
2685669.0,0.15577425,1.0,2.408
2685747.0,0.18152615,1.0,2.064
2685825.0,0.16430746,1.0,2.064
2685903.0,0.13535555,1.0,2.064
2685981.0,0.16242804,1.0,2.064
2686059.0,0.15953285,1.0,260.752014
2686137.0,0.17370415,1.0,295.152008
2686215.0,0.1424665,1.0,295.496002
2686294.0,0.15242189,1.0,295.496002
2686372.0,0.17182481,1.0,295.496002
2686450.0,0.14602199,1.0,295.496002
2686528.0,0.15232037,1.0,295.496002
2686606.0,0.16654235,1.0,4.472
2686684.0,0.1499331,1.0,2.752
2686762.0,0.16852322,1.0,2.408
2686840.0,0.16628832,1.0,2.752
2686918.0,0.14693631,1.0,2.752
2686997.0,0.1716723,1.0,2.752
2687075.0,0.15938056,1.0,293.432007
2687153.0,0.15963437,1.0,295.839996
2687231.0,0.14810452,1.0,295.496002
2687309.0,0.13865699,1.0,296.18399
2687387.0,0.1637487,1.0,295.839996
2687465.0,0.14459981,1.0,295.839996
2687543.0,0.15917736,1.0,295.839996
2687621.0,0.14490454,1.0,3.44
2687700.0,0.16669464,1.0,2.064
2687778.0,0.15069492,1.0,2.408
2687856.0,0.16090433,1.0,2.408
2687934.0,0.16440898,1.0,2.064
2688012.0,0.14658074,1.0,2.064
2688090.0,0.14906953,1.0,293.776001
2688168.0,0.14779973,1.0,295.152008
2688247.0,0.14947593,1.0,295.496002
2688325.0,0.15953285,1.0,295.496002
2688403.0,0.1660852,1.0,295.496002
2688481.0,0.17075805,1.0,295.839996
2688559.0,0.15135528,1.0,295.152008
2688637.0,0.16014245,1.0,3.44
2688715.0,0.17106284,1.0,2.064
2688793.0,0.16014245,1.0,2.064
2688871.0,0.13444123,1.0,2.064
2688950.0,0.18117067,1.0,2.064
2689028.0,0.15516472,1.0,1.72
2689106.0,0.16923435,1.0,293.776001
2689184.0,0.14013007,1.0,294.463989
2689262.0,0.15028858,1.0,295.152008
2689340.0,0.17355171,1.0,295.496002
2689418.0,0.15800907,1.0,295.839996
2689496.0,0.1741104,1.0,295.839996
2689574.0,0.12951434,1.0,267.631989
2689653.0,0.15145688,1.0,3.096
2689731.0,0.17314538,1.0,2.408
2689809.0,0.17299302,1.0,2.064
2689887.0,0.15470755,1.0,2.064
2689965.0,0.17893577,1.0,2.408
2690043.0,0.16537407,1.0,4.128
2690121.0,0.15028858,1.0,294.119995
2690199.0,0.11656223,1.0,294.808014
2690277.0,0.15414886,1.0,295.152008
2690355.0,0.14876482,1.0,294.463989
2690434.0,0.16120906,1.0,295.839996
2690512.0,0.15638377,1.0,295.496002
2690590.0,0.15374246,1.0,37.495998
2690668.0,0.15999001,1.0,2.064
2690746.0,0.16755813,1.0,2.408
2690824.0,0.15948209,1.0,2.064
2690902.0,0.15800907,1.0,2.408
2690981.0,0.17192633,1.0,2.064
2691059.0,0.17512633,1.0,247.335999
2691137.0,0.15496151,1.0,294.808014
2691215.0,0.15567264,1.0,294.808014
2691293.0,0.16222492,1.0,294.808014
2691371.0,0.16141219,1.0,294.808014
2691449.0,0.17065644,1.0,295.496002
2691527.0,0.16461217,1.0,295.152008
2691605.0,0.15673934,1.0,3.096
2691684.0,0.17842785,1.0,1.72
2691762.0,0.17233273,1.0,2.064
2691840.0,0.15592653,1.0,2.064
2691918.0,0.15262508,1.0,1.72
2691996.0,0.16171698,1.0,2.408
2692074.0,0.13571112,1.0,293.432007
2692152.0,0.17162161,1.0,295.839996
2692230.0,0.14937434,1.0,295.496002
2692308.0,0.1630884,1.0,295.839996
2692387.0,0.17756443,1.0,296.528015
2692465.0,0.15795839,1.0,296.872009
2692543.0,0.1519648,1.0,296.872009
2692621.0,0.163698,1.0,4.128
2692699.0,0.15572348,1.0,2.752
2692777.0,0.16247895,1.0,3.096
2692855.0,0.15353942,1.0,3.096
2692933.0,0.18589443,1.0,2.752
2693012.0,0.15287906,1.0,2.752
2693090.0,0.16400273,1.0,294.119995
2693168.0,0.14566642,1.0,295.839996
2693246.0,0.14647914,1.0,295.839996
2693324.0,0.16252963,1.0,295.839996
2693402.0,0.16090433,1.0,295.152008
2693480.0,0.15602821,1.0,295.839996
2693558.0,0.1535901,1.0,295.839996
2693636.0,0.18726569,1.0,3.784
2693715.0,0.17512633,1.0,3.096
2693793.0,0.15877104,1.0,2.408
2693871.0,0.1653233,1.0,2.408
2693949.0,0.16014245,1.0,2.064
2694027.0,0.15430123,1.0,2.064
2694105.0,0.16522178,1.0,293.776001
2694183.0,0.13753961,1.0,295.152008
2694261.0,0.14018077,1.0,295.496002
2694339.0,0.15907584,1.0,295.496002
2694418.0,0.15470755,1.0,295.496002
2694496.0,0.14800292,1.0,295.496002
2694574.0,0.18233888,1.0,271.76001
2694652.0,0.17157078,1.0,3.096
2694730.0,0.17009775,1.0,2.064
2694808.0,0.14754575,1.0,2.064
2694886.0,0.17304386,1.0,2.064
2694964.0,0.15232037,1.0,2.064
2695042.0,0.15567264,1.0,2.064
2695121.0,0.15633292,1.0,294.119995
2695199.0,0.13931735,1.0,295.152008
2695277.0,0.14302519,1.0,296.18399
2695355.0,0.16471379,1.0,295.496002
2695433.0,0.18101823,1.0,296.18399
2695511.0,0.16415502,1.0,295.839996
2695589.0,0.15557097,1.0,42.655998
2695667.0,0.15790755,1.0,2.408
2695745.0,0.1743136,1.0,2.408
2695824.0,0.18376106,1.0,2.408
2695902.0,0.16435829,1.0,2.064
2695980.0,0.16562803,1.0,2.064
2696058.0,0.15430123,1.0,234.264008
2696136.0,0.17273898,1.0,295.839996
2696214.0,0.14145066,1.0,295.496002
2696292.0,0.15384415,1.0,295.839996
2696371.0,0.15277745,1.0,295.152008
2696449.0,0.15714559,1.0,295.839996
2696527.0,0.16293596,1.0,295.496002
2696605.0,0.17121521,1.0,3.44
2696683.0,0.13901263,1.0,3.096
2696761.0,0.16395181,1.0,2.752
2696839.0,0.14419349,1.0,2.752
2696917.0,0.15516472,1.0,2.064
2696995.0,0.16034557,1.0,2.752
2697074.0,0.13327301,1.0,292.743988
2697152.0,0.1499331,1.0,295.496002
2697230.0,0.16268207,1.0,295.839996
2697308.0,0.15292981,1.0,296.18399
2697386.0,0.15684086,1.0,295.839996
2697464.0,0.16583115,1.0,296.528015
2697542.0,0.1495267,1.0,296.872009
2697620.0,0.14505698,1.0,3.784
2697698.0,0.17116453,1.0,2.064
2697777.0,0.15612973,1.0,2.064
2697855.0,0.16405341,1.0,2.408
2697933.0,0.16857398,1.0,2.752
2698011.0,0.17588821,1.0,2.064
2698089.0,0.15917736,1.0,293.432007
2698167.0,0.16745654,1.0,295.496002
2698245.0,0.15943132,1.0,296.18399
2698323.0,0.16151379,1.0,295.839996
2698401.0,0.14790133,1.0,295.496002
2698479.0,0.16090433,1.0,295.496002
2698558.0,0.16354549,1.0,295.496002
2698636.0,0.13032706,1.0,3.784
2698714.0,0.1589234,1.0,3.096
2698792.0,0.17278983,1.0,2.752
2698870.0,0.16689785,1.0,2.408
2698948.0,0.14439668,1.0,2.064
2699026.0,0.15470755,1.0,1.72
2699104.0,0.15318385,1.0,293.088013
2699183.0,0.1427713,1.0,295.152008
2699261.0,0.14754575,1.0,295.496002
2699339.0,0.15673934,1.0,295.496002
2699417.0,0.14673318,1.0,295.839996
2699495.0,0.16410425,1.0,295.152008
2699573.0,0.17019936,1.0,276.920013
2699651.0,0.16476454,1.0,3.096
2699729.0,0.17497389,1.0,2.408
2699808.0,0.17400888,1.0,2.064
2699886.0,0.15145688,1.0,1.72
2699964.0,0.15932965,1.0,2.064
2700042.0,0.15978688,1.0,0.688
2700120.0,0.17852944,1.0,293.776001
2700198.0,0.15440276,1.0,294.463989
2700276.0,0.14551413,1.0,295.152008
2700354.0,0.16425654,1.0,295.496002
2700432.0,0.17177397,1.0,295.152008
2700511.0,0.18675777,1.0,295.152008
2700589.0,0.15562181,1.0,47.127998
2700667.0,0.16080274,1.0,1.72
2700745.0,0.16862489,1.0,2.064
2700823.0,0.16339312,1.0,2.408
2700901.0,0.17538022,1.0,2.064
2700979.0,0.16898046,1.0,2.064
2701057.0,0.14561565,1.0,224.287994
2701135.0,0.16110747,1.0,295.152008
2701214.0,0.1365746,1.0,295.152008
2701292.0,0.14957754,1.0,295.496002
2701370.0,0.15790755,1.0,295.496002
2701448.0,0.13149527,1.0,295.152008
2701526.0,0.15846623,1.0,295.496002
2701604.0,0.12743187,1.0,3.096
2701682.0,0.15597744,1.0,2.064
2701760.0,0.16344397,1.0,2.064
2701838.0,0.16258048,1.0,2.064
2701916.0,0.1637487,1.0,2.064
2701995.0,0.16100585,1.0,2.064
2702073.0,0.15658697,1.0,292.056
2702151.0,0.16628832,1.0,295.152008
2702229.0,0.14754575,1.0,295.152008
2702307.0,0.16760889,1.0,295.152008
2702385.0,0.16654235,1.0,295.496002
2702463.0,0.16684708,1.0,295.496002
2702542.0,0.16435829,1.0,295.152008
2702620.0,0.15008539,1.0,3.096
2702698.0,0.12362242,1.0,2.064
2702776.0,0.16918351,1.0,2.064
2702854.0,0.14211102,1.0,2.064
2702932.0,0.15552028,1.0,2.064
2703010.0,0.14490454,1.0,1.376
2703088.0,0.15450443,1.0,293.776001
2703166.0,0.14510766,1.0,295.152008
2703245.0,0.14536169,1.0,295.152008
2703323.0,0.14439668,1.0,295.496002
2703401.0,0.17990078,1.0,295.152008
2703479.0,0.15460595,1.0,295.496002
2703557.0,0.16019313,1.0,295.496002
2703635.0,0.16796446,1.0,3.096
2703713.0,0.17116453,1.0,2.064
2703791.0,0.15318385,1.0,2.064
2703869.0,0.15201564,1.0,2.064
2703948.0,0.20758295,1.0,2.064
2704026.0,0.16512011,1.0,2.064
2704104.0,0.17101201,1.0,294.119995
2704182.0,0.16115829,1.0,295.152008
2704260.0,0.15932965,1.0,294.808014
2704338.0,0.1609551,1.0,295.496002
2704416.0,0.16755813,1.0,295.496002
2704494.0,0.15516472,1.0,295.152008
2704572.0,0.17725955,1.0,279.671997
2704651.0,0.15938056,1.0,2.752
2704729.0,0.17009775,1.0,1.72
2704807.0,0.16451058,1.0,2.064
2704885.0,0.15511395,1.0,2.064
2704963.0,0.14561565,1.0,2.064
2705041.0,0.15414886,1.0,0.344
2705119.0,0.15724726,1.0,293.776001
2705198.0,0.12468904,1.0,295.152008
2705276.0,0.14170454,1.0,295.152008
2705354.0,0.16471379,1.0,295.152008
2705432.0,0.15084727,1.0,295.152008
2705510.0,0.15699323,1.0,295.496002
2705588.0,0.15496151,1.0,50.568001
2705666.0,0.17319608,1.0,2.064
2705744.0,0.17832623,1.0,2.064
2705822.0,0.14764737,1.0,2.064
2705900.0,0.15364094,1.0,2.064
2705979.0,0.15374246,1.0,2.064
2706057.0,0.16344397,1.0,215.343994
2706135.0,0.15567264,1.0,294.808014
2706213.0,0.14333007,1.0,295.152008
2706291.0,0.1630884,1.0,295.152008
2706369.0,0.15760282,1.0,295.152008
2706447.0,0.17278983,1.0,294.808014
2706525.0,0.16100585,1.0,295.496002
2706603.0,0.14637755,1.0,3.44
2706682.0,0.16837086,1.0,1.376
2706760.0,0.16918351,1.0,2.064
2706838.0,0.15963437,1.0,1.72
2706916.0,0.14581886,1.0,1.72
2706994.0,0.16334237,1.0,2.064
2707072.0,0.17802145,1.0,292.399994
2707150.0,0.17334859,1.0,294.463989
2707228.0,0.12941273,1.0,295.152008
2707306.0,0.17091048,1.0,294.808014
2707385.0,0.1496283,1.0,294.808014
2707463.0,0.14658074,1.0,295.152008
2707541.0,0.14007924,1.0,294.808014
2707619.0,0.16943747,1.0,2.408
2707697.0,0.15851708,1.0,1.032
2707775.0,0.15938056,1.0,2.064
2707853.0,0.1605487,1.0,1.72
2707931.0,0.16974227,1.0,2.408
2708010.0,0.15546945,1.0,2.064
2708088.0,0.15511395,1.0,293.432007
2708166.0,0.16506927,1.0,295.152008
2708244.0,0.15562181,1.0,295.152008
2708322.0,0.14744416,1.0,294.808014
2708400.0,0.1384031,1.0,295.496002
2708478.0,0.1610567,1.0,295.496002
2708556.0,0.15237105,1.0,295.839996
2708634.0,0.16781209,1.0,3.096
2708713.0,0.16527246,1.0,2.064
2708791.0,0.17025019,1.0,2.752
2708869.0,0.14779973,1.0,2.752
2708947.0,0.15399651,1.0,2.408
2709025.0,0.14104426,1.0,2.064
2709103.0,0.155825,1.0,294.119995
2709181.0,0.13073339,1.0,295.496002
2709259.0,0.16425654,1.0,295.496002
2709337.0,0.14658074,1.0,295.496002
2709416.0,0.16583115,1.0,295.839996
2709494.0,0.16527246,1.0,295.496002
2709572.0,0.13865699,1.0,283.112
2709650.0,0.15511395,1.0,3.784
2709728.0,0.16059962,1.0,2.408
2709806.0,0.17294227,1.0,2.408
2709884.0,0.18487851,1.0,2.408
2709962.0,0.15460595,1.0,1.72
2710041.0,0.15861867,1.0,0.344
2710119.0,0.16334237,1.0,293.776001
2710197.0,0.15978688,1.0,295.152008
2710275.0,0.14815529,1.0,295.152008
2710353.0,0.15328538,1.0,295.496002
2710431.0,0.16156462,1.0,295.496002
2710509.0,0.14906953,1.0,295.496002
2710587.0,0.15211716,1.0,57.448002
2710666.0,0.17106284,1.0,2.064
2710744.0,0.17365332,1.0,2.408
2710822.0,0.13977452,1.0,2.752
2710900.0,0.17604057,1.0,2.408
2710978.0,0.14856169,1.0,2.408
2711056.0,0.15094888,1.0,210.871994
2711134.0,0.14815529,1.0,294.463989
2711212.0,0.13276508,1.0,295.496002
2711290.0,0.16263124,1.0,294.808014
2711369.0,0.16832009,1.0,294.808014
2711447.0,0.16527246,1.0,295.152008
2711525.0,0.16562803,1.0,295.839996
2711603.0,0.17223106,1.0,3.096
2711681.0,0.15739962,1.0,2.064
2711759.0,0.16481531,1.0,2.064
2711837.0,0.16847238,1.0,2.064
2711915.0,0.1629868,1.0,2.752
2711993.0,0.15541868,1.0,1.72
2712071.0,0.16303764,1.0,292.399994
2712150.0,0.14703791,1.0,295.496002
2712228.0,0.14642832,1.0,295.839996
2712306.0,0.1519648,1.0,296.18399
2712384.0,0.16882795,1.0,294.808014
2712462.0,0.147495,1.0,295.839996
2712540.0,0.15775518,1.0,295.496002
2712618.0,0.17218022,1.0,3.44
2712696.0,0.17563418,1.0,2.064
2712774.0,0.16710111,1.0,2.064
2712853.0,0.15252349,1.0,2.064
2712931.0,0.15237105,1.0,2.064
2713009.0,0.15557097,1.0,2.408
2713087.0,0.18655473,1.0,293.432007
2713165.0,0.15760282,1.0,295.496002
2713243.0,0.15790755,1.0,295.839996
2713321.0,0.1300731,1.0,295.496002
2713400.0,0.17588821,1.0,295.839996
2713478.0,0.16202179,1.0,295.839996
2713556.0,0.17065644,1.0,295.839996
2713634.0,0.17924049,1.0,3.096
2713712.0,0.1764469,1.0,1.72
2713790.0,0.17096132,1.0,1.72
2713868.0,0.16461217,1.0,2.064
2713946.0,0.19244663,1.0,2.064
2714024.0,0.1629868,1.0,1.72
2714103.0,0.17045332,1.0,293.776001
2714181.0,0.17268831,1.0,295.152008
2714259.0,0.1494251,1.0,295.152008
2714337.0,0.1605487,1.0,295.496002
2714415.0,0.14972983,1.0,295.152008
2714493.0,0.17756443,1.0,295.496002
2714571.0,0.16029482,1.0,284.144012
2714649.0,0.17903729,1.0,3.096
2714727.0,0.19925286,1.0,1.72
2714806.0,0.16466302,1.0,1.72
2714884.0,0.15028858,1.0,1.72
2714962.0,0.15160917,1.0,1.72
2715040.0,0.14541253,1.0,0.0
2715118.0,0.18665625,1.0,293.776001
2715196.0,0.14226331,1.0,294.808014
2715274.0,0.16324076,1.0,295.152008
2715352.0,0.1629868,1.0,295.496002
2715430.0,0.15237105,1.0,294.808014
2715509.0,0.15257433,1.0,294.808014
2715587.0,0.16710111,1.0,61.919998
2715665.0,0.17106284,1.0,1.72
2715743.0,0.18178011,1.0,2.064
2715821.0,0.15927896,1.0,1.72
2715899.0,0.14404112,1.0,1.72
2715977.0,0.15440276,1.0,2.064
2716055.0,0.16857398,1.0,204.335999
2716134.0,0.15242189,1.0,294.808014
2716212.0,0.14520942,1.0,295.152008
2716290.0,0.17832623,1.0,295.152008
2716368.0,0.14652999,1.0,294.463989
2716446.0,0.16268207,1.0,295.496002
2716524.0,0.1581106,1.0,295.152008
2716602.0,0.16014245,1.0,3.44
2716680.0,0.16324076,1.0,2.064
2716759.0,0.15343775,1.0,1.72
2716837.0,0.18345633,1.0,2.064
2716915.0,0.17075805,1.0,2.064
2716993.0,0.16882795,1.0,2.064
2717071.0,0.19315776,1.0,292.056
2717149.0,0.16522178,1.0,294.808014
2717227.0,0.14617442,1.0,294.808014
2717305.0,0.18396418,1.0,295.152008
2717383.0,0.15211716,1.0,294.808014
2717462.0,0.16471379,1.0,294.808014
2717540.0,0.15450443,1.0,295.496002
2717618.0,0.16085343,1.0,3.096
2717696.0,0.13946979,1.0,1.72
2717774.0,0.16572963,1.0,1.72
2717852.0,0.14170454,1.0,1.72
2717930.0,0.16425654,1.0,2.064
2718008.0,0.15638377,1.0,2.064
2718086.0,0.16969143,1.0,293.432007
2718164.0,0.14698699,1.0,294.463989
2718243.0,0.15993924,1.0,295.496002
2718321.0,0.19305615,1.0,295.496002
2718399.0,0.14155225,1.0,295.496002
2718477.0,0.15704405,1.0,295.496002
2718555.0,0.12321595,1.0,295.152008
2718633.0,0.1657804,1.0,3.44
2718711.0,0.18614833,1.0,2.064
2718789.0,0.18142456,1.0,2.408
2718867.0,0.15943132,1.0,2.064
2718946.0,0.17456757,1.0,1.376
2719024.0,0.1630884,1.0,1.376
2719102.0,0.155825,1.0,293.432007
2719180.0,0.14769819,1.0,295.152008
2719258.0,0.14652999,1.0,294.808014
2719336.0,0.17538022,1.0,294.808014
2719414.0,0.16760889,1.0,294.808014
2719493.0,0.16461217,1.0,294.808014
2719571.0,0.1581106,1.0,287.23999
2719649.0,0.15694246,1.0,2.752
2719727.0,0.16908199,1.0,1.72
2719805.0,0.1499331,1.0,2.064
2719883.0,0.14713943,1.0,1.72
2719961.0,0.15983765,1.0,1.72
2720039.0,0.14830765,1.0,0.0
2720117.0,0.16953906,1.0,293.432007
2720196.0,0.14744416,1.0,294.463989
2720274.0,0.17253579,1.0,294.119995
2720352.0,0.14744416,1.0,294.463989
2720430.0,0.16679624,1.0,294.808014
2720508.0,0.16496775,1.0,295.152008
2720586.0,0.16171698,1.0,68.112
2720664.0,0.1605487,1.0,1.72
2720742.0,0.17482153,1.0,1.72
2720820.0,0.1470886,1.0,1.72
2720898.0,0.1495267,1.0,1.72
2720977.0,0.16882795,1.0,1.72
2721055.0,0.16252963,1.0,198.488007
2721133.0,0.14871405,1.0,294.808014
2721211.0,0.13053018,1.0,295.152008
2721289.0,0.16867559,1.0,295.496002
2721367.0,0.16435829,1.0,295.152008
2721445.0,0.16009161,1.0,295.839996
2721523.0,0.15988842,1.0,295.496002
2721602.0,0.18929756,1.0,3.784
2721680.0,0.15257433,1.0,1.032
2721758.0,0.15795839,1.0,1.72
2721836.0,0.14937434,1.0,1.376
2721914.0,0.1566885,1.0,1.032
2721992.0,0.15485999,1.0,1.72
2722070.0,0.16898046,1.0,291.712006
2722148.0,0.15460595,1.0,294.463989
2722227.0,0.15450443,1.0,294.808014
2722305.0,0.14429508,1.0,295.839996
2722383.0,0.1629868,1.0,294.808014
2722461.0,0.1612599,1.0,294.808014
2722539.0,0.15374246,1.0,295.152008
2722617.0,0.17466916,1.0,2.752
2722695.0,0.14566642,1.0,1.72
2722773.0,0.1587202,1.0,2.064
2722851.0,0.14790133,1.0,1.72
2722929.0,0.16557719,1.0,1.72
2723008.0,0.13830143,1.0,1.72
2723086.0,0.16710111,1.0,293.088013
2723164.0,0.17456757,1.0,294.808014
2723242.0,0.15181243,1.0,294.808014
2723320.0,0.15480916,1.0,295.152008
2723398.0,0.1629868,1.0,295.496002
2723476.0,0.15450443,1.0,295.152008
2723555.0,0.16115829,1.0,295.152008
2723633.0,0.16989464,1.0,3.096
2723711.0,0.15435199,1.0,1.72
2723789.0,0.16786294,1.0,1.72
2723867.0,0.14693631,1.0,1.72
2723945.0,0.15968528,1.0,2.064
2724023.0,0.18091664,1.0,2.408
2724101.0,0.16471379,1.0,293.776001
2724179.0,0.15049186,1.0,294.463989
2724258.0,0.16567887,1.0,294.463989
2724336.0,0.15135528,1.0,295.496002
2724414.0,0.14307603,1.0,294.808014
2724492.0,0.15145688,1.0,295.496002
2724570.0,0.15521556,1.0,290.679993
2724648.0,0.15932965,1.0,2.752
2724726.0,0.17827548,1.0,1.376
2724804.0,0.16689785,1.0,1.72
2724882.0,0.15013631,1.0,1.376
2724961.0,0.15800907,1.0,1.72
2725039.0,0.14424424,1.0,0.0
2725117.0,0.17035171,1.0,293.776001
2725195.0,0.14668228,1.0,295.152008
2725273.0,0.14957754,1.0,295.152008
2725351.0,0.15917736,1.0,295.152008
2725429.0,0.14063801,1.0,294.808014
2725507.0,0.16212331,1.0,295.496002
2725585.0,0.15008539,1.0,76.711998
2725664.0,0.16633916,1.0,2.752
2725742.0,0.17040256,1.0,3.096
2725820.0,0.1404348,1.0,2.752
2725898.0,0.15389498,1.0,2.752
2725976.0,0.15094888,1.0,2.408
2726054.0,0.14571726,1.0,194.360001
2726132.0,0.17157078,1.0,295.496002
2726210.0,0.13626988,1.0,295.496002
2726288.0,0.14592038,1.0,295.496002
2726367.0,0.14678387,1.0,295.496002
2726445.0,0.15628217,1.0,295.496002
2726523.0,0.1637487,1.0,295.839996
2726601.0,0.16166623,1.0,3.784
2726679.0,0.16923435,1.0,2.408
2726757.0,0.14896794,1.0,2.408
2726835.0,0.15455526,1.0,2.064
2726913.0,0.16791369,1.0,2.408
2726992.0,0.16898046,1.0,2.064
2727070.0,0.15714559,1.0,291.368011
2727148.0,0.16059962,1.0,294.808014
2727226.0,0.15597744,1.0,294.808014
2727304.0,0.16410425,1.0,294.808014
2727382.0,0.1541997,1.0,295.152008
2727460.0,0.16476454,1.0,295.152008
2727538.0,0.16379952,1.0,295.496002
2727616.0,0.15785678,1.0,3.096
2727695.0,0.15902492,1.0,2.064
2727773.0,0.15694246,1.0,2.064
2727851.0,0.170047,1.0,2.064
2727929.0,0.16049801,1.0,2.064
2728007.0,0.16222492,1.0,1.72
2728085.0,0.1246382,1.0,293.088013
2728163.0,0.15993924,1.0,295.152008
2728241.0,0.16151379,1.0,294.808014
2728319.0,0.15470755,1.0,294.808014
2728398.0,0.14475217,1.0,294.808014
2728476.0,0.17634538,1.0,295.496002
2728554.0,0.15607904,1.0,294.808014
2728632.0,0.14515857,1.0,2.752
2728710.0,0.15206634,1.0,2.064
2728788.0,0.17299302,1.0,2.064
2728866.0,0.16313924,1.0,1.72
2728944.0,0.17863096,1.0,1.72
2729022.0,0.1612599,1.0,2.064
2729101.0,0.17903729,1.0,293.432007
2729179.0,0.14002848,1.0,294.808014
2729257.0,0.16506927,1.0,295.152008
2729335.0,0.1589234,1.0,295.152008
2729413.0,0.15277745,1.0,295.496002
2729491.0,0.15120284,1.0,295.496002
2729569.0,0.16476454,1.0,293.088013
2729647.0,0.16562803,1.0,3.096
2729726.0,0.19249746,1.0,2.064
2729804.0,0.16847238,1.0,2.064
2729882.0,0.17136757,1.0,2.064
2729960.0,0.16984387,1.0,2.064
2730038.0,0.16821842,1.0,0.688
2730116.0,0.16791369,1.0,293.776001
2730194.0,0.14282207,1.0,295.152008
2730272.0,0.16852322,1.0,295.496002
2730350.0,0.1701486,1.0,295.496002
2730429.0,0.17101201,1.0,295.152008
2730507.0,0.17314538,1.0,295.152008
2730585.0,0.16039641,1.0,82.903999
2730663.0,0.17578661,1.0,2.064
2730741.0,0.16613588,1.0,2.064
2730819.0,0.17355171,1.0,2.064
2730897.0,0.16273277,1.0,2.064
2730975.0,0.16806613,1.0,1.72
2731053.0,0.16186935,1.0,180.944
2731132.0,0.19874494,1.0,295.152008
2731210.0,0.12829527,1.0,295.496002
2731288.0,0.16903114,1.0,295.496002
2731366.0,0.17756443,1.0,295.152008
2731444.0,0.1716723,1.0,295.496002
2731522.0,0.15313302,1.0,295.496002
2731600.0,0.16892962,1.0,3.44
2731678.0,0.16293596,1.0,2.064
2731756.0,0.18264361,1.0,2.064
2731835.0,0.14576794,1.0,2.064
2731913.0,0.15252349,1.0,2.064
2731991.0,0.15897408,1.0,2.064
2732069.0,0.18122135,1.0,291.712006
2732147.0,0.15044102,1.0,295.152008
2732225.0,0.14399035,1.0,294.808014
2732303.0,0.16110747,1.0,295.152008
2732381.0,0.14642832,1.0,295.496002
2732460.0,0.15150757,1.0,294.808014
2732538.0,0.14637755,1.0,295.496002
2732616.0,0.14876482,1.0,3.096
2732694.0,0.15785678,1.0,2.064
2732772.0,0.18487851,1.0,1.72
2732850.0,0.17786916,1.0,1.72
2732928.0,0.16781209,1.0,2.064
2733006.0,0.1653233,1.0,1.72
2733084.0,0.15917736,1.0,293.088013
2733163.0,0.16943747,1.0,295.152008
2733241.0,0.16151379,1.0,295.496002
2733319.0,0.17085965,1.0,295.152008
2733397.0,0.16232651,1.0,295.152008
2733475.0,0.17471986,1.0,295.839996
2733553.0,0.16892962,1.0,295.839996
2733631.0,0.17324698,1.0,2.752
2733709.0,0.15099971,1.0,2.064
2733787.0,0.17543106,1.0,2.064
2733866.0,0.16633916,1.0,2.064
2733944.0,0.18178011,1.0,1.376
2734022.0,0.16339312,1.0,1.72
2734100.0,0.14190781,1.0,293.088013
2734178.0,0.13586339,1.0,295.152008
2734256.0,0.14790133,1.0,295.152008
2734334.0,0.16506927,1.0,295.152008
2734412.0,0.15003462,1.0,295.152008
2734491.0,0.14515857,1.0,294.808014
2734569.0,0.12367319,1.0,295.152008
2734647.0,0.14830765,1.0,3.096
2734725.0,0.14810452,1.0,1.72
2734803.0,0.15384415,1.0,2.064
2734881.0,0.1612599,1.0,2.064
2734959.0,0.14419349,1.0,1.72
2735037.0,0.15211716,1.0,0.688
2735116.0,0.14967906,1.0,293.088013
2735194.0,0.14536169,1.0,295.152008
2735272.0,0.15943132,1.0,294.808014
2735350.0,0.16425654,1.0,295.152008
2735428.0,0.15912659,1.0,295.496002
2735506.0,0.16237728,1.0,296.18399
2735584.0,0.16496775,1.0,92.536003
2735662.0,0.17141841,1.0,2.408
2735740.0,0.13891102,1.0,2.408
2735819.0,0.14658074,1.0,2.408
2735897.0,0.16319001,1.0,2.408
2735975.0,0.15938056,1.0,1.72
2736053.0,0.15470755,1.0,166.839996
2736131.0,0.15785678,1.0,295.152008
2736209.0,0.1363714,1.0,295.152008
2736287.0,0.16918351,1.0,295.839996
2736365.0,0.16476454,1.0,295.152008
2736443.0,0.16705021,1.0,295.496002
2736521.0,0.16034557,1.0,295.839996
2736600.0,0.16435829,1.0,2.752
2736678.0,0.15932965,1.0,1.72
2736756.0,0.1716723,1.0,2.064
2736834.0,0.16974227,1.0,2.408
2736912.0,0.15602821,1.0,1.72
2736990.0,0.17670086,1.0,2.064
2737068.0,0.15211716,1.0,291.712006
2737146.0,0.15552028,1.0,295.152008
2737224.0,0.15816151,1.0,295.496002
2737303.0,0.13134298,1.0,295.496002
2737381.0,0.16806613,1.0,295.152008
2737459.0,0.14541253,1.0,295.496002
2737537.0,0.16948824,1.0,294.808014
2737615.0,0.17085965,1.0,3.44
2737693.0,0.16212331,1.0,2.064
2737771.0,0.16618679,1.0,2.064
2737850.0,0.15993924,1.0,2.064
2737928.0,0.15602821,1.0,2.064
2738006.0,0.14571726,1.0,2.064
2738084.0,0.1657804,1.0,293.432007
2738162.0,0.16202179,1.0,296.18399
2738240.0,0.13906339,1.0,295.839996
2738318.0,0.15816151,1.0,296.18399
2738396.0,0.15353942,1.0,295.496002
2738474.0,0.14830765,1.0,295.496002
2738553.0,0.15318385,1.0,295.839996
2738631.0,0.18228813,1.0,3.784
2738709.0,0.16948824,1.0,2.408
2738787.0,0.1637487,1.0,2.064
2738865.0,0.15262508,1.0,2.064
2738943.0,0.13804755,1.0,2.408
2739021.0,0.15968528,1.0,2.408
2739099.0,0.14632671,1.0,294.119995
2739177.0,0.15658697,1.0,295.496002
2739256.0,0.15074575,1.0,295.496002
2739334.0,0.15125367,1.0,295.496002
2739412.0,0.15704405,1.0,295.839996
2739490.0,0.15846623,1.0,295.496002
2739568.0,0.17461832,1.0,298.247986
2739646.0,0.17461832,1.0,3.44
2739724.0,0.15663773,1.0,2.064
2739802.0,0.16816765,1.0,2.064
2739880.0,0.16867559,1.0,2.064
2739959.0,0.15983765,1.0,2.064
2740037.0,0.16755813,1.0,0.688
2740115.0,0.15795839,1.0,293.776001
2740193.0,0.12880328,1.0,295.152008
2740271.0,0.15628217,1.0,295.496002
2740349.0,0.17598973,1.0,295.496002
2740427.0,0.17360255,1.0,295.496002
2740505.0,0.15094888,1.0,295.496002
2740584.0,0.13515235,1.0,98.727997
2740662.0,0.13621904,1.0,3.096
2740740.0,0.18299916,1.0,2.064
2740818.0,0.17482153,1.0,2.752
2740896.0,0.17868173,1.0,2.752
2740974.0,0.17284058,1.0,2.752
2741052.0,0.15597744,1.0,156.863998
2741130.0,0.15039012,1.0,295.839996
2741208.0,0.147495,1.0,296.872009
2741287.0,0.16847238,1.0,296.528015
2741365.0,0.16410425,1.0,295.839996
2741443.0,0.17253579,1.0,295.839996
2741521.0,0.16136143,1.0,295.839996
2741599.0,0.15435199,1.0,3.784
2741677.0,0.1724851,1.0,2.408
2741755.0,0.1724851,1.0,2.408
2741833.0,0.178377,1.0,2.408
2741911.0,0.16217408,1.0,2.064
2741990.0,0.16237728,1.0,2.408
2742068.0,0.15546945,1.0,291.368011
2742146.0,0.1542504,1.0,295.152008
2742224.0,0.14338076,1.0,295.496002
2742302.0,0.16227567,1.0,295.152008
2742380.0,0.15790755,1.0,295.496002
2742458.0,0.17619294,1.0,295.839996
2742536.0,0.16644068,1.0,295.839996
2742614.0,0.17710726,1.0,3.44
2742693.0,0.17258662,1.0,2.064
2742771.0,0.17598973,1.0,2.408
2742849.0,0.17177397,1.0,2.064
2742927.0,0.18238965,1.0,2.064
2743005.0,0.17583738,1.0,2.064
2743083.0,0.16227567,1.0,293.432007
2743161.0,0.17609134,1.0,295.152008
2743240.0,0.15430123,1.0,295.496002
2743318.0,0.19391964,1.0,295.496002
2743396.0,0.16181859,1.0,295.496002
2743474.0,0.15973613,1.0,296.18399
2743552.0,0.1629868,1.0,296.18399
2743630.0,0.15760282,1.0,3.784
2743708.0,0.178377,1.0,2.752
2743786.0,0.16481531,1.0,2.752
2743864.0,0.1680153,1.0,2.752
2743943.0,0.15866935,1.0,2.408
2744021.0,0.17268831,1.0,2.752
2744099.0,0.1452601,1.0,293.776001
2744177.0,0.15176161,1.0,295.496002
2744255.0,0.1494251,1.0,295.496002
2744333.0,0.14876482,1.0,295.839996
2744411.0,0.14307603,1.0,295.839996
2744489.0,0.18818003,1.0,295.839996
2744567.0,0.17101201,1.0,298.59201
2744645.0,0.15176161,1.0,3.44
2744724.0,0.1768024,1.0,2.408
2744802.0,0.16557719,1.0,2.064
2744880.0,0.15526624,1.0,2.064
2744958.0,0.15755199,1.0,2.064
2745036.0,0.1764469,1.0,1.376
2745114.0,0.15612973,1.0,293.776001
2745192.0,0.15404719,1.0,295.152008
2745270.0,0.15557097,1.0,295.496002
2745348.0,0.16659304,1.0,295.496002
2745427.0,0.16857398,1.0,295.496002
2745505.0,0.16679624,1.0,295.496002
2745583.0,0.18345633,1.0,106.295998
2745661.0,0.16755813,1.0,2.064
2745739.0,0.178885,1.0,2.064
2745817.0,0.16735493,1.0,2.064
2745895.0,0.15805991,1.0,2.064
2745973.0,0.17228189,1.0,2.064
2746052.0,0.16588207,1.0,145.856003
2746130.0,0.178377,1.0,294.808014
2746208.0,0.1431268,1.0,295.152008
2746286.0,0.15343775,1.0,295.496002
2746364.0,0.17009775,1.0,295.152008
2746442.0,0.13540639,1.0,295.496002
2746520.0,0.15384415,1.0,295.496002
2746598.0,0.15541868,1.0,2.752
2746677.0,0.16760889,1.0,2.064
2746755.0,0.16044718,1.0,2.064
2746833.0,0.1832023,1.0,2.408
2746911.0,0.16857398,1.0,2.064
2746989.0,0.17111368,1.0,2.064
2747067.0,0.15140603,1.0,291.368011
2747145.0,0.17065644,1.0,295.152008
2747223.0,0.15912659,1.0,295.152008
2747301.0,0.17182481,1.0,295.496002
2747380.0,0.17487237,1.0,295.839996
2747458.0,0.16623747,1.0,295.496002
2747536.0,0.17751351,1.0,295.839996
2747614.0,0.15110132,1.0,3.44
2747692.0,0.14261886,1.0,2.064
2747770.0,0.17390728,1.0,2.064
2747848.0,0.17715795,1.0,2.064
2747926.0,0.18492927,1.0,2.064
2748004.0,0.1657804,1.0,1.72
2748083.0,0.17019936,1.0,293.776001
2748161.0,0.1720787,1.0,295.152008
2748239.0,0.16217408,1.0,294.808014
2748317.0,0.14739348,1.0,294.463989
2748395.0,0.15572348,1.0,295.152008
2748473.0,0.15008539,1.0,295.496002
2748551.0,0.16989464,1.0,295.152008
2748629.0,0.15277745,1.0,2.752
2748707.0,0.16974227,1.0,2.064
2748786.0,0.17253579,1.0,1.72
2748864.0,0.15577425,1.0,1.72
2748942.0,0.19005936,1.0,1.72
2749020.0,0.15399651,1.0,2.408
2749098.0,0.16923435,1.0,293.088013
2749176.0,0.17080896,1.0,295.152008
2749254.0,0.1542504,1.0,294.808014
2749332.0,0.15211716,1.0,295.152008
2749411.0,0.16928518,1.0,295.152008
2749489.0,0.15729801,1.0,295.152008
2749567.0,0.17863096,1.0,298.247986
2749645.0,0.15567264,1.0,3.096
2749723.0,0.16857398,1.0,1.72
2749801.0,0.18111983,1.0,2.064
2749879.0,0.15938056,1.0,1.72
2749957.0,0.15907584,1.0,1.376
2750035.0,0.16197094,1.0,0.688
2750114.0,0.16252963,1.0,293.432007
2750192.0,0.14866321,1.0,295.152008
2750270.0,0.15237105,1.0,295.496002
2750348.0,0.15023783,1.0,295.152008
2750426.0,0.17619294,1.0,295.496002
2750504.0,0.15618058,1.0,295.496002
2750582.0,0.16832009,1.0,113.863998
2750660.0,0.16354549,1.0,2.064
2750738.0,0.16430746,1.0,2.064
2750817.0,0.17471986,1.0,2.064
2750895.0,0.17548181,1.0,2.064
2750973.0,0.14830765,1.0,2.064
2751051.0,0.15247273,1.0,139.664001
2751129.0,0.17918973,1.0,295.152008
2751207.0,0.14927281,1.0,295.152008
2751285.0,0.15115215,1.0,295.496002
2751363.0,0.1550632,1.0,295.496002
2751441.0,0.15105048,1.0,295.496002
2751520.0,0.16059962,1.0,295.496002
2751598.0,0.16649152,1.0,2.408
2751676.0,0.16237728,1.0,2.064
2751754.0,0.16847238,1.0,2.064
2751832.0,0.15973613,1.0,2.064
2751910.0,0.16156462,1.0,2.064
2751988.0,0.16044718,1.0,2.064
2752066.0,0.18101823,1.0,291.023987
2752144.0,0.15938056,1.0,294.463989
2752223.0,0.15023783,1.0,294.463989
2752301.0,0.13845395,1.0,295.152008
2752379.0,0.18401502,1.0,294.808014
2752457.0,0.15597744,1.0,295.152008
2752535.0,0.16557719,1.0,294.808014
2752613.0,0.1432284,1.0,2.752
2752691.0,0.20687182,1.0,2.064
2752770.0,0.14632671,1.0,2.064
2752848.0,0.17527862,1.0,2.064
2752926.0,0.16984387,1.0,1.72
2753004.0,0.18233888,1.0,1.72
2753082.0,0.16212331,1.0,293.088013
2753160.0,0.16588207,1.0,295.152008
2753238.0,0.15704405,1.0,295.152008
2753316.0,0.16552651,1.0,295.152008
2753394.0,0.14967906,1.0,295.152008
2753472.0,0.16979304,1.0,294.808014
2753551.0,0.17421207,1.0,295.152008
2753629.0,0.15399651,1.0,3.096
2753707.0,0.1795453,1.0,1.72
2753785.0,0.15729801,1.0,2.408
2753863.0,0.17441513,1.0,2.408
2753941.0,0.18411662,1.0,2.064
2754019.0,0.17868173,1.0,2.064
2754097.0,0.15932965,1.0,293.776001
2754175.0,0.15257433,1.0,295.496002
2754254.0,0.18249124,1.0,295.496002
2754332.0,0.16684708,1.0,295.496002
2754410.0,0.15226953,1.0,295.839996
2754488.0,0.16567887,1.0,295.496002
2754566.0,0.18228813,1.0,295.496002
2754644.0,0.15724726,1.0,3.44
2754722.0,0.17253579,1.0,2.752
2754800.0,0.17395803,1.0,2.064
2754878.0,0.16644068,1.0,2.064
2754957.0,0.17319608,1.0,2.064
2755035.0,0.15714559,1.0,0.688
2755113.0,0.17268831,1.0,294.119995
2755191.0,0.14454912,1.0,295.839996
2755269.0,0.15902492,1.0,295.496002
2755347.0,0.1720787,1.0,295.496002
2755425.0,0.18325314,1.0,296.18399
2755503.0,0.16415502,1.0,295.496002
2755582.0,0.18574192,1.0,124.872002
2755660.0,0.16933587,1.0,2.408
2755738.0,0.16445981,1.0,2.752
2755816.0,0.18625,1.0,2.064
2755894.0,0.16740584,1.0,2.408
2755972.0,0.1759389,1.0,2.408
2756050.0,0.17659919,1.0,135.535995
2756128.0,0.15541868,1.0,295.496002
2756207.0,0.14825696,1.0,295.496002
2756285.0,0.15623133,1.0,295.839996
2756363.0,0.17360255,1.0,295.496002
2756441.0,0.18574192,1.0,295.496002
2756519.0,0.16649152,1.0,295.839996
2756597.0,0.17466916,1.0,2.408
2756675.0,0.17289135,1.0,2.064
2756753.0,0.16222492,1.0,2.064
2756831.0,0.16354549,1.0,2.064
2756910.0,0.15958369,1.0,2.408
2756988.0,0.16120906,1.0,2.064
2757066.0,0.18599597,1.0,291.368011
2757144.0,0.16745654,1.0,295.496002
2757222.0,0.16527246,1.0,295.496002
2757300.0,0.15623133,1.0,295.152008
2757378.0,0.15623133,1.0,295.496002
2757456.0,0.1759389,1.0,296.18399
2757534.0,0.16110747,1.0,296.528015
2757613.0,0.16278368,1.0,3.44
2757691.0,0.15938056,1.0,2.752
2757769.0,0.17151994,1.0,2.064
2757847.0,0.19239587,1.0,2.064
2757925.0,0.14998379,1.0,2.408
2758003.0,0.14846009,1.0,2.752
2758081.0,0.1831007,1.0,293.088013
2758159.0,0.16872641,1.0,295.496002
2758238.0,0.17151994,1.0,295.496002
2758316.0,0.16319001,1.0,295.496002
2758394.0,0.15455526,1.0,296.18399
2758472.0,0.16278368,1.0,295.152008
2758550.0,0.17345011,1.0,296.18399
2758628.0,0.16222492,1.0,3.44
2758706.0,0.19122759,1.0,2.408
2758784.0,0.14724104,1.0,1.72
2758862.0,0.14099357,1.0,1.376
2758941.0,0.15176161,1.0,2.064
2759019.0,0.17629446,1.0,1.376
2759097.0,0.16273277,1.0,293.432007
2759175.0,0.15044102,1.0,295.152008
2759253.0,0.15679002,1.0,295.496002
2759331.0,0.18325314,1.0,295.152008
2759409.0,0.17162161,1.0,295.152008
2759487.0,0.14866321,1.0,295.496002
2759565.0,0.17502473,1.0,297.216003
2759644.0,0.15039012,1.0,3.784
2759722.0,0.1630884,1.0,2.064
2759800.0,0.17030104,1.0,1.72
2759878.0,0.16166623,1.0,1.72
2759956.0,0.17791991,1.0,2.064
2760034.0,0.1589234,1.0,0.688
2760112.0,0.16705021,1.0,293.776001
2760190.0,0.13423802,1.0,295.496002
2760268.0,0.1535901,1.0,294.463989
2760347.0,0.15536793,1.0,295.152008
2760425.0,0.16364709,1.0,294.808014
2760503.0,0.17116453,1.0,295.496002
2760581.0,0.17776756,1.0,134.503998
2760659.0,0.14434585,1.0,1.376
2760737.0,0.18625,1.0,2.064
2760815.0,0.21504946,1.0,1.72
2760893.0,0.16273277,1.0,2.064
2760971.0,0.16466302,1.0,2.064
2761050.0,0.15536793,1.0,130.376007
2761128.0,0.17517708,1.0,294.808014
2761206.0,0.15094888,1.0,295.152008
2761284.0,0.15805991,1.0,295.152008
2761362.0,0.15663773,1.0,295.152008
2761440.0,0.17019936,1.0,295.839996
2761518.0,0.1745168,1.0,295.496002
2761596.0,0.17741199,1.0,2.408
2761675.0,0.178377,1.0,2.064
2761753.0,0.17487237,1.0,2.064
2761831.0,0.16192019,1.0,2.064
2761909.0,0.15643461,1.0,2.064
2761987.0,0.16339312,1.0,2.064
2762065.0,0.14719027,1.0,290.335999
2762143.0,0.16811682,1.0,295.152008
2762221.0,0.16186935,1.0,295.152008
2762300.0,0.16501857,1.0,295.496002
2762378.0,0.16009161,1.0,295.496002
2762456.0,0.15303133,1.0,295.496002
2762534.0,0.16415502,1.0,295.496002
2762612.0,0.15592653,1.0,3.096
2762690.0,0.16512011,1.0,2.064
2762768.0,0.16598359,1.0,1.72
2762846.0,0.16989464,1.0,1.72
2762924.0,0.17741199,1.0,1.72
2763002.0,0.15562181,1.0,2.064
2763081.0,0.16486613,1.0,293.088013
2763159.0,0.1432284,1.0,295.496002
2763237.0,0.14338076,1.0,295.152008
2763315.0,0.17822471,1.0,295.152008
2763393.0,0.17055492,1.0,295.496002
2763471.0,0.16115829,1.0,295.496002
2763549.0,0.17025019,1.0,295.496002
2763627.0,0.16669464,1.0,3.096
2763706.0,0.16953906,1.0,2.064
2763784.0,0.17995162,1.0,2.064
2763862.0,0.16476454,1.0,1.72
2763940.0,0.16705021,1.0,2.064
2764018.0,0.16837086,1.0,2.064
2764096.0,0.19011021,1.0,293.776001
2764174.0,0.13418734,1.0,295.152008
2764252.0,0.15496151,1.0,295.152008
2764331.0,0.170047,1.0,295.496002
2764409.0,0.1609551,1.0,295.496002
2764487.0,0.16197094,1.0,295.496002
2764565.0,0.16415502,1.0,297.216003
2764643.0,0.16821842,1.0,3.096
2764721.0,0.17817381,1.0,2.064
2764799.0,0.16481531,1.0,2.064
2764877.0,0.17492312,1.0,2.064
2764955.0,0.15963437,1.0,1.72
2765034.0,0.17370415,1.0,0.688
2765112.0,0.1582631,1.0,293.776001
2765190.0,0.13982521,1.0,295.152008
2765268.0,0.16517086,1.0,294.808014
2765346.0,0.15902492,1.0,294.808014
2765424.0,0.17395803,1.0,295.152008
2765502.0,0.17314538,1.0,295.152008
2765580.0,0.17741199,1.0,142.416
2765658.0,0.16237728,1.0,2.064
2765736.0,0.18518324,1.0,1.72
2765815.0,0.14185698,1.0,2.064
2765893.0,0.16506927,1.0,2.064
2765971.0,0.16715181,1.0,2.064
2766049.0,0.16679624,1.0,123.496002
2766127.0,0.15135528,1.0,295.152008
2766205.0,0.15724726,1.0,295.152008
2766283.0,0.1566885,1.0,295.152008
2766361.0,0.1745168,1.0,295.496002
2766440.0,0.16445981,1.0,295.152008
2766518.0,0.16151379,1.0,295.496002
2766596.0,0.1587202,1.0,2.408
2766674.0,0.18909435,1.0,2.064
2766752.0,0.17212954,1.0,2.064
2766830.0,0.17598973,1.0,2.408
2766908.0,0.16953906,1.0,2.064
2766986.0,0.17868173,1.0,2.064
2767065.0,0.15252349,1.0,290.335999
2767143.0,0.1628852,1.0,295.152008
2767221.0,0.15587585,1.0,295.152008
2767299.0,0.16547559,1.0,295.152008
2767377.0,0.15612973,1.0,295.496002
2767455.0,0.15800907,1.0,295.496002
2767533.0,0.15785678,1.0,295.496002
2767611.0,0.17934202,1.0,3.096
2767689.0,0.14820606,1.0,2.064
2767768.0,0.16598359,1.0,2.064
2767846.0,0.17934202,1.0,2.064
2767924.0,0.16567887,1.0,2.064
2768002.0,0.15440276,1.0,2.064
2768080.0,0.14840925,1.0,293.432007
2768158.0,0.16542482,1.0,295.496002
2768236.0,0.16395181,1.0,295.496002
2768314.0,0.14165385,1.0,295.496002
2768392.0,0.15968528,1.0,295.152008
2768471.0,0.15948209,1.0,295.839996
2768549.0,0.17116453,1.0,295.152008
2768627.0,0.17289135,1.0,3.44
2768705.0,0.18142456,1.0,2.064
2768783.0,0.18330389,1.0,2.408
2768861.0,0.15120284,1.0,2.064
2768939.0,0.18909435,1.0,1.72
2769017.0,0.16379952,1.0,2.408
2769096.0,0.17939286,1.0,293.776001
2769174.0,0.16898046,1.0,295.839996
2769252.0,0.15775518,1.0,296.528015
2769330.0,0.16689785,1.0,295.839996
2769408.0,0.16867559,1.0,296.18399
2769486.0,0.15958369,1.0,295.839996
2769564.0,0.16344397,1.0,297.903992
2769642.0,0.17781824,1.0,3.44
2769720.0,0.16456142,1.0,2.408
2769799.0,0.16755813,1.0,2.408
2769877.0,0.16415502,1.0,2.408
2769955.0,0.17969757,1.0,2.408
2770033.0,0.16151379,1.0,1.376
2770111.0,0.17162161,1.0,294.119995
2770189.0,0.1340349,1.0,295.839996
2770267.0,0.14185698,1.0,295.496002
2770345.0,0.17852944,1.0,295.839996
2770423.0,0.18127227,1.0,295.496002
2770502.0,0.17807227,1.0,295.839996
2770580.0,0.17598973,1.0,155.143997
2770658.0,0.17405955,1.0,2.408
2770736.0,0.19066882,1.0,2.408
2770814.0,0.17736116,1.0,1.72
2770892.0,0.16496775,1.0,1.72
2770970.0,0.16964075,1.0,1.72
2771048.0,0.16679624,1.0,116.272003
2771126.0,0.17639615,1.0,294.808014
2771205.0,0.13215555,1.0,294.808014
2771283.0,0.1610567,1.0,295.152008
2771361.0,0.1589234,1.0,295.152008
2771439.0,0.16898046,1.0,295.496002
2771517.0,0.1649169,1.0,295.496002
2771595.0,0.1719771,1.0,1.72
2771673.0,0.17812297,1.0,2.064
2771751.0,0.19056728,1.0,1.72
2771830.0,0.1761421,1.0,1.376
2771908.0,0.17964689,1.0,1.376
2771986.0,0.15938056,1.0,1.72
2772064.0,0.16918351,1.0,288.959991
2772142.0,0.18396418,1.0,294.808014
2772220.0,0.14978066,1.0,293.776001
2772298.0,0.15587585,1.0,296.18399
2772376.0,0.17141841,1.0,296.528015
2772454.0,0.17385651,1.0,296.18399
2772533.0,0.15079659,1.0,296.18399
2772611.0,0.16654235,1.0,3.784
2772689.0,0.14815529,1.0,2.752
2772767.0,0.15846623,1.0,2.752
2772845.0,0.170047,1.0,2.408
2772923.0,0.1716723,1.0,2.064
2773001.0,0.16984387,1.0,2.752
2773079.0,0.17085965,1.0,293.088013
2773157.0,0.14536169,1.0,294.119995
2773236.0,0.17390728,1.0,294.463989
2773314.0,0.15308218,1.0,294.119995
2773392.0,0.19529098,1.0,295.152008
2773470.0,0.18696098,1.0,295.839996
2773548.0,0.17405955,1.0,295.839996
2773626.0,0.16974227,1.0,3.096
2773704.0,0.18142456,1.0,1.72
2773782.0,0.18848476,1.0,1.376
2773860.0,0.18812934,1.0,1.72
2773939.0,0.17776756,1.0,2.064
2774017.0,0.1800023,1.0,1.376
2774095.0,0.18498011,1.0,293.432007
2774173.0,0.16750737,1.0,295.152008
2774251.0,0.13906339,1.0,296.18399
2774329.0,0.17527862,1.0,295.152008
2774407.0,0.17786916,1.0,295.496002
2774485.0,0.16146302,1.0,295.496002
2774564.0,0.19615455,1.0,296.528015
2774642.0,0.16730417,1.0,2.408
2774720.0,0.16623747,1.0,2.064
2774798.0,0.17705643,1.0,2.064
2774876.0,0.14917122,1.0,1.72
2774954.0,0.18137379,1.0,3.096
2775032.0,0.1684217,1.0,2.408
2775110.0,0.17812297,1.0,294.808014
2775188.0,0.15414886,1.0,295.839996
2775267.0,0.16039641,1.0,295.839996
2775345.0,0.16451058,1.0,295.839996
2775423.0,0.14713943,1.0,296.18399
2775501.0,0.17085965,1.0,296.18399
2775579.0,0.17050415,1.0,165.464005
2775657.0,0.17405955,1.0,2.752
2775735.0,0.18574192,1.0,2.752
2775813.0,0.18127227,1.0,1.72
2775891.0,0.16405341,1.0,1.72
2775970.0,0.13997772,1.0,1.72
2776048.0,0.16644068,1.0,102.167999
2776126.0,0.1542504,1.0,294.808014
2776204.0,0.1392666,1.0,295.152008
2776282.0,0.15516472,1.0,295.152008
2776360.0,0.15435199,1.0,295.152008
2776438.0,0.16994548,1.0,295.152008
2776516.0,0.15887256,1.0,295.496002
2776595.0,0.18564039,1.0,1.72
2776673.0,0.16034557,1.0,2.064
2776751.0,0.1831007,1.0,1.376
2776829.0,0.17019936,1.0,2.064
2776907.0,0.16186935,1.0,1.72
2776985.0,0.18574192,1.0,1.72
2777063.0,0.1765485,1.0,288.272003
2777141.0,0.17202793,1.0,294.119995
2777220.0,0.14520942,1.0,294.119995
2777298.0,0.17385651,1.0,295.152008
2777376.0,0.18284689,1.0,295.152008
2777454.0,0.16699944,1.0,295.496002
2777532.0,0.14419349,1.0,295.152008
2777610.0,0.17705643,1.0,4.128
2777688.0,0.19082119,1.0,1.376
2777766.0,0.17065644,1.0,2.752
2777844.0,0.17634538,1.0,1.72
2777922.0,0.18010399,1.0,2.752
2778001.0,0.17060576,1.0,1.72
2778079.0,0.15922812,1.0,293.776001
2778157.0,0.16659304,1.0,295.152008
2778235.0,0.16451058,1.0,295.496002
2778313.0,0.155825,1.0,294.463989
2778391.0,0.15435199,1.0,295.152008
2778469.0,0.17304386,1.0,295.496002
2778547.0,0.17136757,1.0,294.808014
2778625.0,0.16313924,1.0,2.408
2778704.0,0.19640844,1.0,2.064
2778782.0,0.15841547,1.0,2.064
2778860.0,0.17863096,1.0,2.064
2778938.0,0.13901263,1.0,1.72
2779016.0,0.16019313,1.0,1.72
2779094.0,0.16471379,1.0,293.432007
2779172.0,0.17619294,1.0,295.152008
2779250.0,0.17177397,1.0,295.152008
2779328.0,0.18213569,1.0,295.152008
2779407.0,0.15343775,1.0,295.152008
2779485.0,0.16166623,1.0,295.152008
2779563.0,0.17101201,1.0,297.216003
2779641.0,0.16120906,1.0,2.752
2779719.0,0.19559579,1.0,1.72
2779797.0,0.17421207,1.0,1.72
2779875.0,0.15973613,1.0,1.72
2779953.0,0.17380567,1.0,2.064
2780032.0,0.178885,1.0,1.376
2780110.0,0.16039641,1.0,293.776001
2780188.0,0.12799056,1.0,295.152008
2780266.0,0.17858021,1.0,295.152008
2780344.0,0.14673318,1.0,295.152008
2780422.0,0.17126605,1.0,295.152008
2780500.0,0.16151379,1.0,295.496002
2780578.0,0.18025634,1.0,172.688004
2780657.0,0.1701486,1.0,2.064
2780735.0,0.16933587,1.0,2.064
2780813.0,0.18569124,1.0,1.72
2780891.0,0.17126605,1.0,1.376
2780969.0,0.16542482,1.0,2.064
2781047.0,0.18518324,1.0,87.375999
2781125.0,0.17416117,1.0,295.152008
2781203.0,0.15257433,1.0,295.152008
2781281.0,0.15978688,1.0,295.496002
2781360.0,0.17390728,1.0,295.152008
2781438.0,0.16862489,1.0,295.496002
2781516.0,0.17172322,1.0,295.496002
2781594.0,0.16877718,1.0,1.72
2781672.0,0.16273277,1.0,2.064
2781750.0,0.18797682,1.0,2.064
2781828.0,0.16943747,1.0,1.72
2781906.0,0.17228189,1.0,2.064
2781984.0,0.16984387,1.0,2.064
2782063.0,0.192599,1.0,288.959991
2782141.0,0.1716723,1.0,295.152008
2782219.0,0.15541868,1.0,295.152008
2782297.0,0.1680153,1.0,295.152008
2782375.0,0.14851084,1.0,295.152008
2782453.0,0.1720787,1.0,295.839996
2782531.0,0.16547559,1.0,295.152008
2782609.0,0.16832009,1.0,3.44
2782687.0,0.17233273,1.0,2.408
2782766.0,0.19747512,1.0,1.72
2782844.0,0.18746898,1.0,2.064
2782922.0,0.15866935,1.0,1.72
2783000.0,0.18843406,1.0,2.064
2783078.0,0.17918973,1.0,293.432007
2783156.0,0.14713943,1.0,295.496002
2783234.0,0.18167852,1.0,295.496002
2783312.0,0.17136757,1.0,295.152008
2783391.0,0.16953906,1.0,295.496002
2783469.0,0.17553265,1.0,295.152008
2783547.0,0.19117682,1.0,295.496002
2783625.0,0.15607904,1.0,3.44
2783703.0,0.1814754,1.0,2.064
2783781.0,0.17583738,1.0,2.064
2783859.0,0.16908199,1.0,2.064
2783937.0,0.16059962,1.0,2.064
2784015.0,0.1629868,1.0,2.064
2784094.0,0.17985001,1.0,293.776001
2784172.0,0.16659304,1.0,295.152008
2784250.0,0.15988842,1.0,295.152008
2784328.0,0.16283444,1.0,295.496002
2784406.0,0.16456142,1.0,295.496002
2784484.0,0.15374246,1.0,295.839996
2784562.0,0.18914504,1.0,297.216003
2784640.0,0.1605487,1.0,3.096
2784718.0,0.16892962,1.0,2.408
2784797.0,0.17390728,1.0,2.064
2784875.0,0.17705643,1.0,2.064
2784953.0,0.16994548,1.0,2.064
2785031.0,0.17223106,1.0,1.72
2785109.0,0.1574503,1.0,293.776001
2785187.0,0.15673934,1.0,295.152008
2785265.0,0.1724851,1.0,295.152008
2785343.0,0.15150757,1.0,295.496002
2785421.0,0.17228189,1.0,295.496002
2785500.0,0.15724726,1.0,295.496002
2785578.0,0.15958369,1.0,180.255997
2785656.0,0.15902492,1.0,2.408
2785734.0,0.17421207,1.0,2.064
2785812.0,0.17883417,1.0,2.064
2785890.0,0.17497389,1.0,2.064
2785968.0,0.15943132,1.0,2.064
2786047.0,0.1768024,1.0,80.152
2786125.0,0.1684217,1.0,295.496002
2786203.0,0.15130444,1.0,295.496002
2786281.0,0.15816151,1.0,295.496002
2786359.0,0.17065644,1.0,295.152008
2786437.0,0.18264361,1.0,295.496002
2786515.0,0.16633916,1.0,295.496002
2786593.0,0.17136757,1.0,1.376
2786671.0,0.16156462,1.0,2.064
2786749.0,0.17878325,1.0,2.064
2786828.0,0.17502473,1.0,2.064
2786906.0,0.17350088,1.0,2.064
2786984.0,0.14713943,1.0,2.752
2787062.0,0.178885,1.0,288.272003
2787140.0,0.1761421,1.0,295.839996
2787218.0,0.17441513,1.0,295.839996
2787296.0,0.16557719,1.0,296.18399
2787374.0,0.17172322,1.0,295.839996
2787452.0,0.17314538,1.0,296.18399
2787531.0,0.16552651,1.0,295.839996
2787609.0,0.16019313,1.0,4.128
2787687.0,0.18020558,1.0,2.752
2787765.0,0.17583738,1.0,2.408
2787843.0,0.17172322,1.0,2.752
2787921.0,0.17304386,1.0,2.408
2787999.0,0.17025019,1.0,2.064
2788078.0,0.18051031,1.0,293.432007
2788156.0,0.16217408,1.0,295.496002
2788234.0,0.17543106,1.0,295.839996
2788312.0,0.16816765,1.0,295.496002
2788390.0,0.17187549,1.0,295.496002
2788468.0,0.15968528,1.0,295.839996
2788546.0,0.18853559,1.0,295.839996
2788624.0,0.18111983,1.0,3.096
2788702.0,0.17761512,1.0,2.408
2788780.0,0.16400273,1.0,2.064
2788859.0,0.1855388,1.0,2.064
2788937.0,0.19711956,1.0,2.064
2789015.0,0.16862489,1.0,2.064
2789093.0,0.17223106,1.0,293.776001
2789171.0,0.14972983,1.0,295.496002
2789249.0,0.16456142,1.0,295.152008
2789327.0,0.16024397,1.0,295.496002
2789405.0,0.14861253,1.0,295.496002
2789483.0,0.16638991,1.0,295.496002
2789562.0,0.17040256,1.0,297.903992
2789640.0,0.19285303,1.0,3.784
2789718.0,0.17263746,1.0,2.752
2789796.0,0.17060576,1.0,3.096
2789874.0,0.16527246,1.0,2.752
2789952.0,0.16832009,1.0,2.752
2790030.0,0.17070729,1.0,2.408
2790108.0,0.17405955,1.0,294.463989
2790186.0,0.1405364,1.0,295.496002
2790265.0,0.17416117,1.0,295.496002
2790343.0,0.17598973,1.0,296.18399
2790421.0,0.15765351,1.0,295.152008
2790499.0,0.1795453,1.0,295.496002
2790577.0,0.16486613,1.0,186.104004
2790655.0,0.17121521,1.0,2.064
2790733.0,0.19818617,1.0,2.064
2790811.0,0.19935447,1.0,2.064
2790890.0,0.17578661,1.0,2.064
2790968.0,0.18904352,1.0,2.408
2791046.0,0.17538022,1.0,72.584
2791124.0,0.1713168,1.0,295.496002
2791202.0,0.17665011,1.0,295.496002
2791280.0,0.16933587,1.0,295.496002
2791358.0,0.17868173,1.0,295.152008
2791436.0,0.15948209,1.0,296.18399
2791515.0,0.17532945,1.0,295.839996
2791593.0,0.15013631,1.0,2.064
2791671.0,0.17756443,1.0,2.064
2791749.0,0.18619916,1.0,2.064
2791827.0,0.1720787,1.0,2.752
2791905.0,0.16075189,1.0,2.408
2791983.0,0.19249746,1.0,2.752
2792061.0,0.18447219,1.0,287.23999
2792139.0,0.17543106,1.0,295.839996
2792218.0,0.15679002,1.0,295.152008
2792296.0,0.1688787,1.0,296.872009
2792374.0,0.14637755,1.0,296.872009
2792452.0,0.16618679,1.0,296.872009
2792530.0,0.16476454,1.0,296.872009
2792608.0,0.16745654,1.0,4.472
2792686.0,0.18330389,1.0,3.44
2792764.0,0.17797068,1.0,3.44
2792842.0,0.15531708,1.0,3.096
2792921.0,0.16979304,1.0,2.752
2792999.0,0.15094888,1.0,3.096
2793077.0,0.17995162,1.0,294.119995
2793155.0,0.16496775,1.0,296.18399
2793233.0,0.14388876,1.0,295.839996
2793311.0,0.16999616,1.0,296.18399
2793389.0,0.18487851,1.0,296.18399
2793467.0,0.16339312,1.0,295.839996
2793546.0,0.17964689,1.0,295.839996
2793624.0,0.18939908,1.0,3.784
2793702.0,0.17258662,1.0,2.408
2793780.0,0.15760282,1.0,2.408
2793858.0,0.16771057,1.0,2.064
2793936.0,0.18391342,1.0,2.064
2794014.0,0.17091048,1.0,2.064
2794092.0,0.18975464,1.0,293.776001
2794170.0,0.15719649,1.0,295.496002
2794248.0,0.15653613,1.0,295.496002
2794327.0,0.16242804,1.0,295.496002
2794405.0,0.16633916,1.0,295.496002
2794483.0,0.19386873,1.0,295.496002
2794561.0,0.16100585,1.0,293.776001
2794639.0,0.16486613,1.0,3.096
2794717.0,0.18716417,1.0,2.064
2794795.0,0.20057344,1.0,2.408
2794873.0,0.17151994,1.0,2.064
2794951.0,0.17898653,1.0,1.72
2795030.0,0.16258048,1.0,2.752
2795108.0,0.18508163,1.0,294.808014
2795186.0,0.17141841,1.0,296.18399
2795264.0,0.18569124,1.0,296.528015
2795342.0,0.1832023,1.0,296.18399
2795420.0,0.16014245,1.0,296.18399
2795498.0,0.18406579,1.0,296.18399
2795576.0,0.17878325,1.0,196.080002
2795655.0,0.16760889,1.0,2.752
2795733.0,0.1902118,1.0,2.408
2795811.0,0.14739348,1.0,2.752
2795889.0,0.15993924,1.0,2.408
2795967.0,0.17461832,1.0,2.408
2796045.0,0.16110747,1.0,66.391998
2796123.0,0.16689785,1.0,295.496002
2796201.0,0.15633292,1.0,295.839996
2796280.0,0.15699323,1.0,295.496002
2796358.0,0.16628832,1.0,295.496002
2796436.0,0.1832023,1.0,295.496002
2796514.0,0.18213569,1.0,295.496002
2796592.0,0.17649767,1.0,4.816
2796670.0,0.17461832,1.0,2.408
2796748.0,0.18193255,1.0,2.064
2796826.0,0.16755813,1.0,2.064
2796904.0,0.16750737,1.0,2.408
2796983.0,0.18614833,1.0,2.064
2797061.0,0.1724851,1.0,285.864014
2797139.0,0.17812297,1.0,295.496002
2797217.0,0.17111368,1.0,295.496002
2797295.0,0.16156462,1.0,296.18399
2797373.0,0.1653233,1.0,295.496002
2797451.0,0.17573577,1.0,295.839996
2797529.0,0.18111983,1.0,295.496002
2797607.0,0.18416746,1.0,3.784
2797685.0,0.15877104,1.0,2.064
2797764.0,0.20600833,1.0,2.064
2797842.0,0.17700566,1.0,2.064
2797920.0,0.16628832,1.0,2.064
2797998.0,0.16659304,1.0,2.064
2798076.0,0.16232651,1.0,293.432007
2798154.0,0.17091048,1.0,295.496002
2798232.0,0.17278983,1.0,295.496002
2798311.0,0.17030104,1.0,295.496002
2798389.0,0.17223106,1.0,295.496002
2798467.0,0.17985001,1.0,295.496002
2798545.0,0.18442135,1.0,294.808014
2798623.0,0.16710111,1.0,3.44
2798701.0,0.18355785,1.0,1.376
2798779.0,0.17223106,1.0,2.408
2798857.0,0.14779973,1.0,2.064
2798935.0,0.192599,1.0,2.064
2799013.0,0.18122135,1.0,2.064
2799092.0,0.1724851,1.0,293.432007
2799170.0,0.17741199,1.0,295.496002
2799248.0,0.16354549,1.0,295.496002
2799326.0,0.16445981,1.0,295.496002
2799404.0,0.1759389,1.0,295.839996
2799482.0,0.16903114,1.0,295.839996
2799560.0,0.16156462,1.0,295.839996
2799638.0,0.16923435,1.0,3.096
2799717.0,0.18066266,1.0,2.064
2799795.0,0.17893577,1.0,2.408
2799873.0,0.16857398,1.0,2.064
2799951.0,0.16476454,1.0,2.064
2800029.0,0.1713168,1.0,1.72
2800107.0,0.1684217,1.0,293.776001
2800185.0,0.18035795,1.0,295.152008
2800263.0,0.18970381,1.0,295.496002
2800342.0,0.17177397,1.0,295.496002
2800420.0,0.19595127,1.0,295.152008
2800498.0,0.17324698,1.0,295.152008
2800576.0,0.17522793,1.0,205.024002
2800654.0,0.16029482,1.0,2.408
2800732.0,0.18487851,1.0,2.064
2800810.0,0.18101823,1.0,1.72
2800888.0,0.18558964,1.0,2.064
2800966.0,0.17466916,1.0,1.72
2801045.0,0.17172322,1.0,63.639999
2801123.0,0.16410425,1.0,295.152008
2801201.0,0.15485999,1.0,295.152008
2801279.0,0.16217408,1.0,295.496002
2801357.0,0.16334237,1.0,295.496002
2801435.0,0.17918973,1.0,295.152008
2801513.0,0.18208484,1.0,295.496002
2801591.0,0.16898046,1.0,6.192
2801669.0,0.15440276,1.0,2.408
2801748.0,0.18005322,1.0,2.064
2801826.0,0.15496151,1.0,2.064
2801904.0,0.19122759,1.0,2.064
2801982.0,0.15257433,1.0,2.064
2802060.0,0.1669486,1.0,284.144012
2802138.0,0.17578661,1.0,295.152008
2802216.0,0.14358388,1.0,295.152008
2802294.0,0.18467538,1.0,295.496002
2802372.0,0.18416746,1.0,295.496002
2802451.0,0.17690407,1.0,295.496002
2802529.0,0.17116453,1.0,295.496002
2802607.0,0.14937434,1.0,3.784
2802685.0,0.14805377,1.0,2.064
2802763.0,0.16258048,1.0,2.064
2802841.0,0.15536793,1.0,2.064
2802919.0,0.18401502,1.0,2.064
2802997.0,0.17827548,1.0,2.064
2803076.0,0.1767517,1.0,293.088013
2803154.0,0.16821842,1.0,295.496002
2803232.0,0.16542482,1.0,295.496002
2803310.0,0.13896172,1.0,295.496002
2803388.0,0.14957754,1.0,295.496002
2803466.0,0.16699944,1.0,295.496002
2803544.0,0.16319001,1.0,295.496002
2803622.0,0.17548181,1.0,3.44
2803700.0,0.17370415,1.0,2.064
2803779.0,0.19209114,1.0,2.064
2803857.0,0.1767517,1.0,2.064
2803935.0,0.15455526,1.0,1.72
2804013.0,0.19087209,1.0,2.064
2804091.0,0.16476454,1.0,293.776001
2804169.0,0.18096754,1.0,295.496002
2804247.0,0.16014245,1.0,295.496002
2804325.0,0.17324698,1.0,295.496002
2804403.0,0.17319608,1.0,295.496002
2804482.0,0.16679624,1.0,295.496002
2804560.0,0.17868173,1.0,295.839996
2804638.0,0.17258662,1.0,3.096
2804716.0,0.16908199,1.0,2.064
2804794.0,0.17456757,1.0,2.064
2804872.0,0.17502473,1.0,1.376
2804950.0,0.16039641,1.0,2.064
2805028.0,0.18614833,1.0,1.376
2805107.0,0.16664387,1.0,293.432007
2805185.0,0.17771672,1.0,295.152008
2805263.0,0.1669486,1.0,295.496002
2805341.0,0.16953906,1.0,295.496002
2805419.0,0.14972983,1.0,295.496002
2805497.0,0.17497389,1.0,295.839996
2805575.0,0.16943747,1.0,213.623993
2805653.0,0.16760889,1.0,2.752
2805731.0,0.1854372,1.0,2.064
2805810.0,0.18218659,1.0,2.064
2805888.0,0.17665011,1.0,1.72
2805966.0,0.16481531,1.0,2.064
2806044.0,0.15973613,1.0,58.824001
2806122.0,0.16588207,1.0,295.152008
2806200.0,0.15308218,1.0,295.152008
2806278.0,0.17903729,1.0,295.496002
2806356.0,0.17101201,1.0,295.496002
2806434.0,0.18020558,1.0,295.152008
2806513.0,0.1534885,1.0,295.496002
2806591.0,0.15897408,1.0,8.6
2806669.0,0.18096754,1.0,2.064
2806747.0,0.18061191,1.0,1.376
2806825.0,0.17141841,1.0,2.064
2806903.0,0.18604672,1.0,1.72
2806981.0,0.17040256,1.0,1.376
2807059.0,0.17060576,1.0,282.079987
2807137.0,0.15724726,1.0,294.808014
2807216.0,0.14967906,1.0,293.776001
2807294.0,0.16984387,1.0,295.152008
2807372.0,0.17223106,1.0,295.496002
2807450.0,0.19285303,1.0,294.808014
2807528.0,0.16435829,1.0,296.18399
2807606.0,0.18406579,1.0,2.064
2807684.0,0.1701486,1.0,1.376
2807762.0,0.16329153,1.0,1.376
2807840.0,0.16390105,1.0,1.72
2807919.0,0.15120284,1.0,2.752
2807997.0,0.163698,1.0,2.064
2808075.0,0.15653613,1.0,293.088013
2808153.0,0.16176775,1.0,295.496002
2808231.0,0.16816765,1.0,295.839996
2808309.0,0.16765973,1.0,294.808014
2808387.0,0.16186935,1.0,295.152008
2808466.0,0.17949446,1.0,295.496002
2808544.0,0.15689169,1.0,295.496002
2808622.0,0.1688787,1.0,3.44
2808700.0,0.1688787,1.0,2.064
2808778.0,0.19219275,1.0,2.064
2808856.0,0.17456757,1.0,2.064
2808934.0,0.18228813,1.0,2.064
2809012.0,0.16644068,1.0,2.064
2809090.0,0.17670086,1.0,293.776001
2809168.0,0.15851708,1.0,295.152008
2809247.0,0.16679624,1.0,295.152008
2809325.0,0.16882795,1.0,295.496002
2809403.0,0.18792599,1.0,296.18399
2809481.0,0.18254201,1.0,295.496002
2809559.0,0.17604057,1.0,296.528015
2809637.0,0.16405341,1.0,3.784
2809715.0,0.16923435,1.0,2.064
2809793.0,0.17319608,1.0,2.408
2809871.0,0.16791369,1.0,2.408
2809950.0,0.18909435,1.0,2.408
2810028.0,0.15572348,1.0,1.376
2810106.0,0.18106908,1.0,293.776001
2810184.0,0.16252963,1.0,295.152008
2810262.0,0.16872641,1.0,295.152008
2810340.0,0.17512633,1.0,295.496002
2810418.0,0.1452601,1.0,295.152008
2810496.0,0.1610567,1.0,295.839996
2810574.0,0.18340541,1.0,221.880005
2810653.0,0.16867559,1.0,3.096
2810731.0,0.18233888,1.0,1.72
2810809.0,0.17025019,1.0,1.72
2810887.0,0.18142456,1.0,1.72
2810965.0,0.18198332,1.0,1.72
2811043.0,0.17426284,1.0,52.287998
2811121.0,0.1831007,1.0,294.808014
2811200.0,0.15054256,1.0,295.152008
2811278.0,0.18614833,1.0,295.152008
2811356.0,0.17263746,1.0,296.18399
2811434.0,0.16141219,1.0,296.528015
2811512.0,0.16923435,1.0,296.528015
2811590.0,0.1629868,1.0,10.664
2811668.0,0.1764469,1.0,2.064
2811746.0,0.17253579,1.0,2.064
2811824.0,0.15902492,1.0,2.752
2811903.0,0.14607282,1.0,2.408
2811981.0,0.18132296,1.0,2.064
2812059.0,0.15846623,1.0,281.391998
2812137.0,0.16908199,1.0,295.152008
2812215.0,0.17512633,1.0,295.496002
2812293.0,0.16765973,1.0,295.496002
2812371.0,0.17157078,1.0,295.496002
2812449.0,0.18889116,1.0,295.496002
2812527.0,0.15328538,1.0,295.839996
2812606.0,0.18142456,1.0,3.44
2812684.0,0.19219275,1.0,2.064
2812762.0,0.17446597,1.0,2.064
2812840.0,0.17761512,1.0,2.064
2812918.0,0.1713168,1.0,2.064
2812996.0,0.16004086,1.0,1.72
2813074.0,0.1723835,1.0,292.743988
2813152.0,0.17538022,1.0,295.152008
2813230.0,0.17294227,1.0,295.152008
2813309.0,0.19143078,1.0,295.496002
2813387.0,0.20199576,1.0,295.496002
2813465.0,0.1677614,1.0,295.152008
2813543.0,0.1831007,1.0,295.839996
2813621.0,0.18645304,1.0,3.096
2813699.0,0.18076427,1.0,2.064
2813777.0,0.18726569,1.0,2.064
2813855.0,0.17421207,1.0,1.72
2813934.0,0.18564039,1.0,2.064
2814012.0,0.17375484,1.0,2.064
2814090.0,0.17512633,1.0,293.776001
2814168.0,0.16796446,1.0,294.808014
2814246.0,0.16146302,1.0,294.808014
2814324.0,0.17873257,1.0,295.152008
2814402.0,0.16146302,1.0,295.496002
2814480.0,0.17228189,1.0,295.496002
2814558.0,0.16837086,1.0,295.496002
2814637.0,0.15679002,1.0,2.752
2814715.0,0.15978688,1.0,2.064
2814793.0,0.17964689,1.0,1.72
2814871.0,0.16913266,1.0,1.72
2814949.0,0.17979918,1.0,2.064
2815027.0,0.16588207,1.0,1.72
2815105.0,0.1768024,1.0,293.776001
2815183.0,0.13174923,1.0,294.463989
2815261.0,0.15044102,1.0,295.496002
2815340.0,0.14536169,1.0,294.808014
2815418.0,0.16070114,1.0,295.496002
2815496.0,0.16898046,1.0,294.808014
2815574.0,0.18472607,1.0,227.384003
2815652.0,0.18604672,1.0,2.064
2815730.0,0.19788145,1.0,1.72
2815808.0,0.163698,1.0,1.72
2815886.0,0.17527862,1.0,2.064
2815964.0,0.15958369,1.0,1.376
2816043.0,0.15739962,1.0,45.063999
2816121.0,0.1902118,1.0,294.808014
2816199.0,0.16364709,1.0,295.496002
2816277.0,0.15557097,1.0,294.808014
2816355.0,0.16557719,1.0,295.496002
2816433.0,0.16075189,1.0,295.496002
2816511.0,0.17969757,1.0,295.496002
2816589.0,0.16400273,1.0,12.728
2816667.0,0.16811682,1.0,1.72
2816746.0,0.18142456,1.0,2.064
2816824.0,0.16958991,1.0,1.72
2816902.0,0.17756443,1.0,2.064
2816980.0,0.16359626,1.0,1.72
2817058.0,0.17756443,1.0,278.29599
2817136.0,0.17116453,1.0,295.152008
2817214.0,0.15531708,1.0,294.808014
2817292.0,0.16029482,1.0,295.496002
2817371.0,0.17995162,1.0,295.496002
2817449.0,0.1677614,1.0,295.496002
2817527.0,0.17080896,1.0,295.496002
2817605.0,0.1581106,1.0,3.44
2817683.0,0.17771672,1.0,2.064
2817761.0,0.17146924,1.0,2.064
2817839.0,0.16451058,1.0,1.72
2817917.0,0.16115829,1.0,2.064
2817995.0,0.16781209,1.0,2.064
2818074.0,0.16989464,1.0,293.088013
2818152.0,0.17705643,1.0,295.152008
2818230.0,0.17482153,1.0,295.496002
2818308.0,0.13936819,1.0,295.496002
2818386.0,0.1574503,1.0,295.496002
2818464.0,0.16654235,1.0,295.496002
2818542.0,0.17136757,1.0,295.496002
2818620.0,0.1767517,1.0,3.096
2818698.0,0.17009775,1.0,2.064
2818777.0,0.18340541,1.0,2.064
2818855.0,0.18223728,1.0,2.064
2818933.0,0.14160302,1.0,2.064
2819011.0,0.147495,1.0,2.064
2819089.0,0.16674548,1.0,293.432007
2819167.0,0.1649169,1.0,295.496002
2819245.0,0.15805991,1.0,295.152008
2819324.0,0.17924049,1.0,295.152008
2819402.0,0.15480916,1.0,295.496002
2819480.0,0.17918973,1.0,295.496002
2819558.0,0.16745654,1.0,295.496002
2819636.0,0.17553265,1.0,2.408
2819714.0,0.1902118,1.0,2.752
2819792.0,0.16892962,1.0,2.064
2819870.0,0.16115829,1.0,2.064
2819948.0,0.17817381,1.0,2.064
2820027.0,0.1589234,1.0,1.72
2820105.0,0.16151379,1.0,293.776001
2820183.0,0.16461217,1.0,295.152008
2820261.0,0.16258048,1.0,295.152008
2820339.0,0.18122135,1.0,295.496002
2820417.0,0.15816151,1.0,295.839996
2820495.0,0.16019313,1.0,295.496002
2820573.0,0.14932349,1.0,232.544006
2820651.0,0.17456757,1.0,2.408
2820729.0,0.19061813,1.0,2.408
2820808.0,0.16832009,1.0,1.72
2820886.0,0.18188173,1.0,2.408
2820964.0,0.15125367,1.0,1.72
2821042.0,0.17817381,1.0,28.552
2821120.0,0.15059339,1.0,294.463989
2821198.0,0.13286676,1.0,295.496002
2821276.0,0.18233888,1.0,295.496002
2821354.0,0.1495267,1.0,295.152008
2821432.0,0.16283444,1.0,295.496002
2821511.0,0.1909737,1.0,295.839996
2821589.0,0.18934824,1.0,15.48
2821667.0,0.17700566,1.0,2.408
2821745.0,0.19823709,1.0,2.064
2821823.0,0.17441513,1.0,2.064
2821901.0,0.16186935,1.0,1.376
2821979.0,0.19904967,1.0,1.376
2822057.0,0.14338076,1.0,275.888
2822136.0,0.18472607,1.0,294.808014
2822214.0,0.14089197,1.0,294.808014
2822292.0,0.15988842,1.0,294.808014
2822370.0,0.1669486,1.0,295.152008
2822448.0,0.15531708,1.0,295.152008
2822526.0,0.16953906,1.0,294.808014
2822604.0,0.1519648,1.0,3.096
2822682.0,0.16791369,1.0,1.72
2822761.0,0.16171698,1.0,1.72
2822839.0,0.17700566,1.0,1.376
2822917.0,0.16217408,1.0,1.72
2822995.0,0.16613588,1.0,1.72
2823073.0,0.16633916,1.0,292.399994
2823151.0,0.1713168,1.0,295.152008
2823229.0,0.15968528,1.0,295.152008
2823307.0,0.14957754,1.0,295.496002
2823385.0,0.1713168,1.0,295.152008
2823464.0,0.16979304,1.0,295.496002
2823542.0,0.17025019,1.0,295.496002
2823620.0,0.16517086,1.0,3.096
2823698.0,0.1653233,1.0,2.064
2823776.0,0.18279597,1.0,2.064
2823854.0,0.17182481,1.0,2.064
2823932.0,0.14124753,1.0,2.064
2824010.0,0.15587585,1.0,2.064
2824088.0,0.14383791,1.0,294.119995
2824166.0,0.16791369,1.0,295.152008
2824245.0,0.16222492,1.0,295.496002
2824323.0,0.15440276,1.0,295.496002
2824401.0,0.16334237,1.0,295.152008
2824479.0,0.16004086,1.0,295.496002
2824557.0,0.13728572,1.0,295.839996
2824635.0,0.15663773,1.0,2.752
2824713.0,0.18045954,1.0,1.72
2824792.0,0.1765485,1.0,1.032
2824870.0,0.15369171,1.0,1.376
2824948.0,0.15440276,1.0,1.72
2825026.0,0.15927896,1.0,1.72
2825104.0,0.15399651,1.0,293.432007
2825182.0,0.16928518,1.0,295.152008
2825260.0,0.16674548,1.0,294.808014
2825338.0,0.15516472,1.0,295.152008
2825416.0,0.15658697,1.0,294.808014
2825495.0,0.16440898,1.0,295.152008
2825573.0,0.17329775,1.0,239.768005
2825651.0,0.16999616,1.0,2.408
2825729.0,0.18660541,1.0,2.064
2825807.0,0.20290995,1.0,1.72
2825885.0,0.18462448,1.0,1.72
2825963.0,0.16638991,1.0,2.064
2826041.0,0.1534885,1.0,20.983999
2826119.0,0.18167852,1.0,294.808014
2826198.0,0.14967906,1.0,295.839996
2826276.0,0.16938671,1.0,295.839996
2826354.0,0.1660852,1.0,295.839996
2826432.0,0.14399035,1.0,295.839996
2826510.0,0.17578661,1.0,296.18399
2826588.0,0.16781209,1.0,16.856001
2826666.0,0.1515584,1.0,2.408
2826744.0,0.178377,1.0,2.408
2826822.0,0.14647914,1.0,2.408
2826900.0,0.1566885,1.0,2.408
2826979.0,0.18619916,1.0,2.408
2827057.0,0.17863096,1.0,273.135986
2827135.0,0.17532945,1.0,295.496002
2827213.0,0.14470141,1.0,295.496002
2827291.0,0.15821227,1.0,294.808014
2827369.0,0.16075189,1.0,294.808014
2827447.0,0.15704405,1.0,295.152008
2827525.0,0.15592653,1.0,295.152008
2827604.0,0.16872641,1.0,3.44
2827682.0,0.15917736,1.0,1.72
2827760.0,0.16969143,1.0,1.376
2827838.0,0.16750737,1.0,1.72
2827916.0,0.16958991,1.0,1.72
2827994.0,0.16247895,1.0,1.72
2828072.0,0.17126605,1.0,292.743988
2828150.0,0.15978688,1.0,294.808014
2828229.0,0.17832623,1.0,294.463989
2828307.0,0.16537407,1.0,294.808014
2828385.0,0.16161539,1.0,294.808014
2828463.0,0.17055492,1.0,295.152008
2828541.0,0.15877104,1.0,294.808014
2828619.0,0.17903729,1.0,2.408
2828697.0,0.17456757,1.0,2.064
2828775.0,0.1720787,1.0,2.064
2828853.0,0.17294227,1.0,2.752
2828931.0,0.16029482,1.0,2.408
2829010.0,0.16892962,1.0,2.064
2829088.0,0.192599,1.0,293.432007
2829166.0,0.15821227,1.0,295.152008
2829244.0,0.16969143,1.0,295.152008
2829322.0,0.1653233,1.0,295.496002
2829400.0,0.15663773,1.0,295.496002
2829478.0,0.16131066,1.0,295.152008
2829557.0,0.15404719,1.0,295.152008
2829635.0,0.1574503,1.0,3.096
2829713.0,0.16689785,1.0,2.064
2829791.0,0.18015474,1.0,2.064
2829869.0,0.1550632,1.0,1.72
2829947.0,0.17157078,1.0,1.72
2830025.0,0.15135528,1.0,1.72
2830103.0,0.15866935,1.0,293.432007
2830181.0,0.15978688,1.0,295.152008
2830260.0,0.17731039,1.0,294.808014
2830338.0,0.16146302,1.0,295.152008
2830416.0,0.17624378,1.0,295.152008
2830494.0,0.17741199,1.0,295.152008
2830572.0,0.17731039,1.0,242.520004
2830650.0,0.17045332,1.0,2.752
2830728.0,0.18355785,1.0,1.72
2830806.0,0.15166008,1.0,1.72
2830884.0,0.18325314,1.0,2.064
2830963.0,0.178885,1.0,2.408
2831041.0,0.16319001,1.0,15.136
2831119.0,0.17370415,1.0,294.119995
2831197.0,0.13286676,1.0,294.808014
2831275.0,0.15470755,1.0,295.152008
2831353.0,0.16872641,1.0,295.496002
2831431.0,0.13215555,1.0,295.496002
2831509.0,0.16237728,1.0,295.152008
2831587.0,0.17883417,1.0,19.608
2831666.0,0.17578661,1.0,2.064
2831744.0,0.1854372,1.0,1.72
2831822.0,0.17202793,1.0,2.064
2831900.0,0.14698699,1.0,2.064
2831978.0,0.15404719,1.0,1.376
2832056.0,0.18238965,1.0,270.727997
2832134.0,0.17685322,1.0,295.152008
2832212.0,0.15684086,1.0,295.152008
2832291.0,0.1713168,1.0,295.152008
2832369.0,0.1807135,1.0,295.152008
2832447.0,0.16593276,1.0,295.496002
2832525.0,0.1688787,1.0,295.152008
2832603.0,0.15242189,1.0,3.096
2832681.0,0.16623747,1.0,2.064
2832759.0,0.1628852,1.0,2.064
2832837.0,0.15577425,1.0,1.72
2832915.0,0.16781209,1.0,1.72
2832994.0,0.18122135,1.0,1.72
2833072.0,0.19046569,1.0,292.399994
2833150.0,0.16832009,1.0,295.152008
2833228.0,0.1519648,1.0,295.496002
2833306.0,0.16913266,1.0,295.152008
2833384.0,0.17766595,1.0,295.152008
2833462.0,0.15719649,1.0,295.152008
2833540.0,0.16969143,1.0,294.463989
2833618.0,0.17507541,1.0,2.752
2833697.0,0.16821842,1.0,2.064
2833775.0,0.19102438,1.0,2.064
2833853.0,0.16674548,1.0,1.72
2833931.0,0.17715795,1.0,1.72
2834009.0,0.1605487,1.0,1.72
2834087.0,0.17751351,1.0,293.432007
2834165.0,0.17446597,1.0,294.808014
2834243.0,0.14703791,1.0,294.463989
2834322.0,0.16456142,1.0,295.152008
2834400.0,0.1340349,1.0,295.839996
2834478.0,0.16268207,1.0,295.152008
2834556.0,0.16080274,1.0,295.152008
2834634.0,0.16283444,1.0,3.096
2834712.0,0.18589443,1.0,1.72
2834790.0,0.16481531,1.0,1.72
2834868.0,0.16506927,1.0,2.064
2834946.0,0.17426284,1.0,1.72
2835025.0,0.16913266,1.0,1.72
2835103.0,0.1724851,1.0,293.088013
2835181.0,0.17979918,1.0,295.152008
2835259.0,0.18685944,1.0,295.152008
2835337.0,0.16207248,1.0,295.152008
2835415.0,0.18066266,1.0,295.496002
2835493.0,0.16522178,1.0,295.152008
2835571.0,0.16953906,1.0,249.056
2835649.0,0.20021795,1.0,2.752
2835728.0,0.16679624,1.0,1.72
2835806.0,0.17883417,1.0,1.376
2835884.0,0.15851708,1.0,1.72
2835962.0,0.16415502,1.0,1.72
2836040.0,0.17710726,1.0,12.04
2836118.0,0.17802145,1.0,294.119995
2836196.0,0.14927281,1.0,295.152008
2836274.0,0.16628832,1.0,294.463989
2836352.0,0.15455526,1.0,294.808014
2836431.0,0.16192019,1.0,295.152008
2836509.0,0.16415502,1.0,295.839996
2836587.0,0.16903114,1.0,22.704
2836665.0,0.1609551,1.0,1.72
2836743.0,0.19198939,1.0,1.72
2836821.0,0.15907584,1.0,2.064
2836899.0,0.18259284,1.0,2.064
2836977.0,0.15546945,1.0,1.72
2837055.0,0.15877104,1.0,267.976013
2837134.0,0.16278368,1.0,295.152008
2837212.0,0.14180622,1.0,294.463989
2837290.0,0.17990078,1.0,294.808014
2837368.0,0.17502473,1.0,295.152008
2837446.0,0.16506927,1.0,295.152008
2837524.0,0.16435829,1.0,295.152008
2837602.0,0.18294841,1.0,2.408
2837681.0,0.16456142,1.0,1.72
2837759.0,0.16953906,1.0,1.72
2837837.0,0.17974849,1.0,1.72
2837915.0,0.16928518,1.0,2.064
2837993.0,0.1759389,1.0,2.064
2838071.0,0.16004086,1.0,292.399994
2838149.0,0.1743136,1.0,295.152008
2838227.0,0.16237728,1.0,294.808014
2838305.0,0.16247895,1.0,295.496002
2838383.0,0.17070729,1.0,295.496002
2838462.0,0.17339927,1.0,295.839996
2838540.0,0.16313924,1.0,296.18399
2838618.0,0.19595127,1.0,3.784
2838696.0,0.16755813,1.0,3.096
2838774.0,0.18152615,1.0,2.408
2838852.0,0.18442135,1.0,2.752
2838930.0,0.14988226,1.0,2.408
2839008.0,0.16258048,1.0,2.408
2839086.0,0.17172322,1.0,294.119995
2839165.0,0.1768024,1.0,295.496002
2839243.0,0.15079659,1.0,295.496002
2839321.0,0.17507541,1.0,296.18399
2839399.0,0.16755813,1.0,295.496002
2839477.0,0.1657804,1.0,296.18399
2839555.0,0.17136757,1.0,295.839996
2839633.0,0.1534885,1.0,3.44
2839712.0,0.17776756,1.0,2.408
2839790.0,0.16496775,1.0,2.064
2839868.0,0.14693631,1.0,2.408
2839946.0,0.17405955,1.0,2.064
2840024.0,0.18452294,1.0,2.408
2840102.0,0.16669464,1.0,293.432007
2840180.0,0.12611121,1.0,295.496002
2840258.0,0.17690407,1.0,295.496002
2840336.0,0.17416117,1.0,295.152008
2840415.0,0.1772088,1.0,295.839996
2840493.0,0.18691029,1.0,294.808014
2840571.0,0.14830765,1.0,255.936005
2840649.0,0.16735493,1.0,3.096
2840727.0,0.19239587,1.0,2.064
2840805.0,0.17365332,1.0,2.064
2840883.0,0.1741104,1.0,1.376
2840961.0,0.17807227,1.0,2.064
2841039.0,0.18132296,1.0,9.632
2841117.0,0.16603436,1.0,294.119995
2841196.0,0.15861867,1.0,295.839996
2841274.0,0.16166623,1.0,296.18399
2841352.0,0.19610371,1.0,295.839996
2841430.0,0.16547559,1.0,295.839996
2841508.0,0.15003462,1.0,296.18399
2841586.0,0.15567264,1.0,29.24
2841664.0,0.16359626,1.0,2.064
2841742.0,0.18650381,1.0,2.408
2841820.0,0.17512633,1.0,2.752
2841899.0,0.16197094,1.0,2.408
2841977.0,0.16786294,1.0,2.408
2842055.0,0.18162784,1.0,266.256012
2842133.0,0.17634538,1.0,295.496002
2842211.0,0.15612973,1.0,295.496002
2842289.0,0.1583138,1.0,295.496002
2842367.0,0.16451058,1.0,295.496002
2842445.0,0.17060576,1.0,295.496002
2842523.0,0.15526624,1.0,295.839996
2842602.0,0.17141841,1.0,3.784
2842680.0,0.19590059,1.0,2.408
2842758.0,0.17736116,1.0,2.064
2842836.0,0.18426898,1.0,2.408
2842914.0,0.17085965,1.0,2.064
2842992.0,0.1701486,1.0,2.408
2843070.0,0.17756443,1.0,292.743988
2843148.0,0.1388602,1.0,295.152008
2843227.0,0.15618058,1.0,295.496002
2843305.0,0.15262508,1.0,295.496002
2843383.0,0.17649767,1.0,295.496002
2843461.0,0.17715795,1.0,295.496002
2843539.0,0.15689169,1.0,295.496002
2843617.0,0.17502473,1.0,3.44
2843695.0,0.18792599,1.0,2.064
2843773.0,0.17934202,1.0,2.064
2843852.0,0.16984387,1.0,2.752
2843930.0,0.16892962,1.0,3.096
2844008.0,0.17583738,1.0,2.408
2844086.0,0.15470755,1.0,294.119995
2844164.0,0.1684217,1.0,295.839996
2844242.0,0.18706258,1.0,295.839996
2844320.0,0.16293596,1.0,295.839996
2844398.0,0.16953906,1.0,296.18399
2844476.0,0.14734264,1.0,295.496002
2844555.0,0.18127227,1.0,295.839996
2844633.0,0.17035171,1.0,3.44
2844711.0,0.18609749,1.0,2.408
2844789.0,0.18051031,1.0,2.408
2844867.0,0.15694246,1.0,2.408
2844945.0,0.16405341,1.0,2.408
2845023.0,0.17573577,1.0,2.408
2845101.0,0.17944369,1.0,294.119995
2845179.0,0.15145688,1.0,295.496002
2845258.0,0.16070114,1.0,295.496002
2845336.0,0.1724851,1.0,295.496002
2845414.0,0.18645304,1.0,295.496002
2845492.0,0.16354549,1.0,295.496002
2845570.0,0.1814754,1.0,262.127991
2845648.0,0.16344397,1.0,3.096
2845726.0,0.18051031,1.0,2.064
2845804.0,0.1761421,1.0,2.408
2845883.0,0.20057344,1.0,2.064
2845961.0,0.16197094,1.0,2.064
2846039.0,0.17974849,1.0,6.536
2846117.0,0.17974849,1.0,294.119995
2846195.0,0.15679002,1.0,295.152008
2846273.0,0.15673934,1.0,295.496002
2846351.0,0.17091048,1.0,295.839996
2846429.0,0.19955766,1.0,295.152008
2846508.0,0.16659304,1.0,296.18399
2846586.0,0.19117682,1.0,33.368
2846664.0,0.17019936,1.0,2.752
2846742.0,0.17497389,1.0,2.408
2846820.0,0.16908199,1.0,2.408
2846898.0,0.1970688,1.0,2.752
2846976.0,0.18162784,1.0,2.408
2847054.0,0.17578661,1.0,261.440002
2847132.0,0.18233888,1.0,295.496002
2847210.0,0.15074575,1.0,295.839996
2847289.0,0.16933587,1.0,295.839996
2847367.0,0.15633292,1.0,295.839996
2847445.0,0.19148162,1.0,295.839996
2847523.0,0.16065037,1.0,296.18399
2847601.0,0.18056107,1.0,4.128
2847679.0,0.15211716,1.0,2.408
2847757.0,0.18188173,1.0,2.064
2847835.0,0.20108144,1.0,2.408
2847913.0,0.1649169,1.0,2.408
2847992.0,0.17212954,1.0,2.408
2848070.0,0.16974227,1.0,292.743988
2848148.0,0.17289135,1.0,295.152008
2848226.0,0.15927896,1.0,295.496002
2848304.0,0.17944369,1.0,295.496002
2848382.0,0.17959605,1.0,295.152008
2848460.0,0.18304993,1.0,295.496002
2848538.0,0.1838119,1.0,295.152008
2848616.0,0.15526624,1.0,3.096
2848695.0,0.16720264,1.0,1.72
2848773.0,0.178885,1.0,2.064
2848851.0,0.17766595,1.0,2.064
2848929.0,0.20108144,1.0,1.72
2849007.0,0.16522178,1.0,2.064
2849085.0,0.18853559,1.0,293.776001
2849163.0,0.16567887,1.0,294.808014
2849242.0,0.15958369,1.0,295.152008
2849320.0,0.1903134,1.0,295.839996
2849398.0,0.16903114,1.0,295.496002
2849476.0,0.16227567,1.0,295.152008
2849554.0,0.1713168,1.0,295.496002
2849632.0,0.17324698,1.0,2.752
2849710.0,0.17878325,1.0,2.064
2849788.0,0.17471986,1.0,2.064
2849866.0,0.17578661,1.0,2.064
2849945.0,0.16212331,1.0,2.064
2850023.0,0.18106908,1.0,2.064
2850101.0,0.15699323,1.0,293.088013
2850179.0,0.16623747,1.0,294.463989
2850257.0,0.15734878,1.0,294.808014
2850335.0,0.1942752,1.0,295.152008
2850413.0,0.17893577,1.0,295.496002
2850491.0,0.16207248,1.0,295.496002
2850569.0,0.17284058,1.0,266.944
2850648.0,0.18731654,1.0,3.096
2850726.0,0.17766595,1.0,2.064
2850804.0,0.18447219,1.0,2.064
2850882.0,0.17705643,1.0,2.064
2850960.0,0.16898046,1.0,2.064
2851038.0,0.18086587,1.0,4.472
2851116.0,0.17268831,1.0,293.776001
2851194.0,0.15897408,1.0,295.152008
2851272.0,0.17111368,1.0,295.496002
2851350.0,0.17604057,1.0,295.496002
2851429.0,0.18574192,1.0,295.496002
2851507.0,0.16948824,1.0,295.839996
2851585.0,0.18178011,1.0,36.807999
2851663.0,0.15866935,1.0,1.72
2851741.0,0.16623747,1.0,2.064
2851819.0,0.17741199,1.0,1.72
2851897.0,0.17761512,1.0,2.064
2851976.0,0.16781209,1.0,2.752
2852054.0,0.15846623,1.0,246.992004
2852132.0,0.18330389,1.0,294.808014
2852210.0,0.14937434,1.0,295.496002
2852288.0,0.16659304,1.0,295.496002
2852366.0,0.15541868,1.0,295.839996
2852444.0,0.17766595,1.0,295.839996
2852522.0,0.18772286,1.0,295.839996
2852600.0,0.16623747,1.0,3.44
2852679.0,0.16872641,1.0,2.064
2852757.0,0.20133547,1.0,2.408
2852835.0,0.15780587,1.0,2.064
2852913.0,0.17776756,1.0,2.064
2852991.0,0.16740584,1.0,2.064
2853069.0,0.17304386,1.0,292.743988
2853147.0,0.18238965,1.0,295.152008
2853225.0,0.19041494,1.0,294.463989
2853303.0,0.15572348,1.0,294.463989
2853382.0,0.15404719,1.0,295.839996
2853460.0,0.18218659,1.0,296.18399
2853538.0,0.1767517,1.0,294.808014
2853616.0,0.1765485,1.0,3.096
2853694.0,0.17629446,1.0,2.408
2853772.0,0.18625,1.0,2.408
2853850.0,0.19153237,1.0,2.752
2853928.0,0.19011021,1.0,2.064
2854006.0,0.16644068,1.0,2.408
2854085.0,0.16364709,1.0,294.119995
2854163.0,0.15694246,1.0,295.839996
2854241.0,0.16242804,1.0,296.18399
2854319.0,0.17202793,1.0,295.839996
2854397.0,0.16974227,1.0,295.839996
2854475.0,0.15800907,1.0,295.496002
2854553.0,0.12346999,1.0,295.152008
2854631.0,0.18040878,1.0,3.44
2854710.0,0.20524637,1.0,2.064
2854788.0,0.16664387,1.0,2.064
2854866.0,0.16943747,1.0,2.064
2854944.0,0.16222492,1.0,2.408
2855022.0,0.16445981,1.0,2.064
2855100.0,0.20382427,1.0,293.776001
2855178.0,0.16192019,1.0,295.496002
2855256.0,0.15999001,1.0,295.496002
2855335.0,0.17055492,1.0,295.496002
2855413.0,0.16197094,1.0,295.839996
2855491.0,0.17380567,1.0,296.18399
2855569.0,0.16506927,1.0,271.76001
2855647.0,0.181577,1.0,3.44
2855725.0,0.20758295,1.0,2.064
2855803.0,0.18426898,1.0,3.096
2855881.0,0.17080896,1.0,2.064
2855959.0,0.1743136,1.0,2.064
2856037.0,0.17715795,1.0,1.72
2856116.0,0.15648529,1.0,294.808014
2856194.0,0.15232037,1.0,295.496002
2856272.0,0.16969143,1.0,295.839996
2856350.0,0.18391342,1.0,296.528015
2856428.0,0.18848476,1.0,296.18399
2856506.0,0.15485999,1.0,295.496002
2856584.0,0.1677614,1.0,40.591999
2856662.0,0.16410425,1.0,2.064
2856740.0,0.17228189,1.0,3.096
2856819.0,0.19539265,1.0,2.408
2856897.0,0.15973613,1.0,2.064
2856975.0,0.17771672,1.0,2.408
2857053.0,0.18172936,1.0,234.608002
2857131.0,0.18325314,1.0,295.496002
2857209.0,0.15663773,1.0,295.152008
2857287.0,0.18259284,1.0,295.496002
2857365.0,0.18944992,1.0,295.152008
2857443.0,0.18101823,1.0,296.528015
2857522.0,0.18040878,1.0,295.496002
2857600.0,0.1767517,1.0,3.44
2857678.0,0.18035795,1.0,3.44
2857756.0,0.16821842,1.0,2.064
2857834.0,0.1772088,1.0,2.752
2857912.0,0.18548803,1.0,2.064
2857990.0,0.17685322,1.0,2.752
2858068.0,0.18122135,1.0,293.088013
2858147.0,0.17380567,1.0,295.839996
2858225.0,0.16430746,1.0,295.839996
2858303.0,0.16440898,1.0,295.152008
2858381.0,0.18208484,1.0,295.839996
2858459.0,0.19310692,1.0,296.528015
2858537.0,0.15638377,1.0,296.528015
2858615.0,0.17629446,1.0,4.128
2858693.0,0.19752589,1.0,2.064
2858772.0,0.1902118,1.0,2.408
2858850.0,0.15755199,1.0,2.064
2858928.0,0.16720264,1.0,1.376
2859006.0,0.18040878,1.0,1.376
2859084.0,0.16999616,1.0,293.432007
2859162.0,0.17339927,1.0,294.808014
2859240.0,0.1719771,1.0,295.152008
2859318.0,0.170047,1.0,295.496002
2859396.0,0.17263746,1.0,294.808014
2859474.0,0.17578661,1.0,295.496002
2859553.0,0.1581106,1.0,295.152008
2859631.0,0.18142456,1.0,3.096
2859709.0,0.18812934,1.0,2.064
2859787.0,0.18208484,1.0,2.064
2859865.0,0.17151994,1.0,1.72
2859943.0,0.17060576,1.0,2.064
2860021.0,0.16638991,1.0,2.064
2860099.0,0.16755813,1.0,293.776001
2860178.0,0.17065644,1.0,295.152008
2860256.0,0.17324698,1.0,294.808014
2860334.0,0.18010399,1.0,295.152008
2860412.0,0.17065644,1.0,295.152008
2860490.0,0.17507541,1.0,295.496002
2860568.0,0.18589443,1.0,276.575989
2860646.0,0.16557719,1.0,3.096
2860724.0,0.18005322,1.0,2.064
2860803.0,0.1838119,1.0,2.064
2860881.0,0.18523407,1.0,2.064
2860959.0,0.18508163,1.0,2.064
2861037.0,0.17883417,1.0,1.032
2861115.0,0.18091664,1.0,294.119995
2861193.0,0.14592038,1.0,296.18399
2861271.0,0.18472607,1.0,295.152008
2861349.0,0.15541868,1.0,296.528015
2861427.0,0.16390105,1.0,295.496002
2861506.0,0.18767209,1.0,295.496002
2861584.0,0.17736116,1.0,46.439999
2861662.0,0.1745168,1.0,2.064
2861740.0,0.17695482,1.0,2.064
2861818.0,0.17045332,1.0,2.064
2861896.0,0.17151994,1.0,2.064
2861974.0,0.16903114,1.0,1.376
2862052.0,0.16892962,1.0,225.320007
2862130.0,0.1831516,1.0,295.152008
2862209.0,0.15262508,1.0,295.496002
2862287.0,0.17385651,1.0,295.496002
2862365.0,0.17786916,1.0,295.152008
2862443.0,0.17908813,1.0,295.496002
2862521.0,0.17665011,1.0,295.839996
2862599.0,0.1720787,1.0,3.44
2862677.0,0.19046569,1.0,2.064
2862755.0,0.19945607,1.0,2.064
2862833.0,0.1831516,1.0,2.408
2862911.0,0.17979918,1.0,1.376
2862990.0,0.19173551,1.0,2.064
2863068.0,0.15993924,1.0,292.399994
2863146.0,0.16664387,1.0,295.152008
2863224.0,0.1583138,1.0,294.808014
2863302.0,0.17111368,1.0,295.496002
2863380.0,0.17959605,1.0,295.152008
2863458.0,0.17863096,1.0,295.152008
2863536.0,0.18467538,1.0,295.496002
2863615.0,0.17502473,1.0,2.752
2863693.0,0.18035795,1.0,2.064
2863771.0,0.19447833,1.0,2.064
2863849.0,0.16669464,1.0,2.064
2863927.0,0.18391342,1.0,1.72
2864005.0,0.17807227,1.0,2.064
2864083.0,0.18498011,1.0,293.432007
2864161.0,0.17329775,1.0,295.152008
2864240.0,0.15877104,1.0,295.839996
2864318.0,0.15475839,1.0,295.496002
2864396.0,0.17990078,1.0,295.496002
2864474.0,0.16522178,1.0,295.496002
2864552.0,0.18909435,1.0,295.839996
2864630.0,0.1630884,1.0,3.096
2864708.0,0.19518946,1.0,2.064
2864786.0,0.17629446,1.0,2.064
2864864.0,0.15785678,1.0,2.064
2864943.0,0.17284058,1.0,2.064
2865021.0,0.16583115,1.0,2.064
2865099.0,0.19422437,1.0,293.776001
2865177.0,0.15394567,1.0,294.808014
2865255.0,0.18396418,1.0,295.496002
2865333.0,0.13499999,1.0,295.152008
2865411.0,0.17405955,1.0,295.839996
2865489.0,0.17761512,1.0,295.152008
2865567.0,0.18462448,1.0,278.984009
2865646.0,0.1838119,1.0,2.752
2865724.0,0.16832009,1.0,2.064
2865802.0,0.15333621,1.0,2.064
2865880.0,0.19600211,1.0,1.72
2865958.0,0.19219275,1.0,1.72
2866036.0,0.18599597,1.0,0.688
2866114.0,0.18797682,1.0,293.432007
2866193.0,0.1431268,1.0,294.808014
2866271.0,0.17731039,1.0,294.119995
2866349.0,0.16765973,1.0,294.808014
2866427.0,0.16918351,1.0,294.808014
2866505.0,0.19381805,1.0,294.808014
2866583.0,0.14912038,1.0,50.568001
2866661.0,0.189907,1.0,1.72
2866739.0,0.19016089,1.0,1.72
2866817.0,0.18477692,1.0,2.064
2866895.0,0.17538022,1.0,1.72
2866974.0,0.18106908,1.0,1.72
2867052.0,0.18569124,1.0,215.688004
2867130.0,0.19488466,1.0,295.152008
2867208.0,0.16278368,1.0,295.496002
2867286.0,0.1610567,1.0,295.496002
2867364.0,0.16740584,1.0,295.496002
2867442.0,0.17670086,1.0,295.496002
2867520.0,0.18299916,1.0,295.839996
2867598.0,0.17233273,1.0,3.784
2867677.0,0.19945607,1.0,2.064
2867755.0,0.16496775,1.0,2.064
2867833.0,0.1814754,1.0,1.72
2867911.0,0.1550632,1.0,1.72
2867989.0,0.16186935,1.0,2.408
2868067.0,0.16506927,1.0,293.088013
2868145.0,0.16720264,1.0,295.152008
2868223.0,0.17243426,1.0,295.839996
2868301.0,0.15932965,1.0,294.808014
2868380.0,0.17929132,1.0,295.839996
2868458.0,0.15775518,1.0,295.496002
2868536.0,0.16405341,1.0,295.839996
2868614.0,0.18289757,1.0,4.128
2868692.0,0.14541253,1.0,2.752
2868770.0,0.17202793,1.0,2.064
2868848.0,0.17390728,1.0,2.064
2868927.0,0.18122135,1.0,2.064
2869005.0,0.1720787,1.0,2.064
2869083.0,0.18208484,1.0,293.776001
2869161.0,0.17502473,1.0,295.496002
2869239.0,0.16364709,1.0,294.808014
2869317.0,0.18040878,1.0,295.152008
2869395.0,0.17695482,1.0,296.18399
2869473.0,0.17126605,1.0,295.839996
2869551.0,0.18640229,1.0,296.18399
2869629.0,0.18396418,1.0,3.44
2869708.0,0.1902118,1.0,2.408
2869786.0,0.18685944,1.0,2.408
2869864.0,0.17964689,1.0,2.064
2869942.0,0.16908199,1.0,1.72
2870020.0,0.18914504,1.0,2.064
2870098.0,0.16786294,1.0,293.776001
2870176.0,0.20265606,1.0,295.152008
2870254.0,0.17070729,1.0,295.496002
2870332.0,0.18833239,1.0,294.808014
2870411.0,0.18289757,1.0,295.152008
2870489.0,0.17471986,1.0,295.496002
2870567.0,0.19173551,1.0,281.391998
2870645.0,0.1814754,1.0,3.096
2870723.0,0.20108144,1.0,2.064
2870801.0,0.16633916,1.0,1.72
2870879.0,0.17380567,1.0,2.064
2870957.0,0.18406579,1.0,2.064
2871035.0,0.1628852,1.0,0.0
2871114.0,0.18574192,1.0,293.776001
2871192.0,0.1290064,1.0,295.152008
2871270.0,0.16080274,1.0,295.496002
2871348.0,0.18955144,1.0,295.152008
2871426.0,0.1743136,1.0,294.463989
2871504.0,0.19732276,1.0,295.496002
2871582.0,0.16745654,1.0,56.416
2871660.0,0.17944369,1.0,2.064
2871739.0,0.17339927,1.0,2.064
2871817.0,0.1767517,1.0,2.064
2871895.0,0.17873257,1.0,1.376
2871973.0,0.17400888,1.0,2.408
2872051.0,0.18589443,1.0,210.871994
2872129.0,0.20052268,1.0,293.776001
2872207.0,0.16730417,1.0,294.808014
2872285.0,0.17502473,1.0,294.808014
2872364.0,0.15536793,1.0,295.152008
2872442.0,0.16740584,1.0,295.152008
2872520.0,0.1831516,1.0,295.839996
2872598.0,0.17456757,1.0,4.128
2872676.0,0.16527246,1.0,2.752
2872754.0,0.18096754,1.0,2.408
2872832.0,0.18467538,1.0,2.752
2872910.0,0.17019936,1.0,2.064
2872988.0,0.19859257,1.0,2.408
2873066.0,0.17751351,1.0,292.399994
2873145.0,0.17375484,1.0,295.496002
2873223.0,0.16999616,1.0,295.496002
2873301.0,0.1768024,1.0,295.152008
2873379.0,0.18325314,1.0,295.496002
2873457.0,0.17543106,1.0,294.808014
2873535.0,0.20001476,1.0,295.152008
2873613.0,0.18066266,1.0,3.096
2873691.0,0.18528484,1.0,1.376
2873769.0,0.19183718,1.0,1.72
2873848.0,0.16796446,1.0,2.064
2873926.0,0.17746268,1.0,1.376
2874004.0,0.17380567,1.0,1.72
2874082.0,0.19325928,1.0,293.088013
2874160.0,0.1583138,1.0,295.496002
2874238.0,0.16638991,1.0,295.152008
2874316.0,0.16542482,1.0,294.119995
2874395.0,0.18376106,1.0,295.152008
2874473.0,0.16313924,1.0,295.839996
2874551.0,0.14150149,1.0,294.808014
2874629.0,0.19011021,1.0,3.44
2874707.0,0.18061191,1.0,2.064
2874785.0,0.17863096,1.0,1.376
2874863.0,0.16659304,1.0,1.032
2874941.0,0.18965304,1.0,1.376
2875019.0,0.16664387,1.0,1.376
2875098.0,0.1836087,1.0,293.432007
2875176.0,0.16705021,1.0,295.152008
2875254.0,0.18213569,1.0,295.839996
2875332.0,0.18365946,1.0,296.18399
2875410.0,0.18924664,1.0,295.839996
2875488.0,0.16994548,1.0,295.839996
2875566.0,0.17979918,1.0,284.144012
2875644.0,0.17634538,1.0,3.44
2875722.0,0.17868173,1.0,2.408
2875801.0,0.17492312,1.0,2.064
2875879.0,0.18289757,1.0,2.064
2875957.0,0.16928518,1.0,2.064
2876035.0,0.17934202,1.0,0.0
2876113.0,0.18056107,1.0,294.119995
2876191.0,0.15795839,1.0,294.463989
2876269.0,0.17172322,1.0,294.808014
2876347.0,0.17507541,1.0,294.808014
2876425.0,0.17466916,1.0,294.808014
2876504.0,0.16506927,1.0,294.808014
2876582.0,0.18447219,1.0,60.888
2876660.0,0.18696098,1.0,1.72
2876738.0,0.18289757,1.0,1.376
2876816.0,0.18350717,1.0,1.72
2876894.0,0.17852944,1.0,1.72
2876972.0,0.17898653,1.0,1.72
2877050.0,0.17299302,1.0,206.056
2877129.0,0.17162161,1.0,294.808014
2877207.0,0.16024397,1.0,294.808014
2877285.0,0.16664387,1.0,295.152008
2877363.0,0.16461217,1.0,295.152008
2877441.0,0.16242804,1.0,294.808014
2877519.0,0.19016089,1.0,294.808014
2877597.0,0.17091048,1.0,2.752
2877675.0,0.14454912,1.0,1.72
2877754.0,0.17421207,1.0,1.72
2877832.0,0.18503095,1.0,1.72
2877910.0,0.17070729,1.0,1.72
2877988.0,0.18106908,1.0,1.72
2878066.0,0.1723835,1.0,291.368011
2878144.0,0.15211716,1.0,294.808014
2878222.0,0.16171698,1.0,295.152008
2878300.0,0.18076427,1.0,295.152008
2878378.0,0.18269438,1.0,294.808014
2878456.0,0.17096132,1.0,295.152008
2878535.0,0.16669464,1.0,295.496002
2878613.0,0.16405341,1.0,3.784
2878691.0,0.17990078,1.0,2.408
2878769.0,0.18289757,1.0,2.064
2878847.0,0.14846009,1.0,1.72
2878925.0,0.17030104,1.0,1.376
2879003.0,0.17883417,1.0,1.72
2879081.0,0.17741199,1.0,292.743988
2879159.0,0.1496283,1.0,294.808014
2879238.0,0.16638991,1.0,295.152008
2879316.0,0.19234495,1.0,294.808014
2879394.0,0.17106284,1.0,295.152008
2879472.0,0.17441513,1.0,295.152008
2879550.0,0.20031954,1.0,295.152008
2879628.0,0.18426898,1.0,2.752
2879706.0,0.18731654,1.0,2.064
2879784.0,0.16994548,1.0,2.064
2879863.0,0.16918351,1.0,1.72
2879941.0,0.17319608,1.0,2.064
2880019.0,0.18259284,1.0,2.064
2880097.0,0.16847238,1.0,293.776001
2880175.0,0.16999616,1.0,294.463989
2880253.0,0.16623747,1.0,294.463989
2880331.0,0.17329775,1.0,294.808014
2880409.0,0.16979304,1.0,295.152008
2880488.0,0.17385651,1.0,295.152008
2880566.0,0.18792599,1.0,285.864014
2880644.0,0.18812934,1.0,3.096
2880722.0,0.19295456,1.0,2.408
2880800.0,0.17741199,1.0,1.72
2880878.0,0.1637487,1.0,1.72
2880956.0,0.17035171,1.0,2.064
2881034.0,0.18106908,1.0,0.0
2881112.0,0.15369171,1.0,294.119995
2881190.0,0.16024397,1.0,295.152008
2881269.0,0.17466916,1.0,295.496002
2881347.0,0.17543106,1.0,295.152008
2881425.0,0.17604057,1.0,294.808014
2881503.0,0.16557719,1.0,295.152008
2881581.0,0.17370415,1.0,66.736
2881659.0,0.17705643,1.0,2.064
2881737.0,0.19254816,1.0,1.72
2881815.0,0.1719771,1.0,1.72
2881893.0,0.16161539,1.0,2.408
2881972.0,0.178377,1.0,1.72
2882050.0,0.18106908,1.0,198.832001
2882128.0,0.16552651,1.0,295.152008
2882206.0,0.15242189,1.0,295.152008
2882284.0,0.201437,1.0,295.496002
2882362.0,0.16120906,1.0,295.152008
2882440.0,0.18584353,1.0,295.152008
2882518.0,0.15653613,1.0,295.152008
2882596.0,0.17172322,1.0,3.096
2882675.0,0.16471379,1.0,2.408
2882753.0,0.17390728,1.0,1.72
2882831.0,0.1791389,1.0,1.72
2882909.0,0.19137993,1.0,2.064
2882987.0,0.17852944,1.0,1.72
2883065.0,0.18899275,1.0,291.712006
2883143.0,0.16293596,1.0,294.808014
2883221.0,0.15511395,1.0,294.808014
2883300.0,0.1919387,1.0,294.808014
2883378.0,0.17969757,1.0,295.839996
2883456.0,0.1716723,1.0,295.152008
2883534.0,0.18944992,1.0,295.496002
2883612.0,0.19920211,1.0,3.096
2883690.0,0.18558964,1.0,2.064
2883768.0,0.18228813,1.0,2.064
2883846.0,0.16258048,1.0,2.064
2883925.0,0.1772088,1.0,2.064
2884003.0,0.18345633,1.0,1.72
2884081.0,0.19671331,1.0,293.432007
2884159.0,0.17284058,1.0,295.152008
2884237.0,0.17050415,1.0,295.152008
2884315.0,0.16659304,1.0,295.496002
2884393.0,0.18117067,1.0,295.496002
2884471.0,0.16512011,1.0,295.496002
2884549.0,0.19285303,1.0,295.839996
2884628.0,0.17395803,1.0,3.096
2884706.0,0.1902118,1.0,2.064
2884784.0,0.18193255,1.0,2.064
2884862.0,0.19651003,1.0,2.064
2884940.0,0.1836087,1.0,2.064
2885018.0,0.16903114,1.0,2.064
2885096.0,0.17908813,1.0,293.776001
2885174.0,0.16324076,1.0,295.152008
2885252.0,0.17791991,1.0,295.152008
2885331.0,0.16004086,1.0,295.152008
2885409.0,0.18442135,1.0,295.496002
2885487.0,0.18040878,1.0,295.496002
2885565.0,0.18741813,1.0,289.64801
2885643.0,0.17065644,1.0,3.096
2885721.0,0.19610371,1.0,2.064
2885799.0,0.16562803,1.0,2.064
2885877.0,0.16984387,1.0,2.064
2885955.0,0.19178635,1.0,2.064
2886034.0,0.16837086,1.0,0.344
2886112.0,0.18411662,1.0,293.776001
2886190.0,0.16430746,1.0,295.496002
2886268.0,0.1716723,1.0,295.496002
2886346.0,0.18066266,1.0,295.496002
2886424.0,0.18513247,1.0,295.496002
2886502.0,0.18777378,1.0,295.496002
2886581.0,0.17797068,1.0,74.648003
2886659.0,0.17157078,1.0,2.064
2886737.0,0.1895006,1.0,2.064
2886815.0,0.15821227,1.0,2.064
2886893.0,0.18614833,1.0,2.064
2886971.0,0.17629446,1.0,2.064
2887049.0,0.17761512,1.0,192.983994
2887127.0,0.19092286,1.0,295.152008
2887205.0,0.16552651,1.0,295.152008
2887283.0,0.17360255,1.0,295.152008
2887362.0,0.17456757,1.0,295.496002
2887440.0,0.18762127,1.0,295.496002
2887518.0,0.16517086,1.0,295.496002
2887596.0,0.16501857,1.0,3.44
2887674.0,0.1720787,1.0,1.72
2887752.0,0.18289757,1.0,1.376
2887830.0,0.18391342,1.0,2.064
2887908.0,0.17736116,1.0,2.064
2887986.0,0.16557719,1.0,2.064
2888065.0,0.18172936,1.0,292.056
2888143.0,0.18660541,1.0,295.152008
2888221.0,0.16664387,1.0,295.496002
2888299.0,0.15232037,1.0,295.496002
2888377.0,0.17964689,1.0,295.152008
2888455.0,0.17649767,1.0,295.496002
2888533.0,0.1832023,1.0,295.496002
2888611.0,0.15887256,1.0,3.44
2888689.0,0.18548803,1.0,2.064
2888768.0,0.17192633,1.0,2.064
2888846.0,0.17487237,1.0,2.064
2888924.0,0.1741104,1.0,1.72
2889002.0,0.18061191,1.0,2.064
2889080.0,0.16933587,1.0,293.432007
2889158.0,0.17136757,1.0,295.152008
2889236.0,0.17162161,1.0,295.496002
2889315.0,0.16004086,1.0,295.152008
2889393.0,0.17319608,1.0,295.496002
2889471.0,0.18294841,1.0,295.496002
2889549.0,0.178885,1.0,295.496002
2889627.0,0.18137379,1.0,3.096
2889705.0,0.18797682,1.0,2.064
2889783.0,0.17563418,1.0,2.064
2889861.0,0.16156462,1.0,3.096
2889939.0,0.181577,1.0,3.096
2890018.0,0.19762748,1.0,2.752
2890096.0,0.16872641,1.0,294.808014
2890174.0,0.16044718,1.0,296.18399
2890252.0,0.18848476,1.0,295.839996
2890330.0,0.17492312,1.0,296.18399
2890408.0,0.16806613,1.0,296.18399
2890486.0,0.18431975,1.0,295.839996
2890564.0,0.16908199,1.0,293.088013
2890642.0,0.18848476,1.0,3.784
2890721.0,0.18091664,1.0,2.408
2890799.0,0.18452294,1.0,3.096
2890877.0,0.18619916,1.0,2.752
2890955.0,0.16715181,1.0,2.408
2891033.0,0.17746268,1.0,0.688
2891111.0,0.1677614,1.0,293.432007
2891189.0,0.15282822,1.0,295.152008
2891267.0,0.17157078,1.0,294.808014
2891345.0,0.15729801,1.0,295.152008
2891423.0,0.17268831,1.0,295.152008
2891502.0,0.17212954,1.0,295.496002
2891580.0,0.17233273,1.0,83.935997
2891658.0,0.18010399,1.0,2.064
2891736.0,0.19320844,1.0,2.064
2891814.0,0.17629446,1.0,2.064
2891892.0,0.19615455,1.0,2.064
2891970.0,0.17598973,1.0,2.064
2892048.0,0.19092286,1.0,184.727997
2892127.0,0.16319001,1.0,295.152008
2892205.0,0.16120906,1.0,295.152008
2892283.0,0.17162161,1.0,295.496002
2892361.0,0.18904352,1.0,295.496002
2892439.0,0.1581106,1.0,295.496002
2892517.0,0.19859257,1.0,295.496002
2892595.0,0.17746268,1.0,3.44
2892673.0,0.20285918,1.0,3.096
2892752.0,0.18889116,1.0,2.752
2892830.0,0.1831516,1.0,3.096
2892908.0,0.19224343,1.0,2.752
2892986.0,0.17979918,1.0,2.752
2893064.0,0.19386873,1.0,292.399994
2893142.0,0.18249124,1.0,295.839996
2893220.0,0.17441513,1.0,295.496002
2893298.0,0.18741813,1.0,295.839996
2893376.0,0.19112597,1.0,295.839996
2893455.0,0.19082119,1.0,295.839996
2893533.0,0.17949446,1.0,295.839996
2893611.0,0.17426284,1.0,3.784
2893689.0,0.19635767,1.0,2.408
2893767.0,0.19696712,1.0,2.408
2893845.0,0.17934202,1.0,2.408
2893923.0,0.17832623,1.0,2.408
2894001.0,0.16110747,1.0,2.064
2894079.0,0.17858021,1.0,293.432007
2894158.0,0.1653233,1.0,295.152008
2894236.0,0.16867559,1.0,295.839996
2894314.0,0.16156462,1.0,295.152008
2894392.0,0.19605295,1.0,295.496002
2894470.0,0.15902492,1.0,295.496002
2894548.0,0.1379967,1.0,295.496002
2894626.0,0.20753211,1.0,3.096
2894704.0,0.16486613,1.0,2.064
2894782.0,0.17446597,1.0,2.064
2894861.0,0.1937672,1.0,2.064
2894939.0,0.18137379,1.0,2.064
2895017.0,0.16303764,1.0,2.064
2895095.0,0.16969143,1.0,293.776001
2895173.0,0.18076427,1.0,295.152008
2895251.0,0.16029482,1.0,296.18399
2895329.0,0.17223106,1.0,296.18399
2895407.0,0.19041494,1.0,296.18399
2895486.0,0.19132911,1.0,296.18399
2895564.0,0.19127841,1.0,296.872009
2895642.0,0.16019313,1.0,3.784
2895720.0,0.20534804,1.0,2.408
2895798.0,0.18467538,1.0,2.408
2895876.0,0.18111983,1.0,2.408
2895954.0,0.17751351,1.0,2.408
2896032.0,0.18431975,1.0,1.032
2896110.0,0.17192633,1.0,293.776001
2896189.0,0.16669464,1.0,295.496002
2896267.0,0.18101823,1.0,295.839996
2896345.0,0.18665625,1.0,295.839996
2896423.0,0.18711334,1.0,295.839996
2896501.0,0.181577,1.0,295.839996
2896579.0,0.18279597,1.0,90.472
2896657.0,0.16440898,1.0,2.064
2896735.0,0.18660541,1.0,2.408
2896813.0,0.18284689,1.0,2.408
2896892.0,0.17756443,1.0,2.408
2896970.0,0.17685322,1.0,2.064
2897048.0,0.16974227,1.0,165.464005
2897126.0,0.19219275,1.0,295.152008
2897204.0,0.15653613,1.0,295.496002
2897282.0,0.16953906,1.0,295.496002
2897360.0,0.18152615,1.0,295.496002
2897438.0,0.17019936,1.0,295.496002
2897516.0,0.19148162,1.0,295.839996
2897595.0,0.17548181,1.0,3.44
2897673.0,0.17502473,1.0,2.408
2897751.0,0.19117682,1.0,2.064
2897829.0,0.19757672,1.0,2.064
2897907.0,0.17868173,1.0,2.064
2897985.0,0.19305615,1.0,3.096
2898063.0,0.18167852,1.0,292.399994
2898141.0,0.18391342,1.0,295.839996
2898220.0,0.17522793,1.0,295.839996
2898298.0,0.18843406,1.0,295.839996
2898376.0,0.16039641,1.0,295.839996
2898454.0,0.19148162,1.0,295.839996
2898532.0,0.17395803,1.0,295.839996
2898610.0,0.16964075,1.0,3.44
2898688.0,0.17771672,1.0,2.408
2898766.0,0.19884646,1.0,2.408
2898844.0,0.20316391,1.0,2.408
2898923.0,0.20707487,1.0,2.064
2899001.0,0.17751351,1.0,2.408
2899079.0,0.18777378,1.0,294.119995
2899157.0,0.18823086,1.0,295.496002
2899235.0,0.19056728,1.0,295.839996
2899313.0,0.17944369,1.0,295.496002
2899391.0,0.19336095,1.0,295.839996
2899469.0,0.17253579,1.0,295.152008
2899548.0,0.18188173,1.0,295.839996
2899626.0,0.16969143,1.0,3.096
2899704.0,0.19976079,1.0,2.408
2899782.0,0.17700566,1.0,1.72
2899860.0,0.20296077,1.0,2.064
2899938.0,0.18833239,1.0,1.72
2900016.0,0.17583738,1.0,2.064
2900094.0,0.18579276,1.0,293.776001
2900173.0,0.17436443,1.0,295.496002
2900251.0,0.17959605,1.0,295.496002
2900329.0,0.18020558,1.0,295.496002
2900407.0,0.17436443,1.0,295.496002
2900485.0,0.19026257,1.0,295.496002
2900563.0,0.17995162,1.0,297.559998
2900641.0,0.1767517,1.0,3.096
2900719.0,0.20509401,1.0,2.064
2900797.0,0.20128456,1.0,2.064
2900875.0,0.19148162,1.0,2.064
2900954.0,0.18401502,1.0,1.72
2901032.0,0.16938671,1.0,0.688
2901110.0,0.18188173,1.0,293.776001
2901188.0,0.16313924,1.0,295.152008
2901266.0,0.16572963,1.0,295.152008
2901344.0,0.17802145,1.0,295.496002
2901422.0,0.15292981,1.0,295.496002
2901500.0,0.17324698,1.0,295.496002
2901578.0,0.19087209,1.0,98.727997
2901657.0,0.17609134,1.0,2.064
2901735.0,0.20280834,1.0,2.064
2901813.0,0.19011021,1.0,2.408
2901891.0,0.21367805,1.0,2.064
2901969.0,0.18909435,1.0,2.064
2902047.0,0.16268207,1.0,156.520004
2902125.0,0.18848476,1.0,295.496002
2902203.0,0.17665011,1.0,295.152008
2902282.0,0.18812934,1.0,295.496002
2902360.0,0.15999001,1.0,294.808014
2902438.0,0.17918973,1.0,295.496002
2902516.0,0.18289757,1.0,295.496002
2902594.0,0.19610371,1.0,3.096
2902672.0,0.16618679,1.0,1.72
2902750.0,0.20072588,1.0,2.064
2902828.0,0.17101201,1.0,2.064
2902906.0,0.19188787,1.0,2.408
2902985.0,0.17563418,1.0,2.064
2903063.0,0.18853559,1.0,291.712006
2903141.0,0.18411662,1.0,295.152008
2903219.0,0.15755199,1.0,295.496002
2903297.0,0.16618679,1.0,295.496002
2903375.0,0.16080274,1.0,295.496002
2903453.0,0.18005322,1.0,295.496002
2903531.0,0.17670086,1.0,295.839996
2903609.0,0.18889116,1.0,3.096
2903688.0,0.16872641,1.0,2.064
2903766.0,0.17995162,1.0,2.064
2903844.0,0.18518324,1.0,2.064
2903922.0,0.17944369,1.0,2.064
2904000.0,0.17873257,1.0,2.064
2904078.0,0.17908813,1.0,293.432007
2904156.0,0.17685322,1.0,295.152008
2904234.0,0.18132296,1.0,295.152008
2904312.0,0.17964689,1.0,295.496002
2904391.0,0.17578661,1.0,295.496002
2904469.0,0.19320844,1.0,295.496002
2904547.0,0.18726569,1.0,295.152008
2904625.0,0.17842785,1.0,3.096
2904703.0,0.17532945,1.0,1.72
2904781.0,0.16760889,1.0,2.064
2904859.0,0.18498011,1.0,2.064
2904938.0,0.19457993,1.0,2.064
2905016.0,0.17665011,1.0,2.064
2905094.0,0.18772286,1.0,293.432007
2905172.0,0.19767833,1.0,295.152008
2905250.0,0.15795839,1.0,295.496002
2905328.0,0.17284058,1.0,295.152008
2905406.0,0.18609749,1.0,295.496002
2905484.0,0.1968656,1.0,295.496002
2905562.0,0.17106284,1.0,298.247986
2905641.0,0.17314538,1.0,3.096
2905719.0,0.19219275,1.0,2.064
2905797.0,0.19630684,1.0,2.064
2905875.0,0.19757672,1.0,2.064
2905953.0,0.19188787,1.0,2.064
2906031.0,0.17050415,1.0,0.688
2906109.0,0.17355171,1.0,293.776001
2906187.0,0.1649169,1.0,295.152008
2906265.0,0.18086587,1.0,295.496002
2906344.0,0.19295456,1.0,295.152008
2906422.0,0.19341172,1.0,295.496002
2906500.0,0.18218659,1.0,295.496002
2906578.0,0.17045332,1.0,105.952003
2906656.0,0.18909435,1.0,2.064
2906734.0,0.19361492,1.0,2.064
2906812.0,0.18010399,1.0,2.064
2906890.0,0.18706258,1.0,2.064
2906968.0,0.19016089,1.0,1.72
2907046.0,0.17075805,1.0,147.231995
2907125.0,0.1701486,1.0,294.808014
2907203.0,0.17157078,1.0,295.496002
2907281.0,0.18345633,1.0,295.839996
2907359.0,0.17959605,1.0,295.496002
2907437.0,0.18371029,1.0,294.808014
2907515.0,0.18172936,1.0,295.496002
2907593.0,0.17771672,1.0,2.408
2907671.0,0.17009775,1.0,1.72
2907750.0,0.18579276,1.0,1.376
2907828.0,0.18396418,1.0,2.408
2907906.0,0.17258662,1.0,1.72
2907984.0,0.19554502,1.0,1.72
2908062.0,0.18289757,1.0,291.368011
2908140.0,0.19722116,1.0,295.152008
2908218.0,0.17146924,1.0,295.152008
2908296.0,0.1808151,1.0,294.463989
2908375.0,0.18726569,1.0,295.496002
2908453.0,0.20275758,1.0,295.496002
2908531.0,0.16892962,1.0,295.152008
2908609.0,0.17781824,1.0,3.096
2908687.0,0.17273898,1.0,1.72
2908765.0,0.1832023,1.0,2.064
2908843.0,0.17355171,1.0,1.72
2908921.0,0.17827548,1.0,2.064
2908999.0,0.19717032,1.0,2.064
2909077.0,0.17736116,1.0,293.088013
2909156.0,0.18741813,1.0,295.152008
2909234.0,0.17969757,1.0,295.152008
2909312.0,0.18731654,1.0,295.496002
2909390.0,0.18183096,1.0,295.496002
2909468.0,0.1767517,1.0,295.496002
2909546.0,0.17685322,1.0,295.496002
2909624.0,0.189907,1.0,3.096
2909702.0,0.17944369,1.0,2.064
2909780.0,0.18757057,1.0,2.064
2909859.0,0.17390728,1.0,2.064
2909937.0,0.19000852,1.0,2.064
2910015.0,0.1743136,1.0,2.064
2910093.0,0.18223728,1.0,293.776001
2910171.0,0.16242804,1.0,295.152008
2910249.0,0.20138617,1.0,295.152008
2910327.0,0.19092286,1.0,295.152008
2910406.0,0.18426898,1.0,295.496002
2910484.0,0.18335474,1.0,295.496002
2910562.0,0.18391342,1.0,298.59201
2910640.0,0.17319608,1.0,3.096
2910718.0,0.19310692,1.0,2.408
2910796.0,0.19732276,1.0,2.064
2910874.0,0.18894191,1.0,2.064
2910952.0,0.18132296,1.0,2.408
2911030.0,0.17903729,1.0,1.032
2911109.0,0.17258662,1.0,294.119995
2911187.0,0.16425654,1.0,295.496002
2911265.0,0.19270059,1.0,295.839996
2911343.0,0.186707,1.0,295.496002
2911421.0,0.20783684,1.0,295.496002
2911499.0,0.16669464,1.0,295.496002
2911577.0,0.19046569,1.0,114.208
2911655.0,0.1895006,1.0,1.72
2911733.0,0.18498011,1.0,2.064
2911812.0,0.16760889,1.0,2.064
2911890.0,0.19442749,1.0,2.064
2911968.0,0.18746898,1.0,2.064
2912046.0,0.17604057,1.0,142.072006
2912124.0,0.20052268,1.0,295.152008
2912202.0,0.14551413,1.0,295.152008
2912280.0,0.17842785,1.0,295.152008
2912358.0,0.19996399,1.0,295.496002
2912436.0,0.19056728,1.0,295.496002
2912514.0,0.18228813,1.0,295.496002
2912593.0,0.19783062,1.0,2.408
2912671.0,0.18101823,1.0,2.064
2912749.0,0.20240201,1.0,2.064
2912827.0,0.17949446,1.0,2.064
2912905.0,0.17985001,1.0,2.064
2912983.0,0.17212954,1.0,2.408
2913061.0,0.18843406,1.0,291.023987
2913140.0,0.17624378,1.0,295.152008
2913218.0,0.17405955,1.0,295.152008
2913296.0,0.19102438,1.0,295.496002
2913374.0,0.18233888,1.0,295.496002
2913452.0,0.18685944,1.0,295.152008
2913530.0,0.181577,1.0,295.152008
2913608.0,0.18873879,1.0,3.096
2913686.0,0.18127227,1.0,1.72
2913764.0,0.17797068,1.0,2.064
2913843.0,0.18228813,1.0,2.064
2913921.0,0.1807135,1.0,2.064
2913999.0,0.19071965,1.0,2.064
2914077.0,0.1919387,1.0,292.743988
2914155.0,0.17339927,1.0,295.152008
2914233.0,0.18548803,1.0,294.463989
2914311.0,0.17898653,1.0,295.152008
2914389.0,0.17771672,1.0,294.808014
2914467.0,0.17101201,1.0,294.808014
2914546.0,0.1984909,1.0,294.808014
2914624.0,0.17746268,1.0,3.096
2914702.0,0.19590059,1.0,1.032
2914780.0,0.22353184,1.0,2.064
2914858.0,0.19498625,1.0,2.064
2914936.0,0.1772088,1.0,1.72
2915014.0,0.18142456,1.0,2.064
2915092.0,0.17908813,1.0,292.743988
2915171.0,0.18564039,1.0,294.119995
2915249.0,0.17477068,1.0,294.808014
2915327.0,0.1838119,1.0,295.496002
2915405.0,0.18051031,1.0,295.152008
2915483.0,0.19107522,1.0,295.496002
2915561.0,0.19137993,1.0,294.808014
2915639.0,0.18675777,1.0,3.44
2915717.0,0.20773523,1.0,1.72
2915795.0,0.18218659,1.0,2.408
2915874.0,0.18955144,1.0,2.064
2915952.0,0.17202793,1.0,1.72
2916030.0,0.19137993,1.0,0.688
2916108.0,0.17873257,1.0,293.432007
2916186.0,0.1716723,1.0,295.152008
2916264.0,0.2016402,1.0,294.808014
2916342.0,0.1724851,1.0,294.808014
2916420.0,0.17289135,1.0,295.152008
2916498.0,0.1814754,1.0,295.152008
2916577.0,0.19320844,1.0,121.087997
2916655.0,0.18767209,1.0,2.408
2916733.0,0.18939908,1.0,2.064
2916811.0,0.18437067,1.0,2.064
2916889.0,0.19137993,1.0,2.408
2916967.0,0.18726569,1.0,2.408
2917045.0,0.20118296,1.0,134.848007
2917123.0,0.1919387,1.0,295.152008
2917201.0,0.16136143,1.0,295.152008
2917280.0,0.17365332,1.0,295.152008
2917358.0,0.1838119,1.0,295.152008
2917436.0,0.18904352,1.0,295.496002
2917514.0,0.17990078,1.0,295.496002
2917592.0,0.18777378,1.0,2.408
2917670.0,0.19442749,1.0,2.064
2917748.0,0.19112597,1.0,2.064
2917826.0,0.18619916,1.0,2.408
2917904.0,0.17532945,1.0,2.064
2917983.0,0.19016089,1.0,2.408
2918061.0,0.19696712,1.0,290.679993
2918139.0,0.20971617,1.0,295.152008
2918217.0,0.17466916,1.0,295.839996
2918295.0,0.19544335,1.0,295.839996
2918373.0,0.17345011,1.0,295.839996
2918451.0,0.19529098,1.0,295.152008
2918529.0,0.18609749,1.0,295.496002
2918608.0,0.19331011,1.0,2.752
2918686.0,0.18254201,1.0,2.064
2918764.0,0.18259284,1.0,2.064
2918842.0,0.18178011,1.0,2.064
2918920.0,0.20438296,1.0,1.72
2918998.0,0.18208484,1.0,2.064
2919076.0,0.18238965,1.0,292.743988
2919154.0,0.16745654,1.0,295.152008
2919232.0,0.16898046,1.0,294.463989
2919311.0,0.16958991,1.0,295.839996
2919389.0,0.1768024,1.0,295.496002
2919467.0,0.1836087,1.0,295.152008
2919545.0,0.19930363,1.0,295.152008
2919623.0,0.1768024,1.0,3.096
2919701.0,0.16588207,1.0,1.72
2919779.0,0.18955144,1.0,2.064
2919857.0,0.21291609,1.0,1.376
2919936.0,0.17278983,1.0,2.064
2920014.0,0.17969757,1.0,2.064
2920092.0,0.21291609,1.0,294.463989
2920170.0,0.18183096,1.0,295.152008
2920248.0,0.19305615,1.0,295.496002
2920326.0,0.19209114,1.0,294.808014
2920404.0,0.16771057,1.0,295.839996
2920482.0,0.1807135,1.0,295.496002
2920561.0,0.19127841,1.0,297.216003
2920639.0,0.18843406,1.0,3.096
2920717.0,0.20875116,1.0,2.064
2920795.0,0.19508778,1.0,1.72
2920873.0,0.20062427,1.0,2.064
2920951.0,0.18350717,1.0,2.064
2921029.0,0.17477068,1.0,0.344
2921107.0,0.18162784,1.0,293.776001
2921185.0,0.16034557,1.0,295.152008
2921264.0,0.19325928,1.0,295.496002
2921342.0,0.19407201,1.0,295.496002
2921420.0,0.21987475,1.0,295.496002
2921498.0,0.18015474,1.0,295.839996
2921576.0,0.19285303,1.0,132.440002
2921654.0,0.18152615,1.0,1.376
2921732.0,0.22480164,1.0,1.032
2921810.0,0.17705643,1.0,1.376
2921888.0,0.18924664,1.0,2.064
2921966.0,0.19544335,1.0,2.064
2922045.0,0.17070729,1.0,131.408005
2922123.0,0.18437067,1.0,295.152008
2922201.0,0.16583115,1.0,295.152008
2922279.0,0.1701486,1.0,295.496002
2922357.0,0.17974849,1.0,295.496002
2922435.0,0.20138617,1.0,295.152008
2922513.0,0.18823086,1.0,295.496002
2922591.0,0.17395803,1.0,2.408
2922669.0,0.16537407,1.0,2.408
2922748.0,0.19447833,1.0,2.064
2922826.0,0.18117067,1.0,2.064
2922904.0,0.18706258,1.0,2.064
2922982.0,0.16252963,1.0,2.064
2923060.0,0.17400888,1.0,290.679993
2923138.0,0.17400888,1.0,295.152008
2923216.0,0.16684708,1.0,295.152008
2923294.0,0.16786294,1.0,295.152008
2923373.0,0.18152615,1.0,295.496002
2923451.0,0.18863711,1.0,295.496002
2923529.0,0.19234495,1.0,295.496002
2923607.0,0.21311928,1.0,3.44
2923685.0,0.18249124,1.0,2.752
2923763.0,0.19838938,1.0,2.064
2923841.0,0.21596372,1.0,2.064
2923919.0,0.17639615,1.0,2.408
2923998.0,0.18304993,1.0,2.752
2924076.0,0.17497389,1.0,294.119995
2924154.0,0.19742437,1.0,295.839996
2924232.0,0.18442135,1.0,295.152008
2924310.0,0.19107522,1.0,295.839996
2924388.0,0.18437067,1.0,294.463989
2924466.0,0.19656087,1.0,295.496002
2924544.0,0.18751974,1.0,295.839996
2924622.0,0.17527862,1.0,4.128
2924701.0,0.19981155,1.0,2.408
2924779.0,0.1767517,1.0,2.064
2924857.0,0.19717032,1.0,2.752
2924935.0,0.20387496,1.0,1.032
2925013.0,0.18457371,1.0,1.376
2925091.0,0.17715795,1.0,292.743988
2925169.0,0.18904352,1.0,294.463989
2925247.0,0.15440276,1.0,294.119995
2925326.0,0.18564039,1.0,295.152008
2925404.0,0.17736116,1.0,294.808014
2925482.0,0.16882795,1.0,294.808014
2925560.0,0.20067504,1.0,296.528015
2925638.0,0.20788766,1.0,3.096
2925716.0,0.19285303,1.0,1.72
2925794.0,0.20052268,1.0,1.72
2925872.0,0.1838119,1.0,1.72
2925950.0,0.1768024,1.0,1.72
2926029.0,0.16715181,1.0,0.688
2926107.0,0.19788145,1.0,293.776001
2926185.0,0.16684708,1.0,295.152008
2926263.0,0.20737974,1.0,295.152008
2926341.0,0.17157078,1.0,296.18399
2926419.0,0.1494251,1.0,296.18399
2926497.0,0.20006551,1.0,296.18399
2926575.0,0.1838119,1.0,142.416
2926653.0,0.18848476,1.0,2.752
2926732.0,0.18965304,1.0,2.408
2926810.0,0.18757057,1.0,2.408
2926888.0,0.19285303,1.0,2.408
2926966.0,0.18086587,1.0,2.408
2927044.0,0.18635152,1.0,124.872002
2927122.0,0.17111368,1.0,295.496002
2927200.0,0.16542482,1.0,295.496002
2927278.0,0.18228813,1.0,295.496002
2927356.0,0.16364709,1.0,295.839996
2927435.0,0.16994548,1.0,295.496002
2927513.0,0.18238965,1.0,295.839996
2927591.0,0.17228189,1.0,1.376
2927669.0,0.200929,1.0,1.72
2927747.0,0.19554502,1.0,1.376
2927825.0,0.18203408,1.0,1.72
2927903.0,0.19584975,1.0,1.72
2927981.0,0.17649767,1.0,1.376
2928059.0,0.20219882,1.0,289.992004
2928138.0,0.20463692,1.0,294.463989
2928216.0,0.15958369,1.0,294.808014
2928294.0,0.19544335,1.0,295.152008
2928372.0,0.15120284,1.0,295.152008
2928450.0,0.18533568,1.0,295.496002
2928528.0,0.18421815,1.0,295.152008
2928606.0,0.19051646,1.0,2.752
2928684.0,0.18421815,1.0,1.376
2928762.0,0.19554502,1.0,1.376
2928841.0,0.19554502,1.0,1.032
2928919.0,0.19219275,1.0,1.376
2928997.0,0.18889116,1.0,1.376
2929075.0,0.17050415,1.0,294.119995
2929153.0,0.1831007,1.0,295.496002
2929231.0,0.18386258,1.0,295.839996
2929309.0,0.18452294,1.0,295.496002
2929387.0,0.19742437,1.0,295.496002
2929466.0,0.19711956,1.0,295.839996
2929544.0,0.16090433,1.0,295.496002
2929622.0,0.19549426,1.0,3.096
2929700.0,0.19082119,1.0,2.064
2929778.0,0.16943747,1.0,2.064
2929856.0,0.17304386,1.0,1.72
2929934.0,0.19290371,1.0,1.72
2930012.0,0.18431975,1.0,1.72
2930090.0,0.19061813,1.0,293.776001
2930169.0,0.18335474,1.0,295.496002
2930247.0,0.17781824,1.0,295.152008
2930325.0,0.18518324,1.0,294.808014
2930403.0,0.19244663,1.0,295.496002
2930481.0,0.18503095,1.0,295.496002
2930559.0,0.18818003,1.0,296.872009
2930637.0,0.20179249,1.0,2.752
2930715.0,0.20976701,1.0,1.72
2930794.0,0.1649169,1.0,1.72
2930872.0,0.19000852,1.0,1.72
2930950.0,0.18569124,1.0,1.72
2931028.0,0.18518324,1.0,0.344
2931106.0,0.18924664,1.0,293.776001
2931184.0,0.16425654,1.0,294.808014
2931262.0,0.20184325,1.0,295.152008
2931340.0,0.15389498,1.0,295.152008
2931419.0,0.15948209,1.0,295.496002
2931497.0,0.18873879,1.0,295.496002
2931575.0,0.20057344,1.0,153.768005
2931653.0,0.18655473,1.0,1.376
2931731.0,0.20814164,1.0,1.376
2931809.0,0.2146939,1.0,1.72
2931887.0,0.18005322,1.0,1.376
2931965.0,0.1759389,1.0,1.376
2932043.0,0.18401502,1.0,117.304001
2932121.0,0.19249746,1.0,294.463989
2932200.0,0.15714559,1.0,295.839996
2932278.0,0.18233888,1.0,295.496002
2932356.0,0.17791991,1.0,296.18399
2932434.0,0.17573577,1.0,295.496002
2932512.0,0.20910673,1.0,296.18399
2932590.0,0.18655473,1.0,1.72
2932668.0,0.1973736,1.0,2.408
2932746.0,0.18594512,1.0,2.064
2932824.0,0.20590666,1.0,2.408
2932903.0,0.19381805,1.0,2.408
2932981.0,0.19285303,1.0,1.72
2933059.0,0.20504332,1.0,288.615997
2933137.0,0.18944992,1.0,294.463989
2933215.0,0.178377,1.0,294.808014
2933293.0,0.20250362,1.0,294.463989
2933371.0,0.1831516,1.0,294.463989
2933449.0,0.20133547,1.0,295.152008
2933527.0,0.17019936,1.0,295.496002
2933606.0,0.21977316,1.0,2.408
2933684.0,0.19986239,1.0,2.064
2933762.0,0.2032655,1.0,2.064
2933840.0,0.18020558,1.0,2.064
2933918.0,0.17979918,1.0,2.064
2933996.0,0.17532945,1.0,2.064
2934074.0,0.17309456,1.0,293.088013
2934152.0,0.18558964,1.0,295.152008
2934231.0,0.17096132,1.0,295.152008
2934309.0,0.14769819,1.0,295.152008
2934387.0,0.17192633,1.0,295.496002
2934465.0,0.18609749,1.0,294.808014
2934543.0,0.19305615,1.0,295.496002
2934621.0,0.16075189,1.0,3.096
2934699.0,0.15013631,1.0,1.376
2934777.0,0.18564039,1.0,1.72
2934855.0,0.1724851,1.0,2.064
2934934.0,0.17416117,1.0,2.064
2935012.0,0.17162161,1.0,2.064
2935090.0,0.16943747,1.0,293.432007
2935168.0,0.14480293,1.0,294.463989
2935246.0,0.17858021,1.0,295.152008
2935324.0,0.18939908,1.0,294.808014
2935402.0,0.18020558,1.0,295.496002
2935480.0,0.17949446,1.0,295.496002
2935558.0,0.18421815,1.0,297.559998
2935637.0,0.18284689,1.0,3.096
2935715.0,0.20199576,1.0,2.064
2935793.0,0.18330389,1.0,1.376
2935871.0,0.17456757,1.0,2.064
2935949.0,0.18345633,1.0,2.064
2936027.0,0.17218022,1.0,1.72
2936105.0,0.16892962,1.0,293.776001
2936183.0,0.17441513,1.0,294.808014
2936261.0,0.17350088,1.0,295.152008
2936340.0,0.1814754,1.0,295.496002
2936418.0,0.16928518,1.0,295.496002
2936496.0,0.18772286,1.0,294.463989
2936574.0,0.18696098,1.0,162.024002
2936652.0,0.17253579,1.0,2.064
2936730.0,0.19518946,1.0,2.064
2936808.0,0.18894191,1.0,2.064
2936887.0,0.17710726,1.0,2.064
2936965.0,0.19295456,1.0,1.376
2937043.0,0.17304386,1.0,108.360001
2937121.0,0.17009775,1.0,295.152008
2937199.0,0.15856783,1.0,295.152008
2937277.0,0.16765973,1.0,295.496002
2937355.0,0.18757057,1.0,295.152008
2937433.0,0.18396418,1.0,294.463989
2937511.0,0.17903729,1.0,295.496002
2937590.0,0.18188173,1.0,2.064
2937668.0,0.18386258,1.0,1.72
2937746.0,0.19732276,1.0,2.064
2937824.0,0.18289757,1.0,1.72
2937902.0,0.1814754,1.0,1.376
2937980.0,0.16567887,1.0,1.72
2938058.0,0.16796446,1.0,288.959991
2938136.0,0.18884031,1.0,295.839996
2938214.0,0.14480293,1.0,295.152008
2938292.0,0.1669486,1.0,295.152008
2938371.0,0.18635152,1.0,295.496002
2938449.0,0.18609749,1.0,295.152008
2938527.0,0.17502473,1.0,295.152008
2938605.0,0.17223106,1.0,3.096
2938683.0,0.18391342,1.0,1.72
2938761.0,0.18767209,1.0,2.064
2938839.0,0.1791389,1.0,1.72
2938917.0,0.16867559,1.0,2.064
2938996.0,0.18477692,1.0,2.064
2939074.0,0.17522793,1.0,293.088013
2939152.0,0.17924049,1.0,295.496002
2939230.0,0.19818617,1.0,295.152008
2939308.0,0.1589234,1.0,295.496002
2939386.0,0.21250984,1.0,295.496002
2939464.0,0.18010399,1.0,295.496002
2939542.0,0.16385029,1.0,295.496002
2939621.0,0.17741199,1.0,3.096
2939699.0,0.19391964,1.0,2.064
2939777.0,0.16181859,1.0,2.064
2939855.0,0.17700566,1.0,2.064
2939933.0,0.18503095,1.0,2.064
2940011.0,0.17776756,1.0,2.064
2940089.0,0.18680862,1.0,293.776001
2940167.0,0.14607282,1.0,295.152008
2940245.0,0.17898653,1.0,295.496002
2940323.0,0.19518946,1.0,295.152008
2940402.0,0.19412278,1.0,295.152008
2940480.0,0.19518946,1.0,295.496002
2940558.0,0.17278983,1.0,297.216003
2940636.0,0.19071965,1.0,3.784
2940714.0,0.20296077,1.0,1.72
2940792.0,0.1649169,1.0,2.064
2940870.0,0.1764469,1.0,1.72
2940948.0,0.20534804,1.0,2.064
2941026.0,0.17725955,1.0,1.376
2941105.0,0.19970995,1.0,293.776001
2941183.0,0.17141841,1.0,295.839996
2941261.0,0.18564039,1.0,294.808014
2941339.0,0.16359626,1.0,295.496002
2941417.0,0.18655473,1.0,295.839996
2941495.0,0.17522793,1.0,296.18399
2941573.0,0.18858635,1.0,170.279999
2941652.0,0.18330389,1.0,3.096
2941730.0,0.2052972,1.0,2.064
2941808.0,0.18716417,1.0,2.752
2941886.0,0.1759389,1.0,2.752
2941964.0,0.19209114,1.0,2.408
2942042.0,0.18330389,1.0,92.192001
2942120.0,0.17157078,1.0,295.496002
2942198.0,0.17080896,1.0,295.496002
2942276.0,0.16760889,1.0,295.839996
2942355.0,0.19107522,1.0,295.839996
2942433.0,0.18716417,1.0,295.839996
2942511.0,0.18741813,1.0,295.839996
2942589.0,0.17233273,1.0,2.064
2942667.0,0.19386873,1.0,2.408
2942745.0,0.18040878,1.0,2.064
2942823.0,0.1832023,1.0,2.064
2942901.0,0.17070729,1.0,2.408
2942979.0,0.19478306,1.0,2.064
2943058.0,0.1795453,1.0,288.959991
2943136.0,0.17502473,1.0,295.152008
2943214.0,0.17136757,1.0,295.496002
2943292.0,0.15689169,1.0,295.152008
2943370.0,0.19214191,1.0,295.496002
2943448.0,0.18111983,1.0,295.496002
2943526.0,0.16969143,1.0,295.496002
2943604.0,0.18213569,1.0,3.44
2943682.0,0.18569124,1.0,2.064
2943761.0,0.17284058,1.0,2.064
2943839.0,0.18619916,1.0,2.064
2943917.0,0.20646542,1.0,1.72
2943995.0,0.17817381,1.0,2.064
2944073.0,0.18609749,1.0,293.088013
2944151.0,0.19950682,1.0,295.839996
2944229.0,0.17670086,1.0,296.18399
2944307.0,0.16943747,1.0,296.18399
2944385.0,0.18858635,1.0,296.18399
2944464.0,0.1767517,1.0,295.839996
2944542.0,0.201437,1.0,296.18399
2944620.0,0.17141841,1.0,3.784
2944698.0,0.1831516,1.0,2.408
2944776.0,0.19082119,1.0,2.408
2944854.0,0.19290371,1.0,2.408
2944932.0,0.18772286,1.0,2.408
2945010.0,0.18340541,1.0,2.408
2945089.0,0.17700566,1.0,293.776001
2945167.0,0.17299302,1.0,295.496002
2945245.0,0.15968528,1.0,295.496002
2945323.0,0.18482774,1.0,295.839996
2945401.0,0.18741813,1.0,295.839996
2945479.0,0.18691029,1.0,295.839996
2945557.0,0.18579276,1.0,297.559998
2945635.0,0.17284058,1.0,3.44
2945713.0,0.18812934,1.0,2.408
2945792.0,0.19513862,1.0,2.064
2945870.0,0.2052972,1.0,2.064
2945948.0,0.18538636,1.0,2.408
2946026.0,0.1966624,1.0,1.72
2946104.0,0.17588821,1.0,293.776001
2946182.0,0.1542504,1.0,295.152008
2946260.0,0.19656087,1.0,295.839996
2946338.0,0.19198939,1.0,295.496002
2946416.0,0.17797068,1.0,295.496002
2946495.0,0.18802759,1.0,295.496002
2946573.0,0.1930054,1.0,178.192001
2946651.0,0.17040256,1.0,2.408
2946729.0,0.21885884,1.0,2.064
2946807.0,0.19117682,1.0,2.752
2946885.0,0.19051646,1.0,3.096
2946963.0,0.18457371,1.0,2.752
2947041.0,0.19275144,1.0,82.559998
2947120.0,0.19442749,1.0,295.839996
2947198.0,0.17736116,1.0,295.839996
2947276.0,0.17400888,1.0,295.839996
2947354.0,0.19041494,1.0,295.839996
2947432.0,0.1764469,1.0,296.18399
2947510.0,0.19539265,1.0,296.528015
2947588.0,0.18421815,1.0,2.064
2947666.0,0.1832023,1.0,2.408
2947745.0,0.19564654,1.0,2.408
2947823.0,0.17548181,1.0,2.408
2947901.0,0.18122135,1.0,2.408
2947979.0,0.18304993,1.0,1.72
2948057.0,0.1942752,1.0,288.272003
2948135.0,0.18853559,1.0,295.496002
2948213.0,0.14652999,1.0,295.152008
2948291.0,0.20484012,1.0,295.496002
2948369.0,0.17883417,1.0,295.152008
2948447.0,0.1966624,1.0,294.808014
2948526.0,0.17786916,1.0,294.808014
2948604.0,0.19818617,1.0,3.096
2948682.0,0.18538636,1.0,2.064
2948760.0,0.2048908,1.0,1.72
2948838.0,0.19163398,1.0,1.72
2948916.0,0.19940522,1.0,1.72
2948994.0,0.18498011,1.0,2.064
2949072.0,0.18680862,1.0,293.088013
2949150.0,0.19828777,1.0,295.152008
2949229.0,0.16273277,1.0,294.808014
2949307.0,0.17319608,1.0,295.152008
2949385.0,0.19965918,1.0,295.839996
2949463.0,0.16943747,1.0,296.18399
2949541.0,0.18934824,1.0,296.18399
2949619.0,0.1605487,1.0,4.128
2949697.0,0.1950371,1.0,3.096
2949776.0,0.18726569,1.0,2.752
2949854.0,0.20113221,1.0,2.408
2949932.0,0.18447219,1.0,2.752
2950010.0,0.19828777,1.0,2.064
2950088.0,0.19828777,1.0,293.776001
2950166.0,0.18437067,1.0,295.839996
2950244.0,0.186707,1.0,294.808014
2950322.0,0.18467538,1.0,295.496002
2950400.0,0.18899275,1.0,295.496002
2950478.0,0.17228189,1.0,295.496002
2950557.0,0.19183718,1.0,297.216003
2950635.0,0.18635152,1.0,3.096
2950713.0,0.22241439,1.0,2.064
2950791.0,0.19005936,1.0,1.72
2950869.0,0.19478306,1.0,2.064
2950947.0,0.1800023,1.0,2.064
2951025.0,0.20133547,1.0,1.376
2951103.0,0.18894191,1.0,294.119995
2951181.0,0.16385029,1.0,295.152008
2951260.0,0.19158314,1.0,295.496002
2951338.0,0.19173551,1.0,295.496002
2951416.0,0.17934202,1.0,295.496002
2951494.0,0.19204023,1.0,295.496002
2951572.0,0.18101823,1.0,184.039993
2951650.0,0.22124617,1.0,2.408
2951728.0,0.1989989,1.0,1.72
2951806.0,0.18218659,1.0,1.72
2951885.0,0.18965304,1.0,2.752
2951963.0,0.20052268,1.0,1.72
2952041.0,0.18589443,1.0,74.304001
2952119.0,0.19056728,1.0,295.839996
2952197.0,0.17639615,1.0,295.839996
2952275.0,0.19407201,1.0,295.839996
2952353.0,0.170047,1.0,295.152008
2952431.0,0.18167852,1.0,294.808014
2952510.0,0.18203408,1.0,296.18399
2952588.0,0.2057036,1.0,1.376
2952666.0,0.18807851,1.0,2.064
2952744.0,0.19158314,1.0,1.72
2952822.0,0.17446597,1.0,2.408
2952900.0,0.19249746,1.0,2.064
2952978.0,0.20260522,1.0,2.752
2953056.0,0.2104273,1.0,287.23999
2953134.0,0.19071965,1.0,294.808014
2953213.0,0.16583115,1.0,295.152008
2953291.0,0.19569738,1.0,296.18399
2953369.0,0.18111983,1.0,295.496002
2953447.0,0.20854796,1.0,295.496002
2953525.0,0.18416746,1.0,295.839996
2953603.0,0.19559579,1.0,3.784
2953681.0,0.20595756,1.0,2.408
2953759.0,0.2096654,1.0,2.752
2953837.0,0.18472607,1.0,2.408
2953916.0,0.22856033,1.0,2.408
2953994.0,0.19148162,1.0,2.408
2954072.0,0.18183096,1.0,293.432007
2954150.0,0.19645928,1.0,295.496002
2954228.0,0.16913266,1.0,295.496002
2954306.0,0.19275144,1.0,295.496002
2954384.0,0.18386258,1.0,296.18399
2954462.0,0.17304386,1.0,295.839996
2954540.0,0.16542482,1.0,295.839996
2954618.0,0.19386873,1.0,3.096
2954697.0,0.18934824,1.0,2.408
2954775.0,0.19371645,1.0,2.064
2954853.0,0.19356401,1.0,2.408
2954931.0,0.17085965,1.0,2.408
2955009.0,0.18848476,1.0,2.408
2955087.0,0.18208484,1.0,293.776001
2955165.0,0.20331635,1.0,295.152008
2955244.0,0.18193255,1.0,295.496002
2955322.0,0.19244663,1.0,295.839996
2955400.0,0.2104273,1.0,295.152008
2955478.0,0.19310692,1.0,295.496002
2955556.0,0.19270059,1.0,294.808014
2955634.0,0.19056728,1.0,3.096
2955712.0,0.20773523,1.0,2.064
2955790.0,0.17400888,1.0,2.752
2955868.0,0.17974849,1.0,2.408
2955947.0,0.18325314,1.0,2.064
2956025.0,0.18416746,1.0,1.72
2956103.0,0.20042115,1.0,294.119995
2956181.0,0.17055492,1.0,295.152008
2956259.0,0.1767517,1.0,295.496002
2956337.0,0.21357638,1.0,295.152008
2956415.0,0.20031954,1.0,295.839996
2956493.0,0.18934824,1.0,295.496002
2956571.0,0.20240201,1.0,194.360001
2956650.0,0.178377,1.0,3.096
2956728.0,0.20697334,1.0,2.408
2956806.0,0.20245278,1.0,2.064
2956884.0,0.20854796,1.0,2.064
2956962.0,0.1909737,1.0,2.064
2957040.0,0.20920825,1.0,70.519997
2957118.0,0.18625,1.0,295.152008
2957196.0,0.15485999,1.0,295.152008
2957274.0,0.18853559,1.0,295.496002
2957352.0,0.1895006,1.0,295.839996
2957431.0,0.21423666,1.0,295.496002
2957509.0,0.20072588,1.0,294.808014
2957587.0,0.18411662,1.0,2.752
2957665.0,0.18076427,1.0,2.752
2957743.0,0.20524637,1.0,2.408
2957821.0,0.20534804,1.0,2.408
2957899.0,0.18975464,1.0,2.408
2957978.0,0.17786916,1.0,2.064
2958056.0,0.19559579,1.0,286.208008
2958134.0,0.20768447,1.0,295.839996
2958212.0,0.17604057,1.0,294.808014
2958290.0,0.17959605,1.0,295.496002
2958368.0,0.19518946,1.0,295.839996
2958446.0,0.16923435,1.0,294.808014
2958524.0,0.20153853,1.0,295.839996
2958602.0,0.178377,1.0,3.096
2958681.0,0.2032655,1.0,2.064
2958759.0,0.22820477,1.0,2.408
2958837.0,0.2020973,1.0,1.72
2958915.0,0.16715181,1.0,2.064
2958993.0,0.19600211,1.0,1.376
2959071.0,0.2020973,1.0,293.088013
2959149.0,0.18365946,1.0,294.808014
2959227.0,0.19524021,1.0,295.152008
2959305.0,0.1930054,1.0,294.808014
2959384.0,0.18198332,1.0,295.496002
2959462.0,0.20682098,1.0,295.152008
2959540.0,0.18584353,1.0,295.496002
2959618.0,0.18056107,1.0,3.096
2959696.0,0.18198332,1.0,2.064
2959774.0,0.19869417,1.0,2.064
2959852.0,0.18213569,1.0,1.72
2959930.0,0.1831007,1.0,2.064
2960009.0,0.18188173,1.0,2.408
2960087.0,0.19447833,1.0,293.776001
2960165.0,0.19965918,1.0,295.152008
2960243.0,0.16740584,1.0,295.152008
2960321.0,0.1743136,1.0,295.152008
2960399.0,0.18299916,1.0,295.496002
2960477.0,0.19889738,1.0,295.496002
2960555.0,0.1807135,1.0,295.496002
2960633.0,0.18411662,1.0,3.096
2960712.0,0.20651618,1.0,2.064
2960790.0,0.19122759,1.0,2.064
2960868.0,0.18635152,1.0,2.064
2960946.0,0.17995162,1.0,2.064
2961024.0,0.19280219,1.0,1.376
2961102.0,0.17756443,1.0,293.776001
2961180.0,0.18127227,1.0,294.463989
2961258.0,0.1838119,1.0,295.496002
2961336.0,0.20524637,1.0,295.496002
2961415.0,0.19579898,1.0,295.496002
2961493.0,0.17573577,1.0,295.496002
2961571.0,0.20402738,1.0,200.552002
2961649.0,0.200929,1.0,2.064
2961727.0,0.2030623,1.0,2.064
2961805.0,0.20616069,1.0,2.064
2961883.0,0.18863711,1.0,2.064
2961961.0,0.18726569,1.0,2.064
2962039.0,0.2032655,1.0,64.671997
2962118.0,0.19280219,1.0,294.808014
2962196.0,0.16857398,1.0,295.496002
2962274.0,0.15821227,1.0,295.152008
2962352.0,0.18767209,1.0,295.496002
2962430.0,0.19183718,1.0,295.496002
2962508.0,0.17588821,1.0,295.839996
2962586.0,0.19559579,1.0,5.848
2962664.0,0.18939908,1.0,2.064
2962742.0,0.2049924,1.0,2.064
2962821.0,0.20544957,1.0,2.064
2962899.0,0.19071965,1.0,2.064
2962977.0,0.19524021,1.0,2.064
2963055.0,0.17786916,1.0,285.519989
2963133.0,0.20316391,1.0,295.152008
2963211.0,0.17781824,1.0,295.839996
2963289.0,0.21103674,1.0,295.152008
2963367.0,0.18625,1.0,295.496002
2963446.0,0.18244042,1.0,295.496002
2963524.0,0.19356401,1.0,295.496002
2963602.0,0.19605295,1.0,3.096
2963680.0,0.21144316,1.0,2.064
2963758.0,0.19945607,1.0,2.064
2963836.0,0.20285918,1.0,2.064
2963914.0,0.17822471,1.0,1.72
2963992.0,0.18589443,1.0,2.064
2964071.0,0.18487851,1.0,293.088013
2964149.0,0.19473237,1.0,295.152008
2964227.0,0.19630684,1.0,295.152008
2964305.0,0.20839553,1.0,295.152008
2964383.0,0.18264361,1.0,295.496002
2964461.0,0.20189402,1.0,295.496002
2964539.0,0.19757672,1.0,295.496002
2964617.0,0.19478306,1.0,3.784
2964695.0,0.18955144,1.0,2.064
2964774.0,0.19920211,1.0,2.408
2964852.0,0.21088447,1.0,2.064
2964930.0,0.20453525,1.0,2.064
2965008.0,0.18233888,1.0,2.064
2965086.0,0.18178011,1.0,293.088013
2965164.0,0.16816765,1.0,295.152008
2965242.0,0.1745168,1.0,295.152008
2965320.0,0.19671331,1.0,295.839996
2965398.0,0.20169088,1.0,295.152008
2965477.0,0.20194493,1.0,295.839996
2965555.0,0.19534183,1.0,294.808014
2965633.0,0.1836087,1.0,2.408
2965711.0,0.20194493,1.0,1.72
2965789.0,0.18376106,1.0,2.064
2965867.0,0.19615455,1.0,2.064
2965945.0,0.19386873,1.0,1.72
2966023.0,0.19635767,1.0,0.688
2966101.0,0.1895006,1.0,293.776001
2966180.0,0.17741199,1.0,294.119995
2966258.0,0.15805991,1.0,295.496002
2966336.0,0.18371029,1.0,295.152008
2966414.0,0.18193255,1.0,294.808014
2966492.0,0.18203408,1.0,295.496002
2966570.0,0.19574808,1.0,210.871994
2966648.0,0.20148776,1.0,2.064
2966726.0,0.20047183,1.0,1.032
2966805.0,0.19158314,1.0,2.064
2966883.0,0.20346864,1.0,1.376
2966961.0,0.18645304,1.0,2.064
2967039.0,0.20986854,1.0,60.888
2967117.0,0.18884031,1.0,294.808014
2967195.0,0.16781209,1.0,294.463989
2967273.0,0.20280834,1.0,295.152008
2967351.0,0.20072588,1.0,294.808014
2967429.0,0.21154475,1.0,295.496002
2967508.0,0.17233273,1.0,295.496002
2967586.0,0.1962053,1.0,7.568
2967664.0,0.186707,1.0,2.064
2967742.0,0.200929,1.0,2.064
2967820.0,0.20260522,1.0,2.064
2967898.0,0.18777378,1.0,2.408
2967976.0,0.17507541,1.0,2.752
2968054.0,0.17979918,1.0,284.144012
2968132.0,0.19681484,1.0,295.839996
2968211.0,0.18213569,1.0,295.496002
2968289.0,0.18066266,1.0,295.152008
2968367.0,0.19640844,1.0,295.152008
2968445.0,0.18701181,1.0,296.528015
2968523.0,0.19544335,1.0,296.528015
2968601.0,0.19950682,1.0,4.472
2968679.0,0.192599,1.0,2.408
2968757.0,0.20920825,1.0,2.408
2968835.0,0.19280219,1.0,1.72
2968914.0,0.19854181,1.0,2.408
2968992.0,0.19762748,1.0,2.408
2969070.0,0.2016402,1.0,293.088013
2969148.0,0.18203408,1.0,294.463989
2969226.0,0.20128456,1.0,295.839996
2969304.0,0.20311306,1.0,295.839996
2969382.0,0.1649169,1.0,295.839996
2969460.0,0.20534804,1.0,295.496002
2969539.0,0.20397663,1.0,296.18399
2969617.0,0.20057344,1.0,2.752
2969695.0,0.20097984,1.0,2.064
2969773.0,0.19783062,1.0,1.72
2969851.0,0.19077049,1.0,2.064
2969929.0,0.19838938,1.0,2.064
2970007.0,0.2052972,1.0,1.376
2970085.0,0.20550041,1.0,292.743988
2970163.0,0.18371029,1.0,295.496002
2970242.0,0.19823709,1.0,295.496002
2970320.0,0.17162161,1.0,295.839996
2970398.0,0.2020973,1.0,295.839996
2970476.0,0.19270059,1.0,295.152008
2970554.0,0.20285918,1.0,294.808014
2970632.0,0.18183096,1.0,3.096
2970710.0,0.19046569,1.0,1.72
2970788.0,0.20773523,1.0,2.064
2970866.0,0.20407815,1.0,2.064
2970945.0,0.1808151,1.0,2.064
2971023.0,0.1807135,1.0,1.032
2971101.0,0.20108144,1.0,293.432007
2971179.0,0.17979918,1.0,295.152008
2971257.0,0.1941736,1.0,294.808014
2971335.0,0.19198939,1.0,295.496002
2971413.0,0.16903114,1.0,295.496002
2971491.0,0.18172936,1.0,295.496002
2971570.0,0.19290371,1.0,217.063995
2971648.0,0.18467538,1.0,3.096
2971726.0,0.20301147,1.0,2.408
2971804.0,0.20316391,1.0,1.72
2971882.0,0.19442749,1.0,2.064
2971960.0,0.1949355,1.0,2.064
2972038.0,0.19513862,1.0,56.416
2972116.0,0.19051646,1.0,294.808014
2972194.0,0.15714559,1.0,294.808014
2972273.0,0.22231285,1.0,295.496002
2972351.0,0.20864949,1.0,295.496002
2972429.0,0.18838322,1.0,295.496002
2972507.0,0.2049924,1.0,295.839996
2972585.0,0.17436443,1.0,9.632
2972663.0,0.20448455,1.0,2.408
2972741.0,0.212459,1.0,2.408
2972819.0,0.21398285,1.0,2.408
2972897.0,0.19143078,1.0,2.752
2972976.0,0.212459,1.0,2.752
2973054.0,0.21118911,1.0,282.424011
2973132.0,0.20280834,1.0,295.839996
2973210.0,0.18086587,1.0,295.152008
2973288.0,0.22190645,1.0,295.496002
2973366.0,0.19498625,1.0,295.496002
2973444.0,0.18396418,1.0,295.496002
2973522.0,0.20148776,1.0,295.496002
2973600.0,0.18924664,1.0,3.44
2973679.0,0.19930363,1.0,2.064
2973757.0,0.19838938,1.0,2.064
2973835.0,0.19844021,1.0,2.064
2973913.0,0.16263124,1.0,2.064
2973991.0,0.18838322,1.0,2.752
2974069.0,0.21220504,1.0,293.088013
2974147.0,0.17126605,1.0,294.808014
2974225.0,0.18711334,1.0,295.839996
2974303.0,0.18721502,1.0,295.152008
2974382.0,0.19234495,1.0,295.496002
2974460.0,0.17751351,1.0,295.496002
2974538.0,0.18355785,1.0,295.496002
2974616.0,0.19524021,1.0,3.096
2974694.0,0.20494165,1.0,1.72
2974772.0,0.21027493,1.0,2.064
2974850.0,0.20687182,1.0,2.408
2974929.0,0.19447833,1.0,2.064
2975007.0,0.19595127,1.0,2.064
2975085.0,0.19264975,1.0,293.432007
2975163.0,0.20031954,1.0,294.463989
2975241.0,0.2037226,1.0,294.463989
2975319.0,0.20768447,1.0,295.152008
2975397.0,0.19422437,1.0,295.152008
2975475.0,0.20875116,1.0,295.496002
2975553.0,0.19071965,1.0,295.496002
2975631.0,0.19996399,1.0,4.128
2975710.0,0.2306428,1.0,2.752
2975788.0,0.21687797,1.0,2.752
2975866.0,0.20316391,1.0,2.064
2975944.0,0.19239587,1.0,2.752
2976022.0,0.20387496,1.0,2.408
2976100.0,0.19625615,1.0,293.432007
2976178.0,0.16161539,1.0,295.839996
2976256.0,0.19640844,1.0,295.839996
2976334.0,0.19904967,1.0,295.839996
2976413.0,0.18452294,1.0,294.808014
2976491.0,0.22637627,1.0,295.152008
2976569.0,0.2037226,1.0,223.944
2976647.0,0.20854796,1.0,2.064
2976725.0,0.22810309,1.0,1.032
2976803.0,0.1984909,1.0,1.72
2976881.0,0.19290371,1.0,1.376
2976959.0,0.19544335,1.0,1.72
2977038.0,0.19762748,1.0,46.096001
2977116.0,0.19122759,1.0,294.463989
2977194.0,0.1909737,1.0,295.152008
2977272.0,0.19539265,1.0,294.808014
2977350.0,0.20793851,1.0,295.152008
2977428.0,0.18035795,1.0,294.808014
2977506.0,0.18807851,1.0,295.152008
2977584.0,0.20280834,1.0,11.696
2977663.0,0.18447219,1.0,1.72
2977741.0,0.22195722,1.0,1.376
2977819.0,0.19981155,1.0,1.72
2977897.0,0.19544335,1.0,2.064
2977975.0,0.1768024,1.0,2.064
2978053.0,0.18762127,1.0,280.359985
2978131.0,0.18934824,1.0,295.152008
2978209.0,0.16583115,1.0,295.152008
2978287.0,0.21322089,1.0,295.152008
2978366.0,0.18030718,1.0,295.496002
2978444.0,0.20362106,1.0,295.496002
2978522.0,0.19625615,1.0,295.496002
2978600.0,0.20026872,1.0,3.784
2978678.0,0.18934824,1.0,2.064
2978756.0,0.20062427,1.0,2.408
2978834.0,0.20981769,1.0,2.064
2978912.0,0.19325928,1.0,2.408
2978990.0,0.17233273,1.0,2.408
2979068.0,0.19346248,1.0,293.432007
2979147.0,0.20951298,1.0,294.463989
2979225.0,0.18284689,1.0,294.808014
2979303.0,0.18238965,1.0,294.808014
2979381.0,0.1989989,1.0,295.152008
2979459.0,0.19818617,1.0,294.808014
2979537.0,0.201437,1.0,295.496002
2979615.0,0.20565277,1.0,3.096
2979693.0,0.19859257,1.0,2.064
2979771.0,0.20031954,1.0,1.72
2979850.0,0.20748127,1.0,1.72
2979928.0,0.18183096,1.0,2.064
2980006.0,0.1941736,1.0,1.72
2980084.0,0.19178635,1.0,293.432007
2980162.0,0.18452294,1.0,295.152008
2980240.0,0.19950682,1.0,294.808014
2980318.0,0.20423052,1.0,295.152008
2980397.0,0.18503095,1.0,294.463989
2980475.0,0.18863711,1.0,294.808014
2980553.0,0.20991938,1.0,295.496002
2980631.0,0.19722116,1.0,3.44
2980709.0,0.21708108,1.0,2.064
2980787.0,0.1909737,1.0,2.064
2980865.0,0.19148162,1.0,1.72
2980943.0,0.16222492,1.0,2.064
2981021.0,0.19153237,1.0,2.064
2981100.0,0.22444609,1.0,293.776001
2981178.0,0.16156462,1.0,295.152008
2981256.0,0.18767209,1.0,295.152008
2981334.0,0.18503095,1.0,295.152008
2981412.0,0.20290995,1.0,296.18399
2981490.0,0.20737974,1.0,295.496002
2981568.0,0.19285303,1.0,232.888
2981646.0,0.18122135,1.0,2.752
2981724.0,0.22561429,1.0,2.408
2981803.0,0.19767833,1.0,1.376
2981881.0,0.19508778,1.0,1.376
2981959.0,0.20377335,1.0,1.376
2982037.0,0.18025634,1.0,34.400002
2982115.0,0.20280834,1.0,293.776001
2982193.0,0.1701486,1.0,294.808014
2982271.0,0.18056107,1.0,295.152008
2982349.0,0.20930977,1.0,295.152008
2982427.0,0.19153237,1.0,295.496002
2982506.0,0.20052268,1.0,295.496002
2982584.0,0.1962053,1.0,14.104
2982662.0,0.18985617,1.0,2.064
2982740.0,0.21738596,1.0,1.72
2982818.0,0.19239587,1.0,1.72
2982896.0,0.2010306,1.0,1.72
2982974.0,0.18828155,1.0,1.72
2983053.0,0.18818003,1.0,277.264008
2983131.0,0.21093522,1.0,294.463989
2983209.0,0.18091664,1.0,294.808014
2983287.0,0.19036409,1.0,295.152008
2983365.0,0.20829391,1.0,295.839996
2983443.0,0.20011643,1.0,295.152008
2983521.0,0.20087823,1.0,295.496002
2983599.0,0.186707,1.0,3.096
2983677.0,0.18965304,1.0,1.72
2983756.0,0.19153237,1.0,2.064
2983834.0,0.20367183,1.0,1.72
2983912.0,0.19681484,1.0,2.064
2983990.0,0.20849712,1.0,2.064
2984068.0,0.18833239,1.0,293.088013
2984146.0,0.17979918,1.0,295.152008
2984224.0,0.19183718,1.0,295.496002
2984302.0,0.19910049,1.0,295.496002
2984380.0,0.19127841,1.0,295.839996
2984458.0,0.19544335,1.0,295.839996
2984537.0,0.20555116,1.0,294.808014
2984615.0,0.18086587,1.0,2.752
2984693.0,0.1902118,1.0,2.064
2984771.0,0.19590059,1.0,2.064
2984849.0,0.19447833,1.0,1.72
2984927.0,0.1937672,1.0,2.064
2985005.0,0.1895006,1.0,2.064
2985083.0,0.19569738,1.0,293.432007
2985161.0,0.20997013,1.0,295.152008
2985240.0,0.18721502,1.0,295.152008
2985318.0,0.17253579,1.0,295.152008
2985396.0,0.20610985,1.0,295.496002
2985474.0,0.21306853,1.0,295.496002
2985552.0,0.19823709,1.0,295.496002
2985630.0,0.1962053,1.0,3.096
2985708.0,0.18716417,1.0,2.064
2985787.0,0.20438296,1.0,2.064
2985865.0,0.21088447,1.0,2.064
2985943.0,0.19061813,1.0,2.064
2986021.0,0.19803388,1.0,1.72
2986099.0,0.19402124,1.0,293.776001
2986177.0,0.17761512,1.0,295.152008
2986255.0,0.18843406,1.0,295.496002
2986333.0,0.19524021,1.0,295.496002
2986411.0,0.20666862,1.0,295.496002
2986490.0,0.20021795,1.0,295.496002
2986568.0,0.2016402,1.0,238.048004
2986646.0,0.20001476,1.0,2.752
2986724.0,0.21474467,1.0,1.72
2986802.0,0.20407815,1.0,2.064
2986880.0,0.19026257,1.0,2.064
2986958.0,0.20748127,1.0,2.064
2987036.0,0.19402124,1.0,23.392
2987114.0,0.17924049,1.0,294.463989
2987193.0,0.16100585,1.0,295.152008
2987271.0,0.17116453,1.0,295.152008
2987349.0,0.20158929,1.0,295.496002
2987427.0,0.20626229,1.0,295.496002
2987505.0,0.19320844,1.0,295.839996
2987583.0,0.20097984,1.0,15.824
2987661.0,0.20829391,1.0,2.064
2987739.0,0.19844021,1.0,2.064
2987817.0,0.20849712,1.0,2.064
2987895.0,0.19777985,1.0,1.72
2987974.0,0.20346864,1.0,2.064
2988052.0,0.18111983,1.0,274.511993
2988130.0,0.19422437,1.0,295.152008
2988208.0,0.20255437,1.0,295.496002
2988286.0,0.22952534,1.0,295.152008
2988364.0,0.2032655,1.0,295.152008
2988442.0,0.20214805,1.0,295.496002
2988520.0,0.20174173,1.0,295.152008
2988598.0,0.200929,1.0,3.096
2988677.0,0.20905589,1.0,2.064
2988755.0,0.1970688,1.0,2.064
2988833.0,0.20864949,1.0,2.064
2988911.0,0.19422437,1.0,2.064
2988989.0,0.21154475,1.0,1.72
2989067.0,0.17842785,1.0,293.088013
2989145.0,0.18650381,1.0,295.152008
2989224.0,0.19960843,1.0,295.152008
2989302.0,0.18599597,1.0,295.496002
2989380.0,0.21637005,1.0,295.496002
2989458.0,0.2080908,1.0,295.152008
2989536.0,0.20707487,1.0,295.496002
2989614.0,0.2016402,1.0,3.44
2989692.0,0.2020973,1.0,2.064
2989770.0,0.21362722,1.0,2.064
2989848.0,0.20240201,1.0,2.064
2989927.0,0.20829391,1.0,2.064
2990005.0,0.19066882,1.0,2.064
2990083.0,0.20194493,1.0,293.432007
2990161.0,0.17756443,1.0,295.152008
2990239.0,0.20438296,1.0,295.152008
2990317.0,0.19732276,1.0,295.496002
2990395.0,0.19508778,1.0,295.496002
2990473.0,0.19295456,1.0,295.496002
2990551.0,0.17944369,1.0,295.496002
2990630.0,0.19361492,1.0,2.752
2990708.0,0.20646542,1.0,2.064
2990786.0,0.17903729,1.0,1.376
2990864.0,0.20133547,1.0,1.72
2990942.0,0.18294841,1.0,1.72
2991020.0,0.18274513,1.0,1.72
2991098.0,0.19732276,1.0,294.119995
2991176.0,0.20357023,1.0,294.808014
2991254.0,0.19127841,1.0,295.152008
2991333.0,0.19452918,1.0,296.18399
2991411.0,0.17162161,1.0,295.496002
2991489.0,0.21703033,1.0,295.152008
2991567.0,0.18299916,1.0,242.520004
2991645.0,0.19508778,1.0,2.752
2991723.0,0.21103674,1.0,1.72
2991801.0,0.20509401,1.0,2.064
2991880.0,0.21250984,1.0,2.064
2991958.0,0.19874494,1.0,2.064
2992036.0,0.1950371,1.0,16.856001
2992114.0,0.20661786,1.0,294.119995
2992192.0,0.17990078,1.0,295.152008
2992270.0,0.2016402,1.0,295.496002
2992348.0,0.18944992,1.0,295.496002
2992426.0,0.18350717,1.0,295.496002
2992504.0,0.20677014,1.0,295.496002
2992583.0,0.19386873,1.0,17.544001
2992661.0,0.18757057,1.0,2.064
2992739.0,0.22947457,1.0,2.752
2992817.0,0.19661155,1.0,1.72
2992895.0,0.20819239,1.0,2.064
2992973.0,0.20265606,1.0,2.752
2993051.0,0.18457371,1.0,273.135986
2993129.0,0.22322711,1.0,295.839996
2993207.0,0.18223728,1.0,295.839996
2993285.0,0.19117682,1.0,295.839996
2993364.0,0.21210344,1.0,296.18399
2993442.0,0.18884031,1.0,295.839996
2993520.0,0.19518946,1.0,295.839996
2993598.0,0.18691029,1.0,3.784
2993676.0,0.20514484,1.0,2.408
2993754.0,0.20870031,1.0,2.408
2993832.0,0.19976079,1.0,2.064
2993910.0,0.17604057,1.0,2.064
2993988.0,0.18421815,1.0,2.064
2994067.0,0.19864334,1.0,292.743988
2994145.0,0.18995784,1.0,295.496002
2994223.0,0.20240201,1.0,295.152008
2994301.0,0.18878962,1.0,295.152008
2994379.0,0.19310692,1.0,295.496002
2994457.0,0.20890352,1.0,295.496002
2994535.0,0.19798304,1.0,294.463989
2994613.0,0.21225581,1.0,2.752
2994691.0,0.21423666,1.0,2.064
2994770.0,0.21261136,1.0,2.064
2994848.0,0.2227191,1.0,2.064
2994926.0,0.2020973,1.0,2.064
2995004.0,0.20971617,1.0,2.064
2995082.0,0.18853559,1.0,293.088013
2995160.0,0.20001476,1.0,295.152008
2995238.0,0.20047183,1.0,295.496002
2995317.0,0.20925908,1.0,295.152008
2995395.0,0.20473851,1.0,295.152008
2995473.0,0.18660541,1.0,295.152008
2995551.0,0.21408437,1.0,294.808014
2995629.0,0.18005322,1.0,3.096
2995707.0,0.19960843,1.0,2.752
2995785.0,0.20656709,1.0,2.752
2995863.0,0.19483389,1.0,2.408
2995941.0,0.21311928,1.0,1.72
2996020.0,0.18482774,1.0,2.408
2996098.0,0.21098606,1.0,293.088013
2996176.0,0.18152615,1.0,295.839996
2996254.0,0.1946307,1.0,295.839996
2996332.0,0.20052268,1.0,295.496002
2996410.0,0.19600211,1.0,295.496002
2996488.0,0.18345633,1.0,295.496002
2996566.0,0.18218659,1.0,245.960007
2996644.0,0.20016712,1.0,3.096
2996722.0,0.21855411,1.0,2.064
2996801.0,0.19071965,1.0,2.408
2996879.0,0.19478306,1.0,1.376
2996957.0,0.19219275,1.0,2.064
2997035.0,0.16994548,1.0,13.416
2997113.0,0.20169088,1.0,293.776001
2997191.0,0.17202793,1.0,295.152008
2997269.0,0.20544957,1.0,295.496002
2997347.0,0.2052972,1.0,295.496002
2997426.0,0.19955766,1.0,295.152008
2997504.0,0.20616069,1.0,295.152008
2997582.0,0.20341787,1.0,21.327999
2997660.0,0.19874494,1.0,2.064
2997738.0,0.22444609,1.0,2.064
2997816.0,0.19442749,1.0,2.064
2997894.0,0.1942752,1.0,2.064
2997972.0,0.19757672,1.0,2.064
2998051.0,0.20153853,1.0,270.040009
2998129.0,0.19645928,1.0,295.152008
2998207.0,0.16171698,1.0,295.152008
2998285.0,0.20631306,1.0,295.839996
2998363.0,0.223481,1.0,296.18399
2998441.0,0.1941736,1.0,296.18399
2998519.0,0.21383041,1.0,296.18399
2998597.0,0.21007174,1.0,4.128
2998675.0,0.19610371,1.0,2.752
2998754.0,0.19904967,1.0,2.408
2998832.0,0.18995784,1.0,2.752
2998910.0,0.20941144,1.0,2.408
2998988.0,0.19137993,1.0,2.408
2999066.0,0.20550041,1.0,293.088013
2999144.0,0.2063639,1.0,295.496002
2999222.0,0.20275758,1.0,295.496002
2999300.0,0.1966624,1.0,295.839996
2999378.0,0.20138617,1.0,295.496002
2999456.0,0.18482774,1.0,295.496002
2999535.0,0.22129694,1.0,296.18399
2999613.0,0.21530342,1.0,3.096
2999691.0,0.19828777,1.0,2.408
2999769.0,0.18944992,1.0,2.408
2999847.0,0.20123373,1.0,2.064
2999925.0,0.20534804,1.0,2.064
3000003.0,0.21281457,1.0,2.408
3000082.0,0.19102438,1.0,293.776001
3000160.0,0.21037646,1.0,295.152008
3000238.0,0.21174787,1.0,295.839996
3000316.0,0.19534183,1.0,295.496002
3000394.0,0.19148162,1.0,295.839996
3000472.0,0.1946307,1.0,295.496002
3000550.0,0.20560193,1.0,295.496002
3000628.0,0.20235118,1.0,3.44
3000706.0,0.21642072,1.0,2.064
3000784.0,0.20702419,1.0,2.064
3000863.0,0.20793851,1.0,2.064
3000941.0,0.20651618,1.0,2.064
3001019.0,0.20062427,1.0,2.752
3001097.0,0.20748127,1.0,294.463989
3001175.0,0.21068126,1.0,296.872009
3001253.0,0.19818617,1.0,295.839996
3001331.0,0.19346248,1.0,296.18399
3001409.0,0.20407815,1.0,295.839996
3001488.0,0.19544335,1.0,296.18399
3001566.0,0.18873879,1.0,252.839996
3001644.0,0.19579898,1.0,3.096
3001722.0,0.20199576,1.0,2.064
3001800.0,0.19554502,1.0,2.408
3001878.0,0.20895422,1.0,2.408
3001956.0,0.18213569,1.0,2.408
3002034.0,0.21184948,1.0,9.976
3002113.0,0.19478306,1.0,294.119995
3002191.0,0.17791991,1.0,295.496002
3002269.0,0.189907,1.0,295.496002
3002347.0,0.19066882,1.0,295.839996
3002425.0,0.20138617,1.0,295.839996
3002503.0,0.18919587,1.0,295.839996
3002581.0,0.20824324,1.0,26.143999
3002659.0,0.20621146,1.0,2.408
3002737.0,0.22830629,1.0,2.064
3002815.0,0.19935447,1.0,2.408
3002894.0,0.19833861,1.0,2.408
3002972.0,0.19823709,1.0,2.408
3003050.0,0.22078909,1.0,267.976013
3003128.0,0.19432597,1.0,295.152008
3003206.0,0.17847852,1.0,295.496002
3003284.0,0.1836087,1.0,295.496002
3003362.0,0.21098606,1.0,295.496002
3003440.0,0.2016402,1.0,295.496002
3003519.0,0.19600211,1.0,295.496002
3003597.0,0.20179249,1.0,3.44
3003675.0,0.19793221,1.0,2.064
3003753.0,0.20204645,1.0,2.064
3003831.0,0.21753825,1.0,2.064
3003909.0,0.23059203,1.0,2.064
3003987.0,0.21215427,1.0,2.064
3004065.0,0.200929,1.0,292.743988
3004144.0,0.17776756,1.0,295.152008
3004222.0,0.18675777,1.0,295.152008
3004300.0,0.18609749,1.0,295.152008
3004378.0,0.19767833,1.0,295.496002
3004456.0,0.20382427,1.0,295.496002
3004534.0,0.21626844,1.0,296.18399
3004612.0,0.20753211,1.0,3.44
3004690.0,0.19371645,1.0,2.064
3004768.0,0.21327165,1.0,2.064
3004846.0,0.22713807,1.0,2.064
3004925.0,0.19889738,1.0,2.064
3005003.0,0.19127841,1.0,2.064
3005081.0,0.18894191,1.0,293.776001
3005159.0,0.18884031,1.0,295.152008
3005237.0,0.20067504,1.0,295.152008
3005315.0,0.2008274,1.0,295.152008
3005393.0,0.19640844,1.0,295.496002
3005471.0,0.20509401,1.0,295.496002
3005550.0,0.19127841,1.0,295.496002
3005628.0,0.18797682,1.0,3.096
3005706.0,0.2080908,1.0,1.72
3005784.0,0.19320844,1.0,2.064
3005862.0,0.19066882,1.0,2.064
3005940.0,0.19325928,1.0,2.064
3006018.0,0.20285918,1.0,2.064
3006096.0,0.19254816,1.0,293.776001
3006174.0,0.1745168,1.0,295.152008
3006253.0,0.18985617,1.0,295.496002
3006331.0,0.20087823,1.0,295.152008
3006409.0,0.18863711,1.0,295.496002
3006487.0,0.20585589,1.0,295.496002
3006565.0,0.19788145,1.0,259.032013
3006643.0,0.2048908,1.0,2.752
3006721.0,0.21494786,1.0,2.064
3006799.0,0.19777985,1.0,2.064
3006878.0,0.19970995,1.0,2.064
3006956.0,0.19727185,1.0,2.064
3007034.0,0.19041494,1.0,7.912
3007112.0,0.20956381,1.0,294.119995
3007190.0,0.18858635,1.0,295.152008
3007268.0,0.17736116,1.0,295.152008
3007346.0,0.20936069,1.0,295.496002
3007424.0,0.21769069,1.0,295.496002
3007502.0,0.20296077,1.0,295.839996
3007581.0,0.20885268,1.0,29.584
3007659.0,0.21819854,1.0,2.064
3007737.0,0.2103257,1.0,1.72
3007815.0,0.19381805,1.0,1.376
3007893.0,0.18818003,1.0,1.72
3007971.0,0.20377335,1.0,2.408
3008049.0,0.16628832,1.0,262.81601
3008127.0,0.20387496,1.0,294.808014
3008205.0,0.19747512,1.0,294.808014
3008283.0,0.20270674,1.0,295.152008
3008362.0,0.19325928,1.0,295.152008
3008440.0,0.18299916,1.0,294.808014
3008518.0,0.21037646,1.0,295.839996
3008596.0,0.21012257,1.0,3.44
3008674.0,0.19671331,1.0,2.064
3008752.0,0.20270674,1.0,2.064
3008830.0,0.21703033,1.0,2.064
3008909.0,0.18899275,1.0,2.064
3008987.0,0.20773523,1.0,1.72
3009065.0,0.2073289,1.0,292.399994
3009143.0,0.21093522,1.0,295.152008
3009221.0,0.18274513,1.0,295.152008
3009299.0,0.19005936,1.0,295.496002
3009377.0,0.21007174,1.0,295.496002
3009455.0,0.20077671,1.0,295.496002
3009533.0,0.20682098,1.0,295.496002
3009612.0,0.19732276,1.0,3.096
3009690.0,0.21017326,1.0,2.064
3009768.0,0.21383041,1.0,2.064
3009846.0,0.20158929,1.0,2.064
3009924.0,0.20392579,1.0,2.064
3010002.0,0.20991938,1.0,2.064
3010080.0,0.19844021,1.0,293.432007
3010158.0,0.20473851,1.0,295.152008
3010236.0,0.21250984,1.0,295.496002
3010314.0,0.20316391,1.0,295.496002
3010393.0,0.21357638,1.0,295.496002
3010471.0,0.20646542,1.0,295.496002
3010549.0,0.20031954,1.0,295.839996
3010627.0,0.20641458,1.0,3.096
3010705.0,0.23734742,1.0,2.064
3010783.0,0.21510015,1.0,2.064
3010861.0,0.19011021,1.0,2.064
3010939.0,0.21606532,1.0,2.064
3011018.0,0.19513862,1.0,1.72
3011096.0,0.20560193,1.0,293.776001
3011174.0,0.19295456,1.0,295.152008
3011252.0,0.21022409,1.0,295.496002
3011330.0,0.19254816,1.0,294.808014
3011408.0,0.19234495,1.0,295.152008
3011486.0,0.21565892,1.0,295.496002
3011564.0,0.18421815,1.0,263.503998
3011643.0,0.19615455,1.0,3.096
3011721.0,0.21642072,1.0,2.064
3011799.0,0.21428758,1.0,2.064
3011877.0,0.2030623,1.0,1.72
3011955.0,0.19554502,1.0,2.064
3012033.0,0.20311306,1.0,5.16
3012111.0,0.17177397,1.0,293.776001
3012189.0,0.18152615,1.0,294.808014
3012267.0,0.18757057,1.0,295.152008
3012346.0,0.19838938,1.0,294.808014
3012424.0,0.20214805,1.0,295.152008
3012502.0,0.2146939,1.0,295.496002
3012580.0,0.2120526,1.0,34.743999
3012658.0,0.17253579,1.0,2.064
3012736.0,0.2037226,1.0,1.72
3012814.0,0.21149383,1.0,1.72
3012892.0,0.23023647,1.0,1.72
3012970.0,0.19818617,1.0,1.72
3013049.0,0.21692874,1.0,256.279999
3013127.0,0.21504946,1.0,294.808014
3013205.0,0.20534804,1.0,294.119995
3013283.0,0.21250984,1.0,294.808014
3013361.0,0.20184325,1.0,295.496002
3013439.0,0.20311306,1.0,295.839996
3013517.0,0.20423052,1.0,295.839996
3013595.0,0.21052882,1.0,3.44
3013673.0,0.2199256,1.0,1.72
3013752.0,0.20494165,1.0,2.064
3013830.0,0.21317013,1.0,2.064
3013908.0,0.18431975,1.0,2.064
3013986.0,0.18818003,1.0,2.064
3014064.0,0.22525874,1.0,292.399994
3014142.0,0.20814164,1.0,295.152008
3014220.0,0.19965918,1.0,296.18399
3014299.0,0.20275758,1.0,295.152008
3014377.0,0.19529098,1.0,296.18399
3014455.0,0.19691643,1.0,295.152008
3014533.0,0.19833861,1.0,295.839996
3014611.0,0.19767833,1.0,2.752
3014689.0,0.20692265,1.0,2.064
3014767.0,0.20976701,1.0,1.376
3014845.0,0.19508778,1.0,3.096
3014923.0,0.20768447,1.0,2.064
3015001.0,0.22114465,1.0,2.064
3015080.0,0.18355785,1.0,293.432007
3015158.0,0.20174173,1.0,295.839996
3015236.0,0.192599,1.0,295.496002
3015314.0,0.20743044,1.0,295.496002
3015392.0,0.19874494,1.0,295.839996
3015470.0,0.19534183,1.0,295.839996
3015548.0,0.21118911,1.0,296.528015
3015626.0,0.19584975,1.0,3.44
3015704.0,0.19325928,1.0,2.064
3015783.0,0.21002097,1.0,2.064
3015861.0,0.20702419,1.0,2.408
3015939.0,0.20351954,1.0,2.064
3016017.0,0.21134162,1.0,2.064
3016095.0,0.19808465,1.0,294.808014
3016173.0,0.18101823,1.0,294.808014
3016251.0,0.21499863,1.0,295.496002
3016329.0,0.20626229,1.0,295.496002
3016407.0,0.19691643,1.0,295.839996
3016486.0,0.20621146,1.0,295.839996
3016564.0,0.18010399,1.0,270.040009
3016642.0,0.21535419,1.0,3.096
3016720.0,0.21692874,1.0,3.096
3016798.0,0.23099835,1.0,2.064
3016876.0,0.19955766,1.0,2.064
3016954.0,0.20687182,1.0,2.064
3017032.0,0.22749364,1.0,2.408
3017111.0,0.20819239,1.0,294.119995
3017189.0,0.18599597,1.0,295.496002
3017267.0,0.21301761,1.0,295.496002
3017345.0,0.19366568,1.0,295.496002
3017423.0,0.20829391,1.0,296.18399
3017501.0,0.20961457,1.0,295.496002
3017579.0,0.21443987,1.0,40.248001
3017657.0,0.19315776,1.0,2.064
3017735.0,0.21753825,1.0,2.064
3017814.0,0.2298809,1.0,2.064
3017892.0,0.19539265,1.0,2.064
3017970.0,0.21606532,1.0,2.064
3018048.0,0.2057036,1.0,241.143997
3018126.0,0.23206496,1.0,295.152008
3018204.0,0.18980533,1.0,295.152008
3018282.0,0.2049924,1.0,295.496002
3018360.0,0.21088447,1.0,296.18399
3018438.0,0.2104273,1.0,296.528015
3018517.0,0.21621768,1.0,295.839996
3018595.0,0.20417982,1.0,3.44
3018673.0,0.20590666,1.0,2.064
3018751.0,0.20174173,1.0,1.376
3018829.0,0.20656709,1.0,2.064
3018907.0,0.13591431,1.0,2.064
3018985.0,0.20575429,1.0,1.72
3019064.0,0.19925286,1.0,292.399994
3019142.0,0.18106908,1.0,294.808014
3019220.0,0.20042115,1.0,294.808014
3019298.0,0.17842785,1.0,295.496002
3019376.0,0.20737974,1.0,294.808014
3019454.0,0.19122759,1.0,295.496002
3019532.0,0.19371645,1.0,294.463989
3019610.0,0.20895422,1.0,3.096
3019688.0,0.20128456,1.0,1.376
3019766.0,0.20153853,1.0,1.72
3019845.0,0.20468768,1.0,1.72
3019923.0,0.19188787,1.0,2.064
3020001.0,0.2120526,1.0,1.72
3020079.0,0.20971617,1.0,293.432007
3020157.0,0.19595127,1.0,295.152008
3020235.0,0.19630684,1.0,295.152008
3020313.0,0.21139231,1.0,295.152008
3020391.0,0.21164635,1.0,295.839996
3020469.0,0.21662401,1.0,295.496002
3020548.0,0.19656087,1.0,295.839996
3020626.0,0.20397663,1.0,3.096
3020704.0,0.21697949,1.0,2.064
3020782.0,0.22094136,1.0,2.064
3020860.0,0.20915741,1.0,2.064
3020938.0,0.20616069,1.0,2.064
3021016.0,0.21586218,1.0,2.752
3021094.0,0.22383656,1.0,293.776001
3021173.0,0.18594512,1.0,296.528015
3021251.0,0.18299916,1.0,295.152008
3021329.0,0.21240816,1.0,295.152008
3021407.0,0.19478306,1.0,295.152008
3021485.0,0.19844021,1.0,295.496002
3021563.0,0.20666862,1.0,274.855988
3021641.0,0.18757057,1.0,3.096
3021719.0,0.21926531,1.0,2.408
3021798.0,0.19584975,1.0,1.72
3021876.0,0.21230663,1.0,2.064
3021954.0,0.21428758,1.0,1.376
3022032.0,0.18980533,1.0,0.344
3022110.0,0.2020973,1.0,293.776001
3022188.0,0.18340541,1.0,295.152008
3022266.0,0.19132911,1.0,295.152008
3022344.0,0.2079892,1.0,295.496002
3022422.0,0.18660541,1.0,295.152008
3022500.0,0.19722116,1.0,295.152008
3022579.0,0.19818617,1.0,43.688
3022657.0,0.19239587,1.0,2.064
3022735.0,0.2143891,1.0,2.064
3022813.0,0.19473237,1.0,2.408
3022891.0,0.20702419,1.0,2.064
3022969.0,0.20037024,1.0,2.064
3023047.0,0.20900504,1.0,227.727997
3023125.0,0.19651003,1.0,295.152008
3023203.0,0.17268831,1.0,295.152008
3023282.0,0.23140468,1.0,295.496002
3023360.0,0.21677637,1.0,295.496002
3023438.0,0.21332249,1.0,295.496002
3023516.0,0.20133547,1.0,295.496002
3023594.0,0.20062427,1.0,3.784
3023672.0,0.20108144,1.0,2.064
3023750.0,0.21459231,1.0,1.72
3023829.0,0.19341172,1.0,1.72
3023907.0,0.21215427,1.0,2.408
3023985.0,0.20336702,1.0,1.72
3024063.0,0.20062427,1.0,292.399994
3024141.0,0.19381805,1.0,294.808014
3024219.0,0.20646542,1.0,294.463989
3024297.0,0.1949355,1.0,295.152008
3024375.0,0.19513862,1.0,295.496002
3024453.0,0.19859257,1.0,295.839996
3024532.0,0.1808151,1.0,294.808014
3024610.0,0.20026872,1.0,3.096
3024688.0,0.19727185,1.0,1.72
3024766.0,0.20997013,1.0,1.376
3024844.0,0.19869417,1.0,1.72
3024922.0,0.20417982,1.0,2.064
3025000.0,0.19828777,1.0,2.408
3025078.0,0.20397663,1.0,292.743988
3025156.0,0.19574808,1.0,295.496002
3025234.0,0.2144907,1.0,294.808014
3025313.0,0.1973736,1.0,294.808014
3025391.0,0.21357638,1.0,294.808014
3025469.0,0.18005322,1.0,295.496002
3025547.0,0.1831516,1.0,295.496002
3025625.0,0.20031954,1.0,3.44
3025703.0,0.22429372,1.0,1.72
3025781.0,0.20671946,1.0,2.064
3025859.0,0.21362722,1.0,1.72
3025937.0,0.20113221,1.0,2.064
3026016.0,0.20539889,1.0,2.064
3026094.0,0.18711334,1.0,293.776001
3026172.0,0.20626229,1.0,295.152008
3026250.0,0.17055492,1.0,295.496002
3026328.0,0.21144316,1.0,295.152008
3026406.0,0.21215427,1.0,295.496002
3026484.0,0.19305615,1.0,295.496002
3026563.0,0.20925908,1.0,277.951996
3026641.0,0.18574192,1.0,3.44
3026719.0,0.2352142,1.0,2.752
3026797.0,0.21738596,1.0,2.752
3026875.0,0.21662401,1.0,2.752
3026953.0,0.21068126,1.0,2.752
3027031.0,0.20011643,1.0,0.688
3027109.0,0.20230049,1.0,294.463989
3027187.0,0.17512633,1.0,295.839996
3027266.0,0.17944369,1.0,295.839996
3027344.0,0.18274513,1.0,295.839996
3027422.0,0.20255437,1.0,295.496002
3027500.0,0.20895422,1.0,295.839996
3027578.0,0.2049924,1.0,49.535999
3027656.0,0.20743044,1.0,1.72
3027734.0,0.2233794,1.0,2.064
3027812.0,0.20463692,1.0,1.376
3027890.0,0.19092286,1.0,2.408
3027969.0,0.21713193,1.0,2.064
3028047.0,0.18193255,1.0,220.848007
3028125.0,0.21200192,1.0,295.496002
3028203.0,0.18386258,1.0,294.463989
3028281.0,0.20072588,1.0,295.152008
3028359.0,0.19783062,1.0,295.496002
3028437.0,0.20864949,1.0,294.808014
3028515.0,0.20108144,1.0,295.839996
3028593.0,0.20006551,1.0,3.44
3028671.0,0.20717648,1.0,1.72
3028750.0,0.21124002,1.0,2.064
3028828.0,0.18884031,1.0,2.064
3028906.0,0.21210344,1.0,2.064
3028984.0,0.20179249,1.0,1.72
3029062.0,0.18853559,1.0,291.712006
3029140.0,0.21570976,1.0,295.152008
3029218.0,0.19991314,1.0,295.496002
3029297.0,0.21281457,1.0,295.839996
3029375.0,0.2052972,1.0,295.496002
3029453.0,0.20011643,1.0,296.18399
3029531.0,0.18680862,1.0,296.528015
3029609.0,0.19717032,1.0,4.128
3029687.0,0.21835098,1.0,2.408
3029765.0,0.21657324,1.0,2.752
3029843.0,0.21642072,1.0,2.408
3029921.0,0.20616069,1.0,2.408
3030000.0,0.21139231,1.0,2.408
3030078.0,0.20727822,1.0,294.119995
3030156.0,0.20560193,1.0,295.496002
3030234.0,0.19412278,1.0,295.839996
3030312.0,0.20453525,1.0,295.839996
3030390.0,0.19910049,1.0,295.496002
3030468.0,0.20722738,1.0,295.839996
3030546.0,0.2167256,1.0,295.839996
3030624.0,0.21728429,1.0,3.44
3030703.0,0.22221118,1.0,2.064
3030781.0,0.22800156,1.0,2.408
3030859.0,0.21296692,1.0,2.408
3030937.0,0.20423052,1.0,2.064
3031015.0,0.19234495,1.0,2.408
3031093.0,0.20580514,1.0,293.432007
3031171.0,0.186707,1.0,294.808014
3031249.0,0.186707,1.0,295.152008
3031327.0,0.20900504,1.0,295.152008
3031406.0,0.18289757,1.0,294.808014
3031484.0,0.20397663,1.0,295.496002
3031562.0,0.19483389,1.0,280.70401
3031640.0,0.20626229,1.0,3.096
3031718.0,0.22927146,1.0,2.064
3031796.0,0.20301147,1.0,1.376
3031874.0,0.20671946,1.0,1.72
3031952.0,0.18924664,1.0,1.376
3032031.0,0.18980533,1.0,0.0
3032109.0,0.20468768,1.0,292.399994
3032187.0,0.18640229,1.0,294.119995
3032265.0,0.19386873,1.0,294.463989
3032343.0,0.19432597,1.0,294.808014
3032421.0,0.20057344,1.0,295.839996
3032499.0,0.19976079,1.0,295.839996
3032577.0,0.19249746,1.0,53.664001
3032655.0,0.21362722,1.0,2.064
3032734.0,0.22205882,1.0,2.408
3032812.0,0.20423052,1.0,1.376
3032890.0,0.20204645,1.0,2.064
3032968.0,0.20722738,1.0,1.72
3033046.0,0.21408437,1.0,212.591995
3033124.0,0.2167256,1.0,295.152008
3033202.0,0.16979304,1.0,295.839996
3033280.0,0.2187573,1.0,294.463989
3033358.0,0.20387496,1.0,295.152008
3033437.0,0.2079892,1.0,294.463989
3033515.0,0.21398285,1.0,294.808014
3033593.0,0.20951298,1.0,3.096
3033671.0,0.20697334,1.0,1.72
3033749.0,0.20290995,1.0,1.72
3033827.0,0.20814164,1.0,1.72
3033905.0,0.21520182,1.0,1.72
3033983.0,0.1984909,1.0,1.72
3034061.0,0.18706258,1.0,292.056
3034140.0,0.19661155,1.0,294.808014
3034218.0,0.18716417,1.0,295.152008
3034296.0,0.18711334,1.0,295.152008
3034374.0,0.20031954,1.0,295.496002
3034452.0,0.20047183,1.0,295.496002
3034530.0,0.22160167,1.0,295.496002
3034608.0,0.20646542,1.0,3.096
3034686.0,0.20839553,1.0,1.72
3034765.0,0.20971617,1.0,1.72
3034843.0,0.22119534,1.0,1.72
3034921.0,0.19264975,1.0,2.064
3034999.0,0.20585589,1.0,1.72
3035077.0,0.18929756,1.0,293.776001
3035155.0,0.20504332,1.0,295.496002
3035233.0,0.20174173,1.0,295.496002
3035311.0,0.19635767,1.0,295.839996
3035389.0,0.20910673,1.0,295.839996
3035468.0,0.18736731,1.0,295.839996
3035546.0,0.18792599,1.0,295.839996
3035624.0,0.20463692,1.0,3.44
3035702.0,0.20981769,1.0,2.408
3035780.0,0.22439525,1.0,2.064
3035858.0,0.18025634,1.0,2.408
3035936.0,0.1919387,1.0,2.408
3036014.0,0.20849712,1.0,1.72
3036092.0,0.18569124,1.0,293.088013
3036171.0,0.19701804,1.0,294.808014
3036249.0,0.20793851,1.0,295.152008
3036327.0,0.19874494,1.0,295.152008
3036405.0,0.19407201,1.0,295.152008
3036483.0,0.21565892,1.0,295.152008
3036561.0,0.20560193,1.0,280.70401
3036639.0,0.19915119,1.0,2.752
3036718.0,0.21687797,1.0,2.064
3036796.0,0.22957619,1.0,1.72
3036874.0,0.20890352,1.0,2.064
3036952.0,0.20890352,1.0,1.376
3037030.0,0.18117067,1.0,0.0
3037108.0,0.20986854,1.0,293.432007
3037186.0,0.19107522,1.0,295.152008
3037264.0,0.20509401,1.0,294.463989
3037342.0,0.20504332,1.0,295.152008
3037421.0,0.21824938,1.0,295.496002
3037499.0,0.19386873,1.0,295.496002
3037577.0,0.19635767,1.0,59.167999
3037655.0,0.18411662,1.0,2.064
3037733.0,0.21880807,1.0,2.064
3037811.0,0.20494165,1.0,2.064
3037889.0,0.21967156,1.0,2.064
3037967.0,0.20687182,1.0,1.72
3038045.0,0.20057344,1.0,208.119995
3038123.0,0.2010306,1.0,295.152008
3038202.0,0.1930054,1.0,295.496002
3038280.0,0.1970688,1.0,295.152008
3038358.0,0.20925908,1.0,295.152008
3038436.0,0.20773523,1.0,295.152008
3038514.0,0.19280219,1.0,296.18399
3038592.0,0.22276995,1.0,3.784
3038670.0,0.20224965,1.0,1.376
3038748.0,0.22185563,1.0,2.064
3038826.0,0.20123373,1.0,2.064
3038905.0,0.21281457,1.0,2.064
3038983.0,0.21713193,1.0,2.064
3039061.0,0.20077671,1.0,292.056
3039139.0,0.20067504,1.0,295.152008
3039217.0,0.1949355,1.0,295.496002
3039295.0,0.21550655,1.0,295.496002
3039373.0,0.21667476,1.0,295.496002
3039451.0,0.21052882,1.0,295.496002
3039530.0,0.178377,1.0,295.152008
3039608.0,0.21144316,1.0,2.752
3039686.0,0.21728429,1.0,2.064
3039764.0,0.19783062,1.0,2.064
3039842.0,0.21002097,1.0,2.064
3039920.0,0.20428136,1.0,2.064
3039998.0,0.20997013,1.0,2.408
3040076.0,0.2199256,1.0,293.432007
3040155.0,0.21240816,1.0,295.152008
3040233.0,0.20016712,1.0,295.152008
3040311.0,0.19920211,1.0,295.152008
3040389.0,0.21637005,1.0,295.839996
3040467.0,0.204129,1.0,295.496002
3040545.0,0.18894191,1.0,296.18399
3040623.0,0.19590059,1.0,3.096
3040701.0,0.20941144,1.0,1.72
3040779.0,0.22520804,1.0,2.064
3040857.0,0.20417982,1.0,2.064
3040936.0,0.19397041,1.0,2.064
3041014.0,0.20804003,1.0,2.408
3041092.0,0.20301147,1.0,293.776001
3041170.0,0.20031954,1.0,295.152008
3041248.0,0.22236355,1.0,295.496002
3041326.0,0.18640229,1.0,295.839996
3041404.0,0.2032655,1.0,295.152008
3041482.0,0.21479543,1.0,295.496002
3041560.0,0.2073289,1.0,286.552002
3041639.0,0.20849712,1.0,3.096
3041717.0,0.21002097,1.0,2.064
3041795.0,0.21088447,1.0,2.064
3041873.0,0.20494165,1.0,2.064
3041951.0,0.20895422,1.0,1.72
3042029.0,0.19838938,1.0,0.0
3042107.0,0.19879578,1.0,293.776001
3042186.0,0.19361492,1.0,295.496002
3042264.0,0.19163398,1.0,295.496002
3042342.0,0.20590666,1.0,295.496002
3042420.0,0.20595756,1.0,295.496002
3042498.0,0.21200192,1.0,295.496002
3042576.0,0.19793221,1.0,65.015999
3042654.0,0.20179249,1.0,2.064
3042732.0,0.21464314,1.0,2.064
3042810.0,0.20341787,1.0,2.064
3042889.0,0.20509401,1.0,1.72
3042967.0,0.19884646,1.0,2.064
3043045.0,0.23033807,1.0,203.992004
3043123.0,0.20397663,1.0,295.152008
3043201.0,0.18579276,1.0,295.152008
3043279.0,0.21637005,1.0,295.496002
3043357.0,0.20158929,1.0,295.496002
3043435.0,0.1902118,1.0,295.496002
3043513.0,0.19600211,1.0,295.496002
3043592.0,0.19925286,1.0,3.784
3043670.0,0.19209114,1.0,2.064
3043748.0,0.20890352,1.0,2.064
3043826.0,0.20671946,1.0,2.064
3043904.0,0.18025634,1.0,2.064
3043982.0,0.21261136,1.0,2.064
3044060.0,0.20296077,1.0,292.056
3044138.0,0.20184325,1.0,295.152008
3044216.0,0.19534183,1.0,295.152008
3044295.0,0.20875116,1.0,295.496002
3044373.0,0.19676399,1.0,295.496002
3044451.0,0.19437681,1.0,295.496002
3044529.0,0.20047183,1.0,296.528015
3044607.0,0.21139231,1.0,4.128
3044685.0,0.21022409,1.0,2.752
3044763.0,0.22236355,1.0,2.752
3044841.0,0.2037226,1.0,2.752
3044920.0,0.2146939,1.0,2.752
3044998.0,0.20113221,1.0,2.752
3045076.0,0.19838938,1.0,293.776001
3045154.0,0.22561429,1.0,295.496002
3045232.0,0.20453525,1.0,295.839996
3045310.0,0.18939908,1.0,295.839996
3045388.0,0.22205882,1.0,295.839996
3045466.0,0.20930977,1.0,296.18399
3045544.0,0.18812934,1.0,296.18399
3045623.0,0.20423052,1.0,3.44
3045701.0,0.22256675,1.0,2.408
3045779.0,0.23419835,1.0,2.408
3045857.0,0.23506176,1.0,2.408
3045935.0,0.20240201,1.0,2.408
3046013.0,0.20006551,1.0,2.064
3046091.0,0.19361492,1.0,294.119995
3046169.0,0.21057974,1.0,295.496002
3046247.0,0.19127841,1.0,295.496002
3046325.0,0.20626229,1.0,295.496002
3046404.0,0.19544335,1.0,295.496002
3046482.0,0.20153853,1.0,295.496002
3046560.0,0.22119534,1.0,288.272003
3046638.0,0.1941736,1.0,3.44
3046716.0,0.21372882,1.0,2.064
3046794.0,0.19945607,1.0,2.064
3046872.0,0.21555732,1.0,2.064
3046950.0,0.22398899,1.0,2.064
3047029.0,0.201437,1.0,0.0
3047107.0,0.21332249,1.0,294.808014
3047185.0,0.18955144,1.0,296.528015
3047263.0,0.20484012,1.0,295.496002
3047341.0,0.22216035,1.0,296.528015
3047419.0,0.18650381,1.0,295.839996
3047497.0,0.20580514,1.0,296.18399
3047575.0,0.20433211,1.0,74.304001
3047654.0,0.20230049,1.0,2.752
3047732.0,0.21647164,1.0,2.752
3047810.0,0.21261136,1.0,2.408
3047888.0,0.20920825,1.0,2.752
3047966.0,0.21967156,1.0,2.408
3048044.0,0.20748127,1.0,197.455994
3048122.0,0.21057974,1.0,295.839996
3048200.0,0.17624378,1.0,295.839996
3048278.0,0.21103674,1.0,295.839996
3048357.0,0.19407201,1.0,295.839996
3048435.0,0.20885268,1.0,295.839996
3048513.0,0.21581128,1.0,295.839996
3048591.0,0.18995784,1.0,3.784
3048669.0,0.22023033,1.0,2.408
3048747.0,0.21052882,1.0,2.064
3048825.0,0.21845251,1.0,2.064
3048903.0,0.20600833,1.0,2.064
3048981.0,0.21184948,1.0,1.72
3049060.0,0.21352568,1.0,291.368011
3049138.0,0.2241922,1.0,294.808014
3049216.0,0.21154475,1.0,294.808014
3049294.0,0.20108144,1.0,294.808014
3049372.0,0.19645928,1.0,295.496002
3049450.0,0.21951912,1.0,295.152008
3049528.0,0.2416141,1.0,295.152008
3049606.0,0.19798304,1.0,3.096
3049684.0,0.20981769,1.0,1.72
3049763.0,0.22393817,1.0,2.752
3049841.0,0.23562053,1.0,2.408
3049919.0,0.20671946,1.0,3.096
3049997.0,0.20590666,1.0,2.064
3050075.0,0.21799542,1.0,293.776001
3050153.0,0.19651003,1.0,295.496002
3050231.0,0.20727822,1.0,295.839996
3050309.0,0.20915741,1.0,296.18399
3050388.0,0.20544957,1.0,296.18399
3050466.0,0.215151,1.0,296.18399
3050544.0,0.19112597,1.0,295.839996
3050622.0,0.22368412,1.0,3.784
3050700.0,0.21865571,1.0,2.408
3050778.0,0.2275444,1.0,2.408
3050856.0,0.22673182,1.0,2.408
3050934.0,0.20651618,1.0,2.408
3051012.0,0.19884646,1.0,2.064
3051090.0,0.21840174,1.0,294.119995
3051169.0,0.20026872,1.0,295.152008
3051247.0,0.1878753,1.0,295.496002
3051325.0,0.21347485,1.0,295.496002
3051403.0,0.19478306,1.0,296.18399
3051481.0,0.20514484,1.0,295.839996
3051559.0,0.19544335,1.0,292.743988
3051637.0,0.21047798,1.0,3.44
3051716.0,0.21261136,1.0,2.064
3051794.0,0.19107522,1.0,2.408
3051872.0,0.21301761,1.0,2.064
3051950.0,0.2194176,1.0,2.064
3052028.0,0.23145552,1.0,0.0
3052106.0,0.21413514,1.0,294.119995
3052184.0,0.18909435,1.0,295.496002
3052262.0,0.20560193,1.0,295.839996
3052340.0,0.20961457,1.0,296.18399
3052419.0,0.20753211,1.0,296.18399
3052497.0,0.19889738,1.0,296.872009
3052575.0,0.21687797,1.0,80.152
3052653.0,0.22668099,1.0,3.096
3052731.0,0.24191883,1.0,2.752
3052809.0,0.20255437,1.0,2.752
3052887.0,0.22734128,1.0,3.096
3052965.0,0.23445231,1.0,3.44
3053043.0,0.23379202,1.0,188.167999
3053122.0,0.19056728,1.0,296.528015
3053200.0,0.20362106,1.0,296.18399
3053278.0,0.22236355,1.0,295.496002
3053356.0,0.2016402,1.0,295.839996
3053434.0,0.22083977,1.0,295.839996
3053512.0,0.1941736,1.0,295.839996
3053590.0,0.20753211,1.0,3.784
3053668.0,0.19793221,1.0,2.408
3053746.0,0.22332871,1.0,2.408
3053825.0,0.19752589,1.0,2.064
3053903.0,0.20316391,1.0,2.064
3053981.0,0.22541118,1.0,2.064
3054059.0,0.2008274,1.0,292.056
3054137.0,0.18899275,1.0,295.496002
3054215.0,0.20062427,1.0,295.496002
3054293.0,0.19320844,1.0,295.839996
3054371.0,0.20280834,1.0,295.496002
3054449.0,0.21560815,1.0,295.496002
3054528.0,0.21103674,1.0,295.839996
3054606.0,0.20453525,1.0,3.44
3054684.0,0.21281457,1.0,2.064
3054762.0,0.23176025,1.0,2.408
3054840.0,0.21921447,1.0,2.408
3054918.0,0.20910673,1.0,1.72
3054996.0,0.19137993,1.0,2.064
3055074.0,0.22673182,1.0,293.776001
3055153.0,0.24313788,1.0,295.496002
3055231.0,0.20671946,1.0,295.496002
3055309.0,0.20849712,1.0,295.496002
3055387.0,0.21215427,1.0,295.496002
3055465.0,0.20184325,1.0,295.496002
3055543.0,0.22205882,1.0,295.496002
3055621.0,0.22124617,1.0,3.44
3055699.0,0.22414128,1.0,2.064
3055778.0,0.18665625,1.0,2.064
3055856.0,0.21931599,1.0,2.064
3055934.0,0.20219882,1.0,3.096
3056012.0,0.20727822,1.0,2.064
3056090.0,0.20956381,1.0,293.776001
3056168.0,0.20270674,1.0,295.496002
3056246.0,0.1909737,1.0,295.496002
3056324.0,0.20478928,1.0,295.496002
3056402.0,0.2206874,1.0,295.496002
3056480.0,0.2144907,1.0,295.496002
3056559.0,0.20743044,1.0,295.152008
3056637.0,0.22236355,1.0,3.096
3056715.0,0.21743666,1.0,2.064
3056793.0,0.21398285,1.0,2.064
3056871.0,0.22089061,1.0,2.064
3056949.0,0.20235118,1.0,2.064
3057027.0,0.18782446,1.0,1.032
3057105.0,0.21718277,1.0,293.776001
3057183.0,0.17136757,1.0,296.18399
3057262.0,0.21154475,1.0,295.839996
3057340.0,0.20367183,1.0,295.152008
3057418.0,0.19295456,1.0,296.528015
3057496.0,0.21535419,1.0,295.839996
3057574.0,0.20265606,1.0,86.0
3057652.0,0.18274513,1.0,1.72
3057730.0,0.21647164,1.0,1.72
3057808.0,0.22332871,1.0,2.064
3057887.0,0.18599597,1.0,2.752
3057965.0,0.21022409,1.0,2.408
3058043.0,0.2052972,1.0,177.503998
3058121.0,0.20321466,1.0,295.839996
3058199.0,0.18828155,1.0,295.496002
3058277.0,0.21362722,1.0,295.496002
3058355.0,0.20997013,1.0,294.808014
3058433.0,0.20682098,1.0,294.463989
3058512.0,0.21870655,1.0,295.152008
3058590.0,0.19889738,1.0,3.096
3058668.0,0.22383656,1.0,2.064
3058746.0,0.21667476,1.0,2.408
3058824.0,0.18685944,1.0,1.72
3058902.0,0.21840174,1.0,2.064
3058980.0,0.21474467,1.0,2.064
3059058.0,0.20626229,1.0,291.712006
3059136.0,0.2020973,1.0,295.152008
3059215.0,0.19529098,1.0,295.152008
3059293.0,0.20804003,1.0,295.152008
3059371.0,0.20443372,1.0,295.496002
3059449.0,0.20565277,1.0,295.496002
3059527.0,0.20783684,1.0,295.496002
3059605.0,0.20113221,1.0,3.44
3059683.0,0.19991314,1.0,2.064
3059761.0,0.19640844,1.0,2.064
3059839.0,0.20219882,1.0,2.064
3059917.0,0.21662401,1.0,2.064
3059996.0,0.2345539,1.0,2.064
3060074.0,0.18980533,1.0,293.776001
3060152.0,0.18142456,1.0,295.152008
3060230.0,0.19696712,1.0,295.152008
3060308.0,0.20737974,1.0,295.152008
3060386.0,0.18452294,1.0,295.152008
3060464.0,0.21951912,1.0,295.496002
3060543.0,0.18614833,1.0,295.496002
3060621.0,0.21225581,1.0,3.096
3060699.0,0.20240201,1.0,2.408
3060777.0,0.23343647,1.0,2.064
3060855.0,0.20885268,1.0,2.064
3060933.0,0.18696098,1.0,2.064
3061011.0,0.2167256,1.0,1.72
3061089.0,0.20108144,1.0,293.776001
3061167.0,0.19122759,1.0,295.152008
3061245.0,0.19925286,1.0,295.496002
3061324.0,0.21256059,1.0,295.496002
3061402.0,0.20484012,1.0,295.496002
3061480.0,0.19701804,1.0,295.496002
3061558.0,0.20189402,1.0,297.559998
3061636.0,0.21464314,1.0,3.44
3061714.0,0.27046433,1.0,2.064
3061792.0,0.23643318,1.0,2.064
3061870.0,0.23622997,1.0,2.064
3061948.0,0.20504332,1.0,2.064
3062027.0,0.22637627,1.0,0.688
3062105.0,0.22713807,1.0,294.119995
3062183.0,0.19656087,1.0,295.152008
3062261.0,0.20829391,1.0,295.496002
3062339.0,0.21962072,1.0,295.496002
3062417.0,0.19183718,1.0,295.152008
3062495.0,0.21271288,1.0,295.839996
3062574.0,0.21855411,1.0,94.599998
3062652.0,0.21586218,1.0,2.064
3062730.0,0.23739827,1.0,2.064
3062808.0,0.22434449,1.0,2.064
3062886.0,0.21306853,1.0,2.064
3062964.0,0.21225581,1.0,2.064
3063042.0,0.22099213,1.0,159.272003
3063120.0,0.20773523,1.0,295.496002
3063198.0,0.18863711,1.0,295.152008
3063277.0,0.19859257,1.0,295.496002
3063355.0,0.19630684,1.0,295.496002
3063433.0,0.22983015,1.0,295.496002
3063511.0,0.20331635,1.0,295.496002
3063589.0,0.20407815,1.0,2.752
3063667.0,0.19635767,1.0,1.72
3063745.0,0.21972232,1.0,2.064
3063823.0,0.20484012,1.0,2.064
3063901.0,0.23765223,1.0,1.72
3063980.0,0.22048436,1.0,2.064
3064058.0,0.2348078,1.0,291.712006
3064136.0,0.19183718,1.0,295.496002
3064214.0,0.17258662,1.0,295.496002
3064292.0,0.21418598,1.0,295.496002
3064370.0,0.20763363,1.0,295.496002
3064448.0,0.21794465,1.0,295.496002
3064526.0,0.20072588,1.0,295.496002
3064604.0,0.21789382,1.0,3.096
3064683.0,0.19940522,1.0,2.064
3064761.0,0.20575429,1.0,2.064
3064839.0,0.22327787,1.0,2.064
3064917.0,0.20793851,1.0,2.064
3064995.0,0.21002097,1.0,2.408
3065073.0,0.22454776,1.0,293.432007
3065151.0,0.19508778,1.0,295.152008
3065229.0,0.21357638,1.0,295.496002
3065308.0,0.20021795,1.0,295.152008
3065386.0,0.21474467,1.0,295.496002
3065464.0,0.21317013,1.0,295.839996
3065542.0,0.22276995,1.0,295.839996
3065620.0,0.19285303,1.0,3.096
3065698.0,0.22876345,1.0,2.064
3065776.0,0.20260522,1.0,1.72
3065854.0,0.21840174,1.0,1.376
3065932.0,0.23247138,1.0,2.064
3066011.0,0.20047183,1.0,2.064
3066089.0,0.21413514,1.0,293.432007
3066167.0,0.18944992,1.0,295.152008
3066245.0,0.19635767,1.0,295.839996
3066323.0,0.2237858,1.0,295.152008
3066401.0,0.19950682,1.0,294.808014
3066479.0,0.19468154,1.0,295.496002
3066557.0,0.20428136,1.0,297.216003
3066635.0,0.21728429,1.0,2.752
3066714.0,0.21977316,1.0,1.72
3066792.0,0.20783684,1.0,1.72
3066870.0,0.21550655,1.0,2.064
3066948.0,0.23196344,1.0,2.064
3067026.0,0.19442749,1.0,0.344
3067104.0,0.21484627,1.0,293.432007
3067182.0,0.20595756,1.0,294.808014
3067260.0,0.2063639,1.0,295.152008
3067338.0,0.17563418,1.0,295.496002
3067417.0,0.21738596,1.0,295.496002
3067495.0,0.1895006,1.0,295.152008
3067573.0,0.22688411,1.0,103.888
3067651.0,0.23734742,1.0,1.72
3067729.0,0.21332249,1.0,2.064
3067807.0,0.20936069,1.0,2.064
3067885.0,0.21687797,1.0,2.064
3067963.0,0.22282071,1.0,2.064
3068042.0,0.20285918,1.0,151.703995
3068120.0,0.23648393,1.0,295.152008
3068198.0,0.19407201,1.0,295.152008
3068276.0,0.181577,1.0,295.152008
3068354.0,0.20854796,1.0,295.496002
3068432.0,0.22165249,1.0,295.496002
3068510.0,0.19625615,1.0,295.839996
3068588.0,0.22160167,1.0,3.44
3068667.0,0.22165249,1.0,2.752
3068745.0,0.22871269,1.0,2.408
3068823.0,0.18960227,1.0,2.064
3068901.0,0.22693495,1.0,2.408
3068979.0,0.20392579,1.0,2.408
3069057.0,0.20768447,1.0,291.712006
3069135.0,0.20478928,1.0,295.152008
3069213.0,0.1962053,1.0,295.496002
3069291.0,0.19859257,1.0,295.496002
3069369.0,0.20864949,1.0,295.839996
3069448.0,0.21078286,1.0,295.839996
3069526.0,0.19198939,1.0,296.528015
3069604.0,0.18188173,1.0,3.096
3069682.0,0.22063665,1.0,1.72
3069760.0,0.21901126,1.0,1.72
3069838.0,0.22373496,1.0,1.72
3069916.0,0.22790004,1.0,2.408
3069994.0,0.19930363,1.0,2.064
3070072.0,0.20697334,1.0,293.432007
3070151.0,0.20946229,1.0,294.808014
3070229.0,0.18675777,1.0,294.808014
3070307.0,0.17802145,1.0,295.152008
3070385.0,0.20108144,1.0,295.152008
3070463.0,0.21540503,1.0,295.839996
3070541.0,0.20687182,1.0,295.839996
3070619.0,0.22231285,1.0,3.784
3070697.0,0.22099213,1.0,2.408
3070775.0,0.20133547,1.0,2.064
3070854.0,0.204129,1.0,2.064
3070932.0,0.21713193,1.0,2.408
3071010.0,0.20514484,1.0,2.064
3071088.0,0.20687182,1.0,293.776001
3071166.0,0.19117682,1.0,295.496002
3071244.0,0.22642711,1.0,295.152008
3071322.0,0.21037646,1.0,294.808014
3071401.0,0.18040878,1.0,295.496002
3071479.0,0.20788766,1.0,295.496002
3071557.0,0.19574808,1.0,298.59201
3071635.0,0.22424288,1.0,3.44
3071713.0,0.2233794,1.0,2.752
3071791.0,0.23592524,1.0,2.408
3071869.0,0.21987475,1.0,2.408
3071947.0,0.23394431,1.0,2.064
3072025.0,0.21129079,1.0,1.032
3072104.0,0.22073817,1.0,294.463989
3072182.0,0.21190031,1.0,295.496002
3072260.0,0.22246522,1.0,295.496002
3072338.0,0.22033185,1.0,296.18399
3072416.0,0.2282556,1.0,295.839996
3072494.0,0.20468768,1.0,296.18399
3072572.0,0.25898516,1.0,111.112
3072650.0,0.22668099,1.0,2.064
3072728.0,0.24354413,1.0,2.064
3072807.0,0.22922061,1.0,2.408
3072885.0,0.21865571,1.0,2.408
3072963.0,0.21728429,1.0,2.408
3073041.0,0.21647164,1.0,145.167999
3073119.0,0.20260522,1.0,295.496002
3073197.0,0.20219882,1.0,295.496002
3073275.0,0.22007789,1.0,295.496002
3073353.0,0.21184948,1.0,295.152008
3073431.0,0.22160167,1.0,295.496002
3073509.0,0.21570976,1.0,295.496002
3073588.0,0.22398899,1.0,2.408
3073666.0,0.19361492,1.0,2.064
3073744.0,0.22190645,1.0,1.72
3073822.0,0.21494786,1.0,1.72
3073900.0,0.22261758,1.0,1.72
3073978.0,0.21835098,1.0,2.752
3074056.0,0.22881429,1.0,290.679993
3074135.0,0.20519561,1.0,294.463989
3074213.0,0.20778599,1.0,294.808014
3074291.0,0.2020973,1.0,294.808014
3074369.0,0.20961457,1.0,295.839996
3074447.0,0.23572212,1.0,294.808014
3074525.0,0.20910673,1.0,294.808014
3074603.0,0.216116,1.0,3.096
3074681.0,0.23267457,1.0,1.032
3074759.0,0.23562053,1.0,1.72
3074838.0,0.22612223,1.0,1.376
3074916.0,0.23836336,1.0,1.72
3074994.0,0.2215509,1.0,2.064
3075072.0,0.19793221,1.0,293.088013
3075150.0,0.22236355,1.0,294.463989
3075228.0,0.21652249,1.0,295.152008
3075306.0,0.22343023,1.0,295.496002
3075384.0,0.1970688,1.0,294.463989
3075462.0,0.20316391,1.0,294.808014
3075541.0,0.2227191,1.0,295.152008
3075619.0,0.19554502,1.0,3.096
3075697.0,0.20194493,1.0,1.376
3075775.0,0.21418598,1.0,2.064
3075853.0,0.22800156,1.0,2.064
3075931.0,0.21408437,1.0,1.72
3076009.0,0.22261758,1.0,2.064
3076087.0,0.18492927,1.0,293.088013
3076165.0,0.19701804,1.0,294.808014
3076244.0,0.19640844,1.0,295.496002
3076322.0,0.2104273,1.0,295.152008
3076400.0,0.18472607,1.0,295.496002
3076478.0,0.21581128,1.0,295.496002
3076556.0,0.21124002,1.0,294.808014
3076634.0,0.23201421,1.0,3.096
3076712.0,0.21327165,1.0,2.064
3076790.0,0.21637005,1.0,1.72
3076868.0,0.25730902,1.0,2.064
3076947.0,0.21530342,1.0,1.72
3077025.0,0.21697949,1.0,1.032
3077103.0,0.21616691,1.0,293.432007
3077181.0,0.19671331,1.0,295.152008
3077259.0,0.20575429,1.0,295.152008
3077337.0,0.21179864,1.0,295.496002
3077415.0,0.19569738,1.0,294.463989
3077494.0,0.2104273,1.0,295.496002
3077572.0,0.19163398,1.0,118.68
3077650.0,0.22205882,1.0,2.064
3077728.0,0.22998244,1.0,2.064
3077806.0,0.21499863,1.0,2.064
3077884.0,0.22063665,1.0,2.064
3077962.0,0.20961457,1.0,2.064
3078040.0,0.23003334,1.0,138.975998
3078118.0,0.22221118,1.0,295.839996
3078196.0,0.19036409,1.0,295.496002
3078275.0,0.2168272,1.0,295.839996
3078353.0,0.20072588,1.0,295.839996
3078431.0,0.22180493,1.0,295.839996
3078509.0,0.20956381,1.0,295.496002
3078587.0,0.23049051,1.0,2.752
3078665.0,0.20930977,1.0,3.096
3078743.0,0.20224965,1.0,2.408
3078821.0,0.22693495,1.0,2.752
3078899.0,0.19539265,1.0,2.408
3078978.0,0.21606532,1.0,2.408
3079056.0,0.2127638,1.0,291.712006
3079134.0,0.22180493,1.0,295.496002
3079212.0,0.20560193,1.0,295.839996
3079290.0,0.20057344,1.0,295.839996
3079368.0,0.21855411,1.0,295.839996
3079446.0,0.19986239,1.0,295.839996
3079524.0,0.18726569,1.0,294.808014
3079602.0,0.21403354,1.0,2.752
3079681.0,0.20930977,1.0,1.376
3079759.0,0.21311928,1.0,1.376
3079837.0,0.22515722,1.0,1.72
3079915.0,0.20321466,1.0,1.72
3079993.0,0.21652249,1.0,1.72
3080071.0,0.22012872,1.0,292.743988
3080149.0,0.20870031,1.0,294.808014
3080227.0,0.20890352,1.0,294.808014
3080306.0,0.21865571,1.0,294.463989
3080384.0,0.21017326,1.0,295.152008
3080462.0,0.22393817,1.0,295.152008
3080540.0,0.21555732,1.0,295.152008
3080618.0,0.22470005,1.0,3.096
3080696.0,0.2175891,1.0,2.064
3080774.0,0.22449693,1.0,2.064
3080852.0,0.24313788,1.0,2.408
3080930.0,0.20773523,1.0,2.064
3081009.0,0.21728429,1.0,1.72
3081087.0,0.21022409,1.0,293.432007
3081165.0,0.21763977,1.0,296.18399
3081243.0,0.20250362,1.0,295.152008
3081321.0,0.21367805,1.0,295.496002
3081399.0,0.19940522,1.0,296.528015
3081477.0,0.20575429,1.0,295.496002
3081555.0,0.21499863,1.0,297.216003
3081633.0,0.20280834,1.0,3.44
3081712.0,0.23313174,1.0,2.064
3081790.0,0.19249746,1.0,2.064
3081868.0,0.21697949,1.0,1.72
3081946.0,0.20448455,1.0,2.064
3082024.0,0.21266221,1.0,1.032
3082102.0,0.22500478,1.0,292.743988
3082180.0,0.19366568,1.0,294.463989
3082258.0,0.21510015,1.0,295.152008
3082337.0,0.20605917,1.0,294.808014
3082415.0,0.21240816,1.0,294.808014
3082493.0,0.20930977,1.0,295.152008
3082571.0,0.21957003,1.0,124.528
3082649.0,0.21977316,1.0,1.376
3082727.0,0.2456775,1.0,1.72
3082805.0,0.22668099,1.0,1.72
3082883.0,0.20804003,1.0,1.376
3082962.0,0.20717648,1.0,1.376
3083040.0,0.19793221,1.0,132.783997
3083118.0,0.22002712,1.0,294.463989
3083196.0,0.17934202,1.0,294.808014
3083274.0,0.21591288,1.0,294.808014
3083352.0,0.22160167,1.0,294.808014
3083430.0,0.19981155,1.0,294.808014
3083508.0,0.21550655,1.0,295.839996
3083586.0,0.21022409,1.0,2.064
3083665.0,0.21677637,1.0,2.408
3083743.0,0.21789382,1.0,2.408
3083821.0,0.20270674,1.0,1.72
3083899.0,0.2210938,1.0,2.408
3083977.0,0.21784306,1.0,2.064
3084055.0,0.20575429,1.0,291.368011
3084133.0,0.22566506,1.0,295.496002
3084211.0,0.19315776,1.0,295.839996
3084289.0,0.22637627,1.0,295.839996
3084368.0,0.21367805,1.0,295.839996
3084446.0,0.20758295,1.0,295.839996
3084524.0,0.2238874,1.0,295.839996
3084602.0,0.22393817,1.0,3.784
3084680.0,0.22023033,1.0,2.408
3084758.0,0.22510645,1.0,1.376
3084836.0,0.21677637,1.0,1.376
3084914.0,0.20590666,1.0,1.72
3084992.0,0.22591902,1.0,1.376
3085070.0,0.22343023,1.0,292.399994
3085149.0,0.18569124,1.0,294.808014
3085227.0,0.19930363,1.0,294.808014
3085305.0,0.22398899,1.0,295.152008
3085383.0,0.19539265,1.0,295.152008
3085461.0,0.20793851,1.0,295.152008
3085539.0,0.23165871,1.0,295.152008
3085617.0,0.21601447,1.0,3.096
3085695.0,0.21565892,1.0,1.72
3085774.0,0.21230663,1.0,1.72
3085852.0,0.23785542,1.0,1.72
3085930.0,0.21362722,1.0,1.72
3086008.0,0.20600833,1.0,1.72
3086086.0,0.22627459,1.0,293.432007
3086164.0,0.20179249,1.0,295.152008
3086242.0,0.21830015,1.0,296.18399
3086320.0,0.20534804,1.0,296.18399
3086399.0,0.20682098,1.0,296.18399
3086477.0,0.2080908,1.0,296.18399
3086555.0,0.21865571,1.0,297.559998
3086633.0,0.20179249,1.0,3.784
3086711.0,0.23734742,1.0,2.408
3086789.0,0.22805241,1.0,2.408
3086867.0,0.20991938,1.0,2.408
3086945.0,0.21433833,1.0,2.408
3087023.0,0.21596372,1.0,0.688
3087102.0,0.2010306,1.0,294.119995
3087180.0,0.19295456,1.0,295.496002
3087258.0,0.21047798,1.0,295.839996
3087336.0,0.21164635,1.0,295.839996
3087414.0,0.21911287,1.0,294.808014
3087492.0,0.22129694,1.0,294.808014
3087570.0,0.22165249,1.0,137.944
3087648.0,0.23577289,1.0,2.064
3087726.0,0.22530958,1.0,1.72
3087805.0,0.22718892,1.0,2.064
3087883.0,0.22150005,1.0,1.376
3087961.0,0.21443987,1.0,1.72
3088039.0,0.23780459,1.0,128.656006
3088117.0,0.2233794,1.0,295.152008
3088195.0,0.20184325,1.0,295.496002
3088273.0,0.17502473,1.0,295.152008
3088351.0,0.22470005,1.0,295.496002
3088429.0,0.19452918,1.0,295.152008
3088508.0,0.20113221,1.0,295.496002
3088586.0,0.21926531,1.0,2.064
3088664.0,0.22414128,1.0,1.72
3088742.0,0.21738596,1.0,2.064
3088820.0,0.22678252,1.0,2.064
3088898.0,0.23912516,1.0,2.064
3088976.0,0.21510015,1.0,2.064
3089055.0,0.23018563,1.0,289.992004
3089133.0,0.212459,1.0,294.808014
3089211.0,0.21235733,1.0,294.808014
3089289.0,0.22129694,1.0,295.152008
3089367.0,0.21789382,1.0,294.808014
3089445.0,0.20783684,1.0,294.808014
3089523.0,0.21662401,1.0,294.808014
3089601.0,0.21692874,1.0,2.752
3089679.0,0.20920825,1.0,2.064
3089758.0,0.22820477,1.0,1.72
3089836.0,0.21885884,1.0,1.72
3089914.0,0.20214805,1.0,1.72
3089992.0,0.1919387,1.0,2.064
3090070.0,0.22114465,1.0,292.399994
3090148.0,0.20610985,1.0,294.463989
3090226.0,0.19772908,1.0,294.463989
3090304.0,0.21652249,1.0,295.152008
3090382.0,0.22673182,1.0,295.496002
3090461.0,0.20519561,1.0,295.152008
3090539.0,0.22571598,1.0,295.496002
3090617.0,0.22536033,1.0,2.752
3090695.0,0.20494165,1.0,2.064
3090773.0,0.21560815,1.0,1.72
3090851.0,0.23424904,1.0,2.064
3090929.0,0.23506176,1.0,2.064
3091007.0,0.22287147,1.0,2.064
3091086.0,0.21784306,1.0,293.432007
3091164.0,0.19513862,1.0,295.152008
3091242.0,0.19701804,1.0,295.496002
3091320.0,0.18619916,1.0,294.808014
3091398.0,0.22998244,1.0,295.152008
3091476.0,0.2127638,1.0,294.808014
3091554.0,0.20997013,1.0,296.528015
3091632.0,0.21824938,1.0,2.752
3091710.0,0.21885884,1.0,2.064
3091789.0,0.21474467,1.0,1.72
3091867.0,0.21281457,1.0,1.72
3091945.0,0.21037646,1.0,2.064
3092023.0,0.24755685,1.0,0.688
3092101.0,0.18955144,1.0,293.088013
3092179.0,0.20042115,1.0,294.808014
3092257.0,0.21261136,1.0,294.463989
3092335.0,0.21256059,1.0,294.808014
3092413.0,0.22185563,1.0,294.808014
3092492.0,0.23252213,1.0,295.152008
3092570.0,0.22124617,1.0,148.264008
3092648.0,0.20290995,1.0,2.064
3092726.0,0.23526496,1.0,2.064
3092804.0,0.23257297,1.0,2.064
3092882.0,0.23882043,1.0,1.72
3092960.0,0.23145552,1.0,2.064
3093038.0,0.22622375,1.0,122.807999
3093116.0,0.21906203,1.0,294.463989
3093195.0,0.19970995,1.0,295.152008
3093273.0,0.22048436,1.0,295.152008
3093351.0,0.23892204,1.0,295.152008
3093429.0,0.21423666,1.0,295.152008
3093507.0,0.1970688,1.0,295.496002
3093585.0,0.22723976,1.0,2.064
3093663.0,0.20118296,1.0,1.72
3093741.0,0.22861117,1.0,1.376
3093819.0,0.20666862,1.0,2.064
3093897.0,0.21697949,1.0,1.72
3093976.0,0.20285918,1.0,1.72
3094054.0,0.20514484,1.0,289.992004
3094132.0,0.20793851,1.0,295.152008
3094210.0,0.21906203,1.0,295.152008
3094288.0,0.20484012,1.0,295.152008
3094366.0,0.22835712,1.0,294.463989
3094444.0,0.22073817,1.0,294.808014
3094522.0,0.21200192,1.0,295.496002
3094601.0,0.22002712,1.0,3.096
3094679.0,0.2175891,1.0,2.064
3094757.0,0.21677637,1.0,1.72
3094835.0,0.20997013,1.0,1.72
3094913.0,0.23018563,1.0,1.376
3094991.0,0.22850956,1.0,2.064
3095069.0,0.22403969,1.0,292.399994
3095147.0,0.20184325,1.0,294.463989
3095226.0,0.2016402,1.0,295.152008
3095304.0,0.22160167,1.0,295.152008
3095382.0,0.22002712,1.0,295.152008
3095460.0,0.20880193,1.0,295.152008
3095538.0,0.21052882,1.0,295.496002
3095616.0,0.21271288,1.0,3.096
3095694.0,0.22185563,1.0,1.72
3095772.0,0.2424776,1.0,1.376
3095850.0,0.21296692,1.0,1.72
3095929.0,0.2120526,1.0,2.064
3096007.0,0.21779221,1.0,2.408
3096085.0,0.22073817,1.0,294.463989
3096163.0,0.19904967,1.0,295.839996
3096241.0,0.20991938,1.0,295.496002
3096319.0,0.21261136,1.0,295.839996
3096397.0,0.21555732,1.0,295.496002
3096475.0,0.216116,1.0,295.839996
3096553.0,0.21337324,1.0,296.872009
3096632.0,0.22266842,1.0,3.44
3096710.0,0.24542347,1.0,1.72
3096788.0,0.23084591,1.0,2.064
3096866.0,0.22551277,1.0,1.72
3096944.0,0.2163192,1.0,2.064
3097022.0,0.20890352,1.0,1.032
3097100.0,0.21118911,1.0,294.119995
3097178.0,0.21296692,1.0,295.496002
3097256.0,0.22195722,1.0,295.496002
3097335.0,0.2057036,1.0,295.496002
3097413.0,0.19178635,1.0,295.496002
3097491.0,0.21027493,1.0,295.496002
3097569.0,0.20580514,1.0,156.863998
3097647.0,0.22028108,1.0,2.408
3097725.0,0.21667476,1.0,2.064
3097803.0,0.2194176,1.0,2.064
3097881.0,0.23069362,1.0,2.408
3097960.0,0.22287147,1.0,2.064
3098038.0,0.23450308,1.0,110.424004
3098116.0,0.20052268,1.0,294.808014
3098194.0,0.19432597,1.0,294.808014
3098272.0,0.24501722,1.0,294.463989
3098350.0,0.21606532,1.0,295.496002
3098428.0,0.20661786,1.0,295.496002
3098506.0,0.22058588,1.0,295.839996
3098584.0,0.22576673,1.0,2.064
3098663.0,0.22236355,1.0,3.096
3098741.0,0.21936683,1.0,2.752
3098819.0,0.22774768,1.0,2.752
3098897.0,0.23683958,1.0,2.752
3098975.0,0.22993174,1.0,2.752
3099053.0,0.22703655,1.0,290.335999
3099131.0,0.20179249,1.0,295.839996
3099209.0,0.21261136,1.0,295.496002
3099287.0,0.21367805,1.0,295.839996
3099366.0,0.20346864,1.0,295.839996
3099444.0,0.22977938,1.0,295.839996
3099522.0,0.20280834,1.0,295.839996
3099600.0,0.20428136,1.0,3.44
3099678.0,0.22048436,1.0,2.408
3099756.0,0.21855411,1.0,2.064
3099834.0,0.24034421,1.0,2.064
3099912.0,0.2238874,1.0,2.752
3099991.0,0.21190031,1.0,2.408
3100069.0,0.2282556,1.0,293.432007
3100147.0,0.22596987,1.0,295.496002
3100225.0,0.21550655,1.0,295.839996
3100303.0,0.20443372,1.0,295.496002
3100381.0,0.22688411,1.0,295.839996
3100459.0,0.22129694,1.0,295.839996
3100537.0,0.23176025,1.0,295.496002
3100616.0,0.21322089,1.0,3.096
3100694.0,0.22810309,1.0,2.064
3100772.0,0.23440146,1.0,2.408
3100850.0,0.22942382,1.0,2.064
3100928.0,0.21022409,1.0,2.064
3101006.0,0.21200192,1.0,1.72
3101084.0,0.23709354,1.0,293.776001
3101162.0,0.22063665,1.0,295.152008
3101240.0,0.22048436,1.0,295.496002
3101318.0,0.204129,1.0,295.839996
3101397.0,0.2127638,1.0,296.528015
3101475.0,0.22566506,1.0,296.18399
3101553.0,0.20290995,1.0,297.903992
3101631.0,0.21972232,1.0,3.784
3101709.0,0.21840174,1.0,2.752
3101787.0,0.22932214,1.0,2.752
3101865.0,0.2032655,1.0,2.752
3101943.0,0.22810309,1.0,2.408
3102021.0,0.21845251,1.0,1.72
3102100.0,0.22800156,1.0,294.119995
3102178.0,0.215151,1.0,295.496002
3102256.0,0.21281457,1.0,295.839996
3102334.0,0.20737974,1.0,295.839996
3102412.0,0.21535419,1.0,295.839996
3102490.0,0.21525259,1.0,295.839996
3102568.0,0.2235826,1.0,168.216003
3102646.0,0.23267457,1.0,2.752
3102725.0,0.22139853,1.0,2.408
3102803.0,0.22668099,1.0,2.408
3102881.0,0.22256675,1.0,2.064
3102959.0,0.22530958,1.0,2.064
3103037.0,0.22317627,1.0,96.664001
3103115.0,0.20656709,1.0,295.496002
3103193.0,0.19996399,1.0,295.496002
3103271.0,0.21393193,1.0,295.496002
3103350.0,0.20783684,1.0,295.496002
3103428.0,0.22170326,1.0,295.496002
3103506.0,0.22439525,1.0,295.839996
3103584.0,0.25151864,1.0,2.408
3103662.0,0.22647779,1.0,2.064
3103740.0,0.23313174,1.0,2.064
3103818.0,0.20941144,1.0,2.064
3103896.0,0.21616691,1.0,2.408
3103974.0,0.20895422,1.0,2.064
3104053.0,0.20819239,1.0,290.335999
3104131.0,0.22256675,1.0,295.839996
3104209.0,0.17766595,1.0,295.839996
3104287.0,0.21626844,1.0,295.839996
3104365.0,0.20250362,1.0,296.18399
3104443.0,0.21570976,1.0,296.18399
3104521.0,0.2079892,1.0,295.839996
3104599.0,0.21459231,1.0,4.128
3104677.0,0.21377958,1.0,2.408
3104755.0,0.21733506,1.0,2.408
3104834.0,0.22774768,1.0,2.408
3104912.0,0.21235733,1.0,2.752
3104990.0,0.21885884,1.0,2.408
3105068.0,0.21530342,1.0,293.432007
3105146.0,0.24019177,1.0,295.152008
3105224.0,0.21606532,1.0,295.496002
3105302.0,0.21581128,1.0,295.496002
3105380.0,0.22251591,1.0,295.839996
3105459.0,0.21738596,1.0,295.496002
3105537.0,0.23170948,1.0,295.839996
3105615.0,0.20651618,1.0,3.44
3105693.0,0.22317627,1.0,2.064
3105771.0,0.23409675,1.0,2.064
3105849.0,0.22678252,1.0,2.064
3105927.0,0.21570976,1.0,2.064
3106005.0,0.22480164,1.0,2.408
3106084.0,0.23546809,1.0,293.776001
3106162.0,0.23785542,1.0,295.496002
3106240.0,0.20671946,1.0,295.496002
3106318.0,0.20443372,1.0,295.496002
3106396.0,0.20737974,1.0,295.496002
3106474.0,0.20824324,1.0,295.496002
3106552.0,0.21083355,1.0,297.559998
3106630.0,0.23231901,1.0,3.096
3106708.0,0.21327165,1.0,2.064
3106787.0,0.21621768,1.0,2.064
3106865.0,0.21195108,1.0,2.064
3106943.0,0.22434449,1.0,2.408
3107021.0,0.21454154,1.0,1.376
3107099.0,0.22739212,1.0,293.776001
3107177.0,0.18797682,1.0,295.152008
3107255.0,0.22586834,1.0,295.152008
3107333.0,0.20915741,1.0,295.496002
3107411.0,0.23363958,1.0,295.839996
3107490.0,0.23109996,1.0,295.839996
3107568.0,0.19889738,1.0,173.376007
3107646.0,0.22693495,1.0,1.72
3107724.0,0.24877575,1.0,1.72
3107802.0,0.23115079,1.0,1.72
3107880.0,0.22221118,1.0,2.064
3107958.0,0.21809694,1.0,2.752
3108036.0,0.22210966,1.0,86.688004
3108114.0,0.23023647,1.0,295.152008
3108193.0,0.19945607,1.0,294.808014
3108271.0,0.22282071,1.0,294.463989
3108349.0,0.22185563,1.0,295.152008
3108427.0,0.21667476,1.0,295.152008
3108505.0,0.20077671,1.0,295.152008
3108583.0,0.20514484,1.0,1.376
3108661.0,0.22287147,1.0,2.064
3108740.0,0.23892204,1.0,1.72
3108818.0,0.24577911,1.0,2.064
3108896.0,0.21926531,1.0,2.064
3108974.0,0.21007174,1.0,2.064
3109052.0,0.22657931,1.0,288.615997
3109130.0,0.21149383,1.0,294.119995
3109208.0,0.18762127,1.0,294.808014
3109286.0,0.21728429,1.0,294.808014
3109364.0,0.22510645,1.0,295.152008
3109442.0,0.20250362,1.0,295.152008
3109521.0,0.20773523,1.0,295.496002
3109599.0,0.21377958,1.0,3.096
3109677.0,0.22429372,1.0,2.064
3109755.0,0.22185563,1.0,2.064
3109833.0,0.21718277,1.0,1.72
3109911.0,0.24796318,1.0,2.064
3109989.0,0.20925908,1.0,1.72
3110067.0,0.21662401,1.0,293.088013
3110145.0,0.2080908,1.0,295.152008
3110224.0,0.19356401,1.0,295.152008
3110302.0,0.20900504,1.0,295.496002
3110380.0,0.22434449,1.0,295.496002
3110458.0,0.21413514,1.0,295.496002
3110536.0,0.21398285,1.0,295.496002
3110614.0,0.21139231,1.0,3.44
3110692.0,0.22962686,1.0,2.064
3110770.0,0.25548053,1.0,2.064
3110849.0,0.21662401,1.0,2.064
3110927.0,0.24435693,1.0,2.064
3111005.0,0.22790004,1.0,2.064
3111083.0,0.22094136,1.0,293.776001
3111161.0,0.21931599,1.0,295.152008
3111239.0,0.21093522,1.0,295.496002
3111317.0,0.21388125,1.0,294.808014
3111395.0,0.20550041,1.0,295.496002
3111474.0,0.21489702,1.0,295.152008
3111552.0,0.22470005,1.0,297.216003
3111630.0,0.2174875,1.0,3.096
3111708.0,0.23120148,1.0,2.064
3111786.0,0.22657931,1.0,2.064
3111864.0,0.22332871,1.0,1.72
3111942.0,0.21215427,1.0,2.064
3112020.0,0.22454776,1.0,1.032
3112098.0,0.21957003,1.0,293.776001
3112177.0,0.19965918,1.0,295.152008
3112255.0,0.21586218,1.0,295.152008
3112333.0,0.22322711,1.0,295.152008
3112411.0,0.22485249,1.0,295.152008
3112489.0,0.23323326,1.0,295.152008
3112567.0,0.21647164,1.0,180.944
3112645.0,0.2258175,1.0,2.064
3112723.0,0.24054742,1.0,1.72
3112801.0,0.23399514,1.0,1.72
3112879.0,0.21713193,1.0,1.376
3112958.0,0.23323326,1.0,2.064
3113036.0,0.23501107,1.0,76.024002
3113114.0,0.22723976,1.0,295.496002
3113192.0,0.18386258,1.0,295.839996
3113270.0,0.22647779,1.0,295.839996
3113348.0,0.23069362,1.0,295.839996
3113426.0,0.2080908,1.0,295.839996
3113504.0,0.23572212,1.0,295.839996
3113582.0,0.22850956,1.0,1.72
3113661.0,0.21352568,1.0,3.096
3113739.0,0.22525874,1.0,2.064
3113817.0,0.23191269,1.0,3.096
3113895.0,0.23308082,1.0,2.408
3113973.0,0.23277609,1.0,2.408
3114051.0,0.20153853,1.0,288.272003
3114129.0,0.21896043,1.0,295.496002
3114207.0,0.20341787,1.0,295.839996
3114286.0,0.22556347,1.0,295.496002
3114364.0,0.23983629,1.0,295.839996
3114442.0,0.21647164,1.0,295.839996
3114520.0,0.19838938,1.0,296.18399
3114598.0,0.23358874,1.0,3.784
3114676.0,0.22703655,1.0,2.408
3114754.0,0.223481,1.0,2.408
3114832.0,0.21733506,1.0,2.064
3114911.0,0.22947457,1.0,2.408
3114989.0,0.22790004,1.0,2.408
3115067.0,0.2309476,1.0,293.088013
3115145.0,0.21565892,1.0,295.496002
3115223.0,0.22180493,1.0,295.839996
3115301.0,0.22952534,1.0,295.496002
3115379.0,0.18619916,1.0,295.839996
3115457.0,0.21819854,1.0,295.496002
3115535.0,0.24537264,1.0,295.839996
3115614.0,0.22292231,1.0,3.44
3115692.0,0.23369043,1.0,2.752
3115770.0,0.25624248,1.0,3.096
3115848.0,0.21017326,1.0,2.064
3115926.0,0.2369411,1.0,2.408
3116004.0,0.23739827,1.0,2.408
3116082.0,0.21423666,1.0,294.463989
3116160.0,0.20722738,1.0,295.152008
3116238.0,0.2238874,1.0,295.839996
3116317.0,0.23993796,1.0,295.496002
3116395.0,0.22393817,1.0,295.152008
3116473.0,0.23089676,1.0,295.152008
3116551.0,0.22073817,1.0,297.903992
3116629.0,0.21484627,1.0,3.096
3116707.0,0.22475082,1.0,2.408
3116785.0,0.22048436,1.0,2.408
3116863.0,0.2206874,1.0,2.064
3116941.0,0.21697949,1.0,2.064
3117020.0,0.23805863,1.0,1.72
3117098.0,0.20255437,1.0,293.776001
3117176.0,0.2104273,1.0,295.496002
3117254.0,0.20763363,1.0,295.496002
3117332.0,0.22556347,1.0,295.152008
3117410.0,0.21474467,1.0,295.496002
3117488.0,0.22160167,1.0,296.18399
3117567.0,0.21250984,1.0,189.199997
3117645.0,0.22505553,1.0,2.752
3117723.0,0.23358874,1.0,2.064
3117801.0,0.22398899,1.0,2.408
3117879.0,0.22901742,1.0,2.408
3117957.0,0.21184948,1.0,2.408
3118035.0,0.21073203,1.0,70.863998
3118113.0,0.23160788,1.0,294.808014
3118191.0,0.19137993,1.0,295.152008
3118269.0,0.21880807,1.0,294.808014
3118348.0,0.2144907,1.0,294.808014
3118426.0,0.26137245,1.0,295.496002
3118504.0,0.22393817,1.0,294.808014
3118582.0,0.23546809,1.0,2.064
3118660.0,0.23739827,1.0,2.064
3118738.0,0.24979168,1.0,1.72
3118816.0,0.22866185,1.0,2.064
3118894.0,0.23511259,1.0,2.064
3118972.0,0.20971617,1.0,2.064
3119051.0,0.21088447,1.0,287.23999
3119129.0,0.22769684,1.0,295.152008
3119207.0,0.17355171,1.0,295.152008
3119285.0,0.20930977,1.0,295.496002
3119363.0,0.21774146,1.0,295.839996
3119441.0,0.22749364,1.0,295.496002
3119519.0,0.18096754,1.0,295.496002
3119597.0,0.22683336,1.0,3.44
3119675.0,0.23308082,1.0,2.408
3119754.0,0.21383041,1.0,2.064
3119832.0,0.22937298,1.0,1.376
3119910.0,0.23363958,1.0,2.064
3119988.0,0.22663023,1.0,1.376
3120066.0,0.22688411,1.0,293.088013
3120144.0,0.21901126,1.0,295.152008
3120222.0,0.20219882,1.0,295.496002
3120301.0,0.21814778,1.0,295.496002
3120379.0,0.22612223,1.0,295.496002
3120457.0,0.22150005,1.0,295.496002
3120535.0,0.21977316,1.0,295.839996
3120613.0,0.22602069,1.0,3.096
3120691.0,0.22881429,1.0,2.064
3120769.0,0.21774146,1.0,1.72
3120847.0,0.21591288,1.0,2.064
3120925.0,0.23658554,1.0,2.064
3121003.0,0.22866185,1.0,1.376
3121082.0,0.22977938,1.0,293.432007
3121160.0,0.20870031,1.0,295.152008
3121238.0,0.21870655,1.0,294.463989
3121316.0,0.23328403,1.0,295.152008
3121394.0,0.22546194,1.0,295.496002
3121472.0,0.23389354,1.0,295.496002
3121550.0,0.22449693,1.0,295.496002
3121628.0,0.22668099,1.0,3.096
3121706.0,0.23348722,1.0,2.064
3121785.0,0.22769684,1.0,2.064
3121863.0,0.21256059,1.0,1.72
3121941.0,0.23572212,1.0,2.408
3122019.0,0.24222356,1.0,1.032
3122097.0,0.23551892,1.0,293.776001
3122175.0,0.19996399,1.0,294.463989
3122253.0,0.21743666,1.0,295.152008
3122331.0,0.22947457,1.0,295.496002
3122410.0,0.2298809,1.0,295.496002
3122488.0,0.21906203,1.0,295.496002
3122566.0,0.22403969,1.0,199.520004
3122644.0,0.20737974,1.0,2.408
3122722.0,0.242376,1.0,2.064
3122800.0,0.21052882,1.0,2.064
3122878.0,0.20473851,1.0,2.064
3122956.0,0.22002712,1.0,2.064
3123035.0,0.22698571,1.0,67.080002
3123113.0,0.21951912,1.0,295.152008
3123191.0,0.20610985,1.0,295.152008
3123269.0,0.22434449,1.0,295.496002
3123347.0,0.22023033,1.0,295.496002
3123425.0,0.1984909,1.0,295.496002
3123503.0,0.23475704,1.0,295.152008
3123581.0,0.21454154,1.0,3.784
3123659.0,0.21322089,1.0,2.064
3123738.0,0.24329025,1.0,2.064
3123816.0,0.22119534,1.0,2.064
3123894.0,0.2238874,1.0,1.72
3123972.0,0.20260522,1.0,2.064
3124050.0,0.22952534,1.0,285.519989
3124128.0,0.21377958,1.0,294.463989
3124206.0,0.19940522,1.0,295.496002
3124284.0,0.21306853,1.0,295.152008
3124362.0,0.2049924,1.0,295.496002
3124440.0,0.22764601,1.0,295.496002
3124519.0,0.21601447,1.0,295.152008
3124597.0,0.23176025,1.0,2.752
3124675.0,0.2206874,1.0,2.064
3124753.0,0.23826174,1.0,2.408
3124831.0,0.22119534,1.0,2.064
3124909.0,0.23719513,1.0,1.376
3124987.0,0.23160788,1.0,2.408
3125066.0,0.22734128,1.0,292.056
3125144.0,0.24877575,1.0,294.119995
3125222.0,0.20936069,1.0,294.808014
3125300.0,0.22439525,1.0,294.808014
3125378.0,0.22485249,1.0,294.463989
3125456.0,0.22383656,1.0,295.152008
3125534.0,0.2143891,1.0,295.152008
3125612.0,0.23130316,1.0,3.096
3125690.0,0.23084591,1.0,1.72
3125769.0,0.22139853,1.0,2.064
3125847.0,0.24334109,1.0,2.064
3125925.0,0.22261758,1.0,2.064
3126003.0,0.23013495,1.0,2.064
3126081.0,0.24481395,1.0,293.432007
3126159.0,0.21596372,1.0,295.152008
3126237.0,0.20453525,1.0,295.152008
3126315.0,0.22439525,1.0,295.152008
3126393.0,0.1946307,1.0,295.496002
3126471.0,0.23577289,1.0,295.496002
3126550.0,0.23313174,1.0,295.496002
3126628.0,0.2315062,1.0,3.096
3126706.0,0.22703655,1.0,2.064
3126784.0,0.22510645,1.0,2.064
3126862.0,0.22612223,1.0,2.064
3126940.0,0.20910673,1.0,2.064
3127018.0,0.20981769,1.0,1.376
3127096.0,0.21789382,1.0,294.119995
3127174.0,0.18807851,1.0,295.152008
3127253.0,0.22480164,1.0,295.496002
3127331.0,0.21169704,1.0,295.496002
3127409.0,0.20397663,1.0,295.496002
3127487.0,0.2235826,1.0,295.839996
3127565.0,0.21332249,1.0,206.056
3127643.0,0.22937298,1.0,3.44
3127721.0,0.23998865,1.0,2.408
3127800.0,0.22449693,1.0,2.408
3127878.0,0.22998244,1.0,2.752
3127956.0,0.22495401,1.0,1.376
3128034.0,0.22282071,1.0,61.919998
3128112.0,0.2298809,1.0,294.808014
3128190.0,0.20712571,1.0,295.839996
3128268.0,0.21962072,1.0,296.18399
3128346.0,0.21454154,1.0,295.152008
3128424.0,0.23023647,1.0,295.496002
3128503.0,0.23942997,1.0,295.496002
3128581.0,0.22454776,1.0,6.88
3128659.0,0.22713807,1.0,2.064
3128737.0,0.23475704,1.0,2.064
3128815.0,0.2037226,1.0,1.72
3128893.0,0.26203272,1.0,1.376
3128971.0,0.23181108,1.0,1.376
3129049.0,0.21784306,1.0,284.488007
3129127.0,0.22505553,1.0,295.152008
3129206.0,0.18914504,1.0,294.119995
3129284.0,0.22495401,1.0,294.119995
3129362.0,0.22028108,1.0,295.152008
3129440.0,0.22663023,1.0,294.808014
3129518.0,0.20042115,1.0,295.152008
3129596.0,0.20687182,1.0,3.44
3129674.0,0.21657324,1.0,2.408
3129752.0,0.23851572,1.0,2.752
3129830.0,0.23653485,1.0,2.408
3129908.0,0.21982393,1.0,2.408
3129987.0,0.21819854,1.0,2.408
3130065.0,0.20834476,1.0,293.776001
3130143.0,0.22480164,1.0,295.496002
3130221.0,0.20951298,1.0,295.839996
3130299.0,0.23257297,1.0,296.18399
3130377.0,0.22688411,1.0,295.839996
3130455.0,0.20270674,1.0,296.18399
3130533.0,0.22906825,1.0,295.839996
3130612.0,0.22297315,1.0,3.784
3130690.0,0.22932214,1.0,1.376
3130768.0,0.22739212,1.0,1.376
3130846.0,0.21840174,1.0,1.72
3130924.0,0.21337324,1.0,1.72
3131002.0,0.2210429,1.0,1.376
3131080.0,0.23633164,1.0,293.088013
3131158.0,0.21901126,1.0,294.808014
3131237.0,0.20357023,1.0,295.152008
3131315.0,0.22017948,1.0,294.463989
3131393.0,0.19940522,1.0,294.808014
3131471.0,0.22764601,1.0,295.152008
3131549.0,0.20849712,1.0,295.152008
3131627.0,0.22810309,1.0,2.752
3131705.0,0.22830629,1.0,1.376
3131783.0,0.24562667,1.0,2.064
3131861.0,0.21845251,1.0,1.376
3131940.0,0.23303014,1.0,1.72
3132018.0,0.19838938,1.0,1.72
3132096.0,0.23089676,1.0,293.088013
3132174.0,0.21652249,1.0,295.496002
3132252.0,0.23013495,1.0,295.152008
3132330.0,0.23912516,1.0,295.839996
3132408.0,0.20859879,1.0,295.496002
3132486.0,0.23622997,1.0,295.839996
3132564.0,0.23404591,1.0,215.688004
3132643.0,0.24720128,1.0,2.752
3132721.0,0.27650869,1.0,1.72
3132799.0,0.23160788,1.0,2.064
3132877.0,0.23023647,1.0,2.408
3132955.0,0.23109996,1.0,2.752
3133033.0,0.246033,1.0,58.824001
3133111.0,0.22972862,1.0,295.496002
3133189.0,0.21017326,1.0,296.18399
3133268.0,0.24420442,1.0,295.839996
3133346.0,0.21484627,1.0,296.18399
3133424.0,0.23104919,1.0,295.839996
3133502.0,0.22729051,1.0,296.18399
3133580.0,0.20580514,1.0,8.256
3133658.0,0.22703655,1.0,1.376
3133736.0,0.2275444,1.0,1.72
3133814.0,0.22596987,1.0,1.72
3133892.0,0.22871269,1.0,1.72
3133971.0,0.23165871,1.0,1.72
3134049.0,0.22510645,1.0,282.768005
3134127.0,0.21769069,1.0,294.808014
3134205.0,0.20930977,1.0,294.808014
3134283.0,0.2096654,1.0,295.496002
3134361.0,0.21007174,1.0,295.496002
3134439.0,0.22470005,1.0,295.152008
3134517.0,0.23465551,1.0,295.496002
3134595.0,0.21972232,1.0,3.096
3134674.0,0.2298809,1.0,1.72
3134752.0,0.20484012,1.0,2.064
3134830.0,0.22317627,1.0,1.72
3134908.0,0.24547431,1.0,1.376
3134986.0,0.23760138,1.0,1.376
3135064.0,0.21896043,1.0,293.432007
3135142.0,0.20463692,1.0,295.496002
3135220.0,0.21936683,1.0,295.496002
3135299.0,0.22226195,1.0,295.152008
3135377.0,0.19777985,1.0,295.496002
3135455.0,0.22708739,1.0,296.528015
3135533.0,0.2341475,1.0,296.528015
3135611.0,0.22668099,1.0,3.784
3135689.0,0.22541118,1.0,2.752
3135767.0,0.21779221,1.0,2.752
3135845.0,0.22363344,1.0,2.752
3135923.0,0.22972862,1.0,2.408
3136002.0,0.23668714,1.0,2.408
3136080.0,0.22678252,1.0,294.119995
3136158.0,0.20341787,1.0,295.496002
3136236.0,0.21134162,1.0,295.839996
3136314.0,0.20062427,1.0,295.839996
3136392.0,0.22922061,1.0,294.808014
3136470.0,0.2348078,1.0,294.808014
3136548.0,0.21322089,1.0,295.152008
3136626.0,0.21230663,1.0,2.408
3136705.0,0.22622375,1.0,2.064
3136783.0,0.24273148,1.0,0.688
3136861.0,0.24354413,1.0,1.72
3136939.0,0.22764601,1.0,1.72
3137017.0,0.24080138,1.0,1.032
3137095.0,0.21484627,1.0,293.432007
3137173.0,0.23038891,1.0,294.463989
3137251.0,0.21230663,1.0,294.808014
3137329.0,0.21911287,1.0,295.152008
3137408.0,0.21789382,1.0,295.152008
3137486.0,0.2346046,1.0,295.152008
3137564.0,0.22302383,1.0,220.848007
3137642.0,0.23165871,1.0,1.72
3137720.0,0.23861732,1.0,2.064
3137798.0,0.21621768,1.0,2.064
3137876.0,0.22810309,1.0,2.064
3137954.0,0.20778599,1.0,1.72
3138032.0,0.22002712,1.0,49.880001
3138111.0,0.21570976,1.0,294.808014
3138189.0,0.20844643,1.0,295.152008
3138267.0,0.20331635,1.0,295.496002
3138345.0,0.21921447,1.0,295.152008
3138423.0,0.22444609,1.0,295.496002
3138501.0,0.23399514,1.0,295.839996
3138579.0,0.21906203,1.0,12.04
3138658.0,0.22078909,1.0,2.408
3138736.0,0.24786158,1.0,2.408
3138814.0,0.216116,1.0,2.408
3138892.0,0.20133547,1.0,2.064
3138970.0,0.23394431,1.0,2.064
3139048.0,0.22632542,1.0,281.048004
3139126.0,0.22485249,1.0,294.463989
3139204.0,0.21037646,1.0,294.808014
3139282.0,0.20224965,1.0,294.808014
3139361.0,0.21957003,1.0,295.152008
3139439.0,0.2258175,1.0,295.152008
3139517.0,0.22505553,1.0,295.152008
3139595.0,0.21662401,1.0,3.096
3139673.0,0.23932837,1.0,1.72
3139751.0,0.21987475,1.0,2.064
3139829.0,0.22911902,1.0,2.064
3139907.0,0.23328403,1.0,2.064
3139985.0,0.21896043,1.0,2.064
3140063.0,0.21799542,1.0,292.743988
3140142.0,0.23043966,1.0,295.152008
3140220.0,0.21967156,1.0,294.808014
3140298.0,0.2073289,1.0,295.152008
3140376.0,0.22383656,1.0,295.152008
3140454.0,0.2210429,1.0,295.152008
3140532.0,0.2275444,1.0,295.496002
3140610.0,0.22932214,1.0,3.096
3140688.0,0.22297315,1.0,1.72
3140766.0,0.22632542,1.0,2.064
3140845.0,0.20397663,1.0,1.72
3140923.0,0.22043344,1.0,2.408
3141001.0,0.22343023,1.0,2.064
3141079.0,0.2144907,1.0,293.088013
3141157.0,0.21464314,1.0,295.152008
3141235.0,0.20240201,1.0,295.152008
3141313.0,0.20986854,1.0,295.496002
3141392.0,0.19041494,1.0,295.152008
3141470.0,0.23049051,1.0,295.496002
3141548.0,0.22708739,1.0,296.18399
3141626.0,0.22180493,1.0,2.752
3141704.0,0.23318242,1.0,2.064
3141782.0,0.20875116,1.0,2.064
3141860.0,0.24400137,1.0,2.064
3141938.0,0.2210429,1.0,1.72
3142016.0,0.22439525,1.0,2.064
3142095.0,0.23074439,1.0,293.776001
3142173.0,0.21809694,1.0,295.496002
3142251.0,0.21723352,1.0,295.496002
3142329.0,0.23729666,1.0,295.152008
3142407.0,0.20357023,1.0,295.496002
3142485.0,0.22089061,1.0,295.496002
3142563.0,0.21890974,1.0,230.136002
3142641.0,0.23465551,1.0,2.752
3142719.0,0.20941144,1.0,2.064
3142798.0,0.20824324,1.0,2.064
3142876.0,0.21129079,1.0,2.064
3142954.0,0.23800771,1.0,2.064
3143032.0,0.21535419,1.0,42.312
3143110.0,0.20519561,1.0,294.808014
3143188.0,0.20804003,1.0,295.496002
3143266.0,0.20575429,1.0,295.496002
3143344.0,0.2120526,1.0,295.496002
3143423.0,0.21824938,1.0,295.496002
3143501.0,0.22556347,1.0,295.496002
3143579.0,0.20133547,1.0,12.728
3143657.0,0.20854796,1.0,2.064
3143735.0,0.22028108,1.0,2.064
3143813.0,0.22876345,1.0,2.064
3143891.0,0.21317013,1.0,2.064
3143969.0,0.21819854,1.0,2.064
3144047.0,0.21946843,1.0,278.984009
3144126.0,0.20301147,1.0,295.152008
3144204.0,0.19930363,1.0,295.152008
3144282.0,0.2032655,1.0,295.152008
3144360.0,0.20880193,1.0,295.496002
3144438.0,0.22439525,1.0,295.496002
3144516.0,0.21007174,1.0,295.496002
3144594.0,0.23084591,1.0,3.44
3144672.0,0.21708108,1.0,2.064
3144750.0,0.22886506,1.0,1.72
3144828.0,0.22901742,1.0,2.064
3144907.0,0.22556347,1.0,2.064
3144985.0,0.22200814,1.0,2.064
3145063.0,0.24212202,1.0,293.088013
3145141.0,0.2279508,1.0,295.152008
3145219.0,0.19295456,1.0,295.152008
3145297.0,0.23318242,1.0,295.152008
3145375.0,0.23338555,1.0,295.496002
3145454.0,0.22094136,1.0,295.496002
3145532.0,0.21824938,1.0,295.839996
3145610.0,0.21921447,1.0,3.44
3145688.0,0.20758295,1.0,2.064
3145766.0,0.24318857,1.0,2.064
3145844.0,0.21692874,1.0,2.064
3145922.0,0.20346864,1.0,2.064
3146000.0,0.20087823,1.0,1.72
3146078.0,0.21388125,1.0,293.432007
3146156.0,0.21667476,1.0,295.152008
3146235.0,0.2030623,1.0,295.152008
3146313.0,0.21703033,1.0,295.496002
3146391.0,0.20514484,1.0,295.496002
3146469.0,0.20854796,1.0,295.496002
3146547.0,0.22251591,1.0,295.496002
3146625.0,0.21347485,1.0,3.44
3146703.0,0.23262373,1.0,2.408
3146781.0,0.2482679,1.0,2.064
3146859.0,0.21063049,1.0,2.408
3146938.0,0.21718277,1.0,2.064
3147016.0,0.18431975,1.0,2.064
3147094.0,0.2175891,1.0,294.119995
3147172.0,0.17695482,1.0,295.152008
3147250.0,0.20021795,1.0,295.496002
3147328.0,0.20524637,1.0,295.496002
3147406.0,0.22942382,1.0,295.496002
3147484.0,0.22449693,1.0,296.528015
3147563.0,0.20407815,1.0,237.360001
3147641.0,0.23714431,1.0,3.44
3147719.0,0.23236977,1.0,2.752
3147797.0,0.20443372,1.0,2.752
3147875.0,0.19600211,1.0,2.752
3147953.0,0.23582365,1.0,2.408
3148031.0,0.23313174,1.0,26.143999
3148109.0,0.2298809,1.0,295.152008
3148188.0,0.22114465,1.0,295.496002
3148266.0,0.21063049,1.0,295.839996
3148344.0,0.21499863,1.0,295.839996
3148422.0,0.22073817,1.0,295.839996
3148500.0,0.24379817,1.0,295.839996
3148578.0,0.21667476,1.0,15.48
3148656.0,0.21540503,1.0,2.408
3148734.0,0.23587449,1.0,2.408
3148812.0,0.21703033,1.0,2.064
3148891.0,0.22840796,1.0,2.064
3148969.0,0.21530342,1.0,2.064
3149047.0,0.23059203,1.0,276.920013
3149125.0,0.22977938,1.0,295.152008
3149203.0,0.19656087,1.0,295.839996
3149281.0,0.20717648,1.0,295.496002
3149359.0,0.21479543,1.0,296.18399
3149437.0,0.22200814,1.0,295.152008
3149515.0,0.2526361,1.0,295.839996
3149594.0,0.23506176,1.0,3.44
3149672.0,0.21733506,1.0,2.064
3149750.0,0.2353158,1.0,2.408
3149828.0,0.24842034,1.0,2.064
3149906.0,0.21931599,1.0,1.72
3149984.0,0.22693495,1.0,1.72
3150062.0,0.21738596,1.0,292.056
3150140.0,0.21814778,1.0,296.18399
3150218.0,0.20042115,1.0,296.18399
3150297.0,0.23231901,1.0,295.152008
3150375.0,0.22180493,1.0,295.496002
3150453.0,0.22815393,1.0,295.496002
3150531.0,0.22520804,1.0,295.839996
3150609.0,0.22617306,1.0,3.44
3150687.0,0.2215509,1.0,2.064
3150765.0,0.23470619,1.0,2.064
3150843.0,0.21068126,1.0,1.72
3150922.0,0.21789382,1.0,2.064
3151000.0,0.23805863,1.0,2.064
3151078.0,0.22749364,1.0,293.776001
3151156.0,0.20834476,1.0,295.496002
3151234.0,0.22480164,1.0,296.528015
3151312.0,0.21489702,1.0,296.18399
3151390.0,0.22596987,1.0,295.496002
3151468.0,0.21916363,1.0,295.496002
3151546.0,0.22566506,1.0,295.839996
3151625.0,0.23409675,1.0,3.096
3151703.0,0.23226817,1.0,2.064
3151781.0,0.242376,1.0,2.408
3151859.0,0.22642711,1.0,2.064
3151937.0,0.22993174,1.0,2.064
3152015.0,0.21850334,1.0,2.408
3152093.0,0.21738596,1.0,293.776001
3152171.0,0.22602069,1.0,295.152008
3152249.0,0.22612223,1.0,295.496002
3152328.0,0.21774146,1.0,295.496002
3152406.0,0.23145552,1.0,296.528015
3152484.0,0.22749364,1.0,295.496002
3152562.0,0.20509401,1.0,242.520004
3152640.0,0.22632542,1.0,2.408
3152718.0,0.2309476,1.0,2.064
3152796.0,0.23155712,1.0,2.752
3152874.0,0.21708108,1.0,3.44
3152952.0,0.21423666,1.0,2.752
3153031.0,0.23023647,1.0,19.608
3153109.0,0.23170948,1.0,294.808014
3153187.0,0.19833861,1.0,295.839996
3153265.0,0.19331011,1.0,295.839996
3153343.0,0.21261136,1.0,295.839996
3153421.0,0.21377958,1.0,295.839996
3153499.0,0.22561429,1.0,295.839996
3153577.0,0.21428758,1.0,17.200001
3153655.0,0.22820477,1.0,2.408
3153734.0,0.24913131,1.0,2.408
3153812.0,0.22815393,1.0,2.408
3153890.0,0.22261758,1.0,2.408
3153968.0,0.22591902,1.0,2.408
3154046.0,0.21124002,1.0,273.480011
3154124.0,0.22180493,1.0,295.152008
3154202.0,0.20052268,1.0,295.496002
3154281.0,0.20433211,1.0,295.496002
3154359.0,0.21504946,1.0,295.839996
3154437.0,0.23816015,1.0,295.839996
3154515.0,0.23028715,1.0,295.496002
3154593.0,0.22017948,1.0,3.44
3154671.0,0.21677637,1.0,2.408
3154749.0,0.23780459,1.0,2.064
3154827.0,0.22749364,1.0,2.408
3154905.0,0.2199256,1.0,2.408
3154984.0,0.20311306,1.0,2.064
3155062.0,0.22536033,1.0,293.088013
3155140.0,0.21271288,1.0,294.808014
3155218.0,0.20748127,1.0,295.496002
3155296.0,0.20616069,1.0,295.496002
3155374.0,0.22114465,1.0,295.152008
3155452.0,0.22927146,1.0,295.496002
3155530.0,0.22414128,1.0,296.528015
3155608.0,0.21667476,1.0,4.128
3155687.0,0.22393817,1.0,2.752
3155765.0,0.22307467,1.0,2.752
3155843.0,0.20712571,1.0,2.752
3155921.0,0.21784306,1.0,2.752
3155999.0,0.23379202,1.0,2.408
3156077.0,0.21870655,1.0,294.119995
3156155.0,0.2217541,1.0,295.496002
3156233.0,0.21809694,1.0,295.496002
3156311.0,0.2210429,1.0,295.839996
3156390.0,0.20905589,1.0,295.839996
3156468.0,0.22017948,1.0,296.18399
3156546.0,0.21870655,1.0,295.839996
3156624.0,0.21037646,1.0,3.44
3156702.0,0.23369043,1.0,2.064
3156780.0,0.23140468,1.0,2.408
3156858.0,0.23785542,1.0,2.408
3156936.0,0.21073203,1.0,2.408
3157014.0,0.21997628,1.0,2.064
3157093.0,0.23018563,1.0,294.119995
3157171.0,0.21154475,1.0,295.496002
3157249.0,0.22835712,1.0,296.18399
3157327.0,0.19935447,1.0,296.18399
3157405.0,0.21855411,1.0,295.496002
3157483.0,0.21494786,1.0,295.496002
3157561.0,0.22083977,1.0,245.960007
3157639.0,0.22835712,1.0,2.752
3157717.0,0.2432394,1.0,2.064
3157796.0,0.22688411,1.0,2.064
3157874.0,0.216116,1.0,2.408
3157952.0,0.22205882,1.0,1.72
3158030.0,0.2341475,1.0,14.792
3158108.0,0.22139853,1.0,294.808014
3158186.0,0.19559579,1.0,295.152008
3158264.0,0.20433211,1.0,295.152008
3158342.0,0.21789382,1.0,295.496002
3158421.0,0.22591902,1.0,295.839996
3158499.0,0.22647779,1.0,295.839996
3158577.0,0.22246522,1.0,19.952
3158655.0,0.19656087,1.0,1.72
3158733.0,0.23465551,1.0,1.376
3158811.0,0.23643318,1.0,2.064
3158889.0,0.20443372,1.0,1.72
3158967.0,0.22063665,1.0,2.064
3159046.0,0.21398285,1.0,271.76001
3159124.0,0.21977316,1.0,295.152008
3159202.0,0.20590666,1.0,294.808014
3159280.0,0.21398285,1.0,295.496002
3159358.0,0.21718277,1.0,295.152008
3159436.0,0.23607761,1.0,295.496002
3159514.0,0.22327787,1.0,295.152008
3159592.0,0.21794465,1.0,3.44
3159670.0,0.21779221,1.0,2.064
3159749.0,0.23226817,1.0,2.064
3159827.0,0.22150005,1.0,2.064
3159905.0,0.21896043,1.0,2.064
3159983.0,0.22962686,1.0,2.064
3160061.0,0.2227191,1.0,292.743988
3160139.0,0.22556347,1.0,294.808014
3160217.0,0.22657931,1.0,294.808014
3160295.0,0.21931599,1.0,295.152008
3160373.0,0.22210966,1.0,295.496002
3160451.0,0.21769069,1.0,295.496002
3160530.0,0.22647779,1.0,295.496002
3160608.0,0.21357638,1.0,3.44
3160686.0,0.21703033,1.0,2.064
3160764.0,0.2482679,1.0,2.064
3160842.0,0.22226195,1.0,2.064
3160920.0,0.21728429,1.0,1.72
3160998.0,0.22114465,1.0,2.408
3161077.0,0.2210429,1.0,293.776001
3161155.0,0.2353158,1.0,295.152008
3161233.0,0.21169704,1.0,295.152008
3161311.0,0.22983015,1.0,295.152008
3161389.0,0.2345539,1.0,295.496002
3161467.0,0.2079892,1.0,295.496002
3161545.0,0.23292845,1.0,295.152008
3161623.0,0.19981155,1.0,3.096
3161701.0,0.22932214,1.0,2.064
3161780.0,0.23882043,1.0,2.064
3161858.0,0.22820477,1.0,2.064
3161936.0,0.22830629,1.0,2.064
3162014.0,0.19163398,1.0,2.064
3162092.0,0.22119534,1.0,293.776001
3162170.0,0.20768447,1.0,295.152008
3162248.0,0.22226195,1.0,295.152008
3162326.0,0.21687797,1.0,295.496002
3162404.0,0.21835098,1.0,295.496002
3162483.0,0.23104919,1.0,295.496002
3162561.0,0.19965918,1.0,250.432007
3162639.0,0.24217272,1.0,2.752
3162717.0,0.23607761,1.0,2.064
3162795.0,0.22256675,1.0,2.064
3162873.0,0.21570976,1.0,2.064
3162951.0,0.23374118,1.0,2.064
3163029.0,0.22586834,1.0,11.008
3163108.0,0.21652249,1.0,294.463989
3163186.0,0.20804003,1.0,295.496002
3163264.0,0.22972862,1.0,295.496002
3163342.0,0.22571598,1.0,295.496002
3163420.0,0.21261136,1.0,295.496002
3163498.0,0.24049658,1.0,295.496002
3163576.0,0.23836336,1.0,24.08
3163654.0,0.22947457,1.0,2.064
3163732.0,0.23816015,1.0,2.064
3163811.0,0.2341475,1.0,2.064
3163889.0,0.24440762,1.0,2.064
3163967.0,0.21103674,1.0,2.064
3164045.0,0.22607154,1.0,269.007996
3164123.0,0.23125239,1.0,295.496002
3164201.0,0.22185563,1.0,295.496002
3164279.0,0.23770298,1.0,295.152008
3164357.0,0.24354413,1.0,295.496002
3164435.0,0.22099213,1.0,295.496002
3164514.0,0.22495401,1.0,295.496002
3164592.0,0.22774768,1.0,3.784
3164670.0,0.2305412,1.0,2.064
3164748.0,0.22073817,1.0,2.064
3164826.0,0.22713807,1.0,2.064
3164904.0,0.21880807,1.0,2.064
3164982.0,0.22403969,1.0,2.064
3165060.0,0.22642711,1.0,292.743988
3165138.0,0.21840174,1.0,295.152008
3165216.0,0.20042115,1.0,295.152008
3165295.0,0.21499863,1.0,295.152008
3165373.0,0.23160788,1.0,295.496002
3165451.0,0.24039505,1.0,295.496002
3165529.0,0.2279508,1.0,295.496002
3165607.0,0.22007789,1.0,3.096
3165685.0,0.2499948,1.0,2.064
3165763.0,0.2416648,1.0,2.064
3165842.0,0.23816015,1.0,2.064
3165920.0,0.21169704,1.0,2.064
3165998.0,0.21753825,1.0,2.408
3166076.0,0.22444609,1.0,293.776001
3166154.0,0.23587449,1.0,294.808014
3166232.0,0.21911287,1.0,295.496002
3166310.0,0.22505553,1.0,295.152008
3166388.0,0.22617306,1.0,295.496002
3166466.0,0.22927146,1.0,295.496002
3166545.0,0.23785542,1.0,295.152008
3166623.0,0.21652249,1.0,3.096
3166701.0,0.25339791,1.0,1.72
3166779.0,0.2482679,1.0,1.72
3166857.0,0.21728429,1.0,1.72
3166935.0,0.22078909,1.0,1.72
3167013.0,0.21570976,1.0,2.408
3167091.0,0.21179864,1.0,293.432007
3167169.0,0.19198939,1.0,295.152008
3167247.0,0.21484627,1.0,295.152008
3167326.0,0.22276995,1.0,295.152008
3167404.0,0.23800771,1.0,294.808014
3167482.0,0.23033807,1.0,295.496002
3167560.0,0.24435693,1.0,257.656006
3167638.0,0.21763977,1.0,3.096
3167716.0,0.24085215,1.0,2.064
3167794.0,0.22576673,1.0,2.064
3167872.0,0.23978552,1.0,2.064
3167950.0,0.2215509,1.0,2.064
3168029.0,0.22276995,1.0,8.944
3168107.0,0.21626844,1.0,294.119995
3168185.0,0.1962053,1.0,295.496002
3168263.0,0.20626229,1.0,295.496002
3168341.0,0.21845251,1.0,295.496002
3168419.0,0.22398899,1.0,295.496002
3168497.0,0.23140468,1.0,295.496002
3168576.0,0.22439525,1.0,28.208
3168654.0,0.24466166,1.0,2.064
3168732.0,0.23638241,1.0,2.064
3168810.0,0.22922061,1.0,2.064
3168888.0,0.2329793,1.0,2.064
3168966.0,0.22307467,1.0,2.064
3169044.0,0.23846488,1.0,264.880005
3169122.0,0.22561429,1.0,295.152008
3169200.0,0.19026257,1.0,295.839996
3169279.0,0.21550655,1.0,295.839996
3169357.0,0.24252827,1.0,295.496002
3169435.0,0.23948073,1.0,295.839996
3169513.0,0.21088447,1.0,296.18399
3169591.0,0.22734128,1.0,3.784
3169669.0,0.21499863,1.0,2.408
3169747.0,0.23953149,1.0,2.064
3169825.0,0.23424904,1.0,2.408
3169903.0,0.2238874,1.0,1.72
3169982.0,0.23683958,1.0,2.064
3170060.0,0.22205882,1.0,292.399994
3170138.0,0.2104273,1.0,294.808014
3170216.0,0.22607154,1.0,294.808014
3170294.0,0.22571598,1.0,294.808014
3170372.0,0.23892204,1.0,294.808014
3170450.0,0.24075054,1.0,294.808014
3170528.0,0.21581128,1.0,295.152008
3170606.0,0.21931599,1.0,3.096
3170685.0,0.23074439,1.0,1.72
3170763.0,0.25075677,1.0,1.72
3170841.0,0.24689656,1.0,1.72
3170919.0,0.22591902,1.0,1.72
3170997.0,0.23089676,1.0,2.064
3171075.0,0.21850334,1.0,293.088013
3171153.0,0.23013495,1.0,295.152008
3171232.0,0.21443987,1.0,295.496002
3171310.0,0.22368412,1.0,295.839996
3171388.0,0.24430609,1.0,295.496002
3171466.0,0.2275444,1.0,295.496002
3171544.0,0.21510015,1.0,295.152008
3171622.0,0.22576673,1.0,3.096
3171700.0,0.22962686,1.0,2.064
3171778.0,0.2322174,1.0,2.064
3171856.0,0.20605917,1.0,2.408
3171934.0,0.22536033,1.0,2.064
3172013.0,0.22317627,1.0,2.408
3172091.0,0.24262989,1.0,293.776001
3172169.0,0.20397663,1.0,295.152008
3172247.0,0.22693495,1.0,295.496002
3172325.0,0.21088447,1.0,295.496002
3172403.0,0.22901742,1.0,295.496002
3172481.0,0.23882043,1.0,295.496002
3172559.0,0.21997628,1.0,262.127991
3172637.0,0.23089676,1.0,2.752
3172716.0,0.23318242,1.0,2.064
3172794.0,0.23272526,1.0,2.064
3172872.0,0.2393792,1.0,2.064
3172950.0,0.23592524,1.0,2.408
3173028.0,0.24039505,1.0,5.504
3173106.0,0.22282071,1.0,292.743988
3173184.0,0.2063639,1.0,295.152008
3173262.0,0.18228813,1.0,294.808014
3173340.0,0.21962072,1.0,295.152008
3173419.0,0.23165871,1.0,295.152008
3173497.0,0.21408437,1.0,295.152008
3173575.0,0.21890974,1.0,33.368
3173653.0,0.23191269,1.0,1.376
3173731.0,0.24740449,1.0,2.064
3173809.0,0.21002097,1.0,2.064
3173887.0,0.22713807,1.0,1.72
3173966.0,0.23013495,1.0,1.032
3174044.0,0.22500478,1.0,259.032013
3174122.0,0.22363344,1.0,294.808014
3174200.0,0.21936683,1.0,294.808014
3174278.0,0.2187573,1.0,294.119995
3174356.0,0.23724583,1.0,295.496002
3174434.0,0.2452711,1.0,294.463989
3174512.0,0.21403354,1.0,294.463989
3174590.0,0.23308082,1.0,3.096
3174669.0,0.23556969,1.0,1.376
3174747.0,0.24044582,1.0,1.72
3174825.0,0.22317627,1.0,1.72
3174903.0,0.22810309,1.0,2.408
3174981.0,0.24344261,1.0,2.064
3175059.0,0.21743666,1.0,292.743988
3175137.0,0.18665625,1.0,295.152008
3175215.0,0.19559579,1.0,294.463989
3175293.0,0.24440762,1.0,295.152008
3175371.0,0.2206874,1.0,294.808014
3175450.0,0.22393817,1.0,295.152008
3175528.0,0.2210429,1.0,295.496002
3175606.0,0.21784306,1.0,2.408
3175684.0,0.21352568,1.0,1.72
3175762.0,0.2395824,1.0,1.72
3175840.0,0.22561429,1.0,1.72
3175918.0,0.23653485,1.0,1.376
3175996.0,0.22962686,1.0,2.064
3176074.0,0.22246522,1.0,293.432007
3176153.0,0.22403969,1.0,295.152008
3176231.0,0.22398899,1.0,294.808014
3176309.0,0.24796318,1.0,295.152008
3176387.0,0.24318857,1.0,294.463989
3176465.0,0.22500478,1.0,295.496002
3176543.0,0.23628081,1.0,295.496002
3176621.0,0.23826174,1.0,3.096
3176699.0,0.23668714,1.0,2.064
3176778.0,0.24171562,1.0,2.064
3176856.0,0.21616691,1.0,2.064
3176934.0,0.23506176,1.0,1.72
3177012.0,0.21047798,1.0,2.064
3177090.0,0.2203826,1.0,294.119995
3177168.0,0.20341787,1.0,295.152008
3177246.0,0.21525259,1.0,295.496002
3177324.0,0.23856647,1.0,295.496002
3177403.0,0.2275444,1.0,295.496002
3177481.0,0.21916363,1.0,295.839996
3177559.0,0.23526496,1.0,269.35199
3177637.0,0.23028715,1.0,3.096
3177715.0,0.24516958,1.0,2.064
3177793.0,0.22251591,1.0,2.064
3177871.0,0.2274428,1.0,2.064
3177949.0,0.23800771,1.0,2.408
3178027.0,0.24141082,1.0,3.44
3178106.0,0.23501107,1.0,294.119995
3178184.0,0.2120526,1.0,295.152008
3178262.0,0.25578526,1.0,296.18399
3178340.0,0.22993174,1.0,295.496002
3178418.0,0.21408437,1.0,295.496002
3178496.0,0.22353184,1.0,295.496002
3178574.0,0.23592524,1.0,37.84
3178652.0,0.22759531,1.0,2.064
3178730.0,0.2346046,1.0,2.064
3178808.0,0.2341475,1.0,2.064
3178887.0,0.23318242,1.0,2.064
3178965.0,0.2275444,1.0,2.064
3179043.0,0.23191269,1.0,250.087997
3179121.0,0.21642072,1.0,295.496002
3179199.0,0.19752589,1.0,294.463989
3179277.0,0.23160788,1.0,295.496002
3179355.0,0.22444609,1.0,295.152008
3179434.0,0.21738596,1.0,296.528015
3179512.0,0.19534183,1.0,295.496002
3179590.0,0.23374118,1.0,3.44
3179668.0,0.22729051,1.0,2.064
3179746.0,0.25258535,1.0,3.096
3179824.0,0.23993796,1.0,1.376
3179902.0,0.24069978,1.0,2.064
3179980.0,0.20951298,1.0,2.064
3180058.0,0.23074439,1.0,292.743988
3180137.0,0.2488775,1.0,294.808014
3180215.0,0.23506176,1.0,295.496002
3180293.0,0.22586834,1.0,295.496002
3180371.0,0.20961457,1.0,295.496002
3180449.0,0.24582987,1.0,295.496002
3180527.0,0.2309476,1.0,295.496002
3180605.0,0.22967771,1.0,3.096
3180683.0,0.22678252,1.0,2.064
3180761.0,0.23104919,1.0,1.72
3180840.0,0.22739212,1.0,2.064
3180918.0,0.24069978,1.0,2.064
3180996.0,0.20397663,1.0,1.376
3181074.0,0.2348078,1.0,292.743988
3181152.0,0.22322711,1.0,294.463989
3181230.0,0.23191269,1.0,294.808014
3181308.0,0.22764601,1.0,295.496002
3181386.0,0.21454154,1.0,295.496002
3181464.0,0.24339177,1.0,295.152008
3181543.0,0.2306428,1.0,296.528015
3181621.0,0.22530958,1.0,3.784
3181699.0,0.23384279,1.0,2.064
3181777.0,0.23653485,1.0,2.064
3181855.0,0.23663637,1.0,3.096
3181933.0,0.22083977,1.0,2.064
3182011.0,0.18406579,1.0,2.064
3182089.0,0.23683958,1.0,294.463989
3182168.0,0.20595756,1.0,295.152008
3182246.0,0.21845251,1.0,295.496002
3182324.0,0.22459845,1.0,295.839996
3182402.0,0.21906203,1.0,295.152008
3182480.0,0.21093522,1.0,295.152008
3182558.0,0.20748127,1.0,272.791992
3182636.0,0.23567136,1.0,3.44
3182714.0,0.22495401,1.0,1.376
3182792.0,0.23780459,1.0,1.376
3182871.0,0.24136007,1.0,1.72
3182949.0,0.20778599,1.0,1.72
3183027.0,0.23617922,1.0,1.376
3183105.0,0.22652863,1.0,294.119995
3183183.0,0.21499863,1.0,295.152008
3183261.0,0.20890352,1.0,295.152008
3183339.0,0.22510645,1.0,295.152008
3183417.0,0.22424288,1.0,295.152008
3183495.0,0.22805241,1.0,295.496002
3183574.0,0.21520182,1.0,41.624001
3183652.0,0.24293467,1.0,1.72
3183730.0,0.24862346,1.0,1.376
3183808.0,0.22652863,1.0,1.72
3183886.0,0.21342409,1.0,2.752
3183964.0,0.22480164,1.0,2.408
3184042.0,0.23252213,1.0,232.199997
3184120.0,0.20560193,1.0,295.496002
3184198.0,0.18609749,1.0,295.152008
3184277.0,0.22475082,1.0,295.839996
3184355.0,0.21545571,1.0,295.496002
3184433.0,0.23104919,1.0,295.496002
3184511.0,0.22977938,1.0,295.496002
3184589.0,0.2194176,1.0,3.784
3184667.0,0.21215427,1.0,2.408
3184745.0,0.21184948,1.0,2.408
3184824.0,0.23526496,1.0,2.064
3184902.0,0.20514484,1.0,2.064
3184980.0,0.23810931,1.0,2.064
3185058.0,0.20976701,1.0,292.056
3185136.0,0.21779221,1.0,294.808014
3185214.0,0.21982393,1.0,295.152008
3185292.0,0.21474467,1.0,295.152008
3185370.0,0.21337324,1.0,295.152008
3185448.0,0.2052972,1.0,295.152008
3185526.0,0.22612223,1.0,295.152008
3185605.0,0.21220504,1.0,2.752
3185683.0,0.22632542,1.0,1.72
3185761.0,0.23242053,1.0,1.72
3185839.0,0.23379202,1.0,1.72
3185917.0,0.22835712,1.0,2.064
3185995.0,0.21413514,1.0,1.72
3186073.0,0.22028108,1.0,293.432007
3186151.0,0.22261758,1.0,295.152008
3186229.0,0.22541118,1.0,295.496002
3186308.0,0.22485249,1.0,295.152008
3186386.0,0.20870031,1.0,295.152008
3186464.0,0.23176025,1.0,296.18399
3186542.0,0.22515722,1.0,296.18399
3186620.0,0.21139231,1.0,3.784
3186698.0,0.22459845,1.0,2.752
3186776.0,0.22652863,1.0,2.408
3186854.0,0.20971617,1.0,2.408
3186933.0,0.22246522,1.0,2.408
3187011.0,0.23622997,1.0,2.408
3187089.0,0.22764601,1.0,294.119995
3187167.0,0.19930363,1.0,295.152008
3187245.0,0.21962072,1.0,295.496002
3187323.0,0.22012872,1.0,295.496002
3187401.0,0.2278492,1.0,295.496002
3187479.0,0.23130316,1.0,294.808014
3187558.0,0.22424288,1.0,275.544006
3187636.0,0.24019177,1.0,2.752
3187714.0,0.24958855,1.0,2.064
3187792.0,0.21494786,1.0,1.72
3187870.0,0.24014102,1.0,2.064
3187948.0,0.22083977,1.0,1.72
3188026.0,0.24938534,1.0,0.688
3188104.0,0.23049051,1.0,293.776001
3188182.0,0.20610985,1.0,295.152008
3188261.0,0.24750601,1.0,295.496002
3188339.0,0.22815393,1.0,295.152008
3188417.0,0.24649017,1.0,295.152008
3188495.0,0.21850334,1.0,295.496002
3188573.0,0.22871269,1.0,47.472
3188651.0,0.2217541,1.0,1.72
3188729.0,0.22500478,1.0,2.752
3188807.0,0.23257297,1.0,2.064
3188885.0,0.22185563,1.0,2.064
3188963.0,0.24298552,1.0,2.064
3189042.0,0.23419835,1.0,224.632004
3189120.0,0.24466166,1.0,295.152008
3189198.0,0.20560193,1.0,296.18399
3189276.0,0.24516958,1.0,295.496002
3189354.0,0.23800771,1.0,295.152008
3189432.0,0.21718277,1.0,295.839996
3189510.0,0.2482679,1.0,295.839996
3189588.0,0.23170948,1.0,3.784
3189666.0,0.23033807,1.0,2.408
3189745.0,0.22820477,1.0,2.408
3189823.0,0.23363958,1.0,2.064
3189901.0,0.22556347,1.0,2.064
3189979.0,0.24313788,1.0,2.408
3190057.0,0.223481,1.0,292.743988
3190135.0,0.2215509,1.0,295.152008
3190213.0,0.23033807,1.0,295.496002
3190291.0,0.23084591,1.0,295.496002
3190370.0,0.22718892,1.0,295.496002
3190448.0,0.26442,1.0,295.496002
3190526.0,0.21535419,1.0,295.152008
3190604.0,0.22729051,1.0,3.096
3190682.0,0.22094136,1.0,1.72
3190760.0,0.25126469,1.0,2.064
3190838.0,0.24186799,1.0,2.408
3190916.0,0.22779837,1.0,1.72
3190995.0,0.23419835,1.0,1.72
3191073.0,0.24969007,1.0,292.743988
3191151.0,0.21164635,1.0,293.088013
3191229.0,0.21063049,1.0,295.152008
3191307.0,0.23130316,1.0,294.463989
3191385.0,0.2258175,1.0,294.463989
3191463.0,0.21804626,1.0,294.119995
3191541.0,0.23800771,1.0,295.152008
3191619.0,0.23059203,1.0,2.408
3191698.0,0.24136007,1.0,1.72
3191776.0,0.23089676,1.0,1.72
3191854.0,0.23384279,1.0,0.688
3191932.0,0.22434449,1.0,1.376
3192010.0,0.25106156,1.0,1.376
3192088.0,0.23374118,1.0,292.743988
3192166.0,0.22536033,1.0,294.463989
3192244.0,0.22246522,1.0,294.463989
3192322.0,0.22434449,1.0,295.152008
3192401.0,0.24684572,1.0,295.152008
3192479.0,0.23201421,1.0,295.152008
3192557.0,0.23689033,1.0,280.359985
3192635.0,0.21591288,1.0,3.096
3192713.0,0.24136007,1.0,1.72
3192791.0,0.25822335,1.0,1.72
3192869.0,0.22566506,1.0,1.72
3192947.0,0.23191269,1.0,1.376
3193025.0,0.24842034,1.0,0.344
3193104.0,0.22632542,1.0,293.432007
3193182.0,0.20743044,1.0,294.808014
3193260.0,0.2233794,1.0,295.152008
3193338.0,0.2282556,1.0,295.496002
3193416.0,0.21261136,1.0,295.152008
3193494.0,0.24395053,1.0,294.808014
3193572.0,0.22515722,1.0,51.944
3193650.0,0.212459,1.0,1.72
3193729.0,0.24308704,1.0,1.72
3193807.0,0.20900504,1.0,2.064
3193885.0,0.22505553,1.0,2.064
3193963.0,0.22063665,1.0,1.72
3194041.0,0.22708739,1.0,217.063995
3194119.0,0.21626844,1.0,294.463989
3194197.0,0.21037646,1.0,295.152008
3194275.0,0.20692265,1.0,295.152008
3194353.0,0.23079523,1.0,295.152008
3194432.0,0.23993796,1.0,295.496002
3194510.0,0.21281457,1.0,294.808014
3194588.0,0.22683336,1.0,3.096
3194666.0,0.20961457,1.0,2.064
3194744.0,0.24125855,1.0,1.72
3194822.0,0.22226195,1.0,2.064
3194900.0,0.24044582,1.0,2.064
3194978.0,0.20646542,1.0,2.064
3195056.0,0.23689033,1.0,292.399994
3195135.0,0.23617922,1.0,295.152008
3195213.0,0.20153853,1.0,294.808014
3195291.0,0.23242053,1.0,295.152008
3195369.0,0.22749364,1.0,295.152008
3195447.0,0.23638241,1.0,295.152008
3195525.0,0.22861117,1.0,295.152008
3195603.0,0.24649017,1.0,3.096
3195681.0,0.23104919,1.0,2.064
3195759.0,0.23907448,1.0,1.72
3195838.0,0.23165871,1.0,1.376
3195916.0,0.23089676,1.0,2.064
3195994.0,0.22043344,1.0,2.064
3196072.0,0.23145552,1.0,292.743988
3196150.0,0.2241922,1.0,294.808014
3196228.0,0.21317013,1.0,294.808014
3196306.0,0.20087823,1.0,295.152008
3196384.0,0.23978552,1.0,295.496002
3196463.0,0.2309476,1.0,295.496002
3196541.0,0.2187573,1.0,295.496002
3196619.0,0.23917601,1.0,3.096
3196697.0,0.22683336,1.0,2.064
3196775.0,0.2079892,1.0,2.408
3196853.0,0.23160788,1.0,1.72
3196931.0,0.2341475,1.0,2.064
3197009.0,0.21362722,1.0,2.064
3197087.0,0.21616691,1.0,294.119995
3197166.0,0.18802759,1.0,295.152008
3197244.0,0.2306428,1.0,294.808014
3197322.0,0.23074439,1.0,295.496002
3197400.0,0.2279508,1.0,295.152008
3197478.0,0.24303629,1.0,294.808014
3197556.0,0.24222356,1.0,280.015991
3197634.0,0.19640844,1.0,3.096
3197712.0,0.24181731,1.0,2.064
3197790.0,0.24130923,1.0,2.064
3197869.0,0.2305412,1.0,2.064
3197947.0,0.22708739,1.0,2.064
3198025.0,0.23176025,1.0,0.344
3198103.0,0.22561429,1.0,294.119995
3198181.0,0.19168466,1.0,295.496002
3198259.0,0.20214805,1.0,295.496002
3198337.0,0.21139231,1.0,295.496002
3198415.0,0.2322174,1.0,295.496002
3198493.0,0.20494165,1.0,295.839996
3198572.0,0.21890974,1.0,56.416
3198650.0,0.22947457,1.0,2.064
3198728.0,0.24684572,1.0,2.064
3198806.0,0.23465551,1.0,2.064
3198884.0,0.24318857,1.0,3.096
3198962.0,0.22058588,1.0,2.752
3199040.0,0.23008411,1.0,210.528
3199118.0,0.23247138,1.0,296.18399
3199197.0,0.21591288,1.0,296.528015
3199275.0,0.22464928,1.0,296.18399
3199353.0,0.22977938,1.0,296.528015
3199431.0,0.22566506,1.0,296.18399
3199509.0,0.2346046,1.0,296.18399
3199587.0,0.24989328,1.0,3.784
3199665.0,0.22759531,1.0,2.408
3199743.0,0.25187415,1.0,2.752
3199822.0,0.23719513,1.0,1.72
3199900.0,0.23003334,1.0,2.408
3199978.0,0.22820477,1.0,2.752
3200056.0,0.23135392,1.0,293.088013
3200134.0,0.25355035,1.0,295.496002
3200212.0,0.23303014,1.0,295.496002
3200290.0,0.20788766,1.0,296.18399
3200368.0,0.23409675,1.0,295.496002
3200446.0,0.22566506,1.0,296.18399
3200525.0,0.22094136,1.0,295.496002
3200603.0,0.24095382,1.0,3.44
3200681.0,0.25405821,1.0,2.064
3200759.0,0.21352568,1.0,2.064
3200837.0,0.24075054,1.0,2.408
3200915.0,0.22256675,1.0,2.064
3200993.0,0.22586834,1.0,2.064
3201071.0,0.23313174,1.0,293.776001
3201149.0,0.21459231,1.0,295.496002
3201227.0,0.22023033,1.0,295.496002
3201306.0,0.21890974,1.0,295.496002
3201384.0,0.212459,1.0,295.496002
3201462.0,0.21926531,1.0,295.496002
3201540.0,0.21372882,1.0,295.839996
3201618.0,0.2377539,1.0,4.472
3201696.0,0.25156942,1.0,3.44
3201774.0,0.23892204,1.0,3.096
3201853.0,0.21408437,1.0,3.096
3201931.0,0.2346046,1.0,2.752
3202009.0,0.2482679,1.0,2.752
3202087.0,0.22226195,1.0,294.463989
3202165.0,0.21423666,1.0,295.839996
3202243.0,0.22490318,1.0,295.839996
3202321.0,0.25436309,1.0,296.18399
3202399.0,0.23851572,1.0,295.839996
3202477.0,0.22632542,1.0,296.18399
3202556.0,0.22495401,1.0,284.832001
3202634.0,0.24080138,1.0,3.784
3202712.0,0.24171562,1.0,2.408
3202790.0,0.24115701,1.0,2.408
3202868.0,0.22393817,1.0,2.408
3202946.0,0.24029353,1.0,2.408
3203024.0,0.23109996,1.0,0.0
3203102.0,0.20113221,1.0,294.463989
3203180.0,0.20580514,1.0,295.496002
3203259.0,0.23160788,1.0,295.839996
3203337.0,0.22368412,1.0,295.839996
3203415.0,0.22947457,1.0,295.496002
3203493.0,0.2395824,1.0,295.839996
3203571.0,0.21195108,1.0,63.296001
3203649.0,0.23587449,1.0,2.064
3203727.0,0.23638241,1.0,2.408
3203805.0,0.23805863,1.0,2.408
3203883.0,0.2210938,1.0,2.064
3203962.0,0.23033807,1.0,2.064
3204040.0,0.23724583,1.0,205.367996
3204118.0,0.24435693,1.0,295.152008
3204196.0,0.19061813,1.0,295.496002
3204274.0,0.2258175,1.0,295.496002
3204352.0,0.22464928,1.0,296.528015
3204430.0,0.23755063,1.0,296.528015
3204508.0,0.21586218,1.0,296.528015
3204587.0,0.24181731,1.0,4.472
3204665.0,0.22033185,1.0,2.752
3204743.0,0.24257912,1.0,2.752
3204821.0,0.22891589,1.0,2.752
3204899.0,0.22464928,1.0,2.752
3204977.0,0.23125239,1.0,2.752
3205055.0,0.24598223,1.0,292.743988
3205133.0,0.21977316,1.0,295.839996
3205212.0,0.23622997,1.0,295.496002
3205290.0,0.24796318,1.0,295.496002
3205368.0,0.23810931,1.0,295.496002
3205446.0,0.23145552,1.0,295.839996
3205524.0,0.22327787,1.0,295.839996
3205602.0,0.23673798,1.0,3.44
3205680.0,0.23541732,1.0,2.408
3205758.0,0.24791241,1.0,2.408
3205836.0,0.23744902,1.0,2.408
3205915.0,0.24054742,1.0,2.064
3205993.0,0.22139853,1.0,2.064
3206071.0,0.23678866,1.0,293.776001
3206149.0,0.23800771,1.0,295.496002
3206227.0,0.20864949,1.0,295.496002
3206305.0,0.2410045,1.0,295.496002
3206383.0,0.21134162,1.0,295.839996
3206461.0,0.2321665,1.0,295.496002
3206539.0,0.20758295,1.0,295.496002
3206617.0,0.23993796,1.0,3.096
3206696.0,0.2395824,1.0,2.064
3206774.0,0.22429372,1.0,2.064
3206852.0,0.21835098,1.0,2.064
3206930.0,0.23186177,1.0,2.408
3207008.0,0.20458607,1.0,2.408
3207086.0,0.20113221,1.0,293.776001
3207164.0,0.21443987,1.0,295.152008
3207243.0,0.24232516,1.0,296.18399
3207321.0,0.22800156,1.0,296.18399
3207399.0,0.22830629,1.0,295.839996
3207477.0,0.22276995,1.0,295.839996
3207555.0,0.21210344,1.0,287.928009
3207633.0,0.21510015,1.0,3.784
3207711.0,0.25035036,1.0,2.408
3207789.0,0.24293467,1.0,2.064
3207867.0,0.20976701,1.0,2.408
3207946.0,0.21225581,1.0,2.064
3208024.0,0.22993174,1.0,0.688
3208102.0,0.21266221,1.0,294.119995
3208180.0,0.21484627,1.0,295.496002
3208258.0,0.24329025,1.0,295.839996
3208336.0,0.23861732,1.0,294.463989
3208414.0,0.22881429,1.0,295.839996
3208492.0,0.2278492,1.0,295.152008
3208570.0,0.22901742,1.0,69.832001
3208649.0,0.23328403,1.0,2.752
3208727.0,0.23851572,1.0,1.72
3208805.0,0.22297315,1.0,1.376
3208883.0,0.24664252,1.0,1.72
3208961.0,0.2441029,1.0,1.72
3209039.0,0.23628081,1.0,200.207993
3209117.0,0.22840796,1.0,294.463989
3209195.0,0.21814778,1.0,295.152008
3209273.0,0.21860501,1.0,295.496002
3209352.0,0.19904967,1.0,295.496002
3209430.0,0.22429372,1.0,295.496002
3209508.0,0.20473851,1.0,294.463989
3209586.0,0.22657931,1.0,3.44
3209664.0,0.22226195,1.0,2.064
3209742.0,0.23099835,1.0,2.064
3209820.0,0.22048436,1.0,1.72
3209898.0,0.22622375,1.0,1.72
3209976.0,0.2258175,1.0,2.064
3210054.0,0.2370427,1.0,292.056
3210133.0,0.21642072,1.0,295.152008
3210211.0,0.20737974,1.0,295.152008
3210289.0,0.215151,1.0,295.152008
3210367.0,0.22840796,1.0,295.496002
3210445.0,0.20682098,1.0,295.496002
3210523.0,0.20900504,1.0,295.496002
3210601.0,0.21052882,1.0,3.096
3210679.0,0.23435079,1.0,2.064
3210758.0,0.24511875,1.0,2.064
3210836.0,0.23445231,1.0,1.72
3210914.0,0.22414128,1.0,2.064
3210992.0,0.22144938,1.0,2.408
3211070.0,0.22932214,1.0,293.088013
3211148.0,0.21880807,1.0,295.152008
3211226.0,0.23998865,1.0,295.839996
3211304.0,0.22200814,1.0,295.496002
3211383.0,0.22353184,1.0,295.496002
3211461.0,0.2167256,1.0,295.496002
3211539.0,0.22403969,1.0,295.152008
3211617.0,0.23018563,1.0,3.784
3211695.0,0.24384893,1.0,2.408
3211773.0,0.24095382,1.0,1.72
3211851.0,0.22845866,1.0,1.72
3211929.0,0.24024269,1.0,1.72
3212007.0,0.21322089,1.0,2.064
3212086.0,0.23689033,1.0,294.119995
3212164.0,0.21108758,1.0,294.808014
3212242.0,0.23099835,1.0,295.496002
3212320.0,0.24395053,1.0,295.152008
3212398.0,0.23242053,1.0,295.839996
3212476.0,0.25324562,1.0,295.496002
3212554.0,0.22475082,1.0,291.712006
3212632.0,0.24862346,1.0,3.784
3212710.0,0.26543584,1.0,2.064
3212789.0,0.25395668,1.0,2.408
3212867.0,0.23435079,1.0,1.72
3212945.0,0.25278845,1.0,2.408
3213023.0,0.22693495,1.0,0.0
3213101.0,0.23277609,1.0,294.119995
3213179.0,0.2210429,1.0,295.839996
3213257.0,0.21860501,1.0,295.839996
3213335.0,0.23805863,1.0,295.496002
3213413.0,0.22200814,1.0,295.496002
3213492.0,0.23465551,1.0,295.496002
3213570.0,0.19976079,1.0,76.711998
3213648.0,0.22480164,1.0,2.408
3213726.0,0.22957619,1.0,2.408
3213804.0,0.23562053,1.0,1.72
3213882.0,0.21504946,1.0,2.408
3213960.0,0.20560193,1.0,2.064
3214039.0,0.21057974,1.0,194.703995
3214117.0,0.22967771,1.0,295.839996
3214195.0,0.20514484,1.0,295.496002
3214273.0,0.23333485,1.0,296.18399
3214351.0,0.20250362,1.0,296.18399
3214429.0,0.23038891,1.0,296.18399
3214507.0,0.20748127,1.0,296.18399
3214585.0,0.23252213,1.0,3.44
3214663.0,0.22901742,1.0,2.408
3214742.0,0.24496639,1.0,2.408
3214820.0,0.25248373,1.0,2.408
3214898.0,0.20682098,1.0,1.72
3214976.0,0.23856647,1.0,2.064
3215054.0,0.23196344,1.0,292.056
3215132.0,0.21327165,1.0,295.496002
3215210.0,0.21621768,1.0,295.496002
3215288.0,0.21530342,1.0,295.839996
3215366.0,0.23562053,1.0,295.839996
3215444.0,0.21951912,1.0,296.18399
3215523.0,0.24516958,1.0,295.496002
3215601.0,0.22459845,1.0,3.784
3215679.0,0.2441029,1.0,2.408
3215757.0,0.23582365,1.0,2.752
3215835.0,0.22774768,1.0,2.408
3215913.0,0.24313788,1.0,2.064
3215991.0,0.23353799,1.0,2.064
3216069.0,0.25324562,1.0,293.432007
3216147.0,0.22023033,1.0,295.839996
3216226.0,0.23038891,1.0,295.839996
3216304.0,0.23440146,1.0,295.496002
3216382.0,0.27737224,1.0,296.18399
3216460.0,0.22729051,1.0,296.18399
3216538.0,0.23902364,1.0,295.839996
3216616.0,0.22007789,1.0,3.44
3216694.0,0.2519758,1.0,2.064
3216773.0,0.24486485,1.0,2.064
3216851.0,0.2235826,1.0,2.408
3216929.0,0.2436458,1.0,2.408
3217007.0,0.22332871,1.0,2.408
3217085.0,0.24227439,1.0,294.119995
3217163.0,0.2393792,1.0,295.496002
3217241.0,0.22637627,1.0,296.18399
3217319.0,0.22962686,1.0,295.496002
3217397.0,0.21718277,1.0,296.18399
3217475.0,0.22429372,1.0,295.496002
3217554.0,0.19498625,1.0,294.463989
3217632.0,0.22089061,1.0,3.44
3217710.0,0.27513734,1.0,2.408
3217788.0,0.23917601,1.0,2.064
3217866.0,0.24461082,1.0,2.064
3217944.0,0.22632542,1.0,2.408
3218022.0,0.23856647,1.0,1.032
3218100.0,0.23602685,1.0,293.776001
3218178.0,0.21799542,1.0,295.152008
3218257.0,0.18899275,1.0,295.152008
3218335.0,0.2275444,1.0,295.496002
3218413.0,0.23018563,1.0,295.152008
3218491.0,0.23760138,1.0,295.152008
3218569.0,0.22602069,1.0,82.559998
3218647.0,0.24019177,1.0,1.72
3218725.0,0.24374732,1.0,2.064
3218803.0,0.22251591,1.0,2.064
3218882.0,0.2328777,1.0,1.72
3218960.0,0.23409675,1.0,2.064
3219038.0,0.22139853,1.0,180.600006
3219116.0,0.20895422,1.0,295.152008
3219194.0,0.19595127,1.0,295.152008
3219272.0,0.23394431,1.0,295.152008
3219350.0,0.22048436,1.0,295.496002
3219428.0,0.21799542,1.0,295.496002
3219507.0,0.21586218,1.0,295.496002
3219585.0,0.23389354,1.0,3.44
3219663.0,0.22927146,1.0,2.064
3219741.0,0.25482023,1.0,2.064
3219819.0,0.23135392,1.0,2.064
3219897.0,0.24577911,1.0,1.72
3219975.0,0.2309476,1.0,2.064
3220053.0,0.22459845,1.0,292.056
3220131.0,0.2278492,1.0,295.152008
3220210.0,0.22536033,1.0,295.496002
3220288.0,0.21890974,1.0,295.496002
3220366.0,0.23653485,1.0,295.496002
3220444.0,0.23831251,1.0,295.152008
3220522.0,0.24069978,1.0,295.839996
3220600.0,0.23226817,1.0,3.44
3220678.0,0.23292845,1.0,2.064
3220756.0,0.27005801,1.0,2.064
3220834.0,0.21728429,1.0,2.064
3220912.0,0.2464394,1.0,2.408
3220991.0,0.22414128,1.0,1.72
3221069.0,0.22023033,1.0,293.432007
3221147.0,0.23338555,1.0,294.463989
3221225.0,0.22602069,1.0,295.496002
3221303.0,0.22800156,1.0,295.152008
3221381.0,0.21164635,1.0,295.152008
3221459.0,0.23892204,1.0,295.496002
3221537.0,0.23201421,1.0,295.496002
3221616.0,0.2432394,1.0,3.784
3221694.0,0.23165871,1.0,2.064
3221772.0,0.24537264,1.0,2.064
3221850.0,0.23033807,1.0,1.72
3221928.0,0.24750601,1.0,2.064
3222006.0,0.21377958,1.0,2.064
3222084.0,0.24115701,1.0,293.776001
3222162.0,0.21164635,1.0,295.152008
3222241.0,0.2346046,1.0,295.152008
3222319.0,0.23181108,1.0,295.152008
3222397.0,0.22083977,1.0,295.496002
3222475.0,0.2345539,1.0,295.839996
3222553.0,0.22231285,1.0,297.216003
3222631.0,0.21840174,1.0,3.44
3222709.0,0.22287147,1.0,2.064
3222787.0,0.23856647,1.0,2.064
3222865.0,0.23496023,1.0,1.72
3222944.0,0.22033185,1.0,2.064
3223022.0,0.22276995,1.0,0.688
3223100.0,0.23313174,1.0,293.776001
3223178.0,0.21951912,1.0,295.496002
3223256.0,0.22505553,1.0,295.152008
3223334.0,0.22124617,1.0,295.496002
3223412.0,0.22983015,1.0,295.496002
3223490.0,0.21830015,1.0,295.496002
3223568.0,0.23892204,1.0,91.848
3223646.0,0.22439525,1.0,2.408
3223725.0,0.25700432,1.0,2.064
3223803.0,0.25898516,1.0,2.064
3223881.0,0.21799542,1.0,2.408
3223959.0,0.23267457,1.0,1.72
3224037.0,0.22363344,1.0,170.623993
3224115.0,0.23506176,1.0,295.152008
3224193.0,0.23673798,1.0,294.808014
3224272.0,0.24075054,1.0,295.152008
3224350.0,0.21657324,1.0,295.496002
3224428.0,0.22622375,1.0,296.18399
3224506.0,0.22657931,1.0,295.839996
3224584.0,0.22561429,1.0,2.408
3224662.0,0.23501107,1.0,2.064
3224740.0,0.2483695,1.0,1.376
3224818.0,0.23556969,1.0,2.064
3224896.0,0.23953149,1.0,1.376
3224975.0,0.23948073,1.0,1.72
3225053.0,0.22510645,1.0,291.023987
3225131.0,0.2258175,1.0,294.119995
3225209.0,0.21626844,1.0,295.839996
3225287.0,0.22520804,1.0,295.839996
3225365.0,0.26111847,1.0,295.152008
3225443.0,0.23277609,1.0,294.463989
3225521.0,0.23079523,1.0,294.808014
3225599.0,0.23140468,1.0,2.752
3225678.0,0.22546194,1.0,1.72
3225756.0,0.21743666,1.0,2.064
3225834.0,0.23734742,1.0,1.72
3225912.0,0.23516336,1.0,1.72
3225990.0,0.22652863,1.0,1.72
3226068.0,0.22414128,1.0,292.743988
3226146.0,0.22139853,1.0,294.463989
3226224.0,0.23338555,1.0,295.152008
3226302.0,0.22906825,1.0,294.808014
3226381.0,0.21845251,1.0,294.808014
3226459.0,0.24415366,1.0,295.152008
3226537.0,0.22576673,1.0,295.496002
3226615.0,0.22134769,1.0,2.752
3226693.0,0.22942382,1.0,2.064
3226771.0,0.2412077,1.0,1.72
3226849.0,0.22866185,1.0,2.064
3226927.0,0.23516336,1.0,2.064
3227006.0,0.22993174,1.0,2.064
3227084.0,0.2329793,1.0,293.776001
3227162.0,0.22495401,1.0,295.152008
3227240.0,0.23069362,1.0,295.152008
3227318.0,0.25187415,1.0,295.496002
3227396.0,0.21713193,1.0,295.839996
3227474.0,0.23201421,1.0,295.496002
3227552.0,0.23399514,1.0,298.247986
3227631.0,0.24684572,1.0,3.784
3227709.0,0.25436309,1.0,1.72
3227787.0,0.24679488,1.0,2.064
3227865.0,0.21652249,1.0,2.408
3227943.0,0.25075677,1.0,2.408
3228021.0,0.24217272,1.0,0.688
3228099.0,0.2393792,1.0,294.119995
3228177.0,0.22251591,1.0,295.496002
3228255.0,0.25060439,1.0,295.839996
3228334.0,0.2275444,1.0,296.18399
3228412.0,0.22129694,1.0,295.496002
3228490.0,0.22480164,1.0,295.496002
3228568.0,0.22485249,1.0,99.071999
3228646.0,0.23882043,1.0,2.064
3228724.0,0.25619158,1.0,2.064
3228802.0,0.23871891,1.0,2.064
3228880.0,0.23282693,1.0,1.376
3228958.0,0.2410045,1.0,1.72
3229036.0,0.24389976,1.0,154.455994
3229115.0,0.23424904,1.0,295.152008
3229193.0,0.2127638,1.0,295.496002
3229271.0,0.23130316,1.0,295.496002
3229349.0,0.22703655,1.0,296.18399
3229427.0,0.24227439,1.0,295.496002
3229505.0,0.25583601,1.0,295.152008
3229583.0,0.21637005,1.0,3.096
3229661.0,0.23313174,1.0,2.408
3229739.0,0.23592524,1.0,2.064
3229818.0,0.23348722,1.0,2.064
3229896.0,0.22602069,1.0,2.408
3229974.0,0.2233794,1.0,2.408
3230052.0,0.22500478,1.0,291.368011
3230130.0,0.25776613,1.0,294.808014
3230208.0,0.22830629,1.0,294.808014
3230286.0,0.22571598,1.0,295.152008
3230365.0,0.24654099,1.0,295.496002
3230443.0,0.24085215,1.0,295.496002
3230521.0,0.25070599,1.0,295.496002
3230599.0,0.24994411,1.0,3.096
3230677.0,0.23973477,1.0,2.064
3230755.0,0.24516958,1.0,2.064
3230833.0,0.24740449,1.0,2.064
3230911.0,0.24654099,1.0,2.064
3230989.0,0.24699816,1.0,2.408
3231068.0,0.24811547,1.0,293.088013
3231146.0,0.2306428,1.0,295.152008
3231224.0,0.22698571,1.0,295.496002
3231302.0,0.22424288,1.0,295.496002
3231380.0,0.2528393,1.0,295.496002
3231458.0,0.22043344,1.0,295.496002
3231536.0,0.22800156,1.0,295.496002
3231614.0,0.24085215,1.0,3.096
3231692.0,0.25614083,1.0,1.72
3231770.0,0.26594377,1.0,2.408
3231849.0,0.23643318,1.0,2.408
3231927.0,0.2424776,1.0,2.408
3232005.0,0.24105534,1.0,2.064
3232083.0,0.24196959,1.0,294.119995
3232161.0,0.2278492,1.0,295.152008
3232239.0,0.21454154,1.0,295.839996
3232317.0,0.24511875,1.0,295.152008
3232396.0,0.25040129,1.0,295.839996
3232474.0,0.24720128,1.0,295.839996
3232552.0,0.23318242,1.0,297.559998
3232630.0,0.23648393,1.0,3.44
3232708.0,0.23028715,1.0,2.408
3232786.0,0.22734128,1.0,2.752
3232864.0,0.22602069,1.0,2.752
3232942.0,0.23749986,1.0,3.096
3233020.0,0.22124617,1.0,0.688
3233099.0,0.24400137,1.0,294.808014
3233177.0,0.21261136,1.0,296.18399
3233255.0,0.2476076,1.0,295.496002
3233333.0,0.23089676,1.0,296.18399
3233411.0,0.22779837,1.0,296.528015
3233489.0,0.23816015,1.0,296.18399
3233567.0,0.24313788,1.0,108.360001
3233645.0,0.23678866,1.0,2.752
3233723.0,0.24354413,1.0,2.408
3233802.0,0.24730289,1.0,2.408
3233880.0,0.24862346,1.0,2.752
3233958.0,0.23160788,1.0,1.376
3234036.0,0.23465551,1.0,147.576004
3234114.0,0.24649017,1.0,294.463989
3234192.0,0.21962072,1.0,294.808014
3234270.0,0.22663023,1.0,294.808014
3234348.0,0.2370427,1.0,295.152008
3234426.0,0.24623626,1.0,295.152008
3234505.0,0.23511259,1.0,295.496002
3234583.0,0.23186177,1.0,2.408
3234661.0,0.23379202,1.0,1.72
3234739.0,0.24232516,1.0,1.72
3234817.0,0.24649017,1.0,1.72
3234895.0,0.25304243,1.0,1.72
3234973.0,0.23160788,1.0,2.064
3235051.0,0.24537264,1.0,291.368011
3235129.0,0.2163192,1.0,294.808014
3235208.0,0.23196344,1.0,294.119995
3235286.0,0.22393817,1.0,294.808014
3235364.0,0.22962686,1.0,295.152008
3235442.0,0.23628081,1.0,295.496002
3235520.0,0.23470619,1.0,295.496002
3235598.0,0.23597609,1.0,3.44
3235676.0,0.21769069,1.0,1.72
3235754.0,0.22292231,1.0,3.096
3235832.0,0.23826174,1.0,2.752
3235911.0,0.23465551,1.0,2.752
3235989.0,0.23948073,1.0,2.752
3236067.0,0.22993174,1.0,293.432007
3236145.0,0.25177261,1.0,295.839996
3236223.0,0.23622997,1.0,295.496002
3236301.0,0.2573598,1.0,295.496002
3236379.0,0.22403969,1.0,295.496002
3236458.0,0.23140468,1.0,295.839996
3236536.0,0.23998865,1.0,295.839996
3236614.0,0.23607761,1.0,2.752
3236692.0,0.24577911,1.0,1.376
3236770.0,0.25289005,1.0,1.376
3236848.0,0.23165871,1.0,1.376
3236926.0,0.27605167,1.0,1.376
3237004.0,0.21789382,1.0,1.376
3237082.0,0.2482679,1.0,292.743988
3237160.0,0.23303014,1.0,294.463989
3237239.0,0.22266842,1.0,294.808014
3237317.0,0.2227191,1.0,294.808014
3237395.0,0.21830015,1.0,295.152008
3237473.0,0.23744902,1.0,295.152008
3237551.0,0.2596963,1.0,295.496002
3237629.0,0.23028715,1.0,3.096
3237707.0,0.25695348,1.0,1.72
3237785.0,0.23191269,1.0,1.72
3237863.0,0.25111231,1.0,1.72
3237942.0,0.24577911,1.0,2.064
3238020.0,0.24577911,1.0,1.032
3238098.0,0.23861732,1.0,294.119995
3238176.0,0.22881429,1.0,295.496002
3238254.0,0.19793221,1.0,295.496002
3238332.0,0.23165871,1.0,295.496002
3238410.0,0.23379202,1.0,295.496002
3238488.0,0.24791241,1.0,296.528015
3238567.0,0.23211581,1.0,116.959999
3238645.0,0.24516958,1.0,2.752
3238723.0,0.25070599,1.0,2.752
3238801.0,0.22957619,1.0,2.408
3238879.0,0.24628696,1.0,2.408
3238957.0,0.23013495,1.0,2.408
3239035.0,0.23338555,1.0,143.447998
3239113.0,0.23861732,1.0,295.496002
3239191.0,0.21713193,1.0,294.808014
3239270.0,0.22713807,1.0,294.463989
3239348.0,0.21911287,1.0,295.839996
3239426.0,0.23257297,1.0,294.463989
3239504.0,0.22368412,1.0,294.463989
3239582.0,0.24816629,1.0,2.064
3239660.0,0.23790619,1.0,1.72
3239738.0,0.27112463,1.0,1.376
3239816.0,0.25512496,1.0,1.376
3239894.0,0.24466166,1.0,1.376
3239973.0,0.23567136,1.0,1.376
3240051.0,0.24476318,1.0,290.679993
3240129.0,0.22459845,1.0,294.808014
3240207.0,0.23404591,1.0,294.808014
3240285.0,0.23038891,1.0,294.808014
3240363.0,0.25146788,1.0,295.152008
3240441.0,0.23765223,1.0,295.496002
3240519.0,0.2574614,1.0,295.152008
3240597.0,0.23638241,1.0,2.752
3240676.0,0.24344261,1.0,2.408
3240754.0,0.24425533,1.0,2.408
3240832.0,0.24694724,1.0,2.408
3240910.0,0.24440762,1.0,2.064
3240988.0,0.24582987,1.0,2.064
3241066.0,0.2574614,1.0,294.463989
3241144.0,0.22566506,1.0,295.152008
3241223.0,0.21637005,1.0,295.839996
3241301.0,0.22546194,1.0,295.152008
3241379.0,0.24115701,1.0,297.559998
3241457.0,0.23892204,1.0,295.496002
3241535.0,0.2369411,1.0,295.496002
3241613.0,0.25202659,1.0,3.784
3241691.0,0.24186799,1.0,2.064
3241769.0,0.22998244,1.0,2.064
3241847.0,0.23719513,1.0,2.408
3241925.0,0.24232516,1.0,3.096
3242004.0,0.25705507,1.0,1.72
3242082.0,0.23206496,1.0,292.743988
3242160.0,0.22180493,1.0,294.808014
3242238.0,0.23760138,1.0,294.463989
3242316.0,0.22343023,1.0,294.808014
3242394.0,0.23978552,1.0,294.808014
3242472.0,0.23546809,1.0,294.808014
3242550.0,0.24445845,1.0,296.528015
3242628.0,0.24349336,1.0,2.752
3242707.0,0.24933451,1.0,1.72
3242785.0,0.25217903,1.0,2.064
3242863.0,0.22830629,1.0,2.064
3242941.0,0.25243291,1.0,2.064
3243019.0,0.23201421,1.0,0.688
3243097.0,0.22632542,1.0,293.776001
3243175.0,0.20351954,1.0,294.808014
3243253.0,0.22734128,1.0,295.152008
3243332.0,0.24963932,1.0,295.152008
3243410.0,0.22729051,1.0,295.152008
3243488.0,0.2452711,1.0,295.152008
3243566.0,0.23826174,1.0,124.528
3243644.0,0.22693495,1.0,2.064
3243722.0,0.25162032,1.0,2.064
3243800.0,0.23998865,1.0,1.72
3243878.0,0.26223591,1.0,2.064
3243957.0,0.23394431,1.0,2.064
3244035.0,0.24395053,1.0,135.880005
3244113.0,0.23211581,1.0,295.152008
3244191.0,0.22927146,1.0,295.152008
3244269.0,0.22708739,1.0,295.152008
3244347.0,0.23318242,1.0,295.496002
3244425.0,0.24537264,1.0,295.496002
3244503.0,0.22922061,1.0,295.496002
3244581.0,0.22053504,1.0,2.408
3244660.0,0.25060439,1.0,2.064
3244738.0,0.24735364,1.0,2.064
3244816.0,0.23348722,1.0,2.064
3244894.0,0.23749986,1.0,2.064
3244972.0,0.22221118,1.0,2.064
3245050.0,0.23556969,1.0,291.023987
3245128.0,0.23907448,1.0,295.152008
3245206.0,0.21835098,1.0,295.152008
3245284.0,0.25065508,1.0,295.152008
3245363.0,0.24522042,1.0,295.496002
3245441.0,0.22536033,1.0,295.496002
3245519.0,0.2238874,1.0,295.496002
3245597.0,0.22546194,1.0,3.44
3245675.0,0.24303629,1.0,2.064
3245753.0,0.23942997,1.0,2.064
3245831.0,0.23785542,1.0,2.064
3245909.0,0.25182346,1.0,2.064
3245987.0,0.24136007,1.0,1.72
3246065.0,0.21200192,1.0,293.432007
3246144.0,0.23470619,1.0,295.152008
3246222.0,0.23328403,1.0,295.152008
3246300.0,0.22612223,1.0,295.496002
3246378.0,0.22205882,1.0,295.496002
3246456.0,0.24430609,1.0,295.152008
3246534.0,0.25827405,1.0,295.496002
3246612.0,0.24090298,1.0,3.096
3246691.0,0.23988706,1.0,1.72
3246769.0,0.25299168,1.0,2.064
3246847.0,0.26482639,1.0,2.064
3246925.0,0.25918838,1.0,1.72
3247003.0,0.23556969,1.0,2.064
3247081.0,0.25558206,1.0,293.776001
3247159.0,0.22515722,1.0,295.152008
3247237.0,0.24024269,1.0,295.152008
3247315.0,0.23673798,1.0,295.496002
3247394.0,0.23496023,1.0,295.496002
3247472.0,0.2476076,1.0,295.496002
3247550.0,0.22210966,1.0,296.872009
3247628.0,0.2370427,1.0,3.096
3247706.0,0.25187415,1.0,2.064
3247784.0,0.23998865,1.0,2.064
3247862.0,0.23648393,1.0,1.72
3247940.0,0.24075054,1.0,2.064
3248018.0,0.23892204,1.0,0.688
3248097.0,0.23668714,1.0,294.119995
3248175.0,0.23033807,1.0,295.152008
3248253.0,0.2194176,1.0,295.152008
3248331.0,0.22977938,1.0,295.496002
3248409.0,0.22459845,1.0,295.496002
3248487.0,0.24395053,1.0,295.496002
3248565.0,0.23562053,1.0,133.815994
3248643.0,0.25786778,1.0,2.064
3248721.0,0.23450308,1.0,2.064
3248800.0,0.25040129,1.0,2.064
3248878.0,0.25466782,1.0,2.064
3248956.0,0.23714431,1.0,2.408
3249034.0,0.23978552,1.0,131.751999
3249112.0,0.24085215,1.0,294.808014
3249190.0,0.22525874,1.0,295.496002
3249268.0,0.25324562,1.0,295.496002
3249346.0,0.23897287,1.0,296.18399
3249425.0,0.24014102,1.0,295.839996
3249503.0,0.23689033,1.0,295.839996
3249581.0,0.2210938,1.0,2.752
3249659.0,0.24628696,1.0,2.064
3249737.0,0.24171562,1.0,2.064
3249815.0,0.23470619,1.0,2.408
3249893.0,0.24344261,1.0,2.408
3249971.0,0.25187415,1.0,2.064
3250050.0,0.23739827,1.0,291.023987
3250128.0,0.20915741,1.0,295.152008
3250206.0,0.21479543,1.0,295.152008
3250284.0,0.22673182,1.0,295.839996
3250362.0,0.23556969,1.0,295.496002
3250440.0,0.24059825,1.0,296.18399
3250518.0,0.24024269,1.0,296.18399
3250596.0,0.24318857,1.0,4.128
3250674.0,0.23983629,1.0,2.752
3250753.0,0.25984865,1.0,2.752
3250831.0,0.24273148,1.0,2.064
3250909.0,0.24796318,1.0,2.752
3250987.0,0.25878212,1.0,2.752
3251065.0,0.25659791,1.0,293.776001
3251143.0,0.22510645,1.0,295.496002
3251221.0,0.23389354,1.0,295.839996
3251299.0,0.25573441,1.0,295.839996
3251377.0,0.2210429,1.0,295.839996
3251455.0,0.24501722,1.0,295.839996
3251534.0,0.23826174,1.0,295.839996
3251612.0,0.2412077,1.0,3.44
3251690.0,0.23308082,1.0,2.064
3251768.0,0.22774768,1.0,2.408
3251846.0,0.24618544,1.0,2.408
3251924.0,0.22510645,1.0,2.064
3252002.0,0.24278232,1.0,2.408
3252080.0,0.24308704,1.0,293.776001
3252159.0,0.23816015,1.0,295.496002
3252237.0,0.22612223,1.0,295.496002
3252315.0,0.23800771,1.0,295.496002
3252393.0,0.2464394,1.0,295.839996
3252471.0,0.25542969,1.0,296.18399
3252549.0,0.23592524,1.0,297.216003
3252627.0,0.23247138,1.0,2.752
3252705.0,0.26188037,1.0,2.408
3252784.0,0.26391205,1.0,1.72
3252862.0,0.25334722,1.0,2.064
3252940.0,0.24232516,1.0,2.064
3253018.0,0.24288385,1.0,0.688
3253096.0,0.24405205,1.0,294.463989
3253174.0,0.23211581,1.0,296.18399
3253252.0,0.2452711,1.0,296.18399
3253330.0,0.22673182,1.0,295.839996
3253408.0,0.23821092,1.0,296.18399
3253487.0,0.23932837,1.0,296.18399
3253565.0,0.23993796,1.0,144.136002
3253643.0,0.23338555,1.0,2.752
3253721.0,0.24034421,1.0,2.408
3253799.0,0.25365195,1.0,2.408
3253877.0,0.23292845,1.0,2.408
3253955.0,0.20753211,1.0,2.408
3254033.0,0.23755063,1.0,126.248001
3254111.0,0.22571598,1.0,294.808014
3254190.0,0.20885268,1.0,294.808014
3254268.0,0.24075054,1.0,295.496002
3254346.0,0.25415996,1.0,294.808014
3254424.0,0.23008411,1.0,295.496002
3254502.0,0.25766459,1.0,295.496002
3254580.0,0.24242675,1.0,2.408
3254658.0,0.24776004,1.0,2.064
3254736.0,0.27107394,1.0,2.408
3254814.0,0.23028715,1.0,2.408
3254893.0,0.24395053,1.0,2.064
3254971.0,0.25324562,1.0,2.408
3255049.0,0.24755685,1.0,290.679993
3255127.0,0.26568988,1.0,295.839996
3255205.0,0.21637005,1.0,295.496002
3255283.0,0.22017948,1.0,295.152008
3255361.0,0.24034421,1.0,295.496002
3255439.0,0.22525874,1.0,295.152008
3255517.0,0.24278232,1.0,295.152008
3255596.0,0.22094136,1.0,3.096
3255674.0,0.22459845,1.0,2.064
3255752.0,0.24461082,1.0,2.752
3255830.0,0.22261758,1.0,2.752
3255908.0,0.23795696,1.0,3.096
3255986.0,0.23176025,1.0,2.408
3256064.0,0.25497252,1.0,293.776001
3256142.0,0.24928382,1.0,295.496002
3256220.0,0.21621768,1.0,295.496002
3256299.0,0.24466166,1.0,295.839996
3256377.0,0.26269302,1.0,295.839996
3256455.0,0.23343647,1.0,295.839996
3256533.0,0.24511875,1.0,296.18399
3256611.0,0.25608999,1.0,3.784
3256689.0,0.26050895,1.0,2.408
3256767.0,0.25070599,1.0,2.752
3256845.0,0.24318857,1.0,2.064
3256924.0,0.24222356,1.0,2.408
3257002.0,0.24821714,1.0,2.408
3257080.0,0.24456006,1.0,293.776001
3257158.0,0.24039505,1.0,295.496002
3257236.0,0.22017948,1.0,295.496002
3257314.0,0.24720128,1.0,295.496002
3257392.0,0.25720751,1.0,295.496002
3257470.0,0.23622997,1.0,295.152008
3257548.0,0.22937298,1.0,297.903992
3257627.0,0.22952534,1.0,3.44
3257705.0,0.24202035,1.0,2.408
3257783.0,0.273258,1.0,2.064
3257861.0,0.2519758,1.0,1.376
3257939.0,0.23780459,1.0,2.064
3258017.0,0.22485249,1.0,1.376
3258095.0,0.24176647,1.0,293.776001
3258173.0,0.2120526,1.0,295.496002
3258251.0,0.2483695,1.0,295.496002
3258330.0,0.2370427,1.0,295.152008
3258408.0,0.23973477,1.0,295.839996
3258486.0,0.2238874,1.0,296.18399
3258564.0,0.24273148,1.0,155.143997
3258642.0,0.24039505,1.0,3.096
3258720.0,0.23714431,1.0,3.44
3258798.0,0.23043966,1.0,2.752
3258876.0,0.21063049,1.0,3.096
3258954.0,0.24440762,1.0,2.408
3259033.0,0.24420442,1.0,119.711998
3259111.0,0.22856033,1.0,295.496002
3259189.0,0.21144316,1.0,295.839996
3259267.0,0.23683958,1.0,295.839996
3259345.0,0.24359505,1.0,295.839996
3259423.0,0.23597609,1.0,295.839996
3259501.0,0.22322711,1.0,295.496002
3259580.0,0.25487101,1.0,2.408
3259658.0,0.23714431,1.0,2.752
3259736.0,0.24141082,1.0,2.408
3259814.0,0.23897287,1.0,2.408
3259892.0,0.24709968,1.0,2.064
3259970.0,0.23607761,1.0,2.064
3260048.0,0.24694724,1.0,289.303986
3260126.0,0.24699816,1.0,295.152008
3260204.0,0.2306428,1.0,295.496002
3260283.0,0.23211581,1.0,295.496002
3260361.0,0.2395824,1.0,294.808014
3260439.0,0.23998865,1.0,295.839996
3260517.0,0.24715045,1.0,295.152008
3260595.0,0.22429372,1.0,3.44
3260673.0,0.23856647,1.0,2.064
3260751.0,0.23247138,1.0,2.064
3260829.0,0.25542969,1.0,2.408
3260907.0,0.23871891,1.0,2.064
3260986.0,0.24791241,1.0,2.064
3261064.0,0.25238213,1.0,293.432007
3261142.0,0.23948073,1.0,295.152008
3261220.0,0.23292845,1.0,295.496002
3261298.0,0.24003948,1.0,294.808014
3261376.0,0.25482023,1.0,295.496002
3261454.0,0.24623626,1.0,295.496002
3261532.0,0.24379817,1.0,295.496002
3261610.0,0.23658554,1.0,3.44
3261689.0,0.24522042,1.0,2.064
3261767.0,0.25172186,1.0,2.064
3261845.0,0.24902979,1.0,2.408
3261923.0,0.23871891,1.0,2.064
3262001.0,0.22332871,1.0,2.064
3262079.0,0.24948695,1.0,293.776001
3262157.0,0.23683958,1.0,295.496002
3262235.0,0.23059203,1.0,295.152008
3262314.0,0.23546809,1.0,295.496002
3262392.0,0.24821714,1.0,295.496002
3262470.0,0.23104919,1.0,295.496002
3262548.0,0.23501107,1.0,297.216003
3262626.0,0.22515722,1.0,3.096
3262704.0,0.25796932,1.0,2.064
3262782.0,0.24476318,1.0,2.064
3262860.0,0.2476076,1.0,2.064
3262938.0,0.24059825,1.0,2.064
3263017.0,0.23328403,1.0,1.376
3263095.0,0.24003948,1.0,293.776001
3263173.0,0.22160167,1.0,295.152008
3263251.0,0.26736602,1.0,295.152008
3263329.0,0.22876345,1.0,295.496002
3263407.0,0.24334109,1.0,295.496002
3263485.0,0.24369664,1.0,295.496002
3263563.0,0.24679488,1.0,162.024002
3263641.0,0.24080138,1.0,2.064
3263720.0,0.27528962,1.0,2.064
3263798.0,0.23242053,1.0,1.72
3263876.0,0.2416648,1.0,2.064
3263954.0,0.23617922,1.0,1.72
3264032.0,0.24781074,1.0,103.888
3264110.0,0.24735364,1.0,295.152008
3264188.0,0.22495401,1.0,295.496002
3264266.0,0.22607154,1.0,295.496002
3264344.0,0.24715045,1.0,295.496002
3264423.0,0.24069978,1.0,295.839996
3264501.0,0.20534804,1.0,295.496002
3264579.0,0.25553128,1.0,1.72
3264657.0,0.23882043,1.0,2.064
3264735.0,0.24735364,1.0,2.064
3264813.0,0.23577289,1.0,2.064
3264891.0,0.23902364,1.0,2.064
3264969.0,0.25410911,1.0,2.064
3265048.0,0.24151243,1.0,289.992004
3265126.0,0.24918222,1.0,295.152008
3265204.0,0.22099213,1.0,295.152008
3265282.0,0.22607154,1.0,295.152008
3265360.0,0.24608384,1.0,295.496002
3265438.0,0.22515722,1.0,295.496002
3265516.0,0.23318242,1.0,295.496002
3265594.0,0.242376,1.0,3.44
3265672.0,0.24699816,1.0,2.408
3265751.0,0.25883281,1.0,2.064
3265829.0,0.22607154,1.0,2.408
3265907.0,0.24654099,1.0,1.72
3265985.0,0.25776613,1.0,1.72
3266063.0,0.24303629,1.0,293.432007
3266141.0,0.2329793,1.0,295.152008
3266219.0,0.24501722,1.0,295.496002
3266297.0,0.25060439,1.0,295.496002
3266375.0,0.26061061,1.0,295.839996
3266454.0,0.25761375,1.0,295.496002
3266532.0,0.23155712,1.0,295.839996
3266610.0,0.24415366,1.0,3.44
3266688.0,0.2464394,1.0,2.064
3266766.0,0.25233132,1.0,1.72
3266844.0,0.24918222,1.0,2.064
3266922.0,0.23876961,1.0,2.064
3267000.0,0.23831251,1.0,1.72
3267078.0,0.24831873,1.0,293.432007
3267157.0,0.22236355,1.0,294.463989
3267235.0,0.22759531,1.0,295.152008
3267313.0,0.24750601,1.0,295.152008
3267391.0,0.22231285,1.0,295.496002
3267469.0,0.23846488,1.0,295.496002
3267547.0,0.24344261,1.0,297.216003
3267625.0,0.24110611,1.0,3.096
3267704.0,0.27671194,1.0,2.064
3267782.0,0.24019177,1.0,2.064
3267860.0,0.23567136,1.0,2.064
3267938.0,0.25324562,1.0,2.064
3268016.0,0.23876961,1.0,1.376
3268094.0,0.25812176,1.0,293.776001
3268172.0,0.23338555,1.0,295.152008
3268250.0,0.2370427,1.0,295.152008
3268328.0,0.23109996,1.0,295.496002
3268407.0,0.25548053,1.0,295.496002
3268485.0,0.24354413,1.0,295.496002
3268563.0,0.24196959,1.0,172.0
3268641.0,0.24720128,1.0,2.408
3268719.0,0.28443235,1.0,2.064
3268797.0,0.25182346,1.0,2.064
3268875.0,0.24130923,1.0,2.064
3268953.0,0.25309318,1.0,2.064
3269031.0,0.24044582,1.0,89.096001
3269110.0,0.25212818,1.0,295.152008
3269188.0,0.23821092,1.0,295.152008
3269266.0,0.23536655,1.0,295.152008
3269344.0,0.24181731,1.0,295.496002
3269422.0,0.24130923,1.0,295.496002
3269500.0,0.23272526,1.0,295.839996
3269578.0,0.24461082,1.0,2.064
3269656.0,0.2613216,1.0,2.064
3269734.0,0.25375348,1.0,2.064
3269813.0,0.25289005,1.0,2.064
3269891.0,0.23435079,1.0,2.064
3269969.0,0.23760138,1.0,2.064
3270047.0,0.24232516,1.0,289.303986
3270125.0,0.25588685,1.0,295.152008
3270203.0,0.23882043,1.0,295.152008
3270281.0,0.26177877,1.0,295.496002
3270359.0,0.22282071,1.0,295.496002
3270437.0,0.22551277,1.0,296.18399
3270516.0,0.25568372,1.0,295.496002
3270594.0,0.24913131,1.0,3.784
3270672.0,0.23231901,1.0,2.064
3270750.0,0.25355035,1.0,2.752
3270828.0,0.23643318,1.0,2.064
3270906.0,0.24466166,1.0,2.408
3270984.0,0.24420442,1.0,2.064
3271062.0,0.24994411,1.0,293.088013
3271140.0,0.23587449,1.0,295.152008
3271219.0,0.242376,1.0,295.496002
3271297.0,0.25243291,1.0,294.808014
3271375.0,0.24750601,1.0,295.152008
3271453.0,0.24552515,1.0,295.496002
3271531.0,0.23749986,1.0,295.839996
3271609.0,0.24669336,1.0,2.752
3271687.0,0.27127707,1.0,2.064
3271765.0,0.23846488,1.0,1.72
3271844.0,0.25573441,1.0,2.064
3271922.0,0.24136007,1.0,2.064
3272000.0,0.21022409,1.0,2.408
3272078.0,0.22922061,1.0,293.432007
3272156.0,0.24044582,1.0,295.152008
3272234.0,0.21525259,1.0,295.152008
3272312.0,0.24181731,1.0,295.496002
3272390.0,0.26574057,1.0,295.496002
3272468.0,0.27041358,1.0,295.496002
3272547.0,0.25553128,1.0,297.216003
3272625.0,0.23536655,1.0,3.096
3272703.0,0.26411527,1.0,2.064
3272781.0,0.24608384,1.0,1.72
3272859.0,0.24974091,1.0,2.064
3272937.0,0.23882043,1.0,1.72
3273015.0,0.25984865,1.0,1.376
3273093.0,0.22007789,1.0,293.776001
3273171.0,0.23892204,1.0,294.808014
3273250.0,0.259036,1.0,294.808014
3273328.0,0.22515722,1.0,294.463989
3273406.0,0.24791241,1.0,295.152008
3273484.0,0.23201421,1.0,295.496002
3273562.0,0.22698571,1.0,176.815994
3273640.0,0.23927768,1.0,2.408
3273718.0,0.25949308,1.0,2.064
3273796.0,0.23765223,1.0,2.064
3273874.0,0.23252213,1.0,2.064
3273953.0,0.23526496,1.0,2.064
3274031.0,0.22896658,1.0,80.496002
3274109.0,0.23749986,1.0,294.463989
3274187.0,0.21398285,1.0,295.152008
3274265.0,0.22668099,1.0,294.808014
3274343.0,0.24628696,1.0,296.18399
3274421.0,0.22556347,1.0,295.152008
3274499.0,0.24847102,1.0,294.808014
3274577.0,0.23882043,1.0,1.72
3274656.0,0.24303629,1.0,1.72
3274734.0,0.26574057,1.0,2.064
3274812.0,0.23104919,1.0,2.064
3274890.0,0.27346113,1.0,1.72
3274968.0,0.23556969,1.0,2.408
3275046.0,0.24425533,1.0,288.272003
3275124.0,0.22007789,1.0,295.152008
3275202.0,0.23186177,1.0,295.496002
3275281.0,0.22043344,1.0,295.496002
3275359.0,0.22713807,1.0,295.496002
3275437.0,0.25918838,1.0,295.496002
3275515.0,0.2410045,1.0,296.18399
3275593.0,0.24958855,1.0,3.44
3275671.0,0.25568372,1.0,2.064
3275749.0,0.24806477,1.0,2.064
3275827.0,0.25324562,1.0,2.064
3275906.0,0.24765845,1.0,2.064
3275984.0,0.24496639,1.0,2.064
3276062.0,0.2483695,1.0,293.088013
3276140.0,0.23323326,1.0,295.496002
3276218.0,0.2348078,1.0,295.152008
3276296.0,0.23318242,1.0,295.496002
3276374.0,0.2455759,1.0,295.496002
3276452.0,0.23699194,1.0,295.496002
3276530.0,0.26050895,1.0,295.496002
3276609.0,0.26502958,1.0,3.44
3276687.0,0.23821092,1.0,2.064
3276765.0,0.24029353,1.0,2.064
3276843.0,0.24415366,1.0,2.064
3276921.0,0.23810931,1.0,2.064
3276999.0,0.26604545,1.0,2.064
3277077.0,0.22723976,1.0,293.776001
3277155.0,0.23089676,1.0,295.152008
3277233.0,0.2436458,1.0,295.152008
3277311.0,0.25141704,1.0,295.496002
3277390.0,0.25156942,1.0,295.496002
3277468.0,0.23755063,1.0,295.496002
3277546.0,0.24562667,1.0,297.216003
3277624.0,0.26248997,1.0,3.096
3277702.0,0.27986103,1.0,2.064
3277780.0,0.25029966,1.0,2.408
3277858.0,0.23795696,1.0,2.064
3277937.0,0.24654099,1.0,2.064
3278015.0,0.25111231,1.0,1.376
3278093.0,0.25344875,1.0,293.776001
3278171.0,0.23496023,1.0,295.152008
3278249.0,0.25537884,1.0,294.808014
3278327.0,0.25156942,1.0,295.496002
3278405.0,0.24445845,1.0,295.152008
3278483.0,0.24699816,1.0,295.496002
3278561.0,0.24628696,1.0,186.792007
3278640.0,0.22769684,1.0,2.064
3278718.0,0.26238829,1.0,1.376
3278796.0,0.24867423,1.0,2.064
3278874.0,0.27087075,1.0,1.72
3278952.0,0.24669336,1.0,2.064
3279030.0,0.24450922,1.0,74.991997
3279108.0,0.23922676,1.0,295.496002
3279186.0,0.22647779,1.0,295.152008
3279264.0,0.23140468,1.0,296.18399
3279343.0,0.27148017,1.0,294.808014
3279421.0,0.23399514,1.0,295.496002
3279499.0,0.24334109,1.0,295.496002
3279577.0,0.23709354,1.0,1.72
3279655.0,0.2488775,1.0,2.064
3279733.0,0.25289005,1.0,2.064
3279811.0,0.24425533,1.0,2.064
3279889.0,0.23953149,1.0,2.064
3279967.0,0.25832489,1.0,2.064
3280046.0,0.24608384,1.0,288.272003
3280124.0,0.25786778,1.0,295.152008
3280202.0,0.23099835,1.0,295.496002
3280280.0,0.23242053,1.0,295.496002
3280358.0,0.23856647,1.0,295.496002
3280436.0,0.23689033,1.0,295.496002
3280514.0,0.25837564,1.0,295.496002
3280592.0,0.24501722,1.0,3.44
3280670.0,0.24318857,1.0,2.064
3280749.0,0.27203894,1.0,2.064
3280827.0,0.24811547,1.0,2.064
3280905.0,0.26650253,1.0,2.064
3280983.0,0.25253442,1.0,1.72
3281061.0,0.2499948,1.0,292.743988
3281139.0,0.23348722,1.0,295.152008
3281217.0,0.22398899,1.0,295.152008
3281295.0,0.24689656,1.0,295.152008
3281373.0,0.24669336,1.0,295.496002
3281452.0,0.21967156,1.0,295.496002
3281530.0,0.259036,1.0,295.839996
3281608.0,0.23760138,1.0,3.096
3281686.0,0.25512496,1.0,2.064
3281764.0,0.25035036,1.0,1.72
3281842.0,0.24537264,1.0,2.064
3281920.0,0.2573598,1.0,2.064
3281998.0,0.23663637,1.0,2.064
3282077.0,0.24765845,1.0,293.432007
3282155.0,0.25603923,1.0,295.496002
3282233.0,0.23963325,1.0,295.496002
3282311.0,0.22571598,1.0,295.496002
3282389.0,0.25060439,1.0,295.839996
3282467.0,0.25101072,1.0,295.152008
3282545.0,0.26355651,1.0,293.432007
3282623.0,0.2608645,1.0,3.784
3282701.0,0.25035036,1.0,2.064
3282780.0,0.26228675,1.0,1.72
3282858.0,0.25619158,1.0,2.064
3282936.0,0.25456619,1.0,2.064
3283014.0,0.24801393,1.0,1.72
3283092.0,0.23597609,1.0,293.432007
3283170.0,0.21555732,1.0,295.496002
3283248.0,0.24664252,1.0,295.496002
3283326.0,0.2346046,1.0,295.152008
3283405.0,0.24628696,1.0,295.152008
3283483.0,0.24303629,1.0,294.808014
3283561.0,0.22937298,1.0,194.016006
3283639.0,0.23059203,1.0,2.064
3283717.0,0.25654715,1.0,1.72
3283795.0,0.23465551,1.0,2.064
3283873.0,0.26477554,1.0,1.376
3283951.0,0.26071215,1.0,1.72
3284030.0,0.22602069,1.0,69.487999
3284108.0,0.23973477,1.0,294.119995
3284186.0,0.21962072,1.0,294.808014
3284264.0,0.2346046,1.0,295.496002
3284342.0,0.23617922,1.0,295.496002
3284420.0,0.24466166,1.0,295.839996
3284498.0,0.24369664,1.0,295.496002
3284576.0,0.23790619,1.0,2.408
3284654.0,0.27681348,1.0,2.408
3284733.0,0.25934073,1.0,2.408
3284811.0,0.25690278,1.0,2.408
3284889.0,0.23262373,1.0,2.408
3284967.0,0.25243291,1.0,2.408
3285045.0,0.23907448,1.0,287.23999
3285123.0,0.22663023,1.0,295.496002
3285201.0,0.23638241,1.0,295.152008
3285279.0,0.24278232,1.0,295.496002
3285357.0,0.23744902,1.0,295.839996
3285435.0,0.25121385,1.0,294.808014
3285514.0,0.25512496,1.0,295.152008
3285592.0,0.24831873,1.0,2.752
3285670.0,0.24278232,1.0,1.72
3285748.0,0.27117544,1.0,1.72
3285826.0,0.26193121,1.0,1.72
3285904.0,0.24064894,1.0,1.72
3285982.0,0.23968393,1.0,1.72
3286061.0,0.2441029,1.0,292.743988
3286139.0,0.23948073,1.0,294.808014
3286217.0,0.23196344,1.0,295.152008
3286295.0,0.24659169,1.0,295.152008
3286373.0,0.26238829,1.0,295.152008
3286451.0,0.23663637,1.0,295.496002
3286529.0,0.24750601,1.0,295.496002
3286607.0,0.23897287,1.0,3.096
3286685.0,0.24217272,1.0,2.064
3286764.0,0.23922676,1.0,2.408
3286842.0,0.24659169,1.0,1.72
3286920.0,0.24405205,1.0,2.752
3286998.0,0.23653485,1.0,2.064
3287076.0,0.24486485,1.0,293.776001
3287154.0,0.23074439,1.0,294.808014
3287232.0,0.25273764,1.0,295.152008
3287310.0,0.22251591,1.0,295.496002
3287388.0,0.24273148,1.0,295.152008
3287466.0,0.24374732,1.0,295.496002
3287545.0,0.24146174,1.0,295.152008
3287623.0,0.23511259,1.0,2.752
3287701.0,0.25989941,1.0,1.376
3287779.0,0.24948695,1.0,1.376
3287857.0,0.22485249,1.0,1.72
3287935.0,0.26279467,1.0,1.72
3288013.0,0.25421065,1.0,1.376
3288091.0,0.24776004,1.0,293.776001
3288170.0,0.25608999,1.0,294.808014
3288248.0,0.26924536,1.0,294.808014
3288326.0,0.2519758,1.0,295.152008
3288404.0,0.23658554,1.0,295.152008
3288482.0,0.24857269,1.0,295.152008
3288560.0,0.23475704,1.0,203.647995
3288638.0,0.23780459,1.0,2.064
3288716.0,0.24750601,1.0,2.064
3288794.0,0.26624855,1.0,2.064
3288873.0,0.25212818,1.0,2.064
3288951.0,0.25537884,1.0,2.064
3289029.0,0.24811547,1.0,65.015999
3289107.0,0.25822335,1.0,294.463989
3289185.0,0.22967771,1.0,295.152008
3289263.0,0.24196959,1.0,295.152008
3289341.0,0.23277609,1.0,295.152008
3289419.0,0.25741065,1.0,295.496002
3289497.0,0.23023647,1.0,295.496002
3289576.0,0.23846488,1.0,4.128
3289654.0,0.2241922,1.0,2.408
3289732.0,0.26589301,1.0,2.752
3289810.0,0.24872506,1.0,2.752
3289888.0,0.23836336,1.0,2.408
3289966.0,0.2377539,1.0,2.752
3290044.0,0.24623626,1.0,286.208008
3290122.0,0.23648393,1.0,295.496002
3290200.0,0.23104919,1.0,295.496002
3290279.0,0.24298552,1.0,295.496002
3290357.0,0.23211581,1.0,295.839996
3290435.0,0.24242675,1.0,296.18399
3290513.0,0.23526496,1.0,294.808014
3290591.0,0.23140468,1.0,2.752
3290669.0,0.22637627,1.0,1.376
3290747.0,0.25542969,1.0,1.376
3290826.0,0.24821714,1.0,1.376
3290904.0,0.26350582,1.0,1.376
3290982.0,0.23871891,1.0,1.376
3291060.0,0.23089676,1.0,292.399994
3291138.0,0.24689656,1.0,295.152008
3291216.0,0.22790004,1.0,294.463989
3291294.0,0.24918222,1.0,294.808014
3291372.0,0.27066752,1.0,295.152008
3291450.0,0.242376,1.0,294.463989
3291528.0,0.23628081,1.0,294.808014
3291607.0,0.25476941,1.0,2.408
3291685.0,0.25588685,1.0,1.72
3291763.0,0.23236977,1.0,1.376
3291841.0,0.25192505,1.0,1.376
3291919.0,0.22790004,1.0,1.72
3291997.0,0.23176025,1.0,1.376
3292075.0,0.25390592,1.0,293.088013
3292153.0,0.26421678,1.0,294.119995
3292231.0,0.24872506,1.0,295.152008
3292310.0,0.24806477,1.0,294.463989
3292388.0,0.23770298,1.0,294.808014
3292466.0,0.25497252,1.0,294.808014
3292544.0,0.26467404,1.0,295.152008
3292622.0,0.25461698,1.0,3.096
3292700.0,0.25222969,1.0,1.72
3292778.0,0.26193121,1.0,1.72
3292856.0,0.2596963,1.0,2.064
3292935.0,0.25868037,1.0,2.408
3293013.0,0.24273148,1.0,1.72
3293091.0,0.23678866,1.0,294.119995
3293169.0,0.24146174,1.0,295.839996
3293247.0,0.26330253,1.0,295.496002
3293325.0,0.24064894,1.0,295.839996
3293403.0,0.24262989,1.0,295.839996
3293481.0,0.23841418,1.0,295.152008
3293559.0,0.23399514,1.0,211.904007
3293638.0,0.25588685,1.0,2.064
3293716.0,0.26076299,1.0,2.064
3293794.0,0.23445231,1.0,1.72
3293872.0,0.26381055,1.0,2.064
3293950.0,0.23785542,1.0,2.064
3294028.0,0.23267457,1.0,60.543999
3294106.0,0.24994411,1.0,294.808014
3294184.0,0.22774768,1.0,295.152008
3294262.0,0.25151864,1.0,295.152008
3294341.0,0.24902979,1.0,295.496002
3294419.0,0.23450308,1.0,295.152008
3294497.0,0.24374732,1.0,295.496002
3294575.0,0.25624248,1.0,6.88
3294653.0,0.26020423,1.0,1.72
3294731.0,0.26970243,1.0,2.064
3294809.0,0.24115701,1.0,1.72
3294887.0,0.26254064,1.0,1.72
3294966.0,0.24892826,1.0,2.064
3295044.0,0.22932214,1.0,284.832001
3295122.0,0.28636253,1.0,295.152008
3295200.0,0.20834476,1.0,295.152008
3295278.0,0.24359505,1.0,295.152008
3295356.0,0.2353158,1.0,295.152008
3295434.0,0.24994411,1.0,295.496002
3295512.0,0.2370427,1.0,295.496002
3295591.0,0.24958855,1.0,3.44
3295669.0,0.23902364,1.0,1.72
3295747.0,0.24080138,1.0,2.064
3295825.0,0.25593761,1.0,1.72
3295903.0,0.2596963,1.0,2.064
3295981.0,0.25537884,1.0,1.72
3296059.0,0.23714431,1.0,292.743988
3296137.0,0.24811547,1.0,294.808014
3296215.0,0.23963325,1.0,295.152008
3296293.0,0.25568372,1.0,295.152008
3296372.0,0.23922676,1.0,295.496002
3296450.0,0.24938534,1.0,295.496002
3296528.0,0.259036,1.0,295.496002
3296606.0,0.24374732,1.0,3.096
3296684.0,0.25944242,1.0,2.064
3296762.0,0.24318857,1.0,2.064
3296840.0,0.26609612,1.0,2.064
3296918.0,0.25319478,1.0,1.72
3296996.0,0.24720128,1.0,1.72
3297075.0,0.25883281,1.0,294.463989
3297153.0,0.22647779,1.0,295.152008
3297231.0,0.23978552,1.0,294.808014
3297309.0,0.25217903,1.0,295.496002
3297387.0,0.25258535,1.0,295.496002
3297465.0,0.24796318,1.0,295.496002
3297543.0,0.22729051,1.0,295.496002
3297621.0,0.23582365,1.0,3.096
3297700.0,0.25050279,1.0,1.376
3297778.0,0.24755685,1.0,1.72
3297856.0,0.25278845,1.0,2.064
3297934.0,0.24456006,1.0,2.064
3298012.0,0.24963932,1.0,1.72
3298090.0,0.26294705,1.0,294.119995
3298168.0,0.24044582,1.0,295.152008
3298246.0,0.24024269,1.0,295.496002
3298325.0,0.2573598,1.0,295.152008
3298403.0,0.25568372,1.0,295.496002
3298481.0,0.23465551,1.0,295.496002
3298559.0,0.25522649,1.0,219.128006
3298637.0,0.25751224,1.0,2.408
3298715.0,0.27996254,1.0,2.064
3298793.0,0.24095382,1.0,2.064
3298871.0,0.23379202,1.0,2.064
3298949.0,0.24923299,1.0,1.72
3299028.0,0.24943604,1.0,55.728001
3299106.0,0.25334722,1.0,294.808014
3299184.0,0.23186177,1.0,295.152008
3299262.0,0.25436309,1.0,295.496002
3299340.0,0.23932837,1.0,295.839996
3299418.0,0.24379817,1.0,295.496002
3299496.0,0.26477554,1.0,295.496002
3299574.0,0.24303629,1.0,8.944
3299652.0,0.2393792,1.0,2.064
3299731.0,0.25019807,1.0,2.064
3299809.0,0.24811547,1.0,2.064
3299887.0,0.25421065,1.0,2.064
3299965.0,0.24456006,1.0,2.408
3300043.0,0.23424904,1.0,283.455994
3300121.0,0.24044582,1.0,294.808014
3300199.0,0.23831251,1.0,295.496002
3300277.0,0.24948695,1.0,294.808014
3300355.0,0.2348078,1.0,294.808014
3300434.0,0.22556347,1.0,295.152008
3300512.0,0.2526361,1.0,295.496002
3300590.0,0.24130923,1.0,3.44
3300668.0,0.25309318,1.0,2.064
3300746.0,0.25497252,1.0,2.064
3300824.0,0.26635018,1.0,2.064
3300902.0,0.25415996,1.0,2.064
3300980.0,0.23231901,1.0,2.064
3301059.0,0.25040129,1.0,293.088013
3301137.0,0.2388712,1.0,295.152008
3301215.0,0.24339177,1.0,295.496002
3301293.0,0.23562053,1.0,295.152008
3301371.0,0.23567136,1.0,295.496002
3301449.0,0.24613459,1.0,295.496002
3301527.0,0.24293467,1.0,295.496002
3301605.0,0.24928382,1.0,3.096
3301683.0,0.28321332,1.0,2.064
3301762.0,0.26457235,1.0,2.064
3301840.0,0.23353799,1.0,2.064
3301918.0,0.25715658,1.0,2.408
3301996.0,0.24395053,1.0,2.752
3302074.0,0.28275621,1.0,294.463989
3302152.0,0.2279508,1.0,295.839996
3302230.0,0.24811547,1.0,295.839996
3302308.0,0.24349336,1.0,295.839996
3302386.0,0.24125855,1.0,295.839996
3302465.0,0.24831873,1.0,296.18399
3302543.0,0.25928989,1.0,296.18399
3302621.0,0.25548053,1.0,3.44
3302699.0,0.26259148,1.0,2.408
3302777.0,0.25898516,1.0,2.408
3302855.0,0.28133404,1.0,2.408
3302933.0,0.24776004,1.0,2.408
3303011.0,0.23551892,1.0,2.408
3303090.0,0.23922676,1.0,294.119995
3303168.0,0.23836336,1.0,295.496002
3303246.0,0.24532194,1.0,295.496002
3303324.0,0.24080138,1.0,295.496002
3303402.0,0.23790619,1.0,295.496002
3303480.0,0.25065508,1.0,295.839996
3303558.0,0.2258175,1.0,226.007996
3303636.0,0.24303629,1.0,2.752
3303715.0,0.26589301,1.0,2.408
3303793.0,0.2661978,1.0,2.064
3303871.0,0.25979781,1.0,2.064
3303949.0,0.2499948,1.0,2.064
3304027.0,0.2483695,1.0,46.096001
3304105.0,0.23744902,1.0,294.463989
3304183.0,0.23805863,1.0,295.152008
3304261.0,0.23942997,1.0,295.152008
3304339.0,0.23714431,1.0,295.839996
3304418.0,0.26045811,1.0,295.496002
3304496.0,0.24024269,1.0,295.496002
3304574.0,0.24257912,1.0,11.696
3304652.0,0.24430609,1.0,3.096
3304730.0,0.26513112,1.0,2.752
3304808.0,0.25167102,1.0,2.752
3304886.0,0.24577911,1.0,2.752
3304964.0,0.24948695,1.0,2.408
3305042.0,0.24329025,1.0,282.079987
3305120.0,0.25984865,1.0,295.839996
3305199.0,0.23998865,1.0,295.496002
3305277.0,0.24156326,1.0,295.839996
3305355.0,0.2369411,1.0,295.496002
3305433.0,0.25111231,1.0,295.839996
3305511.0,0.23526496,1.0,295.839996
3305589.0,0.26147404,1.0,3.784
3305667.0,0.25771534,1.0,2.408
3305745.0,0.25004563,1.0,2.408
3305823.0,0.2655375,1.0,2.408
3305902.0,0.259036,1.0,2.064
3305980.0,0.25532818,1.0,2.064
3306058.0,0.24466166,1.0,293.088013
3306136.0,0.24806477,1.0,295.152008
3306214.0,0.23866807,1.0,295.496002
3306292.0,0.24445845,1.0,295.496002
3306370.0,0.24735364,1.0,295.496002
3306448.0,0.25532818,1.0,295.496002
3306526.0,0.25959471,1.0,296.18399
3306605.0,0.23653485,1.0,3.096
3306683.0,0.25761375,1.0,2.064
3306761.0,0.25614083,1.0,2.408
3306839.0,0.2511631,1.0,2.064
3306917.0,0.24689656,1.0,2.064
3306995.0,0.25817251,1.0,2.408
3307073.0,0.2684834,1.0,293.776001
3307152.0,0.23445231,1.0,295.496002
3307230.0,0.24212202,1.0,295.839996
3307308.0,0.24654099,1.0,296.528015
3307386.0,0.24689656,1.0,296.528015
3307464.0,0.24867423,1.0,295.839996
3307542.0,0.24628696,1.0,296.18399
3307620.0,0.25095996,1.0,3.44
3307698.0,0.26391205,1.0,2.752
3307776.0,0.25766459,1.0,2.408
3307855.0,0.25421065,1.0,2.408
3307933.0,0.25847724,1.0,2.752
3308011.0,0.25568372,1.0,1.72
3308089.0,0.25238213,1.0,294.119995
3308167.0,0.23892204,1.0,295.496002
3308245.0,0.22353184,1.0,294.808014
3308323.0,0.23282693,1.0,295.839996
3308401.0,0.25390592,1.0,295.496002
3308479.0,0.25101072,1.0,295.839996
3308557.0,0.25436309,1.0,233.919998
3308636.0,0.24186799,1.0,2.408
3308714.0,0.25482023,1.0,2.408
3308792.0,0.25156942,1.0,2.064
3308870.0,0.24435693,1.0,2.408
3308948.0,0.25979781,1.0,1.72
3309026.0,0.25217903,1.0,33.023998
3309104.0,0.23892204,1.0,294.119995
3309182.0,0.23932837,1.0,295.152008
3309261.0,0.24918222,1.0,295.152008
3309339.0,0.25014722,1.0,295.152008
3309417.0,0.24481395,1.0,295.152008
3309495.0,0.24725197,1.0,295.152008
3309573.0,0.24400137,1.0,13.416
3309651.0,0.23445231,1.0,2.064
3309729.0,0.25807092,1.0,2.064
3309807.0,0.24740449,1.0,1.72
3309886.0,0.24943604,1.0,2.064
3309964.0,0.25710583,1.0,2.752
3310042.0,0.23861732,1.0,280.015991
3310120.0,0.21870655,1.0,295.152008
3310198.0,0.25421065,1.0,295.152008
3310276.0,0.24735364,1.0,295.496002
3310354.0,0.24389976,1.0,295.839996
3310432.0,0.25995034,1.0,295.496002
3310510.0,0.24522042,1.0,295.496002
3310589.0,0.25029966,1.0,3.44
3310667.0,0.27630556,1.0,2.064
3310745.0,0.26650253,1.0,2.064
3310823.0,0.26228675,1.0,2.064
3310901.0,0.22693495,1.0,2.064
3310979.0,0.25182346,1.0,2.408
3311057.0,0.26071215,1.0,293.432007
3311135.0,0.26629934,1.0,295.496002
3311213.0,0.23018563,1.0,295.496002
3311291.0,0.23435079,1.0,295.496002
3311370.0,0.25695348,1.0,295.496002
3311448.0,0.26167718,1.0,295.496002
3311526.0,0.25812176,1.0,295.152008
3311604.0,0.24857269,1.0,3.096
3311682.0,0.24811547,1.0,2.064
3311760.0,0.25162032,1.0,1.72
3311838.0,0.25964552,1.0,1.72
3311917.0,0.24461082,1.0,1.72
3311995.0,0.27371508,1.0,2.408
3312073.0,0.25817251,1.0,293.088013
3312151.0,0.23018563,1.0,294.808014
3312229.0,0.2388712,1.0,295.839996
3312307.0,0.25939158,1.0,295.496002
3312385.0,0.24003948,1.0,295.839996
3312463.0,0.24400137,1.0,295.839996
3312541.0,0.26030591,1.0,296.528015
3312620.0,0.26624855,1.0,3.096
3312698.0,0.2568011,1.0,2.752
3312776.0,0.25928989,1.0,2.064
3312854.0,0.25857884,1.0,3.096
3312932.0,0.24059825,1.0,2.064
3313010.0,0.26340422,1.0,2.064
3313088.0,0.23856647,1.0,293.776001
3313166.0,0.2278492,1.0,295.496002
3313244.0,0.23562053,1.0,295.496002
3313322.0,0.27087075,1.0,295.496002
3313401.0,0.22424288,1.0,295.496002
3313479.0,0.24034421,1.0,295.839996
3313557.0,0.23404591,1.0,238.048004
3313635.0,0.24989328,1.0,2.752
3313713.0,0.26304865,1.0,2.064
3313791.0,0.24405205,1.0,2.408
3313869.0,0.2388712,1.0,2.408
3313947.0,0.27742293,1.0,2.752
3314026.0,0.24948695,1.0,22.016001
3314104.0,0.25761375,1.0,295.152008
3314182.0,0.22642711,1.0,295.152008
3314260.0,0.23821092,1.0,295.496002
3314338.0,0.24781074,1.0,295.496002
3314416.0,0.23734742,1.0,296.18399
3314494.0,0.27371508,1.0,296.18399
3314572.0,0.25949308,1.0,17.200001
3314651.0,0.25202659,1.0,2.064
3314729.0,0.24892826,1.0,2.408
3314807.0,0.25537884,1.0,2.064
3314885.0,0.24400137,1.0,2.064
3314963.0,0.25923914,1.0,2.064
3315041.0,0.25212818,1.0,276.920013
3315119.0,0.24039505,1.0,295.839996
3315197.0,0.21530342,1.0,295.152008
3315275.0,0.23892204,1.0,296.18399
3315354.0,0.26502958,1.0,295.496002
3315432.0,0.246033,1.0,295.839996
3315510.0,0.25573441,1.0,295.839996
3315588.0,0.25019807,1.0,3.784
3315666.0,0.25776613,1.0,2.064
3315744.0,0.2526361,1.0,2.752
3315822.0,0.22922061,1.0,2.064
3315900.0,0.25710583,1.0,2.064
3315978.0,0.24288385,1.0,2.064
3316057.0,0.25243291,1.0,293.776001
3316135.0,0.23633164,1.0,295.496002
3316213.0,0.24715045,1.0,295.839996
3316291.0,0.25507414,1.0,295.496002
3316369.0,0.25725821,1.0,295.496002
3316447.0,0.24679488,1.0,295.152008
3316525.0,0.25009647,1.0,295.839996
3316603.0,0.274223,1.0,3.44
3316681.0,0.25476941,1.0,1.72
3316760.0,0.27437538,1.0,2.752
3316838.0,0.24770921,1.0,2.408
3316916.0,0.24679488,1.0,1.72
3316994.0,0.2395824,1.0,2.408
3317072.0,0.23282693,1.0,294.463989
3317150.0,0.24816629,1.0,295.839996
3317228.0,0.25537884,1.0,295.496002
3317306.0,0.26904216,1.0,295.839996
3317385.0,0.25791848,1.0,295.496002
3317463.0,0.25883281,1.0,296.18399
3317541.0,0.24654099,1.0,295.496002
3317619.0,0.28036895,1.0,3.096
3317697.0,0.26797554,1.0,2.064
3317775.0,0.25314403,1.0,1.376
3317853.0,0.25299168,1.0,2.064
3317931.0,0.26147404,1.0,2.408
3318009.0,0.26025507,1.0,1.72
3318088.0,0.25415996,1.0,294.119995
3318166.0,0.22602069,1.0,295.496002
3318244.0,0.25192505,1.0,295.496002
3318322.0,0.26665488,1.0,295.496002
3318400.0,0.2568011,1.0,295.152008
3318478.0,0.25807092,1.0,295.496002
3318556.0,0.24902979,1.0,238.391998
3318634.0,0.25405821,1.0,2.752
3318712.0,0.28097847,1.0,2.064
3318791.0,0.24577911,1.0,2.064
3318869.0,0.24862346,1.0,2.064
3318947.0,0.23262373,1.0,2.064
3319025.0,0.25182346,1.0,16.511999
3319103.0,0.23755063,1.0,294.119995
3319181.0,0.20895422,1.0,295.152008
3319259.0,0.23968393,1.0,295.152008
3319337.0,0.25141704,1.0,295.496002
3319415.0,0.25822335,1.0,295.496002
3319494.0,0.2661978,1.0,295.496002
3319572.0,0.24715045,1.0,18.232
3319650.0,0.24186799,1.0,2.064
3319728.0,0.24953778,1.0,2.064
3319806.0,0.26614705,1.0,2.064
3319884.0,0.26812792,1.0,2.064
3319962.0,0.25553128,1.0,2.064
3320040.0,0.26010269,1.0,273.824005
3320118.0,0.23485863,1.0,295.152008
3320197.0,0.23882043,1.0,295.496002
3320275.0,0.25131544,1.0,295.496002
3320353.0,0.25939158,1.0,295.496002
3320431.0,0.25045204,1.0,294.808014
3320509.0,0.22779837,1.0,295.496002
3320587.0,0.23663637,1.0,3.44
3320665.0,0.24969007,1.0,2.064
3320744.0,0.25375348,1.0,2.064
3320822.0,0.25217903,1.0,2.064
3320900.0,0.26050895,1.0,1.72
3320978.0,0.26000103,1.0,2.064
3321056.0,0.25309318,1.0,292.743988
3321134.0,0.24958855,1.0,295.152008
3321212.0,0.23988706,1.0,295.496002
3321290.0,0.24928382,1.0,295.152008
3321368.0,0.22886506,1.0,295.152008
3321447.0,0.24090298,1.0,295.496002
3321525.0,0.24730289,1.0,295.496002
3321603.0,0.27940395,1.0,3.096
3321681.0,0.2463378,1.0,2.064
3321759.0,0.24847102,1.0,1.72
3321837.0,0.26670572,1.0,2.064
3321915.0,0.26381055,1.0,2.064
3321993.0,0.2274428,1.0,1.72
3322071.0,0.25360119,1.0,293.432007
3322150.0,0.23876961,1.0,295.152008
3322228.0,0.24278232,1.0,295.152008
3322306.0,0.25121385,1.0,295.496002
3322384.0,0.25537884,1.0,295.496002
3322462.0,0.23389354,1.0,295.839996
3322540.0,0.24892826,1.0,295.839996
3322618.0,0.24786158,1.0,3.096
3322696.0,0.26188037,1.0,2.064
3322774.0,0.25456619,1.0,2.064
3322853.0,0.26584223,1.0,2.064
3322931.0,0.24461082,1.0,2.064
3323009.0,0.2315062,1.0,1.72
3323087.0,0.2668581,1.0,293.776001
3323165.0,0.22942382,1.0,295.152008
3323243.0,0.27341035,1.0,295.152008
3323321.0,0.24227439,1.0,295.496002
3323399.0,0.24608384,1.0,295.496002
3323478.0,0.24181731,1.0,295.496002
3323556.0,0.25253442,1.0,249.056
3323634.0,0.27437538,1.0,2.752
3323712.0,0.27097234,1.0,2.064
3323790.0,0.25482023,1.0,2.064
3323868.0,0.246033,1.0,2.064
3323946.0,0.27244526,1.0,2.064
3324024.0,0.25080761,1.0,13.416
3324102.0,0.26426771,1.0,294.119995
3324181.0,0.2298809,1.0,295.152008
3324259.0,0.25329641,1.0,295.152008
3324337.0,0.24532194,1.0,295.496002
3324415.0,0.22759531,1.0,295.152008
3324493.0,0.24963932,1.0,296.18399
3324571.0,0.25192505,1.0,20.639999
3324649.0,0.26167718,1.0,2.064
3324727.0,0.27107394,1.0,1.72
3324805.0,0.24598223,1.0,1.72
3324884.0,0.26442,1.0,2.064
3324962.0,0.25349966,1.0,1.72
3325040.0,0.24456006,1.0,271.415985
3325118.0,0.23638241,1.0,295.496002
3325196.0,0.23633164,1.0,294.463989
3325274.0,0.24689656,1.0,295.496002
3325352.0,0.27762613,1.0,295.152008
3325430.0,0.25126469,1.0,295.152008
3325508.0,0.25629318,1.0,295.496002
3325587.0,0.24857269,1.0,2.752
3325665.0,0.2566995,1.0,1.376
3325743.0,0.21946843,1.0,1.72
3325821.0,0.25446469,1.0,1.72
3325899.0,0.25675026,1.0,1.72
3325977.0,0.25385508,1.0,1.72
3326055.0,0.26274392,1.0,292.399994
3326134.0,0.24435693,1.0,294.808014
3326212.0,0.23404591,1.0,294.808014
3326290.0,0.26797554,1.0,295.152008
3326368.0,0.2573598,1.0,295.152008
3326446.0,0.26045811,1.0,295.496002
3326524.0,0.24288385,1.0,295.496002
3326602.0,0.24857269,1.0,2.408
3326680.0,0.24623626,1.0,2.064
3326758.0,0.26335338,1.0,2.064
3326836.0,0.25400752,1.0,2.064
3326915.0,0.25233132,1.0,2.064
3326993.0,0.24811547,1.0,1.72
3327071.0,0.27285159,1.0,293.776001
3327149.0,0.23201421,1.0,295.152008
3327227.0,0.25187415,1.0,295.152008
3327305.0,0.24496639,1.0,296.18399
3327383.0,0.25324562,1.0,296.18399
3327461.0,0.24755685,1.0,295.496002
3327539.0,0.26365817,1.0,295.839996
3327618.0,0.26000103,1.0,3.096
3327696.0,0.25055355,1.0,2.408
3327774.0,0.26238829,1.0,2.408
3327852.0,0.25421065,1.0,2.408
3327930.0,0.23668714,1.0,2.408
3328008.0,0.23724583,1.0,2.064
3328086.0,0.27158177,1.0,294.119995
3328165.0,0.2499948,1.0,296.18399
3328243.0,0.26614705,1.0,295.152008
3328321.0,0.25720751,1.0,295.839996
3328399.0,0.24217272,1.0,296.18399
3328477.0,0.26477554,1.0,295.839996
3328555.0,0.2388712,1.0,253.871994
3328633.0,0.24532194,1.0,3.44
3328711.0,0.26716283,1.0,1.376
3328789.0,0.25832489,1.0,1.72
3328868.0,0.26238829,1.0,1.72
3328946.0,0.25939158,1.0,2.408
3329024.0,0.24755685,1.0,9.632
3329102.0,0.24872506,1.0,294.808014
3329180.0,0.21022409,1.0,295.152008
3329258.0,0.22668099,1.0,295.496002
3329336.0,0.24491562,1.0,295.496002
3329414.0,0.273258,1.0,295.496002
3329492.0,0.26071215,1.0,295.839996
3329571.0,0.25492176,1.0,22.704
3329649.0,0.26381055,1.0,2.064
3329727.0,0.26203272,1.0,1.376
3329805.0,0.24450922,1.0,1.72
3329883.0,0.25979781,1.0,2.064
3329961.0,0.26137245,1.0,2.064
3330039.0,0.25167102,1.0,268.664001
3330117.0,0.23922676,1.0,294.808014
3330195.0,0.26147404,1.0,295.152008
3330274.0,0.25273764,1.0,294.808014
3330352.0,0.24948695,1.0,294.808014
3330430.0,0.26106772,1.0,295.152008
3330508.0,0.25253442,1.0,295.152008
3330586.0,0.25979781,1.0,2.752
3330664.0,0.26609612,1.0,2.064
3330742.0,0.28067374,1.0,2.064
3330820.0,0.25380439,1.0,2.064
3330898.0,0.25040129,1.0,1.72
3330976.0,0.24146174,1.0,2.752
3331055.0,0.27396905,1.0,293.088013
3331133.0,0.24811547,1.0,295.152008
3331211.0,0.23638241,1.0,295.496002
3331289.0,0.25974715,1.0,295.839996
3331367.0,0.25162032,1.0,296.528015
3331445.0,0.23170948,1.0,295.496002
3331523.0,0.24069978,1.0,295.496002
3331601.0,0.25222969,1.0,3.44
3331679.0,0.26792464,1.0,2.408
3331758.0,0.25802007,1.0,2.752
3331836.0,0.25365195,1.0,3.096
3331914.0,0.25222969,1.0,2.752
3331992.0,0.25131544,1.0,2.064
3332070.0,0.23465551,1.0,294.119995
3332148.0,0.25294089,1.0,295.496002
3332226.0,0.24562667,1.0,295.839996
3332304.0,0.26116922,1.0,295.839996
3332383.0,0.25817251,1.0,295.496002
3332461.0,0.24963932,1.0,295.839996
3332539.0,0.24953778,1.0,295.839996
3332617.0,0.23562053,1.0,3.784
3332695.0,0.29220366,1.0,2.064
3332773.0,0.26442,1.0,2.064
3332851.0,0.26223591,1.0,1.72
3332929.0,0.26614705,1.0,2.408
3333008.0,0.27427384,1.0,1.72
3333086.0,0.24842034,1.0,293.776001
3333164.0,0.23643318,1.0,294.808014
3333242.0,0.24456006,1.0,295.152008
3333320.0,0.25497252,1.0,295.839996
3333398.0,0.2709215,1.0,295.152008
3333476.0,0.26401374,1.0,295.152008
3333554.0,0.26487708,1.0,260.063995
3333632.0,0.26462319,1.0,2.408
3333711.0,0.23308082,1.0,2.064
3333789.0,0.2725977,1.0,2.064
3333867.0,0.2416648,1.0,1.72
3333945.0,0.24151243,1.0,2.064
3334023.0,0.25756308,1.0,7.912
3334101.0,0.23303014,1.0,294.119995
3334179.0,0.22536033,1.0,295.152008
3334257.0,0.27437538,1.0,295.496002
3334335.0,0.26472479,1.0,294.463989
3334414.0,0.23409675,1.0,295.496002
3334492.0,0.26665488,1.0,295.496002
3334570.0,0.25756308,1.0,27.864
3334648.0,0.24085215,1.0,2.064
3334726.0,0.25837564,1.0,1.72
3334804.0,0.26228675,1.0,2.064
3334882.0,0.25156942,1.0,1.72
3334960.0,0.25532818,1.0,2.064
3335038.0,0.24486485,1.0,264.191986
3335117.0,0.24882659,1.0,294.119995
3335195.0,0.24537264,1.0,295.152008
3335273.0,0.24745516,1.0,294.463989
3335351.0,0.25558206,1.0,294.808014
3335429.0,0.25583601,1.0,294.808014
3335507.0,0.2731564,1.0,295.496002
3335585.0,0.26157564,1.0,3.096
3335663.0,0.25512496,1.0,1.72
3335741.0,0.23612837,1.0,1.376
3335820.0,0.26122007,1.0,1.72
3335898.0,0.25984865,1.0,1.376
3335976.0,0.25009647,1.0,1.72
3336054.0,0.25639471,1.0,292.056
3336132.0,0.26822951,1.0,296.18399
3336210.0,0.25908685,1.0,296.18399
3336288.0,0.26167718,1.0,295.839996
3336367.0,0.2456775,1.0,295.496002
3336445.0,0.25111231,1.0,295.152008
3336523.0,0.25182346,1.0,295.152008
3336601.0,0.26071215,1.0,3.784
3336679.0,0.26502958,1.0,2.064
3336757.0,0.2772198,1.0,1.72
3336835.0,0.26670572,1.0,1.376
3336913.0,0.24730289,1.0,1.376
3336991.0,0.25573441,1.0,1.376
3337070.0,0.25080761,1.0,292.743988
3337148.0,0.265385,1.0,294.808014
3337226.0,0.25964552,1.0,294.808014
3337304.0,0.24542347,1.0,294.808014
3337382.0,0.25014722,1.0,295.152008
3337460.0,0.23465551,1.0,295.152008
3337538.0,0.25542969,1.0,295.152008
3337616.0,0.25268686,1.0,2.752
3337694.0,0.24435693,1.0,1.376
3337773.0,0.25923914,1.0,1.72
3337851.0,0.25212818,1.0,1.72
3337929.0,0.24252827,1.0,1.72
3338007.0,0.26436931,1.0,1.72
3338085.0,0.25355035,1.0,293.776001
3338163.0,0.23607761,1.0,295.152008
3338241.0,0.24130923,1.0,294.463989
3338319.0,0.26320094,1.0,294.463989
3338398.0,0.24969007,1.0,295.496002
3338476.0,0.25527725,1.0,295.839996
3338554.0,0.2393792,1.0,264.880005
3338632.0,0.26731518,1.0,2.752
3338710.0,0.25385508,1.0,2.408
3338788.0,0.24273148,1.0,2.752
3338866.0,0.26076299,1.0,3.096
3338944.0,0.25791848,1.0,3.096
3339022.0,0.242376,1.0,4.816
3339101.0,0.24334109,1.0,293.432007
3339179.0,0.2345539,1.0,295.839996
3339257.0,0.25339791,1.0,295.152008
3339335.0,0.25807092,1.0,295.839996
3339413.0,0.24628696,1.0,296.18399
3339491.0,0.23587449,1.0,296.18399
3339569.0,0.24430609,1.0,34.056
3339647.0,0.25603923,1.0,1.376
3339725.0,0.26457235,1.0,1.376
3339804.0,0.26370895,1.0,1.376
3339882.0,0.25334722,1.0,2.064
3339960.0,0.25421065,1.0,1.376
3340038.0,0.24598223,1.0,258.343994
3340116.0,0.26772159,1.0,294.808014
3340194.0,0.22119534,1.0,294.808014
3340272.0,0.2684834,1.0,294.808014
3340350.0,0.25172186,1.0,295.152008
3340428.0,0.23257297,1.0,294.808014
3340507.0,0.26193121,1.0,294.808014
3340585.0,0.2241922,1.0,3.096
3340663.0,0.25720751,1.0,1.72
3340741.0,0.2488775,1.0,1.72
3340819.0,0.26340422,1.0,1.376
3340897.0,0.25349966,1.0,1.032
3340975.0,0.25334722,1.0,1.376
3341053.0,0.26269302,1.0,293.432007
3341131.0,0.23744902,1.0,295.152008
3341210.0,0.24542347,1.0,294.808014
3341288.0,0.25253442,1.0,295.152008
3341366.0,0.25512496,1.0,294.463989
3341444.0,0.2661978,1.0,295.496002
3341522.0,0.26142326,1.0,295.496002
3341600.0,0.26721364,1.0,3.784
3341678.0,0.26152489,1.0,3.096
3341756.0,0.26040742,1.0,2.064
3341835.0,0.24080138,1.0,2.064
3341913.0,0.23516336,1.0,1.376
3341991.0,0.26635018,1.0,1.72
3342069.0,0.26076299,1.0,292.743988
3342147.0,0.24039505,1.0,295.152008
3342225.0,0.23450308,1.0,295.152008
3342303.0,0.2482679,1.0,295.152008
3342381.0,0.2483695,1.0,294.808014
3342460.0,0.27600083,1.0,295.152008
3342538.0,0.2519758,1.0,295.152008
3342616.0,0.26665488,1.0,2.752
3342694.0,0.26833111,1.0,1.72
3342772.0,0.25995034,1.0,1.72
3342850.0,0.25156942,1.0,1.72
3342928.0,0.25542969,1.0,1.72
3343006.0,0.26726434,1.0,1.72
3343084.0,0.27676263,1.0,293.432007
3343162.0,0.24080138,1.0,294.808014
3343241.0,0.24445845,1.0,295.152008
3343319.0,0.25436309,1.0,295.152008
3343397.0,0.26091534,1.0,295.152008
3343475.0,0.26040742,1.0,295.152008
3343553.0,0.25136629,1.0,271.76001
3343631.0,0.26584223,1.0,2.752
3343709.0,0.2684834,1.0,2.752
3343787.0,0.24425533,1.0,2.064
3343865.0,0.23628081,1.0,2.408
3343944.0,0.26695961,1.0,2.408
3344022.0,0.26487708,1.0,3.096
3344100.0,0.24994411,1.0,294.119995
3344178.0,0.22449693,1.0,295.496002
3344256.0,0.25492176,1.0,295.496002
3344334.0,0.25756308,1.0,295.839996
3344412.0,0.24339177,1.0,295.839996
3344490.0,0.25497252,1.0,295.496002
3344568.0,0.25852808,1.0,38.183998
3344647.0,0.26162648,1.0,2.064
3344725.0,0.26472479,1.0,2.064
3344803.0,0.26447082,1.0,2.408
3344881.0,0.25228062,1.0,2.064
3344959.0,0.26045811,1.0,2.064
3345037.0,0.26015338,1.0,249.399994
3345115.0,0.25233132,1.0,294.808014
3345194.0,0.22835712,1.0,294.808014
3345272.0,0.2467442,1.0,294.808014
3345350.0,0.26325178,1.0,295.152008
3345428.0,0.2725468,1.0,295.152008
3345506.0,0.27051517,1.0,295.152008
3345584.0,0.26279467,1.0,3.096
3345662.0,0.24613459,1.0,1.72
3345740.0,0.27366433,1.0,2.064
3345818.0,0.27594993,1.0,1.72
3345897.0,0.26960093,1.0,2.064
3345975.0,0.24019177,1.0,2.064
3346053.0,0.26299781,1.0,292.399994
3346131.0,0.26406449,1.0,295.152008
3346209.0,0.25639471,1.0,295.496002
3346287.0,0.26863584,1.0,295.152008
3346365.0,0.25471857,1.0,295.496002
3346443.0,0.26741678,1.0,295.152008
3346521.0,0.24709968,1.0,295.496002
3346600.0,0.25537884,1.0,3.44
3346678.0,0.25883281,1.0,2.064
3346756.0,0.26101688,1.0,1.72
3346834.0,0.26172799,1.0,2.064
3346912.0,0.25055355,1.0,2.064
3346990.0,0.29865435,1.0,2.064
3347068.0,0.26746762,1.0,293.776001
3347146.0,0.24720128,1.0,295.152008
3347224.0,0.24776004,1.0,295.152008
3347303.0,0.24516958,1.0,295.152008
3347381.0,0.25431225,1.0,295.152008
3347459.0,0.25004563,1.0,295.496002
3347537.0,0.26025507,1.0,295.496002
3347615.0,0.24186799,1.0,2.752
3347693.0,0.28636253,1.0,2.064
3347771.0,0.25695348,1.0,1.72
3347849.0,0.24811547,1.0,1.72
3347928.0,0.27087075,1.0,2.064
3348006.0,0.26731518,1.0,1.72
3348084.0,0.25934073,1.0,293.776001
3348162.0,0.2459314,1.0,295.152008
3348240.0,0.25253442,1.0,295.152008
3348318.0,0.26142326,1.0,295.152008
3348396.0,0.25873128,1.0,295.152008
3348474.0,0.24202035,1.0,295.152008
3348552.0,0.27523887,1.0,275.200012
3348631.0,0.26193121,1.0,3.096
3348709.0,0.25578526,1.0,2.064
3348787.0,0.26426771,1.0,2.064
3348865.0,0.25751224,1.0,2.064
3348943.0,0.25949308,1.0,1.72
3349021.0,0.26497877,1.0,1.376
3349099.0,0.24456006,1.0,293.776001
3349177.0,0.21159551,1.0,295.152008
3349255.0,0.26655337,1.0,295.152008
3349334.0,0.24908063,1.0,295.839996
3349412.0,0.23059203,1.0,295.496002
3349490.0,0.27071831,1.0,295.839996
3349568.0,0.26482639,1.0,42.655998
3349646.0,0.26980397,1.0,2.064
3349724.0,0.2725977,1.0,1.72
3349802.0,0.24969007,1.0,2.064
3349880.0,0.24308704,1.0,2.064
3349958.0,0.25217903,1.0,2.064
3350037.0,0.25339791,1.0,234.608002
3350115.0,0.24115701,1.0,294.808014
3350193.0,0.22957619,1.0,294.808014
3350271.0,0.24963932,1.0,295.152008
3350349.0,0.23882043,1.0,294.463989
3350427.0,0.26279467,1.0,295.496002
3350505.0,0.25629318,1.0,295.496002
3350583.0,0.25162032,1.0,3.096
3350661.0,0.24217272,1.0,2.064
3350740.0,0.27808321,1.0,2.064
3350818.0,0.26370895,1.0,2.064
3350896.0,0.26386124,1.0,2.064
3350974.0,0.26330253,1.0,2.064
3351052.0,0.2630994,1.0,292.399994
3351130.0,0.2348078,1.0,295.152008
3351208.0,0.24781074,1.0,295.152008
3351286.0,0.26111847,1.0,295.496002
3351365.0,0.25492176,1.0,295.496002
3351443.0,0.25065508,1.0,295.152008
3351521.0,0.25162032,1.0,295.496002
3351599.0,0.24582987,1.0,2.752
3351677.0,0.25878212,1.0,2.064
3351755.0,0.28580377,1.0,2.064
3351833.0,0.26391205,1.0,1.72
3351911.0,0.25649631,1.0,1.72
3351990.0,0.26609612,1.0,2.064
3352068.0,0.26071215,1.0,293.776001
3352146.0,0.25487101,1.0,295.152008
3352224.0,0.27625471,1.0,295.152008
3352302.0,0.24842034,1.0,295.496002
3352380.0,0.26223591,1.0,295.839996
3352458.0,0.25908685,1.0,295.496002
3352536.0,0.24288385,1.0,295.496002
3352614.0,0.26360732,1.0,3.096
3352693.0,0.26264223,1.0,1.72
3352771.0,0.28610849,1.0,1.72
3352849.0,0.26599461,1.0,1.376
3352927.0,0.26106772,1.0,2.064
3353005.0,0.25334722,1.0,1.72
3353083.0,0.26868668,1.0,293.088013
3353161.0,0.24024269,1.0,295.152008
3353239.0,0.26208356,1.0,295.152008
3353317.0,0.2482679,1.0,294.808014
3353395.0,0.25329641,1.0,295.152008
3353474.0,0.27594993,1.0,296.18399
3353552.0,0.24303629,1.0,278.984009
3353630.0,0.2684834,1.0,4.128
3353708.0,0.27686423,1.0,2.752
3353786.0,0.26264223,1.0,2.752
3353864.0,0.27061677,1.0,2.752
3353942.0,0.25253442,1.0,2.408
3354020.0,0.25862962,1.0,1.032
3354099.0,0.24146174,1.0,293.776001
3354177.0,0.23861732,1.0,295.496002
3354255.0,0.25019807,1.0,295.839996
3354333.0,0.25685188,1.0,295.496002
3354411.0,0.26218516,1.0,295.839996
3354489.0,0.25664875,1.0,295.152008
3354567.0,0.26411527,1.0,46.784
3354645.0,0.25344875,1.0,2.064
3354723.0,0.26462319,1.0,2.408
3354802.0,0.27005801,1.0,1.376
3354880.0,0.25040129,1.0,2.408
3354958.0,0.2668581,1.0,2.408
3355036.0,0.25944242,1.0,226.007996
3355114.0,0.24979168,1.0,294.119995
3355192.0,0.22591902,1.0,294.808014
3355270.0,0.26416609,1.0,295.496002
3355349.0,0.25862962,1.0,295.496002
3355427.0,0.25055355,1.0,295.496002
3355505.0,0.28722602,1.0,294.808014
3355583.0,0.259036,1.0,3.44
3355661.0,0.25380439,1.0,1.72
3355739.0,0.28473717,1.0,2.064
3355817.0,0.2667565,1.0,1.72
3355895.0,0.26513112,1.0,2.064
3355973.0,0.25781697,1.0,1.72
3356052.0,0.25888366,1.0,293.776001
3356130.0,0.26152489,1.0,295.839996
3356208.0,0.24847102,1.0,296.18399
3356286.0,0.2731564,1.0,295.839996
3356364.0,0.25868037,1.0,296.528015
3356442.0,0.26472479,1.0,296.18399
3356520.0,0.26162648,1.0,296.528015
3356598.0,0.25106156,1.0,3.096
3356676.0,0.26899138,1.0,3.096
3356755.0,0.27056593,1.0,2.408
3356833.0,0.26401374,1.0,2.752
3356911.0,0.26147404,1.0,2.408
3356989.0,0.25278845,1.0,2.752
3357067.0,0.24562667,1.0,293.776001
3357145.0,0.25431225,1.0,295.152008
3357223.0,0.24979168,1.0,294.808014
3357301.0,0.23871891,1.0,295.152008
3357379.0,0.25878212,1.0,295.496002
3357457.0,0.24552515,1.0,295.496002
3357536.0,0.26101688,1.0,296.528015
3357614.0,0.28676879,1.0,3.784
3357692.0,0.24796318,1.0,2.064
3357770.0,0.26172799,1.0,2.064
3357848.0,0.26411527,1.0,1.72
3357926.0,0.27264839,1.0,2.408
3358004.0,0.27112463,1.0,2.064
3358083.0,0.26888978,1.0,294.119995
3358161.0,0.24435693,1.0,295.839996
3358239.0,0.27153102,1.0,295.152008
3358317.0,0.27275008,1.0,295.496002
3358395.0,0.25289005,1.0,295.839996
3358473.0,0.25756308,1.0,295.496002
3358551.0,0.27589914,1.0,277.608002
3358629.0,0.26777235,1.0,3.44
3358707.0,0.29027349,1.0,2.064
3358786.0,0.26980397,1.0,3.096
3358864.0,0.28108007,1.0,3.44
3358942.0,0.26477554,1.0,2.408
3359020.0,0.23963325,1.0,1.376
3359098.0,0.2819944,1.0,295.496002
3359176.0,0.22124617,1.0,296.18399
3359254.0,0.24872506,1.0,296.18399
3359332.0,0.25923914,1.0,295.839996
3359410.0,0.25563291,1.0,295.839996
3359489.0,0.24354413,1.0,295.839996
3359567.0,0.27366433,1.0,51.256001
3359645.0,0.25370273,1.0,2.408
3359723.0,0.28803876,1.0,2.408
3359801.0,0.27803254,1.0,1.72
3359879.0,0.27224207,1.0,2.408
3359957.0,0.24577911,1.0,2.064
3360035.0,0.26055971,1.0,221.192001
3360113.0,0.24984251,1.0,295.152008
3360192.0,0.22099213,1.0,295.496002
3360270.0,0.27234367,1.0,295.839996
3360348.0,0.25888366,1.0,295.839996
3360426.0,0.25578526,1.0,295.839996
3360504.0,0.24384893,1.0,295.839996
3360582.0,0.23267457,1.0,3.784
3360660.0,0.25156942,1.0,2.408
3360738.0,0.27295327,1.0,2.064
3360816.0,0.25822335,1.0,2.064
3360895.0,0.25883281,1.0,2.064
3360973.0,0.26081368,1.0,2.064
3361051.0,0.27625471,1.0,292.743988
3361129.0,0.25771534,1.0,295.152008
3361207.0,0.24740449,1.0,295.496002
3361285.0,0.26929611,1.0,295.496002
3361363.0,0.24953778,1.0,295.496002
3361442.0,0.25248373,1.0,296.18399
3361520.0,0.25852808,1.0,296.528015
3361598.0,0.25786778,1.0,4.472
3361676.0,0.24501722,1.0,3.096
3361754.0,0.26883894,1.0,2.752
3361832.0,0.26472479,1.0,3.096
3361910.0,0.25151864,1.0,2.752
3361988.0,0.27417234,1.0,2.752
3362066.0,0.26436931,1.0,294.119995
3362145.0,0.25456619,1.0,295.839996
3362223.0,0.2621344,1.0,295.839996
3362301.0,0.26411527,1.0,296.18399
3362379.0,0.27666113,1.0,295.839996
3362457.0,0.26030591,1.0,296.18399
3362535.0,0.26045811,1.0,295.839996
3362613.0,0.25578526,1.0,3.784
3362691.0,0.2756452,1.0,2.408
3362769.0,0.24349336,1.0,2.408
3362847.0,0.27503574,1.0,2.408
3362926.0,0.26888978,1.0,2.408
3363004.0,0.26853424,1.0,2.064
3363082.0,0.25888366,1.0,294.119995
3363160.0,0.25238213,1.0,295.496002
3363238.0,0.24781074,1.0,295.839996
3363316.0,0.24456006,1.0,295.496002
3363394.0,0.26111847,1.0,295.839996
3363472.0,0.26919451,1.0,295.839996
3363550.0,0.26944855,1.0,282.768005
3363629.0,0.24522042,1.0,3.096
3363707.0,0.26883894,1.0,2.064
3363785.0,0.26523271,1.0,2.408
3363863.0,0.25487101,1.0,2.064
3363941.0,0.24496639,1.0,2.064
3364019.0,0.26142326,1.0,0.0
3364097.0,0.2395824,1.0,293.776001
3364175.0,0.23130316,1.0,295.152008
3364254.0,0.24872506,1.0,295.496002
3364332.0,0.26817867,1.0,295.839996
3364410.0,0.2724961,1.0,295.496002
3364488.0,0.26899138,1.0,295.496002
3364566.0,0.24801393,1.0,54.695999
3364644.0,0.25974715,1.0,2.408
3364722.0,0.26355651,1.0,2.064
3364800.0,0.26259148,1.0,1.72
3364879.0,0.268585,1.0,1.72
3364957.0,0.27437538,1.0,2.064
3365035.0,0.26629934,1.0,215.343994
3365113.0,0.23374118,1.0,295.496002
3365191.0,0.22962686,1.0,295.496002
3365269.0,0.2637597,1.0,295.496002
3365347.0,0.25512496,1.0,295.496002
3365425.0,0.25558206,1.0,295.496002
3365503.0,0.24303629,1.0,295.839996
3365582.0,0.25390592,1.0,3.44
3365660.0,0.25314403,1.0,2.064
3365738.0,0.29367661,1.0,1.72
3365816.0,0.2756961,1.0,2.408
3365894.0,0.2441029,1.0,2.064
3365972.0,0.26411527,1.0,2.064
3366050.0,0.24506791,1.0,292.399994
3366128.0,0.2566995,1.0,295.152008
3366206.0,0.23648393,1.0,295.496002
3366284.0,0.25771534,1.0,294.808014
3366363.0,0.25441384,1.0,295.496002
3366441.0,0.25923914,1.0,295.152008
3366519.0,0.26579142,1.0,295.496002
3366597.0,0.24501722,1.0,3.096
3366675.0,0.25923914,1.0,1.72
3366753.0,0.25421065,1.0,2.064
3366831.0,0.26589301,1.0,2.064
3366909.0,0.25659791,1.0,1.72
3366987.0,0.23948073,1.0,1.376
3367066.0,0.26218516,1.0,293.776001
3367144.0,0.26061061,1.0,295.152008
3367222.0,0.25593761,1.0,295.152008
3367300.0,0.24649017,1.0,294.808014
3367378.0,0.26695961,1.0,295.152008
3367456.0,0.2724961,1.0,295.152008
3367534.0,0.25446469,1.0,295.496002
3367612.0,0.23978552,1.0,3.096
3367691.0,0.26482639,1.0,2.064
3367769.0,0.26198187,1.0,1.72
3367847.0,0.24715045,1.0,2.064
3367925.0,0.27351195,1.0,1.72
3368003.0,0.25548053,1.0,1.72
3368081.0,0.25451544,1.0,293.776001
3368159.0,0.25537884,1.0,295.152008
3368237.0,0.2701596,1.0,294.808014
3368316.0,0.26055971,1.0,295.152008
3368394.0,0.2519758,1.0,295.152008
3368472.0,0.25492176,1.0,295.496002
3368550.0,0.2725977,1.0,284.832001
3368628.0,0.25827405,1.0,3.096
3368706.0,0.26822951,1.0,1.72
3368784.0,0.2803182,1.0,2.064
3368862.0,0.26690894,1.0,2.064
3368940.0,0.25959471,1.0,2.064
3369019.0,0.25548053,1.0,0.0
3369097.0,0.26558828,1.0,294.119995
3369175.0,0.24598223,1.0,295.152008
3369253.0,0.25832489,1.0,295.496002
3369331.0,0.2702612,1.0,295.496002
3369409.0,0.23013495,1.0,295.839996
3369487.0,0.24389976,1.0,295.496002
3369565.0,0.25019807,1.0,58.48
3369643.0,0.24694724,1.0,2.064
3369722.0,0.26924536,1.0,2.064
3369800.0,0.26203272,1.0,2.064
3369878.0,0.26624855,1.0,2.064
3369956.0,0.24308704,1.0,2.064
3370034.0,0.2412077,1.0,210.184006
3370112.0,0.25278845,1.0,295.152008
3370190.0,0.2395824,1.0,295.496002
3370268.0,0.28026736,1.0,295.496002
3370346.0,0.25705507,1.0,295.152008
3370425.0,0.24344261,1.0,295.496002
3370503.0,0.24440762,1.0,295.496002
3370581.0,0.2436458,1.0,3.44
3370659.0,0.25050279,1.0,2.064
3370737.0,0.29093388,1.0,1.72
3370815.0,0.25857884,1.0,2.064
3370893.0,0.26706129,1.0,2.064
3370971.0,0.26645178,1.0,2.064
3371049.0,0.24136007,1.0,292.743988
3371128.0,0.26106772,1.0,294.808014
3371206.0,0.26188037,1.0,295.152008
3371284.0,0.24638863,1.0,295.152008
3371362.0,0.26828027,1.0,295.152008
3371440.0,0.26030591,1.0,295.152008
3371518.0,0.25690278,1.0,295.152008
3371596.0,0.26833111,1.0,3.096
3371675.0,0.26665488,1.0,2.064
3371753.0,0.25573441,1.0,2.064
3371831.0,0.24496639,1.0,2.064
3371909.0,0.25380439,1.0,2.064
3371987.0,0.27046433,1.0,2.064
3372065.0,0.25482023,1.0,292.743988
3372143.0,0.26142326,1.0,294.808014
3372221.0,0.25517574,1.0,295.152008
3372299.0,0.25289005,1.0,295.152008
3372378.0,0.25756308,1.0,295.152008
3372456.0,0.25070599,1.0,295.496002
3372534.0,0.26629934,1.0,295.152008
3372612.0,0.26665488,1.0,2.408
3372690.0,0.25690278,1.0,2.064
3372768.0,0.27305481,1.0,2.064
3372846.0,0.28712443,1.0,2.064
3372924.0,0.27132788,1.0,1.72
3373002.0,0.25151864,1.0,2.064
3373081.0,0.27300397,1.0,293.776001
3373159.0,0.2455759,1.0,294.808014
3373237.0,0.22947457,1.0,295.152008
3373315.0,0.26152489,1.0,295.496002
3373393.0,0.25111231,1.0,295.152008
3373471.0,0.26294705,1.0,295.496002
3373549.0,0.23038891,1.0,287.584015
3373627.0,0.24318857,1.0,3.44
3373705.0,0.2772198,1.0,2.064
3373784.0,0.24765845,1.0,2.408
3373862.0,0.26055971,1.0,1.72
3373940.0,0.24618544,1.0,2.752
3374018.0,0.23942997,1.0,0.344
3374096.0,0.25126469,1.0,294.463989
3374174.0,0.2352142,1.0,295.839996
3374252.0,0.26106772,1.0,296.18399
3374330.0,0.23744902,1.0,295.839996
3374408.0,0.25532818,1.0,295.839996
3374487.0,0.23440146,1.0,295.839996
3374565.0,0.23882043,1.0,59.512001
3374643.0,0.24288385,1.0,2.064
3374721.0,0.25588685,1.0,3.096
3374799.0,0.24979168,1.0,2.408
3374877.0,0.26198187,1.0,2.408
3374955.0,0.2416648,1.0,2.408
3375034.0,0.2526361,1.0,212.936005
3375112.0,0.24095382,1.0,295.496002
3375190.0,0.24334109,1.0,295.839996
3375268.0,0.2526361,1.0,295.152008
3375346.0,0.26568988,1.0,294.808014
3375424.0,0.2309476,1.0,295.839996
3375502.0,0.25934073,1.0,295.839996
3375580.0,0.24821714,1.0,3.784
3375658.0,0.23536655,1.0,2.064
3375737.0,0.23303014,1.0,2.064
3375815.0,0.22256675,1.0,2.408
3375893.0,0.24440762,1.0,2.064
3375971.0,0.25273764,1.0,2.408
3376049.0,0.24704891,1.0,293.088013
3376127.0,0.24613459,1.0,295.152008
3376205.0,0.23003334,1.0,295.496002
3376283.0,0.25446469,1.0,295.152008
3376361.0,0.22612223,1.0,295.839996
3376439.0,0.24212202,1.0,295.496002
3376518.0,0.24415366,1.0,295.839996
3376596.0,0.24806477,1.0,3.44
3376674.0,0.23165871,1.0,2.064
3376752.0,0.25319478,1.0,2.064
3376830.0,0.23394431,1.0,2.064
3376908.0,0.24735364,1.0,2.064
3376986.0,0.24003948,1.0,2.064
3377064.0,0.21763977,1.0,293.776001
3377142.0,0.2459314,1.0,295.152008
3377221.0,0.22922061,1.0,295.496002
3377299.0,0.24232516,1.0,295.496002
3377377.0,0.23541732,1.0,295.496002
3377455.0,0.19833861,1.0,295.496002
3377533.0,0.21113828,1.0,295.496002
3377611.0,0.23790619,1.0,3.096
3377689.0,0.25304243,1.0,2.408
3377767.0,0.24085215,1.0,2.064
3377846.0,0.23257297,1.0,2.408
3377924.0,0.23836336,1.0,2.064
3378002.0,0.23084591,1.0,2.064
3378080.0,0.20641458,1.0,293.776001
3378158.0,0.22891589,1.0,294.808014
3378236.0,0.22322711,1.0,295.496002
3378314.0,0.21337324,1.0,295.496002
3378392.0,0.22241439,1.0,295.496002
3378471.0,0.22703655,1.0,295.152008
3378549.0,0.24552515,1.0,289.64801
3378627.0,0.22363344,1.0,2.752
3378705.0,0.23140468,1.0,2.064
3378783.0,0.22683336,1.0,1.72
3378861.0,0.2194176,1.0,2.064
3378939.0,0.22343023,1.0,2.064
3379017.0,0.23165871,1.0,0.688
3379095.0,0.23160788,1.0,293.776001
3379174.0,0.20534804,1.0,295.152008
3379252.0,0.21174787,1.0,294.808014
3379330.0,0.21362722,1.0,295.152008
3379408.0,0.23978552,1.0,295.496002
3379486.0,0.22226195,1.0,295.496002
3379564.0,0.22139853,1.0,61.576
3379642.0,0.22983015,1.0,2.752
3379720.0,0.22449693,1.0,2.408
3379798.0,0.21885884,1.0,2.064
3379876.0,0.23135392,1.0,2.064
3379955.0,0.22236355,1.0,2.408
3380033.0,0.2321665,1.0,207.776001
3380111.0,0.21459231,1.0,295.152008
3380189.0,0.19844021,1.0,295.152008
3380267.0,0.22043344,1.0,295.839996
3380345.0,0.22144938,1.0,295.496002
3380423.0,0.2143891,1.0,295.496002
3380501.0,0.20585589,1.0,295.496002
3380580.0,0.20844643,1.0,3.784
3380658.0,0.22180493,1.0,2.064
3380736.0,0.21606532,1.0,2.064
3380814.0,0.23328403,1.0,2.064
3380892.0,0.20605917,1.0,1.72
3380970.0,0.23932837,1.0,1.72
3381048.0,0.23236977,1.0,293.088013
3381126.0,0.19437681,1.0,295.152008
3381204.0,0.19757672,1.0,295.496002
3381283.0,0.21174787,1.0,295.496002
3381361.0,0.19564654,1.0,295.496002
3381439.0,0.22083977,1.0,295.496002
3381517.0,0.22292231,1.0,295.496002
3381595.0,0.22317627,1.0,3.44
3381673.0,0.22012872,1.0,2.064
3381751.0,0.21576044,1.0,2.408
3381829.0,0.23099835,1.0,2.064
3381907.0,0.2167256,1.0,2.064
3381986.0,0.1919387,1.0,2.064
3382064.0,0.23226817,1.0,293.776001
3382142.0,0.20011643,1.0,295.496002
3382220.0,0.20037024,1.0,295.152008
3382298.0,0.22429372,1.0,295.152008
3382376.0,0.20346864,1.0,295.496002
3382454.0,0.23120148,1.0,295.496002
3382532.0,0.20646542,1.0,295.839996
3382611.0,0.23099835,1.0,3.096
3382689.0,0.23968393,1.0,2.064
3382767.0,0.21286532,1.0,2.064
3382845.0,0.21311928,1.0,2.064
3382923.0,0.21667476,1.0,2.064
3383001.0,0.21799542,1.0,2.064
3383079.0,0.19762748,1.0,294.119995
3383157.0,0.20341787,1.0,295.496002
3383235.0,0.21784306,1.0,295.152008
3383314.0,0.20204645,1.0,295.152008
3383392.0,0.21779221,1.0,295.839996
3383470.0,0.21809694,1.0,295.152008
3383548.0,0.20875116,1.0,292.743988
3383626.0,0.21286532,1.0,3.096
3383704.0,0.22698571,1.0,1.72
3383782.0,0.19432597,1.0,1.376
3383860.0,0.2278492,1.0,1.376
3383938.0,0.21896043,1.0,2.408
3384017.0,0.21550655,1.0,1.032
3384095.0,0.23059203,1.0,293.776001
3384173.0,0.19249746,1.0,295.496002
3384251.0,0.2237858,1.0,294.808014
3384329.0,0.21306853,1.0,295.152008
3384407.0,0.2206874,1.0,295.496002
3384485.0,0.22150005,1.0,295.152008
3384563.0,0.21596372,1.0,67.424004
3384641.0,0.23409675,1.0,2.064
3384720.0,0.23236977,1.0,1.72
3384798.0,0.22815393,1.0,1.72
3384876.0,0.21494786,1.0,1.72
3384954.0,0.22764601,1.0,1.376
3385032.0,0.22749364,1.0,201.240005
3385110.0,0.20936069,1.0,295.152008
3385188.0,0.19280219,1.0,294.808014
3385266.0,0.21565892,1.0,295.496002
3385345.0,0.21240816,1.0,295.496002
3385423.0,0.20037024,1.0,295.152008
3385501.0,0.21504946,1.0,295.496002
3385579.0,0.20804003,1.0,3.096
3385657.0,0.21499863,1.0,2.064
3385735.0,0.23861732,1.0,1.72
3385813.0,0.21621768,1.0,2.064
3385891.0,0.21936683,1.0,2.064
3385969.0,0.2352142,1.0,2.064
3386048.0,0.21769069,1.0,293.088013
3386126.0,0.22932214,1.0,295.152008
3386204.0,0.20285918,1.0,295.496002
3386282.0,0.23709354,1.0,295.496002
3386360.0,0.22114465,1.0,295.496002
3386438.0,0.21921447,1.0,295.496002
3386516.0,0.23282693,1.0,295.839996
3386594.0,0.20169088,1.0,3.096
3386672.0,0.22678252,1.0,2.064
3386751.0,0.22729051,1.0,2.064
3386829.0,0.20605917,1.0,2.064
3386907.0,0.223481,1.0,2.752
3386985.0,0.23282693,1.0,2.408
3387063.0,0.24125855,1.0,293.432007
3387141.0,0.18457371,1.0,295.496002
3387219.0,0.20783684,1.0,295.839996
3387298.0,0.21840174,1.0,295.496002
3387376.0,0.21286532,1.0,296.18399
3387454.0,0.21413514,1.0,295.496002
3387532.0,0.22734128,1.0,295.839996
3387610.0,0.21769069,1.0,3.784
3387688.0,0.22861117,1.0,2.752
3387766.0,0.22876345,1.0,2.064
3387844.0,0.21113828,1.0,2.064
3387922.0,0.21586218,1.0,2.064
3388001.0,0.21951912,1.0,3.096
3388079.0,0.21504946,1.0,294.463989
3388157.0,0.21154475,1.0,295.152008
3388235.0,0.21362722,1.0,295.496002
3388313.0,0.22007789,1.0,295.152008
3388391.0,0.21987475,1.0,295.496002
3388469.0,0.22637627,1.0,295.839996
3388547.0,0.2203826,1.0,295.496002
3388625.0,0.25055355,1.0,2.408
3388703.0,0.23033807,1.0,2.408
3388782.0,0.22139853,1.0,2.064
3388860.0,0.21083355,1.0,2.064
3388938.0,0.22932214,1.0,2.064
3389016.0,0.22236355,1.0,0.688
3389094.0,0.2167256,1.0,294.119995
3389172.0,0.18482774,1.0,295.496002
3389250.0,0.22221118,1.0,295.496002
3389328.0,0.22652863,1.0,295.496002
3389406.0,0.23841418,1.0,295.496002
3389485.0,0.22546194,1.0,295.496002
3389563.0,0.21235733,1.0,77.744003
3389641.0,0.21103674,1.0,2.064
3389719.0,0.2278492,1.0,2.064
3389797.0,0.2037226,1.0,2.752
3389875.0,0.22083977,1.0,2.752
3389953.0,0.19554502,1.0,2.752
3390031.0,0.21840174,1.0,196.080002
3390110.0,0.22083977,1.0,295.839996
3390188.0,0.20280834,1.0,295.839996
3390266.0,0.23907448,1.0,296.18399
3390344.0,0.21443987,1.0,295.839996
3390422.0,0.21388125,1.0,295.839996
3390500.0,0.21017326,1.0,295.839996
3390578.0,0.20519561,1.0,3.44
3390656.0,0.23465551,1.0,2.064
3390735.0,0.23303014,1.0,2.408
3390813.0,0.22205882,1.0,2.752
3390891.0,0.22536033,1.0,2.064
3390969.0,0.22678252,1.0,2.752
3391047.0,0.23404591,1.0,292.056
3391125.0,0.19844021,1.0,294.119995
3391203.0,0.22398899,1.0,294.119995
3391281.0,0.22530958,1.0,294.463989
3391359.0,0.25741065,1.0,294.808014
3391438.0,0.22556347,1.0,295.152008
3391516.0,0.22434449,1.0,294.808014
3391594.0,0.21743666,1.0,2.064
3391672.0,0.22845866,1.0,1.376
3391750.0,0.21926531,1.0,1.72
3391828.0,0.2306428,1.0,2.064
3391906.0,0.22114465,1.0,0.688
3391984.0,0.20773523,1.0,1.376
3392062.0,0.23475704,1.0,293.088013
3392141.0,0.22170326,1.0,294.119995
3392219.0,0.21261136,1.0,294.119995
3392297.0,0.20864949,1.0,294.463989
3392375.0,0.22602069,1.0,293.776001
3392453.0,0.23318242,1.0,294.808014
3392531.0,0.21957003,1.0,296.18399
3392609.0,0.2073289,1.0,3.44
3392687.0,0.20986854,1.0,2.752
3392766.0,0.23313174,1.0,2.064
3392844.0,0.24024269,1.0,2.408
3392922.0,0.23861732,1.0,3.096
3393000.0,0.23170948,1.0,3.096
3393078.0,0.21901126,1.0,294.463989
3393156.0,0.20133547,1.0,296.18399
3393234.0,0.23277609,1.0,296.18399
3393312.0,0.22139853,1.0,296.18399
3393390.0,0.21616691,1.0,296.18399
3393469.0,0.20240201,1.0,296.18399
3393547.0,0.23196344,1.0,298.59201
3393625.0,0.22957619,1.0,3.784
3393703.0,0.25192505,1.0,2.408
3393781.0,0.23130316,1.0,2.408
3393859.0,0.19772908,1.0,1.376
3393937.0,0.22414128,1.0,1.72
3394015.0,0.25004563,1.0,0.344
3394093.0,0.22409053,1.0,293.432007
3394172.0,0.22017948,1.0,294.808014
3394250.0,0.23023647,1.0,295.152008
3394328.0,0.23170948,1.0,295.152008
3394406.0,0.23562053,1.0,295.152008
3394484.0,0.23445231,1.0,295.152008
3394562.0,0.22622375,1.0,84.279999
3394640.0,0.23582365,1.0,1.72
3394718.0,0.24847102,1.0,2.064
3394796.0,0.20748127,1.0,1.72
3394875.0,0.23363958,1.0,1.72
3394953.0,0.25035036,1.0,1.72
3395031.0,0.23734742,1.0,186.104004
3395109.0,0.21134162,1.0,294.463989
3395187.0,0.21433833,1.0,294.808014
3395265.0,0.22845866,1.0,295.496002
3395343.0,0.22663023,1.0,295.496002
3395421.0,0.21840174,1.0,295.496002
3395499.0,0.22805241,1.0,295.496002
3395578.0,0.22231285,1.0,4.128
3395656.0,0.23490933,1.0,3.096
3395734.0,0.24877575,1.0,2.752
3395812.0,0.25949308,1.0,2.752
3395890.0,0.22561429,1.0,2.752
3395968.0,0.22617306,1.0,2.408
3396046.0,0.22657931,1.0,293.776001
3396125.0,0.22099213,1.0,295.839996
3396203.0,0.2163192,1.0,295.839996
3396281.0,0.24095382,1.0,295.839996
3396359.0,0.24395053,1.0,296.18399
3396437.0,0.23186177,1.0,295.839996
3396515.0,0.20285918,1.0,294.808014
3396593.0,0.22800156,1.0,2.064
3396671.0,0.24908063,1.0,2.064
3396749.0,0.24456006,1.0,2.064
3396827.0,0.24090298,1.0,1.72
3396906.0,0.22205882,1.0,2.064
3396984.0,0.2388712,1.0,2.064
3397062.0,0.22591902,1.0,293.088013
3397140.0,0.21697949,1.0,294.808014
3397218.0,0.22373496,1.0,294.463989
3397296.0,0.22729051,1.0,294.808014
3397374.0,0.22602069,1.0,294.808014
3397452.0,0.22708739,1.0,295.152008
3397530.0,0.24577911,1.0,295.152008
3397609.0,0.24400137,1.0,3.096
3397687.0,0.23541732,1.0,2.064
3397765.0,0.23536655,1.0,1.72
3397843.0,0.25329641,1.0,1.72
3397921.0,0.22363344,1.0,2.064
3397999.0,0.23292845,1.0,2.064
3398077.0,0.24928382,1.0,293.776001
3398156.0,0.21982393,1.0,295.496002
3398234.0,0.20651618,1.0,295.152008
3398312.0,0.22510645,1.0,295.152008
3398390.0,0.24151243,1.0,295.496002
3398468.0,0.223481,1.0,295.496002
3398546.0,0.21184948,1.0,298.59201
3398624.0,0.21256059,1.0,3.096
3398702.0,0.2388712,1.0,1.72
3398780.0,0.22424288,1.0,1.72
3398858.0,0.18863711,1.0,2.064
3398937.0,0.23607761,1.0,1.72
3399015.0,0.21637005,1.0,0.688
3399093.0,0.22576673,1.0,293.432007
3399171.0,0.20158929,1.0,295.152008
3399249.0,0.22510645,1.0,295.496002
3399327.0,0.22678252,1.0,295.496002
3399405.0,0.24735364,1.0,295.496002
3399483.0,0.21184948,1.0,295.496002
3399561.0,0.22007789,1.0,93.912003
3399640.0,0.22937298,1.0,1.72
3399718.0,0.24440762,1.0,1.72
3399796.0,0.2215509,1.0,2.064
3399874.0,0.23602685,1.0,1.72
3399952.0,0.24029353,1.0,1.72
3400030.0,0.23303014,1.0,168.904007
3400108.0,0.22551277,1.0,294.808014
3400186.0,0.21418598,1.0,295.152008
3400265.0,0.22993174,1.0,295.839996
3400343.0,0.22729051,1.0,294.808014
3400421.0,0.23109996,1.0,295.152008
3400499.0,0.2322174,1.0,295.496002
3400577.0,0.23018563,1.0,3.44
3400655.0,0.21118911,1.0,2.064
3400733.0,0.23348722,1.0,2.064
3400811.0,0.22251591,1.0,2.064
3400890.0,0.22403969,1.0,2.064
3400968.0,0.2146939,1.0,2.064
3401046.0,0.2346046,1.0,293.088013
3401124.0,0.23429987,1.0,295.152008
3401202.0,0.20270674,1.0,295.496002
3401280.0,0.23816015,1.0,295.496002
3401358.0,0.22170326,1.0,295.496002
3401436.0,0.22023033,1.0,295.496002
3401514.0,0.21677637,1.0,295.496002
3401593.0,0.23059203,1.0,3.096
3401671.0,0.20986854,1.0,1.72
3401749.0,0.22546194,1.0,2.064
3401827.0,0.24928382,1.0,2.064
3401905.0,0.2274428,1.0,2.064
3401983.0,0.21840174,1.0,2.064
3402061.0,0.2210938,1.0,293.776001
3402139.0,0.22835712,1.0,295.152008
3402217.0,0.20890352,1.0,295.496002
3402295.0,0.22464928,1.0,295.496002
3402374.0,0.22236355,1.0,295.496002
3402452.0,0.2369411,1.0,295.496002
3402530.0,0.21474467,1.0,295.496002
3402608.0,0.24268079,1.0,3.096
3402686.0,0.2410045,1.0,2.064
3402764.0,0.22541118,1.0,1.72
3402842.0,0.23404591,1.0,2.064
3402921.0,0.22668099,1.0,2.064
3402999.0,0.24064894,1.0,2.064
3403077.0,0.24039505,1.0,294.119995
3403155.0,0.20783684,1.0,295.152008
3403233.0,0.21972232,1.0,295.496002
3403311.0,0.22723976,1.0,295.496002
3403389.0,0.2175891,1.0,295.496002
3403467.0,0.21642072,1.0,295.496002
3403545.0,0.2395824,1.0,296.872009
3403624.0,0.22663023,1.0,3.096
3403702.0,0.25151864,1.0,2.408
3403780.0,0.24024269,1.0,2.064
3403858.0,0.21809694,1.0,2.408
3403936.0,0.23572212,1.0,2.064
3404014.0,0.22723976,1.0,0.688
3404092.0,0.24232516,1.0,293.776001
3404170.0,0.21179864,1.0,295.152008
3404248.0,0.23592524,1.0,295.496002
3404326.0,0.21078286,1.0,295.496002
3404405.0,0.23506176,1.0,295.152008
3404483.0,0.20524637,1.0,295.152008
3404561.0,0.21012257,1.0,101.136002
3404639.0,0.22480164,1.0,1.72
3404717.0,0.22911902,1.0,1.72
3404795.0,0.22962686,1.0,1.72
3404873.0,0.22856033,1.0,2.408
3404951.0,0.21779221,1.0,2.752
3405029.0,0.23008411,1.0,157.895996
3405108.0,0.21256059,1.0,295.839996
3405186.0,0.21845251,1.0,296.18399
3405264.0,0.23277609,1.0,295.839996
3405342.0,0.22150005,1.0,295.839996
3405420.0,0.24466166,1.0,296.528015
3405498.0,0.21718277,1.0,295.839996
3405576.0,0.21738596,1.0,3.44
3405654.0,0.24257912,1.0,2.408
3405733.0,0.24496639,1.0,2.408
3405811.0,0.23303014,1.0,2.064
3405889.0,0.22195722,1.0,2.408
3405967.0,0.21865571,1.0,2.408
3406045.0,0.22927146,1.0,293.088013
3406123.0,0.23135392,1.0,295.496002
3406201.0,0.21784306,1.0,295.496002
3406279.0,0.23018563,1.0,295.839996
3406358.0,0.2282556,1.0,295.839996
3406436.0,0.20981769,1.0,295.839996
3406514.0,0.23145552,1.0,296.18399
3406592.0,0.24801393,1.0,3.44
3406670.0,0.23155712,1.0,2.408
3406748.0,0.23602685,1.0,2.064
3406826.0,0.23612837,1.0,2.408
3406904.0,0.23282693,1.0,2.064
3406982.0,0.21687797,1.0,2.408
3407061.0,0.23145552,1.0,293.776001
3407139.0,0.22723976,1.0,295.496002
3407217.0,0.21835098,1.0,295.496002
3407295.0,0.21357638,1.0,295.496002
3407373.0,0.22698571,1.0,296.18399
3407451.0,0.23734742,1.0,295.839996
3407529.0,0.22124617,1.0,295.496002
3407607.0,0.20519561,1.0,4.816
3407685.0,0.22942382,1.0,3.096
3407764.0,0.25090912,1.0,2.408
3407842.0,0.2238874,1.0,2.408
3407920.0,0.21713193,1.0,2.408
3407998.0,0.23109996,1.0,3.096
3408076.0,0.22414128,1.0,294.808014
3408154.0,0.21901126,1.0,295.496002
3408232.0,0.21753825,1.0,295.839996
3408310.0,0.24110611,1.0,295.496002
3408389.0,0.23043966,1.0,295.839996
3408467.0,0.21718277,1.0,295.152008
3408545.0,0.22637627,1.0,297.559998
3408623.0,0.21068126,1.0,3.784
3408701.0,0.26579142,1.0,2.064
3408779.0,0.22246522,1.0,2.408
3408857.0,0.22739212,1.0,2.064
3408935.0,0.23582365,1.0,1.72
3409013.0,0.22779837,1.0,0.688
3409092.0,0.21957003,1.0,293.776001
3409170.0,0.20037024,1.0,295.152008
3409248.0,0.22911902,1.0,295.152008
3409326.0,0.22139853,1.0,294.808014
3409404.0,0.22490318,1.0,295.839996
3409482.0,0.24242675,1.0,295.496002
3409560.0,0.22063665,1.0,112.143997
3409638.0,0.22043344,1.0,2.064
3409716.0,0.23109996,1.0,2.064
3409795.0,0.23729666,1.0,1.72
3409873.0,0.24349336,1.0,1.72
3409951.0,0.22962686,1.0,1.72
3410029.0,0.2322174,1.0,151.016006
3410107.0,0.23435079,1.0,295.152008
3410185.0,0.22739212,1.0,295.152008
3410263.0,0.21809694,1.0,295.496002
3410341.0,0.23165871,1.0,296.18399
3410419.0,0.23318242,1.0,296.18399
3410498.0,0.23125239,1.0,296.528015
3410576.0,0.24141082,1.0,2.752
3410654.0,0.22886506,1.0,2.752
3410732.0,0.22515722,1.0,2.408
3410810.0,0.24720128,1.0,2.752
3410888.0,0.22983015,1.0,2.752
3410966.0,0.22246522,1.0,2.752
3411044.0,0.25446469,1.0,293.776001
3411123.0,0.23617922,1.0,296.18399
3411201.0,0.20473851,1.0,296.18399
3411279.0,0.22266842,1.0,296.18399
3411357.0,0.2210938,1.0,296.18399
3411435.0,0.23526496,1.0,295.839996
3411513.0,0.24196959,1.0,296.18399
3411591.0,0.23272526,1.0,3.784
3411669.0,0.23948073,1.0,2.408
3411747.0,0.24014102,1.0,2.408
3411826.0,0.21967156,1.0,2.408
3411904.0,0.23013495,1.0,2.408
3411982.0,0.23490933,1.0,2.752
3412060.0,0.23912516,1.0,294.463989
3412138.0,0.22464928,1.0,295.496002
3412216.0,0.22942382,1.0,295.839996
3412294.0,0.24389976,1.0,295.839996
3412372.0,0.22490318,1.0,295.839996
3412450.0,0.2341475,1.0,295.839996
3412529.0,0.21677637,1.0,296.18399
3412607.0,0.2574614,1.0,3.44
3412685.0,0.23897287,1.0,2.408
3412763.0,0.24054742,1.0,2.064
3412841.0,0.25649631,1.0,2.064
3412919.0,0.22515722,1.0,2.752
3412997.0,0.22500478,1.0,2.752
3413075.0,0.22134769,1.0,294.808014
3413154.0,0.24288385,1.0,296.18399
3413232.0,0.23770298,1.0,296.18399
3413310.0,0.21489702,1.0,296.18399
3413388.0,0.21850334,1.0,296.18399
3413466.0,0.20138617,1.0,296.18399
3413544.0,0.21124002,1.0,297.559998
3413622.0,0.23226817,1.0,3.784
3413700.0,0.24496639,1.0,2.408
3413778.0,0.24278232,1.0,2.408
3413856.0,0.19727185,1.0,2.408
3413935.0,0.24974091,1.0,2.408
3414013.0,0.22718892,1.0,1.032
3414091.0,0.242376,1.0,294.463989
3414169.0,0.22439525,1.0,295.839996
3414247.0,0.22241439,1.0,295.496002
3414325.0,0.23191269,1.0,295.839996
3414403.0,0.24329025,1.0,295.839996
3414481.0,0.22536033,1.0,295.839996
3414560.0,0.23496023,1.0,122.807999
3414638.0,0.24618544,1.0,2.408
3414716.0,0.23983629,1.0,2.064
3414794.0,0.24222356,1.0,2.408
3414872.0,0.24064894,1.0,2.408
3414950.0,0.24034421,1.0,2.064
3415028.0,0.23262373,1.0,143.792007
3415106.0,0.24511875,1.0,295.496002
3415185.0,0.20971617,1.0,295.496002
3415263.0,0.21433833,1.0,295.496002
3415341.0,0.22099213,1.0,295.496002
3415419.0,0.22698571,1.0,295.839996
3415497.0,0.23130316,1.0,295.496002
3415575.0,0.22683336,1.0,3.784
3415653.0,0.19813541,1.0,2.064
3415731.0,0.24440762,1.0,2.408
3415809.0,0.24669336,1.0,1.72
3415888.0,0.24654099,1.0,2.752
3415966.0,0.22896658,1.0,2.064
3416044.0,0.25466782,1.0,293.432007
3416122.0,0.23506176,1.0,295.496002
3416200.0,0.22718892,1.0,295.839996
3416278.0,0.2348078,1.0,296.528015
3416356.0,0.23810931,1.0,295.839996
3416434.0,0.2174875,1.0,295.839996
3416512.0,0.242376,1.0,295.839996
3416591.0,0.25172186,1.0,3.784
3416669.0,0.22871269,1.0,2.064
3416747.0,0.26091534,1.0,2.752
3416825.0,0.22505553,1.0,2.408
3416903.0,0.23206496,1.0,2.752
3416981.0,0.24994411,1.0,3.096
3417059.0,0.22663023,1.0,294.119995
3417137.0,0.24369664,1.0,296.528015
3417215.0,0.22023033,1.0,295.496002
3417294.0,0.22602069,1.0,295.839996
3417372.0,0.22769684,1.0,295.839996
3417450.0,0.23841418,1.0,295.839996
3417528.0,0.23069362,1.0,295.839996
3417606.0,0.22541118,1.0,3.096
3417684.0,0.2463378,1.0,2.064
3417762.0,0.23780459,1.0,2.064
3417840.0,0.26147404,1.0,2.064
3417918.0,0.23135392,1.0,1.376
3417997.0,0.23592524,1.0,2.064
3418075.0,0.24867423,1.0,293.776001
3418153.0,0.22449693,1.0,295.496002
3418231.0,0.21433833,1.0,295.496002
3418309.0,0.2341475,1.0,295.496002
3418387.0,0.23734742,1.0,295.152008
3418465.0,0.23633164,1.0,295.839996
3418543.0,0.23506176,1.0,297.559998
3418622.0,0.22718892,1.0,2.408
3418700.0,0.25248373,1.0,2.064
3418778.0,0.25024885,1.0,2.064
3418856.0,0.22576673,1.0,2.064
3418934.0,0.24349336,1.0,2.064
3419012.0,0.24095382,1.0,1.376
3419090.0,0.21377958,1.0,294.119995
3419168.0,0.21489702,1.0,295.152008
3419247.0,0.21819854,1.0,295.496002
3419325.0,0.25085837,1.0,295.496002
3419403.0,0.24217272,1.0,295.496002
3419481.0,0.24308704,1.0,295.839996
3419559.0,0.22459845,1.0,131.063995
3419637.0,0.2483695,1.0,2.064
3419715.0,0.23577289,1.0,2.064
3419793.0,0.23744902,1.0,2.064
3419871.0,0.23744902,1.0,2.064
3419950.0,0.23013495,1.0,2.064
3420028.0,0.24313788,1.0,137.944
3420106.0,0.22688411,1.0,295.152008
3420184.0,0.22216035,1.0,295.152008
3420262.0,0.21149383,1.0,295.496002
3420340.0,0.20494165,1.0,294.808014
3420418.0,0.23328403,1.0,295.496002
3420496.0,0.2416141,1.0,294.808014
3420574.0,0.23744902,1.0,2.752
3420652.0,0.2370427,1.0,2.064
3420731.0,0.25939158,1.0,1.72
3420809.0,0.24948695,1.0,1.376
3420887.0,0.22276995,1.0,2.064
3420965.0,0.23384279,1.0,2.064
3421043.0,0.22475082,1.0,292.743988
3421121.0,0.2309476,1.0,295.152008
3421199.0,0.2174875,1.0,295.496002
3421277.0,0.22490318,1.0,295.496002
3421356.0,0.22251591,1.0,295.496002
3421434.0,0.24425533,1.0,295.152008
3421512.0,0.22139853,1.0,295.839996
3421590.0,0.24689656,1.0,3.096
3421668.0,0.22840796,1.0,1.72
3421746.0,0.25593761,1.0,2.064
3421824.0,0.2315062,1.0,2.064
3421902.0,0.24481395,1.0,2.064
3421981.0,0.2328777,1.0,2.064
3422059.0,0.23683958,1.0,293.776001
3422137.0,0.24842034,1.0,295.152008
3422215.0,0.21342409,1.0,295.152008
3422293.0,0.23831251,1.0,295.496002
3422371.0,0.23145552,1.0,295.152008
3422449.0,0.23282693,1.0,295.496002
3422527.0,0.22195722,1.0,296.18399
3422605.0,0.25466782,1.0,3.096
3422684.0,0.2596963,1.0,1.72
3422762.0,0.22861117,1.0,2.064
3422840.0,0.23160788,1.0,1.72
3422918.0,0.25222969,1.0,2.064
3422996.0,0.22871269,1.0,2.408
3423074.0,0.2432394,1.0,293.776001
3423152.0,0.22434449,1.0,295.496002
3423230.0,0.21703033,1.0,295.839996
3423308.0,0.25035036,1.0,295.496002
3423387.0,0.2235826,1.0,295.152008
3423465.0,0.21916363,1.0,295.496002
3423543.0,0.23689033,1.0,297.559998
3423621.0,0.23587449,1.0,3.096
3423699.0,0.23582365,1.0,1.72
3423777.0,0.23242053,1.0,2.064
3423855.0,0.25258535,1.0,2.064
3423933.0,0.24064894,1.0,1.72
3424012.0,0.24572819,1.0,1.032
3424090.0,0.23201421,1.0,294.119995
3424168.0,0.20758295,1.0,295.152008
3424246.0,0.23369043,1.0,295.839996
3424324.0,0.23998865,1.0,295.496002
3424402.0,0.23242053,1.0,295.152008
3424480.0,0.22556347,1.0,295.496002
3424558.0,0.23511259,1.0,136.912003
3424636.0,0.22505553,1.0,2.064
3424715.0,0.24080138,1.0,2.064
3424793.0,0.23744902,1.0,2.064
3424871.0,0.23582365,1.0,2.064
3424949.0,0.23780459,1.0,1.376
3425027.0,0.21499863,1.0,133.128006
3425105.0,0.22663023,1.0,295.496002
3425183.0,0.22012872,1.0,295.152008
3425261.0,0.21921447,1.0,295.839996
3425339.0,0.23049051,1.0,295.496002
3425418.0,0.23653485,1.0,295.839996
3425496.0,0.23572212,1.0,295.496002
3425574.0,0.23059203,1.0,2.064
3425652.0,0.25512496,1.0,1.72
3425730.0,0.24257912,1.0,1.376
3425808.0,0.23343647,1.0,1.72
3425886.0,0.23973477,1.0,1.72
3425964.0,0.24110611,1.0,1.376
3426042.0,0.24582987,1.0,292.056
3426121.0,0.22698571,1.0,295.152008
3426199.0,0.22551277,1.0,295.496002
3426277.0,0.22439525,1.0,295.152008
3426355.0,0.22840796,1.0,295.496002
3426433.0,0.24293467,1.0,295.496002
3426511.0,0.24227439,1.0,294.808014
3426589.0,0.22790004,1.0,3.096
3426668.0,0.22500478,1.0,1.72
3426746.0,0.25106156,1.0,1.032
3426824.0,0.2459314,1.0,2.064
3426902.0,0.24095382,1.0,1.72
3426980.0,0.23181108,1.0,1.72
3427058.0,0.2441029,1.0,293.432007
3427136.0,0.22261758,1.0,295.152008
3427214.0,0.22835712,1.0,295.496002
3427292.0,0.23831251,1.0,295.496002
3427370.0,0.24400137,1.0,295.496002
3427449.0,0.22774768,1.0,295.152008
3427527.0,0.22922061,1.0,295.496002
3427605.0,0.22094136,1.0,3.096
3427683.0,0.23826174,1.0,2.064
3427761.0,0.22429372,1.0,2.064
3427839.0,0.22668099,1.0,2.064
3427917.0,0.24456006,1.0,2.064
3427995.0,0.24913131,1.0,2.408
3428073.0,0.22541118,1.0,293.776001
3428152.0,0.21570976,1.0,295.152008
3428230.0,0.22287147,1.0,296.18399
3428308.0,0.21250984,1.0,295.839996
3428386.0,0.24638863,1.0,295.839996
3428464.0,0.23226817,1.0,295.839996
3428542.0,0.25344875,1.0,297.903992
3428620.0,0.24532194,1.0,3.096
3428698.0,0.25177261,1.0,2.064
3428776.0,0.23831251,1.0,2.064
3428855.0,0.26670572,1.0,2.408
3428933.0,0.22292231,1.0,2.408
3429011.0,0.2275444,1.0,1.032
3429089.0,0.23582365,1.0,294.119995
3429167.0,0.22850956,1.0,296.18399
3429245.0,0.23231901,1.0,295.496002
3429323.0,0.23689033,1.0,295.496002
3429401.0,0.23511259,1.0,296.18399
3429480.0,0.25847724,1.0,295.496002
3429558.0,0.24598223,1.0,149.296005
3429636.0,0.23780459,1.0,2.064
3429714.0,0.25217903,1.0,1.376
3429792.0,0.2441029,1.0,2.408
3429870.0,0.23866807,1.0,2.408
3429948.0,0.24374732,1.0,1.72
3430026.0,0.22703655,1.0,125.216003
3430104.0,0.23582365,1.0,295.152008
3430183.0,0.22602069,1.0,294.463989
3430261.0,0.24141082,1.0,294.808014
3430339.0,0.24329025,1.0,295.839996
3430417.0,0.23658554,1.0,295.839996
3430495.0,0.23973477,1.0,295.839996
3430573.0,0.23201421,1.0,2.408
3430651.0,0.23948073,1.0,2.408
3430729.0,0.24014102,1.0,2.408
3430807.0,0.23511259,1.0,2.408
3430886.0,0.22678252,1.0,2.064
3430964.0,0.23942997,1.0,2.408
3431042.0,0.24009025,1.0,293.432007
3431120.0,0.2206874,1.0,295.152008
3431198.0,0.21428758,1.0,295.496002
3431276.0,0.22683336,1.0,295.496002
3431354.0,0.24811547,1.0,295.496002
3431433.0,0.23805863,1.0,295.496002
3431511.0,0.23155712,1.0,295.496002
3431589.0,0.22546194,1.0,3.096
3431667.0,0.23155712,1.0,2.408
3431745.0,0.26076299,1.0,2.064
3431823.0,0.24613459,1.0,2.064
3431901.0,0.23353799,1.0,2.408
3431979.0,0.24948695,1.0,1.72
3432057.0,0.22937298,1.0,293.432007
3432135.0,0.25040129,1.0,295.496002
3432214.0,0.23104919,1.0,295.839996
3432292.0,0.2353158,1.0,295.496002
3432370.0,0.25837564,1.0,295.496002
3432448.0,0.24776004,1.0,295.496002
3432526.0,0.25421065,1.0,295.496002
3432604.0,0.24227439,1.0,3.096
3432682.0,0.24496639,1.0,1.72
3432760.0,0.25248373,1.0,2.064
3432838.0,0.25796932,1.0,1.72
3432917.0,0.24649017,1.0,2.064
3432995.0,0.25893441,1.0,2.408
3433073.0,0.24105534,1.0,293.776001
3433151.0,0.23308082,1.0,295.152008
3433229.0,0.24933451,1.0,295.496002
3433307.0,0.23043966,1.0,295.152008
3433385.0,0.23043966,1.0,295.496002
3433463.0,0.23826174,1.0,294.808014
3433542.0,0.23653485,1.0,297.216003
3433620.0,0.23115079,1.0,2.752
3433698.0,0.25756308,1.0,2.064
3433776.0,0.26055971,1.0,1.72
3433854.0,0.25278845,1.0,2.064
3433932.0,0.22276995,1.0,1.376
3434010.0,0.23450308,1.0,1.032
3434088.0,0.23948073,1.0,293.776001
3434166.0,0.24933451,1.0,295.152008
3434245.0,0.24735364,1.0,295.152008
3434323.0,0.23023647,1.0,295.152008
3434401.0,0.24776004,1.0,295.152008
3434479.0,0.23196344,1.0,295.496002
3434557.0,0.23780459,1.0,155.143997
3434635.0,0.24425533,1.0,2.408
3434713.0,0.22916986,1.0,1.376
3434791.0,0.24308704,1.0,1.032
3434869.0,0.26289621,1.0,2.064
3434948.0,0.23033807,1.0,2.064
3435026.0,0.24913131,1.0,114.896004
3435104.0,0.25771534,1.0,295.152008
3435182.0,0.23429987,1.0,295.496002
3435260.0,0.2436458,1.0,295.152008
3435338.0,0.24085215,1.0,294.808014
3435416.0,0.2526361,1.0,294.808014
3435494.0,0.24725197,1.0,295.496002
3435572.0,0.24709968,1.0,1.376
3435651.0,0.23628081,1.0,2.064
3435729.0,0.26508027,1.0,2.064
3435807.0,0.25802007,1.0,2.064
3435885.0,0.23109996,1.0,1.72
3435963.0,0.24664252,1.0,2.064
3436041.0,0.24745516,1.0,292.399994
3436119.0,0.23008411,1.0,295.496002
3436197.0,0.22647779,1.0,295.152008
3436275.0,0.2346046,1.0,295.496002
3436354.0,0.23678866,1.0,295.496002
3436432.0,0.26076299,1.0,295.152008
3436510.0,0.23424904,1.0,295.496002
3436588.0,0.25756308,1.0,3.44
3436666.0,0.23328403,1.0,2.064
3436744.0,0.22622375,1.0,2.064
3436822.0,0.26502958,1.0,2.064
3436901.0,0.25995034,1.0,2.064
3436979.0,0.24318857,1.0,2.064
3437057.0,0.24872506,1.0,293.088013
3437135.0,0.23678866,1.0,295.152008
3437213.0,0.23826174,1.0,295.496002
3437291.0,0.22774768,1.0,295.496002
3437369.0,0.24501722,1.0,295.496002
3437447.0,0.25050279,1.0,295.496002
3437525.0,0.23343647,1.0,295.496002
3437604.0,0.24384893,1.0,3.44
3437682.0,0.25522649,1.0,2.064
3437760.0,0.26624855,1.0,2.064
3437838.0,0.23257297,1.0,2.064
3437916.0,0.25339791,1.0,2.064
3437994.0,0.23729666,1.0,2.064
3438072.0,0.25715658,1.0,293.776001
3438150.0,0.23744902,1.0,295.152008
3438228.0,0.24034421,1.0,295.839996
3438307.0,0.23760138,1.0,295.496002
3438385.0,0.2499948,1.0,295.839996
3438463.0,0.22937298,1.0,295.496002
3438541.0,0.25162032,1.0,298.247986
3438619.0,0.23734742,1.0,2.064
3438697.0,0.25456619,1.0,2.064
3438775.0,0.25548053,1.0,1.72
3438853.0,0.2463378,1.0,1.72
3438931.0,0.24080138,1.0,1.72
3439010.0,0.23475704,1.0,1.72
3439088.0,0.25893441,1.0,293.432007
3439166.0,0.21784306,1.0,295.152008
3439244.0,0.25695348,1.0,295.839996
3439322.0,0.24562667,1.0,295.839996
3439400.0,0.23907448,1.0,295.839996
3439478.0,0.23973477,1.0,295.839996
3439556.0,0.25131544,1.0,166.839996
3439635.0,0.22551277,1.0,2.408
3439713.0,0.25817251,1.0,1.72
3439791.0,0.26106772,1.0,1.72
3439869.0,0.23170948,1.0,1.72
3439947.0,0.2441029,1.0,1.376
3440025.0,0.25542969,1.0,100.792
3440103.0,0.25202659,1.0,294.808014
3440181.0,0.21098606,1.0,294.463989
3440259.0,0.24745516,1.0,295.152008
3440338.0,0.22124617,1.0,294.808014
3440416.0,0.21951912,1.0,295.152008
3440494.0,0.24552515,1.0,294.808014
3440572.0,0.2353158,1.0,1.376
3440650.0,0.23211581,1.0,1.72
3440728.0,0.24435693,1.0,1.72
3440806.0,0.23023647,1.0,1.376
3440884.0,0.25055355,1.0,1.376
3440962.0,0.24588071,1.0,1.72
3441041.0,0.2412077,1.0,292.399994
3441119.0,0.22927146,1.0,295.152008
3441197.0,0.22078909,1.0,294.808014
3441275.0,0.25024885,1.0,295.152008
3441353.0,0.21997628,1.0,295.496002
3441431.0,0.23404591,1.0,294.808014
3441509.0,0.22221118,1.0,295.152008
3441587.0,0.25832489,1.0,2.752
3441665.0,0.24445845,1.0,1.72
3441744.0,0.23821092,1.0,2.408
3441822.0,0.25446469,1.0,2.064
3441900.0,0.24019177,1.0,2.064
3441978.0,0.26477554,1.0,1.72
3442056.0,0.24450922,1.0,292.743988
3442134.0,0.24064894,1.0,295.152008
3442212.0,0.25583601,1.0,295.152008
3442290.0,0.24735364,1.0,295.152008
3442369.0,0.25644556,1.0,295.496002
3442447.0,0.24522042,1.0,295.496002
3442525.0,0.23927768,1.0,295.496002
3442603.0,0.24389976,1.0,3.096
3442681.0,0.23308082,1.0,1.376
3442759.0,0.24344261,1.0,1.376
3442837.0,0.26640084,1.0,1.376
3442915.0,0.25258535,1.0,1.376
3442993.0,0.24232516,1.0,1.376
3443072.0,0.21591288,1.0,293.432007
3443150.0,0.24913131,1.0,294.463989
3443228.0,0.25593761,1.0,293.776001
3443306.0,0.23689033,1.0,294.808014
3443384.0,0.23399514,1.0,294.808014
3443462.0,0.23084591,1.0,294.808014
3443540.0,0.24608384,1.0,293.088013
3443618.0,0.24974091,1.0,2.752
3443696.0,0.25405821,1.0,1.376
3443775.0,0.26980397,1.0,2.064
3443853.0,0.25527725,1.0,1.376
3443931.0,0.26188037,1.0,1.72
3444009.0,0.23993796,1.0,2.064
3444087.0,0.24232516,1.0,294.463989
3444165.0,0.2210938,1.0,295.496002
3444243.0,0.24019177,1.0,296.18399
3444321.0,0.22927146,1.0,295.839996
3444400.0,0.2483695,1.0,295.839996
3444478.0,0.21022409,1.0,295.496002
3444556.0,0.23196344,1.0,174.063995
3444634.0,0.25471857,1.0,2.064
3444712.0,0.26492798,1.0,2.408
3444790.0,0.2608645,1.0,2.408
3444868.0,0.25090912,1.0,2.064
3444946.0,0.2455759,1.0,2.408
3445024.0,0.25299168,1.0,90.472
3445103.0,0.24059825,1.0,295.496002
3445181.0,0.22820477,1.0,295.496002
3445259.0,0.24908063,1.0,295.152008
3445337.0,0.23876961,1.0,295.152008
3445415.0,0.25233132,1.0,294.808014
3445493.0,0.24664252,1.0,295.152008
3445571.0,0.24105534,1.0,1.376
3445649.0,0.23379202,1.0,1.72
3445728.0,0.26411527,1.0,1.72
3445806.0,0.2377539,1.0,1.72
3445884.0,0.2655375,1.0,1.72
3445962.0,0.25070599,1.0,1.72
3446040.0,0.24212202,1.0,291.023987
3446118.0,0.25563291,1.0,294.808014
3446196.0,0.22089061,1.0,295.152008
3446274.0,0.22972862,1.0,295.152008
3446352.0,0.23435079,1.0,295.152008
3446431.0,0.22459845,1.0,295.152008
3446509.0,0.2412077,1.0,295.839996
3446587.0,0.24085215,1.0,3.44
3446665.0,0.25380439,1.0,2.408
3446743.0,0.23582365,1.0,1.72
3446821.0,0.25009647,1.0,2.064
3446899.0,0.24039505,1.0,2.064
3446977.0,0.24481395,1.0,1.032
3447055.0,0.25060439,1.0,293.088013
3447133.0,0.24379817,1.0,295.152008
3447212.0,0.20986854,1.0,295.152008
3447290.0,0.23125239,1.0,295.496002
3447368.0,0.23643318,1.0,295.152008
3447446.0,0.24857269,1.0,295.496002
3447524.0,0.21093522,1.0,295.496002
3447602.0,0.26513112,1.0,3.096
3447680.0,0.24816629,1.0,2.064
3447758.0,0.24288385,1.0,2.064
3447836.0,0.24577911,1.0,2.064
3447915.0,0.24268079,1.0,2.064
3447993.0,0.26122007,1.0,1.72
3448071.0,0.23765223,1.0,293.776001
3448149.0,0.2483695,1.0,295.496002
3448227.0,0.23653485,1.0,295.496002
3448305.0,0.25212818,1.0,295.496002
3448383.0,0.26020423,1.0,295.496002
3448462.0,0.25329641,1.0,295.496002
3448540.0,0.25029966,1.0,295.839996
3448618.0,0.27762613,1.0,3.096
3448696.0,0.24979168,1.0,2.064
3448774.0,0.24430609,1.0,1.72
3448852.0,0.27803254,1.0,1.72
3448930.0,0.24781074,1.0,1.72
3449008.0,0.25233132,1.0,1.376
3449086.0,0.24831873,1.0,293.088013
3449165.0,0.22210966,1.0,295.496002
3449243.0,0.23450308,1.0,295.152008
3449321.0,0.2488775,1.0,295.152008
3449399.0,0.24461082,1.0,294.808014
3449477.0,0.24400137,1.0,295.152008
3449555.0,0.23856647,1.0,181.975998
3449633.0,0.24613459,1.0,2.408
3449711.0,0.26055971,1.0,2.064
3449789.0,0.25725821,1.0,1.72
3449868.0,0.23562053,1.0,1.376
3449946.0,0.24171562,1.0,2.064
3450024.0,0.24085215,1.0,80.152
3450102.0,0.25476941,1.0,295.152008
3450180.0,0.22063665,1.0,295.152008
3450258.0,0.26096618,1.0,295.839996
3450336.0,0.2463378,1.0,295.152008
3450414.0,0.24019177,1.0,295.496002
3450492.0,0.25537884,1.0,295.839996
3450571.0,0.24847102,1.0,1.376
3450649.0,0.25207734,1.0,2.064
3450727.0,0.23739827,1.0,2.064
3450805.0,0.24598223,1.0,2.064
3450883.0,0.25055355,1.0,2.064
3450961.0,0.24349336,1.0,2.064
3451039.0,0.25101072,1.0,291.368011
3451117.0,0.25080761,1.0,295.152008
3451196.0,0.2353158,1.0,295.496002
3451274.0,0.25217903,1.0,295.152008
3451352.0,0.25730902,1.0,295.496002
3451430.0,0.24801393,1.0,295.496002
3451508.0,0.25476941,1.0,295.496002
3451586.0,0.23567136,1.0,2.408
3451664.0,0.24638863,1.0,2.064
3451742.0,0.25370273,1.0,2.064
3451820.0,0.24389976,1.0,2.064
3451899.0,0.2432394,1.0,1.72
3451977.0,0.26345497,1.0,1.72
3452055.0,0.24588071,1.0,293.432007
3452133.0,0.25862962,1.0,294.808014
3452211.0,0.23424904,1.0,295.152008
3452289.0,0.24075054,1.0,295.496002
3452367.0,0.25959471,1.0,295.496002
3452445.0,0.25690278,1.0,295.496002
3452523.0,0.25659791,1.0,294.808014
3452602.0,0.22749364,1.0,2.408
3452680.0,0.24857269,1.0,2.064
3452758.0,0.24588071,1.0,1.376
3452836.0,0.25487101,1.0,1.376
3452914.0,0.26904216,1.0,2.064
3452992.0,0.24897902,1.0,1.72
3453070.0,0.26122007,1.0,293.776001
3453148.0,0.24085215,1.0,295.152008
3453227.0,0.23236977,1.0,295.496002
3453305.0,0.24974091,1.0,294.808014
3453383.0,0.25324562,1.0,295.496002
3453461.0,0.24852186,1.0,295.152008
3453539.0,0.23866807,1.0,295.152008
3453617.0,0.24715045,1.0,3.096
3453695.0,0.26025507,1.0,1.72
3453773.0,0.25167102,1.0,1.72
3453851.0,0.24684572,1.0,1.72
3453930.0,0.25446469,1.0,1.72
3454008.0,0.24384893,1.0,1.72
3454086.0,0.24420442,1.0,293.776001
3454164.0,0.22515722,1.0,294.463989
3454242.0,0.26660407,1.0,295.152008
3454320.0,0.24892826,1.0,295.152008
3454398.0,0.26411527,1.0,295.152008
3454476.0,0.2613216,1.0,295.152008
3454554.0,0.23932837,1.0,192.296005
3454633.0,0.25299168,1.0,2.408
3454711.0,0.27224207,1.0,2.064
3454789.0,0.26416609,1.0,1.72
3454867.0,0.25080761,1.0,2.064
3454945.0,0.24902979,1.0,1.72
3455023.0,0.25979781,1.0,74.991997
3455101.0,0.27021044,1.0,294.808014
3455179.0,0.23277609,1.0,295.152008
3455257.0,0.24664252,1.0,295.496002
3455336.0,0.23846488,1.0,295.496002
3455414.0,0.22642711,1.0,295.152008
3455492.0,0.24009025,1.0,295.496002
3455570.0,0.24202035,1.0,1.72
3455648.0,0.28306094,1.0,1.72
3455726.0,0.25004563,1.0,1.72
3455804.0,0.26609612,1.0,2.064
3455882.0,0.22866185,1.0,1.72
3455961.0,0.26106772,1.0,1.72
3456039.0,0.24516958,1.0,291.023987
3456117.0,0.24003948,1.0,294.463989
3456195.0,0.22916986,1.0,294.808014
3456273.0,0.24039505,1.0,295.152008
3456351.0,0.25751224,1.0,296.18399
3456429.0,0.25644556,1.0,295.839996
3456507.0,0.24689656,1.0,296.18399
3456586.0,0.26218516,1.0,3.44
3456664.0,0.25101072,1.0,2.752
3456742.0,0.26690894,1.0,3.096
3456820.0,0.25791848,1.0,2.064
3456898.0,0.25842655,1.0,2.408
3456976.0,0.24054742,1.0,2.408
3457054.0,0.24359505,1.0,294.463989
3457132.0,0.22449693,1.0,295.152008
3457210.0,0.25222969,1.0,294.808014
3457289.0,0.24440762,1.0,295.496002
3457367.0,0.25786778,1.0,295.496002
3457445.0,0.24064894,1.0,295.496002
3457523.0,0.25395668,1.0,295.496002
3457601.0,0.24963932,1.0,3.44
3457679.0,0.27219132,1.0,1.72
3457757.0,0.25095996,1.0,2.408
3457835.0,0.27381667,1.0,2.064
3457913.0,0.26863584,1.0,2.408
3457992.0,0.25675026,1.0,2.408
3458070.0,0.26274392,1.0,294.119995
3458148.0,0.24095382,1.0,295.496002
3458226.0,0.2568011,1.0,295.152008
3458304.0,0.26924536,1.0,296.18399
3458382.0,0.23709354,1.0,295.496002
3458460.0,0.26203272,1.0,295.496002
3458538.0,0.24608384,1.0,296.18399
3458616.0,0.26127091,1.0,3.096
3458695.0,0.26055971,1.0,2.408
3458773.0,0.28331497,1.0,2.064
3458851.0,0.26548669,1.0,2.752
3458929.0,0.2476076,1.0,1.72
3459007.0,0.25802007,1.0,1.376
3459085.0,0.25299168,1.0,294.119995
3459163.0,0.23821092,1.0,296.18399
3459241.0,0.24552515,1.0,296.18399
3459320.0,0.25248373,1.0,296.18399
3459398.0,0.26706129,1.0,296.528015
3459476.0,0.24420442,1.0,295.839996
3459554.0,0.27813405,1.0,202.272003
3459632.0,0.24217272,1.0,2.064
3459710.0,0.26045811,1.0,2.408
3459788.0,0.23871891,1.0,2.408
3459866.0,0.24994411,1.0,2.408
3459944.0,0.25207734,1.0,1.72
3460023.0,0.24745516,1.0,70.176003
3460101.0,0.24847102,1.0,294.808014
3460179.0,0.22769684,1.0,295.496002
3460257.0,0.23821092,1.0,295.152008
3460335.0,0.24222356,1.0,295.839996
3460413.0,0.24501722,1.0,295.496002
3460491.0,0.25151864,1.0,295.839996
3460569.0,0.25045204,1.0,1.72
3460647.0,0.23851572,1.0,2.408
3460726.0,0.25786778,1.0,2.408
3460804.0,0.25984865,1.0,2.408
3460882.0,0.25299168,1.0,2.408
3460960.0,0.25989941,1.0,2.408
3461038.0,0.23942997,1.0,290.679993
3461116.0,0.25908685,1.0,295.496002
3461194.0,0.26812792,1.0,295.496002
3461272.0,0.25136629,1.0,295.496002
3461350.0,0.23998865,1.0,295.496002
3461429.0,0.27097234,1.0,295.839996
3461507.0,0.25832489,1.0,295.496002
3461585.0,0.26020423,1.0,3.44
3461663.0,0.26386124,1.0,2.064
3461741.0,0.26248997,1.0,2.064
3461819.0,0.24969007,1.0,3.096
3461897.0,0.25934073,1.0,2.752
3461975.0,0.26020423,1.0,2.408
3462053.0,0.2566995,1.0,294.119995
3462132.0,0.25167102,1.0,295.839996
3462210.0,0.24075054,1.0,296.18399
3462288.0,0.24608384,1.0,295.839996
3462366.0,0.26091534,1.0,295.839996
3462444.0,0.26020423,1.0,295.839996
3462522.0,0.26000103,1.0,295.839996
3462600.0,0.26508027,1.0,3.44
3462678.0,0.27996254,1.0,2.408
3462756.0,0.26122007,1.0,2.408
3462835.0,0.25624248,1.0,2.408
3462913.0,0.24156326,1.0,2.408
3462991.0,0.24776004,1.0,2.408
3463069.0,0.25228062,1.0,294.119995
3463147.0,0.25537884,1.0,295.839996
3463225.0,0.26502958,1.0,295.496002
3463303.0,0.22967771,1.0,295.496002
3463381.0,0.24532194,1.0,296.18399
3463460.0,0.24450922,1.0,295.839996
3463538.0,0.24232516,1.0,295.839996
3463616.0,0.25502345,1.0,3.096
3463694.0,0.26177877,1.0,2.408
3463772.0,0.26574057,1.0,2.064
3463850.0,0.19960843,1.0,2.408
3463928.0,0.23262373,1.0,2.064
3464006.0,0.22668099,1.0,2.408
3464085.0,0.25802007,1.0,294.119995
3464163.0,0.23206496,1.0,295.496002
3464241.0,0.23602685,1.0,295.496002
3464319.0,0.23993796,1.0,295.496002
3464397.0,0.2488775,1.0,295.496002
3464475.0,0.27462932,1.0,296.528015
3464553.0,0.25573441,1.0,211.559998
3464631.0,0.25151864,1.0,3.096
3464709.0,0.27696583,1.0,3.096
3464787.0,0.25649631,1.0,2.752
3464866.0,0.2661978,1.0,2.752
3464944.0,0.2819944,1.0,2.752
3465022.0,0.25502345,1.0,63.984001
3465100.0,0.23201421,1.0,295.496002
3465178.0,0.23358874,1.0,295.839996
3465256.0,0.26061061,1.0,295.839996
3465334.0,0.23622997,1.0,295.839996
3465412.0,0.26442,1.0,295.839996
3465490.0,0.23668714,1.0,295.839996
3465569.0,0.25852808,1.0,3.096
3465647.0,0.24349336,1.0,2.408
3465725.0,0.25634402,1.0,2.064
3465803.0,0.25060439,1.0,1.72
3465881.0,0.23978552,1.0,1.72
3465959.0,0.25405821,1.0,2.064
3466037.0,0.27737224,1.0,289.992004
3466115.0,0.24105534,1.0,295.839996
3466194.0,0.2187573,1.0,295.839996
3466272.0,0.24847102,1.0,295.496002
3466350.0,0.24303629,1.0,295.839996
3466428.0,0.25741065,1.0,295.496002
3466506.0,0.24847102,1.0,295.496002
3466584.0,0.24542347,1.0,3.44
3466662.0,0.24618544,1.0,2.064
3466740.0,0.26888978,1.0,2.064
3466819.0,0.24369664,1.0,2.408
3466897.0,0.25355035,1.0,2.064
3466975.0,0.25563291,1.0,1.376
3467053.0,0.25029966,1.0,293.432007
3467131.0,0.24496639,1.0,295.152008
3467209.0,0.23968393,1.0,295.152008
3467287.0,0.2441029,1.0,294.808014
3467365.0,0.26751837,1.0,295.152008
3467443.0,0.25029966,1.0,295.496002
3467522.0,0.25710583,1.0,295.496002
3467600.0,0.23160788,1.0,3.096
3467678.0,0.27447703,1.0,2.064
3467756.0,0.26690894,1.0,2.064
3467834.0,0.25294089,1.0,1.376
3467912.0,0.25512496,1.0,2.064
3467990.0,0.25532818,1.0,1.72
3468068.0,0.25537884,1.0,293.776001
3468146.0,0.25162032,1.0,294.808014
3468224.0,0.25294089,1.0,295.152008
3468303.0,0.25995034,1.0,295.152008
3468381.0,0.25868037,1.0,295.152008
3468459.0,0.26116922,1.0,295.496002
3468537.0,0.26904216,1.0,295.496002
3468615.0,0.24501722,1.0,3.096
3468693.0,0.26096618,1.0,2.064
3468771.0,0.25111231,1.0,2.064
3468850.0,0.23089676,1.0,1.72
3468928.0,0.25527725,1.0,1.72
3469006.0,0.24009025,1.0,2.064
3469084.0,0.25837564,1.0,293.776001
3469162.0,0.22576673,1.0,295.152008
3469240.0,0.24430609,1.0,295.152008
3469318.0,0.23719513,1.0,295.496002
3469396.0,0.27198827,1.0,295.496002
3469474.0,0.24618544,1.0,295.496002
3469553.0,0.24628696,1.0,218.440002
3469631.0,0.27401981,1.0,2.408
3469709.0,0.26116922,1.0,2.064
3469787.0,0.24989328,1.0,1.72
3469865.0,0.26706129,1.0,2.064
3469943.0,0.26142326,1.0,2.064
3470021.0,0.26817867,1.0,59.855999
3470099.0,0.25715658,1.0,295.152008
3470177.0,0.23140468,1.0,295.152008
3470256.0,0.24273148,1.0,295.496002
3470334.0,0.24984251,1.0,295.496002
3470412.0,0.24481395,1.0,295.496002
3470490.0,0.25766459,1.0,295.839996
3470568.0,0.26289621,1.0,4.816
3470646.0,0.24618544,1.0,2.064
3470724.0,0.26360732,1.0,2.064
3470802.0,0.25558206,1.0,1.72
3470880.0,0.24044582,1.0,2.064
3470959.0,0.23805863,1.0,1.72
3471037.0,0.25060439,1.0,288.272003
3471115.0,0.25659791,1.0,295.152008
3471193.0,0.2321665,1.0,294.808014
3471271.0,0.23074439,1.0,295.152008
3471349.0,0.24191883,1.0,294.463989
3471427.0,0.26254064,1.0,295.152008
3471505.0,0.25329641,1.0,295.152008
3471583.0,0.26711205,1.0,2.752
3471662.0,0.25238213,1.0,1.72
3471740.0,0.26218516,1.0,2.408
3471818.0,0.24994411,1.0,2.064
3471896.0,0.26010269,1.0,1.72
3471974.0,0.26624855,1.0,1.72
3472052.0,0.24054742,1.0,293.088013
3472130.0,0.25492176,1.0,294.808014
3472208.0,0.26152489,1.0,295.152008
3472286.0,0.24628696,1.0,295.152008
3472365.0,0.25603923,1.0,295.152008
3472443.0,0.2667565,1.0,296.18399
3472521.0,0.26116922,1.0,294.808014
3472599.0,0.23760138,1.0,3.096
3472677.0,0.26462319,1.0,2.408
3472755.0,0.27544206,1.0,2.064
3472833.0,0.24130923,1.0,2.408
3472912.0,0.25466782,1.0,2.408
3472990.0,0.24918222,1.0,3.44
3473068.0,0.25873128,1.0,293.776001
3473146.0,0.24669336,1.0,295.496002
3473224.0,0.25812176,1.0,295.496002
3473302.0,0.25756308,1.0,295.496002
3473380.0,0.23709354,1.0,295.496002
3473458.0,0.25512496,1.0,295.839996
3473536.0,0.25766459,1.0,295.152008
3473615.0,0.26030591,1.0,3.784
3473693.0,0.25598845,1.0,2.064
3473771.0,0.25603923,1.0,2.752
3473849.0,0.2608645,1.0,2.408
3473927.0,0.27681348,1.0,2.752
3474005.0,0.26259148,1.0,2.064
3474083.0,0.25608999,1.0,294.808014
3474161.0,0.24054742,1.0,295.839996
3474239.0,0.26172799,1.0,295.839996
3474317.0,0.24176647,1.0,295.496002
3474396.0,0.26442,1.0,295.839996
3474474.0,0.259036,1.0,295.839996
3474552.0,0.26995641,1.0,224.632004
3474630.0,0.26563904,1.0,3.096
3474708.0,0.28499112,1.0,2.408
3474786.0,0.2655375,1.0,2.408
3474864.0,0.25786778,1.0,2.408
3474942.0,0.26497877,1.0,2.408
3475021.0,0.25553128,1.0,51.944
3475099.0,0.25212818,1.0,295.496002
3475177.0,0.27696583,1.0,296.18399
3475255.0,0.27005801,1.0,295.496002
3475333.0,0.25238213,1.0,295.152008
3475411.0,0.25177261,1.0,296.528015
3475489.0,0.25278845,1.0,295.152008
3475567.0,0.25207734,1.0,8.944
3475646.0,0.2606613,1.0,2.752
3475724.0,0.25563291,1.0,2.752
3475802.0,0.22932214,1.0,2.064
3475880.0,0.26711205,1.0,2.064
3475958.0,0.26188037,1.0,2.064
3476036.0,0.25471857,1.0,287.584015
3476114.0,0.28925774,1.0,295.839996
3476192.0,0.21596372,1.0,296.18399
3476270.0,0.25644556,1.0,295.496002
3476349.0,0.29753691,1.0,295.496002
3476427.0,0.27168339,1.0,295.496002
3476505.0,0.25705507,1.0,295.496002
3476583.0,0.25756308,1.0,3.44
3476661.0,0.26975328,1.0,2.064
3476739.0,0.24979168,1.0,2.408
3476817.0,0.25355035,1.0,2.064
3476895.0,0.27295327,1.0,2.064
3476973.0,0.27087075,1.0,2.064
3477052.0,0.27036273,1.0,293.432007
3477130.0,0.28295943,1.0,295.152008
3477208.0,0.25466782,1.0,295.496002
3477286.0,0.26330253,1.0,296.18399
3477364.0,0.25989941,1.0,295.839996
3477442.0,0.26731518,1.0,295.496002
3477520.0,0.25451544,1.0,295.496002
3477598.0,0.23003334,1.0,3.096
3477676.0,0.25649631,1.0,1.72
3477755.0,0.25146788,1.0,1.72
3477833.0,0.27137867,1.0,2.064
3477911.0,0.24933451,1.0,2.064
3477989.0,0.26335338,1.0,2.064
3478067.0,0.23998865,1.0,293.776001
3478145.0,0.26142326,1.0,295.152008
3478223.0,0.25258535,1.0,295.152008
3478301.0,0.26289621,1.0,295.152008
3478380.0,0.26274392,1.0,295.496002
3478458.0,0.25918838,1.0,295.496002
3478536.0,0.24735364,1.0,295.496002
3478614.0,0.23861732,1.0,3.096
3478692.0,0.26142326,1.0,2.064
3478770.0,0.27432463,1.0,1.72
3478848.0,0.26629934,1.0,1.72
3478926.0,0.25685188,1.0,1.376
3479004.0,0.26919451,1.0,2.064
3479083.0,0.26421678,1.0,294.463989
3479161.0,0.23348722,1.0,295.152008
3479239.0,0.24532194,1.0,294.463989
3479317.0,0.24928382,1.0,295.496002
3479395.0,0.26116922,1.0,295.496002
3479473.0,0.26838186,1.0,295.496002
3479551.0,0.26071215,1.0,227.384003
3479629.0,0.26259148,1.0,2.408
3479707.0,0.24867423,1.0,2.408
3479786.0,0.25644556,1.0,2.064
3479864.0,0.25294089,1.0,2.408
3479942.0,0.26122007,1.0,1.72
3480020.0,0.26624855,1.0,41.624001
3480098.0,0.2725977,1.0,294.808014
3480176.0,0.24989328,1.0,295.152008
3480254.0,0.25685188,1.0,295.152008
3480332.0,0.27269924,1.0,295.152008
3480410.0,0.25156942,1.0,295.496002
3480489.0,0.26645178,1.0,295.496002
3480567.0,0.26792464,1.0,9.976
3480645.0,0.25029966,1.0,2.064
3480723.0,0.27793086,1.0,1.72
3480801.0,0.24994411,1.0,2.064
3480879.0,0.26761991,1.0,2.064
3480957.0,0.25725821,1.0,1.72
3481035.0,0.2606613,1.0,285.175995
3481114.0,0.25588685,1.0,295.496002
3481192.0,0.24222356,1.0,295.496002
3481270.0,0.25385508,1.0,295.496002
3481348.0,0.24831873,1.0,294.808014
3481426.0,0.26015338,1.0,295.496002
3481504.0,0.25974715,1.0,295.496002
3481582.0,0.25720751,1.0,3.44
3481660.0,0.25654715,1.0,2.064
3481739.0,0.28224829,1.0,2.064
3481817.0,0.26055971,1.0,2.064
3481895.0,0.26289621,1.0,2.064
3481973.0,0.22327787,1.0,2.064
3482051.0,0.24303629,1.0,293.088013
3482129.0,0.25608999,1.0,295.152008
3482207.0,0.2452711,1.0,295.496002
3482285.0,0.26467404,1.0,295.496002
3482363.0,0.25075677,1.0,295.496002
3482442.0,0.24862346,1.0,295.496002
3482520.0,0.27503574,1.0,295.496002
3482598.0,0.24984251,1.0,3.096
3482676.0,0.23765223,1.0,2.064
3482754.0,0.25385508,1.0,2.064
3482832.0,0.24222356,1.0,2.064
3482910.0,0.26812792,1.0,1.72
3482988.0,0.26751837,1.0,2.408
3483066.0,0.27833724,1.0,293.432007
3483145.0,0.24588071,1.0,295.496002
3483223.0,0.28285781,1.0,295.496002
3483301.0,0.25248373,1.0,295.496002
3483379.0,0.26030591,1.0,295.496002
3483457.0,0.26411527,1.0,295.839996
3483535.0,0.25893441,1.0,295.496002
3483613.0,0.25370273,1.0,2.752
3483691.0,0.27341035,1.0,2.408
3483769.0,0.24588071,1.0,2.064
3483848.0,0.28102925,1.0,1.72
3483926.0,0.25548053,1.0,1.72
3484004.0,0.24847102,1.0,1.032
3484082.0,0.26152489,1.0,293.432007
3484160.0,0.25781697,1.0,295.152008
3484238.0,0.25832489,1.0,295.152008
3484316.0,0.26096618,1.0,295.152008
3484394.0,0.26533431,1.0,294.463989
3484473.0,0.25212818,1.0,295.496002
3484551.0,0.23424904,1.0,236.328003
3484629.0,0.25476941,1.0,2.408
3484707.0,0.27594993,1.0,2.064
3484785.0,0.2749849,1.0,2.064
3484863.0,0.25492176,1.0,1.032
3484941.0,0.2606613,1.0,2.064
3485019.0,0.25852808,1.0,28.552
3485097.0,0.26787394,1.0,294.463989
3485176.0,0.24481395,1.0,294.808014
3485254.0,0.25893441,1.0,295.152008
3485332.0,0.25944242,1.0,295.496002
3485410.0,0.26025507,1.0,295.496002
3485488.0,0.28331497,1.0,295.496002
3485566.0,0.25603923,1.0,12.384
3485644.0,0.26365817,1.0,1.72
3485722.0,0.2655375,1.0,2.064
3485801.0,0.24638863,1.0,2.064
3485879.0,0.27630556,1.0,2.064
3485957.0,0.26843271,1.0,2.064
3486035.0,0.25791848,1.0,284.144012
3486113.0,0.25837564,1.0,295.152008
3486191.0,0.25009647,1.0,295.496002
3486269.0,0.25583601,1.0,295.152008
3486347.0,0.24933451,1.0,295.496002
3486425.0,0.25817251,1.0,295.496002
3486503.0,0.26162648,1.0,295.496002
3486582.0,0.25375348,1.0,3.44
3486660.0,0.25319478,1.0,1.72
3486738.0,0.2463378,1.0,2.064
3486816.0,0.26467404,1.0,2.064
3486894.0,0.25888366,1.0,2.408
3486972.0,0.25720751,1.0,2.752
3487050.0,0.27285159,1.0,293.776001
3487129.0,0.25187415,1.0,294.463989
3487207.0,0.24085215,1.0,295.496002
3487285.0,0.25878212,1.0,295.496002
3487363.0,0.24953778,1.0,295.496002
3487441.0,0.24019177,1.0,295.839996
3487519.0,0.27605167,1.0,295.839996
3487597.0,0.25385508,1.0,3.096
3487675.0,0.2708199,1.0,1.72
3487753.0,0.26792464,1.0,2.064
3487831.0,0.26142326,1.0,2.064
3487910.0,0.2388712,1.0,2.064
3487988.0,0.24933451,1.0,1.376
3488066.0,0.24943604,1.0,294.119995
3488144.0,0.26518187,1.0,295.839996
3488222.0,0.23028715,1.0,295.839996
3488300.0,0.24989328,1.0,295.496002
3488378.0,0.24202035,1.0,295.839996
3488456.0,0.25979781,1.0,295.496002
3488534.0,0.26944855,1.0,295.152008
3488613.0,0.23272526,1.0,2.752
3488691.0,0.27742293,1.0,1.72
3488769.0,0.25928989,1.0,2.064
3488847.0,0.25822335,1.0,2.064
3488925.0,0.2772198,1.0,2.064
3489003.0,0.265385,1.0,2.064
3489081.0,0.26167718,1.0,293.432007
3489159.0,0.24847102,1.0,295.152008
3489238.0,0.25827405,1.0,295.496002
3489316.0,0.24740449,1.0,295.496002
3489394.0,0.25852808,1.0,295.152008
3489472.0,0.25781697,1.0,295.496002
3489550.0,0.25029966,1.0,241.488007
3489628.0,0.27061677,1.0,2.752
3489706.0,0.2876831,1.0,2.064
3489784.0,0.25715658,1.0,2.064
3489863.0,0.27122623,1.0,2.064
3489941.0,0.2606613,1.0,2.064
3490019.0,0.27823573,1.0,22.016001
3490097.0,0.26563904,1.0,294.119995
3490175.0,0.23262373,1.0,296.18399
3490253.0,0.26939771,1.0,296.18399
3490331.0,0.25675026,1.0,296.18399
3490409.0,0.27823573,1.0,296.872009
3490487.0,0.26487708,1.0,296.528015
3490566.0,0.25542969,1.0,15.136
3490644.0,0.25832489,1.0,3.784
3490722.0,0.24831873,1.0,2.752
3490800.0,0.25370273,1.0,3.096
3490878.0,0.2661978,1.0,3.096
3490956.0,0.26248997,1.0,3.096
3491034.0,0.2519758,1.0,282.079987
3491112.0,0.26482639,1.0,295.496002
3491190.0,0.23760138,1.0,295.839996
3491269.0,0.26533431,1.0,295.496002
3491347.0,0.26894057,1.0,295.839996
3491425.0,0.26584223,1.0,295.152008
3491503.0,0.25817251,1.0,294.463989
3491581.0,0.25233132,1.0,3.784
3491659.0,0.2655375,1.0,1.032
3491737.0,0.25634402,1.0,2.064
3491815.0,0.23648393,1.0,2.064
3491893.0,0.2773214,1.0,1.376
3491972.0,0.26508027,1.0,1.032
3492050.0,0.26122007,1.0,292.743988
3492128.0,0.25121385,1.0,295.152008
3492206.0,0.25898516,1.0,295.152008
3492284.0,0.26838186,1.0,294.808014
3492362.0,0.27041358,1.0,295.152008
3492440.0,0.26391205,1.0,296.18399
3492518.0,0.2765595,1.0,295.496002
3492596.0,0.27452773,1.0,3.096
3492675.0,0.28565142,1.0,2.064
3492753.0,0.2830101,1.0,1.72
3492831.0,0.26350582,1.0,1.376
3492909.0,0.25217903,1.0,1.72
3492987.0,0.25781697,1.0,2.064
3493065.0,0.27661029,1.0,293.776001
3493143.0,0.24847102,1.0,295.152008
3493221.0,0.25405821,1.0,296.18399
3493299.0,0.26426771,1.0,296.18399
3493378.0,0.26497877,1.0,296.18399
3493456.0,0.26574057,1.0,296.18399
3493534.0,0.24461082,1.0,296.528015
3493612.0,0.2566995,1.0,3.44
3493690.0,0.2866165,1.0,2.752
3493768.0,0.26447082,1.0,2.408
3493846.0,0.24882659,1.0,2.408
3493924.0,0.26061061,1.0,2.408
3494003.0,0.27300397,1.0,2.408
3494081.0,0.25593761,1.0,294.463989
3494159.0,0.25507414,1.0,294.808014
3494237.0,0.24740449,1.0,295.152008
3494315.0,0.27117544,1.0,295.496002
3494393.0,0.24349336,1.0,295.152008
3494471.0,0.24389976,1.0,295.496002
3494549.0,0.27295327,1.0,247.679993
3494627.0,0.26360732,1.0,2.752
3494706.0,0.27122623,1.0,2.064
3494784.0,0.26106772,1.0,1.72
3494862.0,0.25527725,1.0,1.72
3494940.0,0.2779817,1.0,2.064
3495018.0,0.26386124,1.0,16.511999
3495096.0,0.25537884,1.0,294.119995
3495174.0,0.24268079,1.0,295.496002
3495252.0,0.26391205,1.0,295.152008
3495330.0,0.25507414,1.0,295.152008
3495409.0,0.26955014,1.0,294.463989
3495487.0,0.25141704,1.0,294.808014
3495565.0,0.27432463,1.0,16.511999
3495643.0,0.26401374,1.0,1.72
3495721.0,0.27153102,1.0,1.72
3495799.0,0.26701045,1.0,1.72
3495877.0,0.29408303,1.0,1.72
3495955.0,0.27782926,1.0,2.752
3496033.0,0.28229913,1.0,279.671997
3496112.0,0.27061677,1.0,295.839996
3496190.0,0.26345497,1.0,295.839996
3496268.0,0.26010269,1.0,296.18399
3496346.0,0.28610849,1.0,295.839996
3496424.0,0.28707352,1.0,296.18399
3496502.0,0.25253442,1.0,295.496002
3496580.0,0.28549904,1.0,2.752
3496659.0,0.25857884,1.0,2.752
3496737.0,0.27559441,1.0,2.064
3496815.0,0.26579142,1.0,1.376
3496893.0,0.26421678,1.0,1.72
3496971.0,0.25512496,1.0,1.72
3497049.0,0.27132788,1.0,292.743988
3497127.0,0.2655375,1.0,294.808014
3497205.0,0.25040129,1.0,294.808014
3497283.0,0.27930227,1.0,295.152008
3497362.0,0.27183574,1.0,295.152008
3497440.0,0.25664875,1.0,295.152008
3497518.0,0.27991179,1.0,295.152008
3497596.0,0.27269924,1.0,2.752
3497674.0,0.27437538,1.0,2.064
3497752.0,0.2811816,1.0,2.064
3497830.0,0.27716896,1.0,1.72
3497908.0,0.26914367,1.0,2.752
3497986.0,0.25802007,1.0,2.064
3498065.0,0.27473095,1.0,292.743988
3498143.0,0.25868037,1.0,294.808014
3498221.0,0.27803254,1.0,296.18399
3498299.0,0.27148017,1.0,295.152008
3498377.0,0.26188037,1.0,295.152008
3498455.0,0.26716283,1.0,295.496002
3498533.0,0.24963932,1.0,296.18399
3498611.0,0.26716283,1.0,4.472
3498689.0,0.27930227,1.0,2.064
3498768.0,0.29200047,1.0,2.752
3498846.0,0.26655337,1.0,2.752
3498924.0,0.25954393,1.0,2.752
3499002.0,0.25512496,1.0,1.72
3499080.0,0.26365817,1.0,294.808014
3499158.0,0.2353158,1.0,295.152008
3499236.0,0.27574679,1.0,296.18399
3499314.0,0.28108007,1.0,296.18399
3499392.0,0.26604545,1.0,296.18399
3499471.0,0.26061061,1.0,296.528015
3499549.0,0.27584839,1.0,253.528
3499627.0,0.27427384,1.0,2.064
3499705.0,0.29723209,1.0,1.72
3499783.0,0.26904216,1.0,2.064
3499861.0,0.25989941,1.0,1.376
3499939.0,0.25456619,1.0,1.72
3500017.0,0.27117544,1.0,11.352
3500096.0,0.2826547,1.0,294.119995
3500174.0,0.24425533,1.0,294.808014
3500252.0,0.25852808,1.0,294.808014
3500330.0,0.25492176,1.0,295.152008
3500408.0,0.27076921,1.0,294.808014
3500486.0,0.28336567,1.0,294.808014
3500564.0,0.27777848,1.0,18.92
3500642.0,0.27280083,1.0,2.064
3500720.0,0.27366433,1.0,2.064
3500799.0,0.26868668,1.0,2.064
3500877.0,0.27716896,1.0,2.064
3500955.0,0.25675026,1.0,2.064
3501033.0,0.28128329,1.0,275.200012
3501111.0,0.26995641,1.0,295.152008
3501189.0,0.24064894,1.0,295.152008
3501267.0,0.25111231,1.0,295.152008
3501345.0,0.25365195,1.0,295.496002
3501423.0,0.26502958,1.0,295.496002
3501502.0,0.24217272,1.0,295.496002
3501580.0,0.30673048,1.0,3.096
3501658.0,0.26233745,1.0,1.72
3501736.0,0.28168952,1.0,2.064
3501814.0,0.26111847,1.0,2.064
3501892.0,0.26985487,1.0,1.72
3501970.0,0.24242675,1.0,2.064
3502048.0,0.2668581,1.0,293.088013
3502126.0,0.26330253,1.0,295.152008
3502205.0,0.25380439,1.0,295.152008
3502283.0,0.29423538,1.0,295.152008
3502361.0,0.27432463,1.0,295.496002
3502439.0,0.28036895,1.0,295.496002
3502517.0,0.2702612,1.0,295.496002
3502595.0,0.26000103,1.0,3.096
3502673.0,0.27468017,1.0,2.064
3502751.0,0.27229297,1.0,2.064
3502829.0,0.25949308,1.0,2.064
3502908.0,0.27772772,1.0,2.064
3502986.0,0.25471857,1.0,1.72
3503064.0,0.27777848,1.0,293.776001
3503142.0,0.25675026,1.0,295.152008
3503220.0,0.27351195,1.0,295.496002
3503298.0,0.26162648,1.0,295.152008
3503376.0,0.25695348,1.0,295.152008
3503454.0,0.25878212,1.0,295.496002
3503533.0,0.26883894,1.0,295.496002
3503611.0,0.26711205,1.0,3.096
3503689.0,0.26721364,1.0,2.064
3503767.0,0.27534047,1.0,2.064
3503845.0,0.24811547,1.0,2.064
3503923.0,0.27828643,1.0,2.064
3504001.0,0.27107394,1.0,2.064
3504079.0,0.26563904,1.0,293.776001
3504158.0,0.24618544,1.0,295.152008
3504236.0,0.26482639,1.0,295.496002
3504314.0,0.27178499,1.0,295.839996
3504392.0,0.25959471,1.0,295.496002
3504470.0,0.25964552,1.0,295.496002
3504548.0,0.26756921,1.0,260.063995
3504626.0,0.28123236,1.0,2.752
3504704.0,0.29017189,1.0,2.064
3504782.0,0.27290237,1.0,2.064
3504860.0,0.26706129,1.0,1.72
3504939.0,0.27788016,1.0,1.72
3505017.0,0.24755685,1.0,8.256
3505095.0,0.26812792,1.0,294.119995
3505173.0,0.24542347,1.0,295.496002
3505251.0,0.27305481,1.0,295.152008
3505329.0,0.26076299,1.0,295.152008
3505407.0,0.27417234,1.0,295.496002
3505485.0,0.2630994,1.0,295.152008
3505563.0,0.26345497,1.0,22.360001
3505642.0,0.27148017,1.0,2.064
3505720.0,0.31627944,1.0,2.064
3505798.0,0.27752453,1.0,2.064
3505876.0,0.278896,1.0,2.064
3505954.0,0.27772772,1.0,2.064
3506032.0,0.2772198,1.0,273.824005
3506110.0,0.26391205,1.0,295.496002
3506189.0,0.24664252,1.0,295.496002
3506267.0,0.26370895,1.0,295.152008
3506345.0,0.27300397,1.0,295.496002
3506423.0,0.27244526,1.0,295.496002
3506501.0,0.23998865,1.0,295.496002
3506579.0,0.29083225,1.0,3.44
3506657.0,0.24958855,1.0,2.064
3506735.0,0.26299781,1.0,2.064
3506813.0,0.27742293,1.0,2.064
3506892.0,0.24141082,1.0,1.72
3506970.0,0.26604545,1.0,1.72
3507048.0,0.26335338,1.0,293.088013
3507126.0,0.26401374,1.0,295.152008
3507204.0,0.23648393,1.0,295.152008
3507282.0,0.2464394,1.0,295.496002
3507360.0,0.25873128,1.0,295.496002
3507438.0,0.26828027,1.0,295.839996
3507516.0,0.24141082,1.0,295.839996
3507594.0,0.2836197,1.0,2.752
3507673.0,0.25253442,1.0,1.72
3507751.0,0.27676263,1.0,1.72
3507829.0,0.27442613,1.0,2.064
3507907.0,0.27066752,1.0,2.752
3507985.0,0.27229297,1.0,2.752
3508063.0,0.26055971,1.0,293.776001
3508141.0,0.27579764,1.0,295.839996
3508219.0,0.26975328,1.0,295.496002
3508298.0,0.26401374,1.0,295.839996
3508376.0,0.24933451,1.0,296.18399
3508454.0,0.27193734,1.0,296.528015
3508532.0,0.29245764,1.0,295.839996
3508610.0,0.27594993,1.0,3.44
3508688.0,0.26238829,1.0,2.408
3508766.0,0.26761991,1.0,1.72
3508844.0,0.26680732,1.0,2.408
3508923.0,0.26294705,1.0,2.064
3509001.0,0.26391205,1.0,2.408
3509079.0,0.2725977,1.0,294.463989
3509157.0,0.27376586,1.0,295.839996
3509235.0,0.26955014,1.0,295.496002
3509313.0,0.27117544,1.0,295.839996
3509391.0,0.26726434,1.0,295.496002
3509469.0,0.28554973,1.0,295.839996
3509547.0,0.26817867,1.0,264.880005
3509626.0,0.26492798,1.0,3.096
3509704.0,0.29611471,1.0,2.064
3509782.0,0.26238829,1.0,2.408
3509860.0,0.26645178,1.0,2.064
3509938.0,0.25273764,1.0,2.064
3510016.0,0.26177877,1.0,7.912
3510094.0,0.27310556,1.0,294.119995
3510172.0,0.23170948,1.0,294.808014
3510250.0,0.24054742,1.0,295.496002
3510329.0,0.25309318,1.0,294.808014
3510407.0,0.24923299,1.0,295.496002
3510485.0,0.27208978,1.0,295.496002
3510563.0,0.26787394,1.0,21.672001
3510641.0,0.25751224,1.0,3.44
3510719.0,0.27102301,1.0,3.096
3510797.0,0.26071215,1.0,2.752
3510875.0,0.24984251,1.0,3.096
3510953.0,0.24516958,1.0,3.096
3511032.0,0.26670572,1.0,276.920013
3511110.0,0.2459314,1.0,295.839996
3511188.0,0.23328403,1.0,295.839996
3511266.0,0.25502345,1.0,295.839996
3511344.0,0.23541732,1.0,296.18399
3511422.0,0.2655375,1.0,295.839996
3511500.0,0.2763564,1.0,296.18399
3511578.0,0.24781074,1.0,3.784
3511656.0,0.26320094,1.0,2.408
3511735.0,0.27102301,1.0,2.408
3511813.0,0.25070599,1.0,2.408
3511891.0,0.268585,1.0,2.408
3511969.0,0.2732071,1.0,2.408
3512047.0,0.27706736,1.0,293.776001
3512125.0,0.27142951,1.0,295.496002
3512203.0,0.24420442,1.0,295.496002
3512282.0,0.25964552,1.0,295.496002
3512360.0,0.25466782,1.0,295.496002
3512438.0,0.24664252,1.0,295.839996
3512516.0,0.26091534,1.0,295.496002
3512594.0,0.26360732,1.0,3.44
3512672.0,0.24913131,1.0,2.064
3512750.0,0.26279467,1.0,2.064
3512828.0,0.24034421,1.0,2.064
3512906.0,0.26264223,1.0,2.064
3512985.0,0.29489568,1.0,2.408
3513063.0,0.26711205,1.0,293.776001
3513141.0,0.23795696,1.0,295.152008
3513219.0,0.24745516,1.0,295.496002
3513297.0,0.24608384,1.0,295.152008
3513375.0,0.23831251,1.0,296.528015
3513453.0,0.25151864,1.0,296.528015
3513531.0,0.24029353,1.0,296.528015
3513609.0,0.2499948,1.0,3.784
3513687.0,0.26604545,1.0,2.752
3513766.0,0.24212202,1.0,2.752
3513844.0,0.25151864,1.0,2.408
3513922.0,0.25339791,1.0,2.752
3514000.0,0.24496639,1.0,2.752
3514078.0,0.2596963,1.0,294.463989
3514156.0,0.24080138,1.0,295.839996
3514234.0,0.26030591,1.0,295.839996
3514312.0,0.25807092,1.0,295.839996
3514391.0,0.22942382,1.0,295.839996
3514469.0,0.22495401,1.0,295.839996
3514547.0,0.24608384,1.0,268.320007
3514625.0,0.25405821,1.0,3.096
3514703.0,0.28621009,1.0,2.752
3514781.0,0.26787394,1.0,2.408
3514859.0,0.24496639,1.0,2.064
3514937.0,0.25715658,1.0,2.408
3515016.0,0.26761991,1.0,6.536
3515094.0,0.23440146,1.0,294.119995
3515172.0,0.24450922,1.0,295.839996
3515250.0,0.25045204,1.0,295.496002
3515328.0,0.2613216,1.0,295.496002
3515406.0,0.25964552,1.0,295.496002
3515484.0,0.26355651,1.0,295.839996
3515562.0,0.24933451,1.0,22.704
3515640.0,0.25563291,1.0,2.064
3515719.0,0.25639471,1.0,2.064
3515797.0,0.26797554,1.0,2.064
3515875.0,0.26548669,1.0,2.408
3515953.0,0.25065508,1.0,2.752
3516031.0,0.25878212,1.0,275.544006
3516109.0,0.25055355,1.0,296.18399
3516187.0,0.22876345,1.0,296.18399
3516265.0,0.26528347,1.0,296.18399
3516343.0,0.25588685,1.0,296.18399
3516422.0,0.24212202,1.0,296.528015
3516500.0,0.25385508,1.0,296.18399
3516578.0,0.24740449,1.0,4.472
3516656.0,0.25634402,1.0,2.408
3516734.0,0.273258,1.0,2.752
3516812.0,0.24664252,1.0,2.752
3516890.0,0.26442,1.0,2.752
3516968.0,0.26502958,1.0,2.408
3517046.0,0.25873128,1.0,294.119995
3517125.0,0.27676263,1.0,295.496002
3517203.0,0.24577911,1.0,294.808014
3517281.0,0.23790619,1.0,295.496002
3517359.0,0.22810309,1.0,295.496002
3517437.0,0.25675026,1.0,295.839996
3517515.0,0.23236977,1.0,296.18399
3517593.0,0.24806477,1.0,3.44
3517671.0,0.25421065,1.0,2.064
3517749.0,0.27122623,1.0,2.408
3517828.0,0.27351195,1.0,2.408
3517906.0,0.24984251,1.0,2.064
3517984.0,0.25949308,1.0,2.064
3518062.0,0.27102301,1.0,293.432007
3518140.0,0.25603923,1.0,295.496002
3518218.0,0.19239587,1.0,295.496002
3518296.0,0.2499948,1.0,295.496002
3518374.0,0.26802638,1.0,295.152008
3518453.0,0.26497877,1.0,295.496002
3518531.0,0.23673798,1.0,295.839996
3518609.0,0.23953149,1.0,3.096
3518687.0,0.26817867,1.0,2.064
3518765.0,0.24136007,1.0,2.064
3518843.0,0.28509265,1.0,2.064
3518921.0,0.25842655,1.0,2.064
3518999.0,0.25400752,1.0,2.064
3519077.0,0.25172186,1.0,294.119995
3519156.0,0.26111847,1.0,295.152008
3519234.0,0.26162648,1.0,295.152008
3519312.0,0.25441384,1.0,295.839996
3519390.0,0.26157564,1.0,295.496002
3519468.0,0.25014722,1.0,294.808014
3519546.0,0.2309476,1.0,271.071991
3519624.0,0.25131544,1.0,3.096
3519702.0,0.25466782,1.0,2.064
3519780.0,0.26091534,1.0,2.064
3519859.0,0.25202659,1.0,2.064
3519937.0,0.23912516,1.0,2.064
3520015.0,0.26523271,1.0,3.096
3520093.0,0.25654715,1.0,294.119995
3520171.0,0.23709354,1.0,295.839996
3520249.0,0.24821714,1.0,295.152008
3520327.0,0.25619158,1.0,295.496002
3520405.0,0.26055971,1.0,295.496002
3520483.0,0.25395668,1.0,295.839996
3520562.0,0.24994411,1.0,26.143999
3520640.0,0.22190645,1.0,2.064
3520718.0,0.27117544,1.0,2.064
3520796.0,0.24796318,1.0,2.064
3520874.0,0.26431847,1.0,1.376
3520952.0,0.25451544,1.0,2.408
3521030.0,0.2459314,1.0,266.256012
3521108.0,0.27198827,1.0,295.152008
3521187.0,0.23160788,1.0,295.152008
3521265.0,0.25558206,1.0,295.496002
3521343.0,0.26670572,1.0,295.496002
3521421.0,0.25233132,1.0,295.496002
3521499.0,0.25365195,1.0,295.496002
3521577.0,0.24613459,1.0,3.44
3521655.0,0.25182346,1.0,1.72
3521733.0,0.25690278,1.0,2.064
3521811.0,0.2725977,1.0,2.064
3521890.0,0.25370273,1.0,1.72
3521968.0,0.26568988,1.0,2.064
3522046.0,0.26655337,1.0,293.432007
3522124.0,0.26010269,1.0,295.152008
3522202.0,0.24953778,1.0,295.496002
3522280.0,0.28407687,1.0,295.496002
3522358.0,0.26162648,1.0,295.496002
3522436.0,0.24405205,1.0,295.839996
3522515.0,0.27051517,1.0,295.152008
3522593.0,0.25741065,1.0,3.096
3522671.0,0.25705507,1.0,2.064
3522749.0,0.24654099,1.0,2.064
3522827.0,0.26269302,1.0,1.72
3522905.0,0.24069978,1.0,2.408
3522983.0,0.27478176,1.0,2.064
3523061.0,0.2476076,1.0,293.776001
3523139.0,0.25080761,1.0,295.496002
3523218.0,0.23536655,1.0,295.152008
3523296.0,0.24293467,1.0,295.152008
3523374.0,0.25786778,1.0,295.496002
3523452.0,0.26624855,1.0,295.496002
3523530.0,0.24842034,1.0,295.496002
3523608.0,0.26137245,1.0,3.096
3523686.0,0.27066752,1.0,2.064
3523764.0,0.25878212,1.0,2.064
3523842.0,0.27041358,1.0,2.064
3523921.0,0.25451544,1.0,2.064
3523999.0,0.26106772,1.0,2.064
3524077.0,0.27137867,1.0,294.119995
3524155.0,0.25162032,1.0,295.496002
3524233.0,0.26807714,1.0,295.839996
3524311.0,0.25898516,1.0,295.496002
3524389.0,0.26269302,1.0,295.152008
3524467.0,0.23252213,1.0,295.496002
3524546.0,0.26645178,1.0,274.511993
3524624.0,0.2606613,1.0,3.784
3524702.0,0.28412762,1.0,2.064
3524780.0,0.26335338,1.0,2.064
3524858.0,0.26391205,1.0,2.064
3524936.0,0.2732071,1.0,2.408
3525014.0,0.24989328,1.0,1.032
3525092.0,0.28539744,1.0,294.119995
3525170.0,0.25278845,1.0,295.152008
3525249.0,0.25222969,1.0,294.808014
3525327.0,0.26477554,1.0,295.152008
3525405.0,0.25923914,1.0,296.18399
3525483.0,0.25568372,1.0,295.496002
3525561.0,0.26116922,1.0,33.368
3525639.0,0.26863584,1.0,2.408
3525717.0,0.3087621,1.0,2.064
3525795.0,0.25888366,1.0,2.064
3525873.0,0.28092772,1.0,2.064
3525952.0,0.24938534,1.0,1.376
3526030.0,0.24821714,1.0,252.839996
3526108.0,0.25436309,1.0,294.808014
3526186.0,0.24445845,1.0,295.152008
3526264.0,0.23516336,1.0,295.152008
3526342.0,0.25385508,1.0,295.496002
3526420.0,0.28082603,1.0,295.152008
3526498.0,0.24928382,1.0,295.152008
3526576.0,0.25314403,1.0,2.752
3526655.0,0.24349336,1.0,1.72
3526733.0,0.25228062,1.0,2.064
3526811.0,0.27401981,1.0,1.72
3526889.0,0.26365817,1.0,2.064
3526967.0,0.26274392,1.0,1.72
3527045.0,0.25482023,1.0,293.432007
3527123.0,0.26248997,1.0,295.152008
3527201.0,0.2566995,1.0,295.496002
3527279.0,0.23805863,1.0,295.496002
3527358.0,0.25405821,1.0,295.496002
3527436.0,0.25852808,1.0,295.839996
3527514.0,0.2463378,1.0,295.496002
3527592.0,0.25415996,1.0,3.096
3527670.0,0.27178499,1.0,1.72
3527748.0,0.27813405,1.0,2.064
3527826.0,0.26360732,1.0,2.064
3527905.0,0.24750601,1.0,1.72
3527983.0,0.26756921,1.0,2.064
3528061.0,0.25812176,1.0,293.776001
3528139.0,0.25837564,1.0,295.152008
3528217.0,0.2420712,1.0,295.496002
3528295.0,0.25928989,1.0,295.496002
3528373.0,0.26203272,1.0,295.496002
3528451.0,0.26558828,1.0,295.496002
3528529.0,0.24715045,1.0,295.496002
3528608.0,0.26563904,1.0,3.096
3528686.0,0.27767697,1.0,2.064
3528764.0,0.27579764,1.0,2.064
3528842.0,0.26416609,1.0,2.752
3528920.0,0.2519758,1.0,3.096
3528998.0,0.25355035,1.0,3.096
3529076.0,0.24796318,1.0,294.463989
3529154.0,0.23882043,1.0,296.18399
3529232.0,0.26761991,1.0,295.839996
3529310.0,0.25471857,1.0,295.839996
3529389.0,0.24852186,1.0,295.839996
3529467.0,0.2797595,1.0,295.839996
3529545.0,0.25248373,1.0,278.29599
3529623.0,0.25812176,1.0,4.128
3529701.0,0.24704891,1.0,2.752
3529779.0,0.28143564,1.0,2.752
3529857.0,0.24923299,1.0,2.752
3529936.0,0.26243913,1.0,2.752
3530014.0,0.2608645,1.0,0.0
3530092.0,0.22906825,1.0,294.808014
3530170.0,0.2455759,1.0,295.839996
3530248.0,0.26645178,1.0,295.839996
3530326.0,0.25857884,1.0,296.18399
3530404.0,0.25065508,1.0,295.496002
3530482.0,0.2621344,1.0,295.496002
3530560.0,0.27447703,1.0,38.872002
3530639.0,0.26142326,1.0,2.064
3530717.0,0.27681348,1.0,2.064
3530795.0,0.27208978,1.0,2.064
3530873.0,0.2476076,1.0,2.064
3530951.0,0.26381055,1.0,2.064
3531029.0,0.26365817,1.0,240.455994
3531107.0,0.24222356,1.0,295.152008
3531185.0,0.23236977,1.0,295.152008
3531263.0,0.24273148,1.0,295.496002
3531342.0,0.27102301,1.0,295.496002
3531420.0,0.26259148,1.0,295.496002
3531498.0,0.25827405,1.0,295.839996
3531576.0,0.28874981,1.0,3.096
3531654.0,0.27396905,1.0,2.064
3531732.0,0.265385,1.0,1.72
3531810.0,0.28402603,1.0,2.408
3531888.0,0.25634402,1.0,1.72
3531966.0,0.25685188,1.0,2.064
3532045.0,0.25715658,1.0,293.432007
3532123.0,0.27269924,1.0,295.152008
3532201.0,0.24598223,1.0,295.496002
3532279.0,0.26787394,1.0,295.496002
3532357.0,0.24659169,1.0,295.496002
3532435.0,0.29154339,1.0,295.152008
3532513.0,0.26955014,1.0,295.496002
3532591.0,0.25431225,1.0,3.096
3532669.0,0.26731518,1.0,2.064
3532748.0,0.27615318,1.0,1.72
3532826.0,0.25725821,1.0,1.72
3532904.0,0.26477554,1.0,1.72
3532982.0,0.26955014,1.0,1.376
3533060.0,0.2573598,1.0,293.088013
3533138.0,0.26584223,1.0,295.152008
3533216.0,0.26233745,1.0,294.808014
3533294.0,0.2511631,1.0,295.496002
3533372.0,0.26320094,1.0,294.808014
3533451.0,0.2416648,1.0,295.496002
3533529.0,0.25573441,1.0,295.152008
3533607.0,0.25644556,1.0,2.752
3533685.0,0.26477554,1.0,2.408
3533763.0,0.26355651,1.0,1.72
3533841.0,0.23998865,1.0,1.376
3533919.0,0.27163261,1.0,2.064
3533997.0,0.28336567,1.0,1.72
3534076.0,0.24755685,1.0,293.432007
3534154.0,0.25918838,1.0,294.808014
3534232.0,0.25502345,1.0,294.463989
3534310.0,0.273258,1.0,295.496002
3534388.0,0.28128329,1.0,295.496002
3534466.0,0.2818419,1.0,295.496002
3534544.0,0.26142326,1.0,281.735992
3534622.0,0.27376586,1.0,2.752
3534700.0,0.28077537,1.0,1.72
3534779.0,0.25497252,1.0,1.72
3534857.0,0.25852808,1.0,2.064
3534935.0,0.26670572,1.0,1.376
3535013.0,0.27102301,1.0,0.0
3535091.0,0.26584223,1.0,293.432007
3535169.0,0.25786778,1.0,295.152008
3535247.0,0.25847724,1.0,294.808014
3535325.0,0.27513734,1.0,295.496002
3535404.0,0.25502345,1.0,295.152008
3535482.0,0.26360732,1.0,295.496002
3535560.0,0.27630556,1.0,43.0
3535638.0,0.25593761,1.0,2.064
3535716.0,0.31084457,1.0,2.064
3535794.0,0.27920073,1.0,2.064
3535872.0,0.26645178,1.0,2.064
3535950.0,0.26695961,1.0,2.064
3536028.0,0.27051517,1.0,230.479996
3536107.0,0.25730902,1.0,295.152008
3536185.0,0.23897287,1.0,295.496002
3536263.0,0.27904829,1.0,295.496002
3536341.0,0.26111847,1.0,294.808014
3536419.0,0.26548669,1.0,295.496002
3536497.0,0.27823573,1.0,295.839996
3536575.0,0.24872506,1.0,3.44
3536653.0,0.25720751,1.0,2.064
3536731.0,0.27838802,1.0,2.408
3536810.0,0.28214663,1.0,2.064
3536888.0,0.26533431,1.0,2.408
3536966.0,0.26330253,1.0,1.72
3537044.0,0.27153102,1.0,293.432007
3537122.0,0.2763564,1.0,295.152008
3537200.0,0.24938534,1.0,295.152008
3537278.0,0.26944855,1.0,295.496002
3537356.0,0.2756961,1.0,295.152008
3537434.0,0.27767697,1.0,295.496002
3537513.0,0.26477554,1.0,295.839996
3537591.0,0.25923914,1.0,3.784
3537669.0,0.27036273,1.0,2.408
3537747.0,0.2725468,1.0,2.064
3537825.0,0.27361357,1.0,2.064
3537903.0,0.27879441,1.0,2.064
3537981.0,0.2483695,1.0,2.064
3538059.0,0.25644556,1.0,292.743988
3538137.0,0.26142326,1.0,295.496002
3538216.0,0.27056593,1.0,294.808014
3538294.0,0.27407065,1.0,295.152008
3538372.0,0.26122007,1.0,295.496002
3538450.0,0.25299168,1.0,295.839996
3538528.0,0.26345497,1.0,295.152008
3538606.0,0.26924536,1.0,3.44
3538684.0,0.27859113,1.0,2.064
3538762.0,0.26655337,1.0,2.064
3538840.0,0.26665488,1.0,2.064
3538919.0,0.26157564,1.0,1.72
3538997.0,0.26137245,1.0,1.72
3539075.0,0.26330253,1.0,293.776001
3539153.0,0.25349966,1.0,294.808014
3539231.0,0.27381667,1.0,295.152008
3539309.0,0.26721364,1.0,295.496002
3539387.0,0.26000103,1.0,294.808014
3539466.0,0.2755436,1.0,295.496002
3539544.0,0.25395668,1.0,285.519989
3539622.0,0.24481395,1.0,3.096
3539700.0,0.28763229,1.0,2.064
3539778.0,0.27117544,1.0,2.408
3539856.0,0.25893441,1.0,2.064
3539934.0,0.25741065,1.0,2.408
3540012.0,0.26868668,1.0,0.688
3540090.0,0.2756452,1.0,294.119995
3540168.0,0.24506791,1.0,295.496002
3540247.0,0.26167718,1.0,295.496002
3540325.0,0.26787394,1.0,295.152008
3540403.0,0.26914367,1.0,295.839996
3540481.0,0.26442,1.0,295.839996
3540559.0,0.27107394,1.0,48.16
3540637.0,0.26472479,1.0,2.064
3540715.0,0.28930849,1.0,1.72
3540793.0,0.27518803,1.0,1.72
3540871.0,0.28194356,1.0,1.376
3540950.0,0.2702612,1.0,2.064
3541028.0,0.27427384,1.0,224.975998
3541106.0,0.26624855,1.0,295.152008
3541184.0,0.25202659,1.0,295.152008
3541262.0,0.26391205,1.0,295.496002
3541340.0,0.26574057,1.0,295.496002
3541418.0,0.27706736,1.0,296.18399
3541496.0,0.25771534,1.0,295.152008
3541574.0,0.29113698,1.0,3.44
3541653.0,0.26797554,1.0,2.408
3541731.0,0.27452773,1.0,2.752
3541809.0,0.25720751,1.0,2.064
3541887.0,0.26335338,1.0,1.376
3541965.0,0.24501722,1.0,2.064
3542043.0,0.27158177,1.0,293.088013
3542121.0,0.27203894,1.0,295.839996
3542199.0,0.22439525,1.0,295.152008
3542277.0,0.26899138,1.0,295.496002
3542356.0,0.25979781,1.0,295.496002
3542434.0,0.25344875,1.0,295.496002
3542512.0,0.25446469,1.0,295.839996
3542590.0,0.28976566,1.0,3.44
3542668.0,0.26299781,1.0,2.064
3542746.0,0.25791848,1.0,2.408
3542824.0,0.27005801,1.0,2.064
3542903.0,0.26975328,1.0,1.376
3542981.0,0.25431225,1.0,1.032
3543059.0,0.28275621,1.0,293.088013
3543137.0,0.26269302,1.0,294.463989
3543215.0,0.26396289,1.0,294.808014
3543293.0,0.26218516,1.0,295.496002
3543371.0,0.24816629,1.0,294.808014
3543449.0,0.26320094,1.0,295.152008
3543527.0,0.24918222,1.0,295.152008
3543606.0,0.25685188,1.0,2.408
3543684.0,0.26467404,1.0,1.376
3543762.0,0.26233745,1.0,2.064
3543840.0,0.27137867,1.0,1.376
3543918.0,0.27163261,1.0,1.72
3543996.0,0.25984865,1.0,2.064
3544074.0,0.2732071,1.0,293.776001
3544152.0,0.26289621,1.0,295.152008
3544230.0,0.25370273,1.0,295.152008
3544309.0,0.26177877,1.0,295.839996
3544387.0,0.28346735,1.0,296.18399
3544465.0,0.268585,1.0,295.496002
3544543.0,0.26589301,1.0,289.992004
3544621.0,0.26690894,1.0,3.784
3544699.0,0.28341657,1.0,2.408
3544777.0,0.26888978,1.0,2.752
3544855.0,0.26248997,1.0,2.408
3544933.0,0.25415996,1.0,2.408
3545012.0,0.28646407,1.0,1.032
3545090.0,0.28295943,1.0,294.119995
3545168.0,0.2345539,1.0,295.839996
3545246.0,0.26182958,1.0,295.839996
3545324.0,0.25918838,1.0,295.839996
3545402.0,0.26198187,1.0,295.839996
3545480.0,0.26020423,1.0,295.839996
3545558.0,0.26579142,1.0,54.007999
3545637.0,0.2596963,1.0,1.376
3545715.0,0.27000716,1.0,1.376
3545793.0,0.27234367,1.0,1.376
3545871.0,0.2763564,1.0,1.72
3545949.0,0.25446469,1.0,1.72
3546027.0,0.25456619,1.0,217.751999
3546105.0,0.26360732,1.0,295.152008
3546183.0,0.22221118,1.0,295.152008
3546262.0,0.24958855,1.0,294.808014
3546340.0,0.25217903,1.0,294.808014
3546418.0,0.26980397,1.0,295.152008
3546496.0,0.27752453,1.0,295.839996
3546574.0,0.27645791,1.0,3.096
3546652.0,0.28077537,1.0,2.064
3546730.0,0.27661029,1.0,2.064
3546808.0,0.26985487,1.0,2.408
3546886.0,0.28016576,1.0,2.064
3546965.0,0.2725977,1.0,2.064
3547043.0,0.25710583,1.0,293.088013
3547121.0,0.26345497,1.0,295.152008
3547199.0,0.24486485,1.0,295.496002
3547277.0,0.27909923,1.0,295.496002
3547355.0,0.26772159,1.0,295.839996
3547433.0,0.26761991,1.0,295.152008
3547511.0,0.25883281,1.0,294.463989
3547589.0,0.26543584,1.0,2.752
3547668.0,0.30393681,1.0,1.72
3547746.0,0.27300397,1.0,1.72
3547824.0,0.26289621,1.0,1.72
3547902.0,0.2837213,1.0,2.408
3547980.0,0.26304865,1.0,2.064
3548058.0,0.27930227,1.0,293.776001
3548136.0,0.23577289,1.0,295.496002
3548214.0,0.25817251,1.0,295.152008
3548292.0,0.27010885,1.0,295.496002
3548370.0,0.25202659,1.0,295.496002
3548449.0,0.28666726,1.0,295.496002
3548527.0,0.27376586,1.0,295.496002
3548605.0,0.26680732,1.0,3.096
3548683.0,0.26584223,1.0,2.064
3548761.0,0.27473095,1.0,1.72
3548839.0,0.28026736,1.0,2.064
3548917.0,0.26492798,1.0,1.72
3548995.0,0.2709215,1.0,1.72
3549074.0,0.26518187,1.0,293.776001
3549152.0,0.2455759,1.0,295.152008
3549230.0,0.27671194,1.0,294.808014
3549308.0,0.27711821,1.0,295.152008
3549386.0,0.26716283,1.0,295.496002
3549464.0,0.2859562,1.0,295.496002
3549542.0,0.29174659,1.0,292.056
3549620.0,0.26442,1.0,2.752
3549699.0,0.27579764,1.0,2.064
3549777.0,0.26995641,1.0,2.064
3549855.0,0.26122007,1.0,2.752
3549933.0,0.29677501,1.0,2.064
3550011.0,0.26447082,1.0,1.376
3550089.0,0.25222969,1.0,294.119995
3550167.0,0.2749849,1.0,295.496002
3550245.0,0.25954393,1.0,296.18399
3550323.0,0.28229913,1.0,295.839996
3550402.0,0.27645791,1.0,295.839996
3550480.0,0.28341657,1.0,296.18399
3550558.0,0.278896,1.0,60.543999
3550636.0,0.26594377,1.0,2.408
3550714.0,0.29667348,1.0,2.408
3550792.0,0.26924536,1.0,2.408
3550870.0,0.28666726,1.0,2.408
3550948.0,0.26548669,1.0,1.72
3551026.0,0.28321332,1.0,210.871994
3551105.0,0.27193734,1.0,294.463989
3551183.0,0.24202035,1.0,294.808014
3551261.0,0.27452773,1.0,294.463989
3551339.0,0.24694724,1.0,294.808014
3551417.0,0.279607,1.0,294.808014
3551495.0,0.25517574,1.0,294.808014
3551573.0,0.26965168,1.0,2.752
3551651.0,0.27163261,1.0,1.72
3551729.0,0.26777235,1.0,1.72
3551808.0,0.27549291,1.0,2.064
3551886.0,0.26828027,1.0,2.064
3551964.0,0.25705507,1.0,1.72
3552042.0,0.26985487,1.0,293.088013
3552120.0,0.2772198,1.0,294.808014
3552198.0,0.27615318,1.0,295.152008
3552276.0,0.24943604,1.0,294.808014
3552354.0,0.25908685,1.0,294.808014
3552432.0,0.27132788,1.0,294.808014
3552511.0,0.28656566,1.0,295.152008
3552589.0,0.26162648,1.0,2.752
3552667.0,0.29240689,1.0,2.064
3552745.0,0.27122623,1.0,1.376
3552823.0,0.26756921,1.0,2.064
3552901.0,0.27021044,1.0,2.064
3552979.0,0.25822335,1.0,1.376
3553058.0,0.24608384,1.0,293.432007
3553136.0,0.265385,1.0,294.808014
3553214.0,0.28900376,1.0,295.496002
3553292.0,0.26030591,1.0,294.808014
3553370.0,0.28072453,1.0,295.496002
3553448.0,0.26767081,1.0,295.496002
3553526.0,0.28514349,1.0,294.808014
3553604.0,0.27447703,1.0,3.096
3553682.0,0.27742293,1.0,2.064
3553761.0,0.29794329,1.0,1.032
3553839.0,0.27127707,1.0,2.064
3553917.0,0.27600083,1.0,1.72
3553995.0,0.27762613,1.0,2.064
3554073.0,0.27788016,1.0,293.776001
3554151.0,0.26934695,1.0,295.152008
3554229.0,0.26182958,1.0,295.152008
3554307.0,0.28148633,1.0,294.808014
3554385.0,0.27107394,1.0,295.496002
3554464.0,0.26508027,1.0,295.152008
3554542.0,0.27579764,1.0,296.18399
3554620.0,0.26919451,1.0,2.752
3554698.0,0.30231151,1.0,1.72
3554776.0,0.27661029,1.0,2.064
3554854.0,0.25421065,1.0,1.72
3554932.0,0.25019807,1.0,1.376
3555010.0,0.27031198,1.0,0.688
3555088.0,0.24679488,1.0,294.119995
3555167.0,0.25776613,1.0,295.152008
3555245.0,0.2667565,1.0,295.496002
3555323.0,0.26188037,1.0,294.808014
3555401.0,0.26518187,1.0,295.152008
3555479.0,0.25756308,1.0,294.808014
3555557.0,0.27051517,1.0,65.704002
3555635.0,0.25512496,1.0,2.064
3555713.0,0.32120633,1.0,2.064
3555792.0,0.25588685,1.0,1.72
3555870.0,0.28250226,1.0,2.064
3555948.0,0.27117544,1.0,2.064
3556026.0,0.25314403,1.0,205.367996
3556104.0,0.2709215,1.0,294.808014
3556182.0,0.26188037,1.0,294.463989
3556260.0,0.27275008,1.0,295.152008
3556338.0,0.26355651,1.0,294.808014
3556416.0,0.25202659,1.0,294.808014
3556495.0,0.27168339,1.0,295.152008
3556573.0,0.274223,1.0,2.752
3556651.0,0.27158177,1.0,2.064
3556729.0,0.26431847,1.0,1.032
3556807.0,0.27701667,1.0,1.72
3556885.0,0.26660407,1.0,2.064
3556963.0,0.27574679,1.0,1.72
3557041.0,0.2655375,1.0,293.088013
3557120.0,0.26817867,1.0,295.152008
3557198.0,0.25502345,1.0,295.152008
3557276.0,0.25294089,1.0,295.496002
3557354.0,0.27452773,1.0,295.496002
3557432.0,0.26635018,1.0,295.496002
3557510.0,0.27148017,1.0,295.496002
3557588.0,0.27021044,1.0,3.096
3557666.0,0.27534047,1.0,1.72
3557744.0,0.27625471,1.0,1.72
3557823.0,0.25918838,1.0,2.408
3557901.0,0.27869281,1.0,2.064
3557979.0,0.25644556,1.0,3.096
3558057.0,0.26482639,1.0,293.088013
3558135.0,0.2802166,1.0,295.152008
3558213.0,0.24481395,1.0,295.496002
3558291.0,0.27214053,1.0,295.152008
3558369.0,0.27229297,1.0,296.18399
3558447.0,0.26147404,1.0,295.496002
3558525.0,0.28001347,1.0,295.839996
3558604.0,0.25568372,1.0,2.752
3558682.0,0.27341035,1.0,2.408
3558760.0,0.26289621,1.0,2.064
3558838.0,0.26513112,1.0,1.72
3558916.0,0.2678231,1.0,2.408
3558994.0,0.28941008,1.0,2.064
3559072.0,0.27173421,1.0,293.432007
3559150.0,0.265385,1.0,295.152008
3559228.0,0.27264839,1.0,295.152008
3559307.0,0.27625471,1.0,295.496002
3559385.0,0.26853424,1.0,295.152008
3559463.0,0.29332119,1.0,296.528015
3559541.0,0.2873784,1.0,298.59201
3559619.0,0.26254064,1.0,3.784
3559697.0,0.28925774,1.0,2.752
3559775.0,0.28575292,1.0,2.408
3559854.0,0.28971481,1.0,2.408
3559932.0,0.26162648,1.0,2.408
3560010.0,0.28407687,1.0,1.032
3560088.0,0.28519416,1.0,294.463989
3560166.0,0.25009647,1.0,295.839996
3560244.0,0.26919451,1.0,295.496002
3560322.0,0.28468639,1.0,295.839996
3560400.0,0.25385508,1.0,295.496002
3560478.0,0.26909301,1.0,295.496002
3560557.0,0.27264839,1.0,72.584
3560635.0,0.2749849,1.0,2.408
3560713.0,0.28519416,1.0,2.408
3560791.0,0.27351195,1.0,2.408
3560869.0,0.27965784,1.0,2.064
3560947.0,0.28006423,1.0,2.064
3561025.0,0.25553128,1.0,198.832001
3561103.0,0.27620396,1.0,295.152008
3561181.0,0.23988706,1.0,295.496002
3561260.0,0.27772772,1.0,295.496002
3561338.0,0.26975328,1.0,295.496002
3561416.0,0.27696583,1.0,295.496002
3561494.0,0.25151864,1.0,295.496002
3561572.0,0.28402603,1.0,3.44
3561650.0,0.28514349,1.0,2.064
3561728.0,0.29083225,1.0,2.064
3561806.0,0.29438776,1.0,2.064
3561884.0,0.27701667,1.0,2.064
3561963.0,0.28961322,1.0,2.064
3562041.0,0.29530206,1.0,293.432007
3562119.0,0.26660407,1.0,295.496002
3562197.0,0.27904829,1.0,296.18399
3562275.0,0.27874357,1.0,296.18399
3562353.0,0.26949924,1.0,295.839996
3562431.0,0.2830101,1.0,295.839996
3562509.0,0.28153718,1.0,296.18399
3562587.0,0.27127707,1.0,3.784
3562666.0,0.28483877,1.0,2.408
3562744.0,0.2709215,1.0,2.408
3562822.0,0.2900196,1.0,2.408
3562900.0,0.27351195,1.0,2.408
3562978.0,0.28900376,1.0,2.408
3563056.0,0.27767697,1.0,294.119995
3563134.0,0.28814027,1.0,295.496002
3563212.0,0.27401981,1.0,295.496002
3563290.0,0.2836704,1.0,295.496002
3563369.0,0.26142326,1.0,295.839996
3563447.0,0.27269924,1.0,295.839996
3563525.0,0.279607,1.0,295.839996
3563603.0,0.27981019,1.0,3.44
3563681.0,0.2836704,1.0,2.408
3563759.0,0.26487708,1.0,2.408
3563837.0,0.28224829,1.0,2.064
3563915.0,0.29834962,1.0,2.408
3563994.0,0.26655337,1.0,2.408
3564072.0,0.27005801,1.0,293.776001
3564150.0,0.27076921,1.0,295.496002
3564228.0,0.25273764,1.0,295.496002
3564306.0,0.29052755,1.0,295.496002
3564384.0,0.26995641,1.0,295.496002
3564462.0,0.29189897,1.0,295.839996
3564540.0,0.27696583,1.0,297.216003
3564619.0,0.27010885,1.0,3.096
3564697.0,0.27117544,1.0,2.408
3564775.0,0.26645178,1.0,2.752
3564853.0,0.26462319,1.0,3.096
3564931.0,0.2731564,1.0,3.096
3565009.0,0.27264839,1.0,1.376
3565087.0,0.28148633,1.0,294.463989
3565165.0,0.24181731,1.0,295.839996
3565243.0,0.28402603,1.0,295.839996
3565322.0,0.27295327,1.0,295.839996
3565400.0,0.25441384,1.0,295.839996
3565478.0,0.25654715,1.0,295.839996
3565556.0,0.25527725,1.0,82.559998
3565634.0,0.26645178,1.0,2.408
3565712.0,0.29982263,1.0,2.064
3565790.0,0.26563904,1.0,2.408
3565868.0,0.27376586,1.0,2.408
3565946.0,0.27671194,1.0,2.064
3566025.0,0.25939158,1.0,192.639999
3566103.0,0.29931465,1.0,295.496002
3566181.0,0.25725821,1.0,295.496002
3566259.0,0.27183574,1.0,295.496002
3566337.0,0.29144186,1.0,295.496002
3566415.0,0.2701596,1.0,296.18399
3566493.0,0.25517574,1.0,295.496002
3566571.0,0.26096618,1.0,3.784
3566649.0,0.29819718,1.0,2.408
3566728.0,0.29885754,1.0,2.408
3566806.0,0.26863584,1.0,2.408
3566884.0,0.27904829,1.0,1.72
3566962.0,0.29926395,1.0,2.064
3567040.0,0.26990566,1.0,294.119995
3567118.0,0.28631169,1.0,295.496002
3567196.0,0.24176647,1.0,295.152008
3567274.0,0.26868668,1.0,295.152008
3567352.0,0.25558206,1.0,295.496002
3567431.0,0.26609612,1.0,295.839996
3567509.0,0.29037511,1.0,296.18399
3567587.0,0.25837564,1.0,3.784
3567665.0,0.27097234,1.0,2.408
3567743.0,0.28306094,1.0,2.752
3567821.0,0.27523887,1.0,2.408
3567899.0,0.27264839,1.0,1.72
3567977.0,0.27137867,1.0,1.72
3568056.0,0.27341035,1.0,293.776001
3568134.0,0.26919451,1.0,295.152008
3568212.0,0.25725821,1.0,295.496002
3568290.0,0.25476941,1.0,295.496002
3568368.0,0.26152489,1.0,295.839996
3568446.0,0.268585,1.0,295.839996
3568524.0,0.2763564,1.0,296.18399
3568602.0,0.27112463,1.0,2.752
3568681.0,0.26955014,1.0,1.72
3568759.0,0.28275621,1.0,1.72
3568837.0,0.25593761,1.0,1.72
3568915.0,0.26777235,1.0,2.064
3568993.0,0.27843878,1.0,1.72
3569071.0,0.26543584,1.0,293.776001
3569149.0,0.26035658,1.0,295.152008
3569227.0,0.28412762,1.0,295.152008
3569305.0,0.27290237,1.0,295.496002
3569384.0,0.27112463,1.0,295.496002
3569462.0,0.27793086,1.0,295.496002
3569540.0,0.2718865,1.0,296.872009
3569618.0,0.28519416,1.0,3.096
3569696.0,0.29890838,1.0,2.408
3569774.0,0.28336567,1.0,2.064
3569852.0,0.28102925,1.0,1.72
3569930.0,0.26635018,1.0,2.064
3570008.0,0.27747378,1.0,0.688
3570086.0,0.28006423,1.0,293.776001
3570165.0,0.2573598,1.0,295.152008
3570243.0,0.2568011,1.0,295.152008
3570321.0,0.29961935,1.0,295.496002
3570399.0,0.27981019,1.0,295.496002
3570477.0,0.27153102,1.0,294.808014
3570555.0,0.26965168,1.0,91.503998
3570633.0,0.26888978,1.0,2.064
3570712.0,0.27087075,1.0,2.064
3570790.0,0.26482639,1.0,2.408
3570868.0,0.27539137,1.0,1.72
3570946.0,0.27666113,1.0,2.408
3571024.0,0.26518187,1.0,177.503998
3571102.0,0.28250226,1.0,295.496002
3571180.0,0.24537264,1.0,295.839996
3571258.0,0.2819944,1.0,294.463989
3571336.0,0.27239451,1.0,295.839996
3571415.0,0.25842655,1.0,295.152008
3571493.0,0.26990566,1.0,294.808014
3571571.0,0.25802007,1.0,3.096
3571649.0,0.2779817,1.0,2.064
3571727.0,0.2802166,1.0,2.408
3571805.0,0.26904216,1.0,2.064
3571883.0,0.27594993,1.0,1.72
3571961.0,0.26228675,1.0,2.064
3572039.0,0.27163261,1.0,292.743988
3572118.0,0.28488946,1.0,295.839996
3572196.0,0.28219754,1.0,295.152008
3572274.0,0.27066752,1.0,295.839996
3572352.0,0.27193734,1.0,295.839996
3572430.0,0.2876831,1.0,296.18399
3572508.0,0.28991809,1.0,295.839996
3572586.0,0.27417234,1.0,3.44
3572664.0,0.28641322,1.0,2.408
3572742.0,0.2843816,1.0,2.408
3572821.0,0.26421678,1.0,2.752
3572899.0,0.26741678,1.0,2.408
3572977.0,0.27686423,1.0,2.408
3573055.0,0.26817867,1.0,294.119995
3573133.0,0.25928989,1.0,295.152008
3573211.0,0.273258,1.0,295.496002
3573289.0,0.28407687,1.0,295.496002
3573367.0,0.26472479,1.0,295.839996
3573445.0,0.27300397,1.0,295.839996
3573524.0,0.26543584,1.0,296.528015
3573602.0,0.27386746,1.0,3.096
3573680.0,0.29007038,1.0,2.408
3573758.0,0.30566379,1.0,3.096
3573836.0,0.22983015,1.0,2.752
3573914.0,0.27468017,1.0,2.064
3573992.0,0.28463563,1.0,2.064
3574070.0,0.27386746,1.0,294.119995
3574148.0,0.25888366,1.0,295.839996
3574227.0,0.27920073,1.0,295.496002
3574305.0,0.26756921,1.0,295.152008
3574383.0,0.2568011,1.0,295.839996
3574461.0,0.27203894,1.0,295.496002
3574539.0,0.26370895,1.0,297.559998
3574617.0,0.28885132,1.0,3.44
3574695.0,0.2907815,1.0,2.064
3574773.0,0.27681348,1.0,2.064
3574852.0,0.2818419,1.0,1.376
3574930.0,0.2630994,1.0,3.096
3575008.0,0.27021044,1.0,1.032
3575086.0,0.24770921,1.0,294.119995
3575164.0,0.26040742,1.0,295.496002
3575242.0,0.27366433,1.0,296.18399
3575320.0,0.26442,1.0,295.839996
3575398.0,0.27879441,1.0,295.496002
3575476.0,0.27706736,1.0,295.839996
3575555.0,0.2765595,1.0,101.480003
3575633.0,0.28001347,1.0,2.752
3575711.0,0.30068612,1.0,2.064
3575789.0,0.29159415,1.0,3.096
3575867.0,0.29408303,1.0,2.064
3575945.0,0.27838802,1.0,3.096
3576023.0,0.2913402,1.0,165.464005
3576101.0,0.2797595,1.0,295.152008
3576179.0,0.28814027,1.0,296.528015
3576258.0,0.27214053,1.0,295.496002
3576336.0,0.26767081,1.0,295.496002
3576414.0,0.28534669,1.0,295.839996
3576492.0,0.27701667,1.0,295.496002
3576570.0,0.27920073,1.0,4.128
3576648.0,0.2836704,1.0,2.064
3576726.0,0.28656566,1.0,2.408
3576804.0,0.26497877,1.0,2.408
3576882.0,0.2820451,1.0,3.096
3576961.0,0.29535285,1.0,2.408
3577039.0,0.27747378,1.0,294.119995
3577117.0,0.27234367,1.0,295.496002
3577195.0,0.26294705,1.0,295.496002
3577273.0,0.28123236,1.0,295.496002
3577351.0,0.28067374,1.0,295.839996
3577429.0,0.27676263,1.0,296.18399
3577507.0,0.28214663,1.0,295.496002
3577585.0,0.26492798,1.0,3.096
3577664.0,0.26228675,1.0,1.72
3577742.0,0.28575292,1.0,1.032
3577820.0,0.26624855,1.0,2.064
3577898.0,0.26670572,1.0,2.408
3577976.0,0.30327651,1.0,2.064
3578054.0,0.27986103,1.0,293.776001
3578132.0,0.27584839,1.0,295.152008
3578210.0,0.25781697,1.0,295.152008
3578289.0,0.27376586,1.0,295.496002
3578367.0,0.25781697,1.0,295.496002
3578445.0,0.27818489,1.0,295.496002
3578523.0,0.27513734,1.0,295.496002
3578601.0,0.27158177,1.0,2.408
3578679.0,0.28250226,1.0,2.064
3578757.0,0.2850419,1.0,2.064
3578835.0,0.26878819,1.0,2.064
3578914.0,0.26370895,1.0,2.064
3578992.0,0.27630556,1.0,2.064
3579070.0,0.2804198,1.0,293.776001
3579148.0,0.26340422,1.0,295.152008
3579226.0,0.25690278,1.0,295.496002
3579304.0,0.27341035,1.0,295.496002
3579382.0,0.2701596,1.0,295.152008
3579460.0,0.27356273,1.0,295.496002
3579538.0,0.29037511,1.0,297.559998
3579617.0,0.27234367,1.0,3.096
3579695.0,0.31018427,1.0,2.064
3579773.0,0.27935311,1.0,1.72
3579851.0,0.28377208,1.0,2.064
3579929.0,0.28834349,1.0,2.064
3580007.0,0.27864197,1.0,0.688
3580085.0,0.26960093,1.0,293.776001
3580163.0,0.25065508,1.0,294.119995
3580241.0,0.27305481,1.0,295.839996
3580320.0,0.27681348,1.0,294.463989
3580398.0,0.25888366,1.0,295.496002
3580476.0,0.28412762,1.0,294.463989
3580554.0,0.26873744,1.0,110.080002
3580632.0,0.25090912,1.0,2.064
3580710.0,0.31048906,1.0,1.72
3580788.0,0.2907815,1.0,2.408
3580866.0,0.27178499,1.0,2.064
3580945.0,0.278896,1.0,2.064
3581023.0,0.26081368,1.0,154.800003
3581101.0,0.27178499,1.0,295.496002
3581179.0,0.23501107,1.0,295.496002
3581257.0,0.26690894,1.0,295.839996
3581335.0,0.27153102,1.0,295.496002
3581413.0,0.28209594,1.0,295.152008
3581491.0,0.2797595,1.0,295.496002
3581569.0,0.26218516,1.0,3.096
3581648.0,0.28057209,1.0,2.064
3581726.0,0.29931465,1.0,1.72
3581804.0,0.27224207,1.0,2.064
3581882.0,0.26482639,1.0,2.064
3581960.0,0.27452773,1.0,2.064
3582038.0,0.29276243,1.0,293.432007
3582116.0,0.2835182,1.0,295.152008
3582194.0,0.25852808,1.0,295.496002
3582272.0,0.27224207,1.0,295.496002
3582351.0,0.27366433,1.0,295.496002
3582429.0,0.26812792,1.0,295.496002
3582507.0,0.2725468,1.0,295.839996
3582585.0,0.27473095,1.0,3.44
3582663.0,0.25868037,1.0,2.064
3582741.0,0.27762613,1.0,2.064
3582819.0,0.29139096,1.0,2.064
3582897.0,0.29230529,1.0,2.064
3582975.0,0.28001347,1.0,2.408
3583054.0,0.27432463,1.0,293.432007
3583132.0,0.27777848,1.0,295.152008
3583210.0,0.29144186,1.0,295.152008
3583288.0,0.28895292,1.0,295.839996
3583366.0,0.278896,1.0,295.496002
3583444.0,0.2772198,1.0,295.496002
3583522.0,0.27513734,1.0,295.496002
3583600.0,0.28463563,1.0,2.408
3583678.0,0.28742915,1.0,2.064
3583757.0,0.27457857,1.0,1.72
3583835.0,0.28189272,1.0,1.72
3583913.0,0.27716896,1.0,2.064
3583991.0,0.28646407,1.0,2.064
3584069.0,0.27275008,1.0,294.119995
3584147.0,0.26472479,1.0,295.496002
3584225.0,0.25573441,1.0,295.496002
3584303.0,0.27742293,1.0,295.152008
3584382.0,0.28575292,1.0,295.496002
3584460.0,0.24217272,1.0,295.152008
3584538.0,0.27869281,1.0,296.872009
3584616.0,0.28209594,1.0,2.752
3584694.0,0.30134642,1.0,2.064
3584772.0,0.28285781,1.0,2.064
3584850.0,0.26396289,1.0,1.376
3584928.0,0.27417234,1.0,2.064
3585007.0,0.2725468,1.0,1.376
3585085.0,0.27899754,1.0,293.776001
3585163.0,0.25349966,1.0,295.152008
3585241.0,0.25324562,1.0,295.496002
3585319.0,0.2827054,1.0,295.496002
3585397.0,0.27589914,1.0,295.152008
3585475.0,0.27513734,1.0,295.152008
3585553.0,0.27681348,1.0,119.024002
3585631.0,0.28834349,1.0,2.064
3585710.0,0.26909301,1.0,1.376
3585788.0,0.2748833,1.0,2.064
3585866.0,0.28316262,1.0,1.72
3585944.0,0.27356273,1.0,2.064
3586022.0,0.28275621,1.0,149.983994
3586100.0,0.29961935,1.0,295.152008
3586178.0,0.25781697,1.0,295.152008
3586256.0,0.2519758,1.0,295.496002
3586334.0,0.29169568,1.0,295.152008
3586413.0,0.26248997,1.0,295.496002
3586491.0,0.26746762,1.0,295.496002
3586569.0,0.26822951,1.0,2.752
3586647.0,0.26284552,1.0,2.064
3586725.0,0.28895292,1.0,2.064
3586803.0,0.26995641,1.0,2.064
3586881.0,0.28428,1.0,2.752
3586959.0,0.30774632,1.0,2.408
3587037.0,0.28407687,1.0,293.776001
3587116.0,0.29748613,1.0,295.839996
3587194.0,0.26193121,1.0,295.152008
3587272.0,0.27158177,1.0,295.496002
3587350.0,0.27950546,1.0,295.839996
3587428.0,0.29992422,1.0,295.839996
3587506.0,0.28956246,1.0,296.18399
3587584.0,0.25954393,1.0,3.44
3587662.0,0.28803876,1.0,2.064
3587740.0,0.28453389,1.0,2.408
3587819.0,0.28935933,1.0,2.064
3587897.0,0.28001347,1.0,2.064
3587975.0,0.25675026,1.0,1.376
3588053.0,0.26995641,1.0,293.088013
3588131.0,0.28488946,1.0,295.839996
3588209.0,0.28306094,1.0,295.496002
3588287.0,0.26401374,1.0,295.496002
3588365.0,0.26970243,1.0,296.18399
3588443.0,0.29448935,1.0,294.808014
3588522.0,0.29296565,1.0,295.496002
3588600.0,0.26574057,1.0,3.096
3588678.0,0.29205132,1.0,1.72
3588756.0,0.2876831,1.0,2.064
3588834.0,0.29123867,1.0,2.064
3588912.0,0.2859562,1.0,2.064
3588990.0,0.26335338,1.0,1.376
3589069.0,0.28570226,1.0,293.088013
3589147.0,0.28778473,1.0,295.152008
3589225.0,0.2811816,1.0,295.496002
3589303.0,0.2765595,1.0,295.839996
3589381.0,0.28565142,1.0,295.839996
3589459.0,0.27981019,1.0,295.152008
3589537.0,0.28534669,1.0,297.559998
3589615.0,0.26076299,1.0,2.752
3589693.0,0.29052755,1.0,1.72
3589772.0,0.29164499,1.0,2.064
3589850.0,0.28499112,1.0,2.064
3589928.0,0.28869903,1.0,2.064
3590006.0,0.278896,1.0,1.032
3590084.0,0.29103538,1.0,293.776001
3590162.0,0.27000716,1.0,295.152008
3590240.0,0.2748833,1.0,294.808014
3590318.0,0.2837213,1.0,295.496002
3590396.0,0.2820451,1.0,295.496002
3590474.0,0.26736602,1.0,296.18399
3590553.0,0.27010885,1.0,130.376007
3590631.0,0.2860578,1.0,2.064
3590709.0,0.2725468,1.0,2.064
3590787.0,0.27447703,1.0,1.376
3590865.0,0.29647028,1.0,1.72
3590943.0,0.28011507,1.0,1.032
3591021.0,0.28047049,1.0,143.792007
3591099.0,0.28702283,1.0,295.496002
3591178.0,0.24974091,1.0,295.152008
3591256.0,0.26563904,1.0,294.463989
3591334.0,0.25857884,1.0,295.152008
3591412.0,0.30063522,1.0,295.152008
3591490.0,0.27935311,1.0,295.839996
3591568.0,0.29057837,1.0,2.064
3591646.0,0.2802166,1.0,2.408
3591724.0,0.30845737,1.0,2.408
3591802.0,0.28016576,1.0,2.408
3591880.0,0.30241302,1.0,2.408
3591959.0,0.28631169,1.0,1.72
3592037.0,0.28839424,1.0,294.463989
3592115.0,0.25802007,1.0,295.839996
3592193.0,0.27833724,1.0,295.152008
3592271.0,0.28006423,1.0,295.839996
3592349.0,0.2779817,1.0,295.496002
3592427.0,0.28143564,1.0,295.496002
3592506.0,0.29845116,1.0,295.496002
3592584.0,0.29210216,1.0,3.44
3592662.0,0.28925774,1.0,2.064
3592740.0,0.29286397,1.0,2.064
3592818.0,0.27036273,1.0,2.064
3592896.0,0.26208356,1.0,2.064
3592974.0,0.29982263,1.0,2.064
3593052.0,0.26899138,1.0,293.776001
3593131.0,0.26812792,1.0,294.808014
3593209.0,0.25675026,1.0,294.808014
3593287.0,0.27005801,1.0,295.152008
3593365.0,0.26264223,1.0,295.152008
3593443.0,0.30337805,1.0,295.152008
3593521.0,0.27447703,1.0,295.152008
3593599.0,0.29108623,1.0,3.784
3593677.0,0.28494036,1.0,2.752
3593755.0,0.2668581,1.0,2.408
3593834.0,0.27407065,1.0,2.408
3593912.0,0.27021044,1.0,2.408
3593990.0,0.26822951,1.0,2.408
3594068.0,0.27503574,1.0,294.119995
3594146.0,0.27132788,1.0,295.496002
3594224.0,0.28382289,1.0,295.496002
3594302.0,0.26543584,1.0,295.839996
3594380.0,0.26960093,1.0,294.808014
3594458.0,0.2867181,1.0,295.152008
3594537.0,0.26914367,1.0,297.216003
3594615.0,0.26873744,1.0,2.408
3594693.0,0.29327038,1.0,1.72
3594771.0,0.29073066,1.0,1.72
3594849.0,0.2826547,1.0,1.376
3594927.0,0.27777848,1.0,1.72
3595005.0,0.26843271,1.0,1.376
3595083.0,0.26574057,1.0,293.432007
3595161.0,0.26965168,1.0,294.808014
3595239.0,0.2818419,1.0,295.152008
3595318.0,0.27427384,1.0,295.152008
3595396.0,0.2773214,1.0,294.463989
3595474.0,0.28148633,1.0,295.496002
3595552.0,0.2835182,1.0,138.287994
3595630.0,0.28153718,1.0,1.72
3595708.0,0.29657182,1.0,1.72
3595786.0,0.27706736,1.0,1.376
3595864.0,0.30281928,1.0,1.72
3595943.0,0.29271162,1.0,1.72
3596021.0,0.29499727,1.0,136.223999
3596099.0,0.29514971,1.0,294.808014
3596177.0,0.27401981,1.0,295.839996
3596255.0,0.28483877,1.0,295.152008
3596333.0,0.23876961,1.0,295.839996
3596411.0,0.29885754,1.0,294.808014
3596489.0,0.27112463,1.0,295.496002
3596568.0,0.28570226,1.0,2.064
3596646.0,0.29570839,1.0,1.72
3596724.0,0.27391827,1.0,2.064
3596802.0,0.28392443,1.0,1.72
3596880.0,0.27803254,1.0,1.72
3596958.0,0.28554973,1.0,1.72
3597036.0,0.29266092,1.0,293.776001
3597114.0,0.27996254,1.0,294.463989
3597192.0,0.24669336,1.0,294.463989
3597271.0,0.28250226,1.0,294.808014
3597349.0,0.30474952,1.0,294.808014
3597427.0,0.27899754,1.0,295.496002
3597505.0,0.27483261,1.0,295.152008
3597583.0,0.26944855,1.0,2.752
3597661.0,0.28194356,1.0,1.72
3597739.0,0.28133404,1.0,2.064
3597817.0,0.27650869,1.0,1.72
3597895.0,0.28316262,1.0,1.376
3597974.0,0.2763564,1.0,1.72
3598052.0,0.29042593,1.0,293.088013
3598130.0,0.29276243,1.0,294.808014
3598208.0,0.2731564,1.0,295.152008
3598286.0,0.28290859,1.0,295.152008
3598364.0,0.27833724,1.0,295.152008
3598442.0,0.28656566,1.0,295.496002
3598520.0,0.30769548,1.0,294.808014
3598598.0,0.27630556,1.0,2.408
3598677.0,0.29636875,1.0,1.72
3598755.0,0.28179112,1.0,1.72
3598833.0,0.26147404,1.0,1.72
3598911.0,0.28793707,1.0,2.408
3598989.0,0.28509265,1.0,2.408
3599067.0,0.26894057,1.0,293.776001
3599145.0,0.27676263,1.0,295.839996
3599223.0,0.30058452,1.0,294.808014
3599301.0,0.27122623,1.0,295.496002
3599380.0,0.27620396,1.0,295.152008
3599458.0,0.25893441,1.0,295.496002
3599536.0,0.29118782,1.0,297.216003
3599614.0,0.26868668,1.0,3.096
3599692.0,0.29327038,1.0,1.72
3599770.0,0.27752453,1.0,1.032
3599848.0,0.28295943,1.0,1.72
3599926.0,0.27183574,1.0,1.376
3600005.0,0.2819944,1.0,1.032
3600083.0,0.26365817,1.0,293.088013
3600161.0,0.26421678,1.0,294.808014
3600239.0,0.27874357,1.0,294.808014
3600317.0,0.29357502,1.0,295.152008
3600395.0,0.28387359,1.0,295.152008
3600473.0,0.27823573,1.0,295.496002
3600551.0,0.27610236,1.0,146.199997
3600630.0,0.27874357,1.0,1.72
3600708.0,0.30617172,1.0,1.72
3600786.0,0.29535285,1.0,1.72
3600864.0,0.2763564,1.0,1.72
3600942.0,0.27346113,1.0,1.72
3601020.0,0.28874981,1.0,129.343994
3601098.0,0.2795563,1.0,295.152008
3601176.0,0.25730902,1.0,295.152008
3601254.0,0.27208978,1.0,295.152008
3601333.0,0.2725468,1.0,294.808014
3601411.0,0.27803254,1.0,295.152008
3601489.0,0.28194356,1.0,295.152008
3601567.0,0.30495265,1.0,2.064
3601645.0,0.29936546,1.0,2.408
3601723.0,0.315162,1.0,1.72
3601801.0,0.29418463,1.0,1.72
3601879.0,0.28798783,1.0,1.72
3601957.0,0.29499727,1.0,1.72
3602036.0,0.29753691,1.0,293.432007
3602114.0,0.27828643,1.0,295.496002
3602192.0,0.2718865,1.0,295.152008
3602270.0,0.31424767,1.0,295.496002
3602348.0,0.27579764,1.0,295.152008
3602426.0,0.27544206,1.0,295.496002
3602504.0,0.30022895,1.0,294.808014
3602582.0,0.29438776,1.0,2.408
3602660.0,0.28250226,1.0,2.064
3602739.0,0.29799405,1.0,2.064
3602817.0,0.27904829,1.0,2.064
3602895.0,0.273258,1.0,1.72
3602973.0,0.29342273,1.0,1.72
3603051.0,0.29139096,1.0,293.432007
3603129.0,0.26853424,1.0,294.808014
3603207.0,0.2511631,1.0,295.152008
3603285.0,0.2866165,1.0,295.152008
3603363.0,0.27132788,1.0,295.152008
3603442.0,0.28412762,1.0,295.152008
3603520.0,0.28417847,1.0,295.152008
3603598.0,0.2725977,1.0,2.752
3603676.0,0.26579142,1.0,2.064
3603754.0,0.28575292,1.0,2.064
3603832.0,0.29774001,1.0,2.064
3603910.0,0.28209594,1.0,2.064
3603989.0,0.30073687,1.0,2.064
3604067.0,0.27920073,1.0,293.776001
3604145.0,0.26899138,1.0,295.152008
3604223.0,0.28377208,1.0,295.152008
3604301.0,0.28092772,1.0,295.152008
3604379.0,0.26010269,1.0,295.496002
3604457.0,0.28168952,1.0,295.496002
3604535.0,0.28935933,1.0,296.872009
3604613.0,0.28158802,1.0,3.096
3604692.0,0.28925774,1.0,2.064
3604770.0,0.28443235,1.0,2.064
3604848.0,0.27589914,1.0,2.408
3604926.0,0.29961935,1.0,2.064
3605004.0,0.29509878,1.0,1.72
3605082.0,0.27203894,1.0,293.776001
3605160.0,0.26843271,1.0,295.496002
3605238.0,0.27742293,1.0,295.496002
3605316.0,0.28905451,1.0,295.496002
3605394.0,0.28387359,1.0,295.152008
3605473.0,0.28575292,1.0,295.496002
3605551.0,0.3017019,1.0,154.112
3605629.0,0.26289621,1.0,2.064
3605707.0,0.29565755,1.0,2.064
3605785.0,0.30718762,1.0,2.064
3605863.0,0.29332119,1.0,2.064
3605941.0,0.29454026,1.0,2.064
3606019.0,0.27097234,1.0,122.120003
3606097.0,0.2859562,1.0,295.152008
3606176.0,0.28417847,1.0,295.496002
3606254.0,0.29169568,1.0,295.496002
3606332.0,0.274223,1.0,295.152008
3606410.0,0.27940395,1.0,295.496002
3606488.0,0.26096618,1.0,295.496002
3606566.0,0.28748,1.0,1.72
3606644.0,0.27589914,1.0,2.064
3606722.0,0.2868197,1.0,2.064
3606800.0,0.29702905,1.0,2.064
3606879.0,0.28941008,1.0,1.72
3606957.0,0.27874357,1.0,2.064
3607035.0,0.25431225,1.0,293.776001
3607113.0,0.2891053,1.0,295.152008
3607191.0,0.26020423,1.0,295.152008
3607269.0,0.28209594,1.0,295.496002
3607347.0,0.25984865,1.0,295.496002
3607425.0,0.26807714,1.0,295.152008
3607504.0,0.29799405,1.0,295.496002
3607582.0,0.28113076,1.0,4.128
3607660.0,0.2779817,1.0,2.064
3607738.0,0.30774632,1.0,2.064
3607816.0,0.27930227,1.0,2.064
3607894.0,0.28534669,1.0,1.72
3607972.0,0.28016576,1.0,2.064
3608050.0,0.29083225,1.0,293.432007
3608129.0,0.30022895,1.0,294.808014
3608207.0,0.27290237,1.0,295.839996
3608285.0,0.27503574,1.0,294.808014
3608363.0,0.29464179,1.0,295.496002
3608441.0,0.27701667,1.0,295.839996
3608519.0,0.27503574,1.0,295.839996
3608597.0,0.2876831,1.0,3.44
3608675.0,0.29327038,1.0,1.72
3608753.0,0.29398149,1.0,2.408
3608832.0,0.29342273,1.0,2.064
3608910.0,0.29601312,1.0,2.064
3608988.0,0.28864819,1.0,2.064
3609066.0,0.27991179,1.0,293.776001
3609144.0,0.27838802,1.0,295.496002
3609222.0,0.29382905,1.0,295.152008
3609300.0,0.28874981,1.0,295.496002
3609378.0,0.26579142,1.0,295.496002
3609456.0,0.28494036,1.0,295.496002
3609535.0,0.278896,1.0,295.496002
3609613.0,0.2678231,1.0,3.096
3609691.0,0.28996879,1.0,2.064
3609769.0,0.27940395,1.0,2.064
3609847.0,0.2873784,1.0,2.064
3609925.0,0.27742293,1.0,2.064
3610003.0,0.26975328,1.0,1.376
3610081.0,0.2954036,1.0,294.119995
3610160.0,0.2574614,1.0,295.152008
3610238.0,0.27310556,1.0,295.152008
3610316.0,0.27808321,1.0,295.496002
3610394.0,0.2835182,1.0,295.496002
3610472.0,0.28316262,1.0,295.496002
3610550.0,0.27630556,1.0,164.087997
3610628.0,0.3134858,1.0,1.72
3610706.0,0.31968257,1.0,2.064
3610785.0,0.29164499,1.0,2.064
3610863.0,0.29210216,1.0,2.064
3610941.0,0.29489568,1.0,2.064
3611019.0,0.28971481,1.0,109.391998
3611097.0,0.28341657,1.0,295.839996
3611175.0,0.27178499,1.0,295.839996
3611253.0,0.28422916,1.0,295.839996
3611331.0,0.28839424,1.0,295.839996
3611409.0,0.28341657,1.0,295.839996
3611488.0,0.28428,1.0,295.839996
3611566.0,0.28529593,1.0,2.408
3611644.0,0.2876831,1.0,2.408
3611722.0,0.30800021,1.0,2.408
3611800.0,0.29621625,1.0,2.752
3611878.0,0.30292094,1.0,2.408
3611956.0,0.285245,1.0,2.408
3612034.0,0.28143564,1.0,294.119995
3612112.0,0.30276859,1.0,295.496002
3612191.0,0.30053368,1.0,295.496002
3612269.0,0.29128942,1.0,295.496002
3612347.0,0.29860365,1.0,295.152008
3612425.0,0.27782926,1.0,295.496002
3612503.0,0.30957481,1.0,295.496002
3612581.0,0.27920073,1.0,2.752
3612659.0,0.29586083,1.0,2.064
3612737.0,0.30307332,1.0,2.064
3612815.0,0.27864197,1.0,2.064
3612894.0,0.28417847,1.0,2.064
3612972.0,0.28905451,1.0,2.064
3613050.0,0.26726434,1.0,293.088013
3613128.0,0.28356886,1.0,295.496002
3613206.0,0.25385508,1.0,295.152008
3613284.0,0.26081368,1.0,294.808014
3613362.0,0.29266092,1.0,295.152008
3613440.0,0.27432463,1.0,295.496002
3613518.0,0.2818419,1.0,295.496002
3613597.0,0.28869903,1.0,3.44
3613675.0,0.29215285,1.0,3.096
3613753.0,0.28722602,1.0,3.096
3613831.0,0.29697821,1.0,2.408
3613909.0,0.29596236,1.0,2.752
3613987.0,0.28331497,1.0,2.408
3614065.0,0.30733991,1.0,294.463989
3614143.0,0.29255924,1.0,295.839996
3614221.0,0.29159415,1.0,295.496002
3614300.0,0.29393065,1.0,295.839996
3614378.0,0.2900196,1.0,295.839996
3614456.0,0.278896,1.0,295.152008
3614534.0,0.29728302,1.0,295.839996
3614612.0,0.2907815,1.0,3.096
3614690.0,0.29545444,1.0,2.064
3614768.0,0.29489568,1.0,2.408
3614846.0,0.28382289,1.0,2.408
3614925.0,0.29266092,1.0,2.064
3615003.0,0.30210829,1.0,2.064
3615081.0,0.29403219,1.0,293.776001
3615159.0,0.27234367,1.0,295.496002
3615237.0,0.28849575,1.0,295.496002
3615315.0,0.2813848,1.0,294.808014
3615393.0,0.29337189,1.0,295.496002
3615471.0,0.29017189,1.0,295.839996
3615549.0,0.27442613,1.0,174.751999
3615628.0,0.29306716,1.0,2.064
3615706.0,0.31490803,1.0,1.72
3615784.0,0.31902227,1.0,1.72
3615862.0,0.29448935,1.0,2.064
3615940.0,0.29489568,1.0,2.064
3616018.0,0.2772198,1.0,93.223999
3616096.0,0.28631169,1.0,294.808014
3616174.0,0.28377208,1.0,295.496002
3616252.0,0.29586083,1.0,295.839996
3616331.0,0.28494036,1.0,296.18399
3616409.0,0.29926395,1.0,296.18399
3616487.0,0.32252693,1.0,296.18399
3616565.0,0.29809558,1.0,1.72
3616643.0,0.29042593,1.0,2.408
3616721.0,0.30551142,1.0,2.752
3616799.0,0.32105407,1.0,2.408
3616877.0,0.29128942,1.0,2.752
3616955.0,0.29200047,1.0,3.096
3617034.0,0.28316262,1.0,293.776001
3617112.0,0.28224829,1.0,295.496002
3617190.0,0.27691501,1.0,295.839996
3617268.0,0.29550526,1.0,295.152008
3617346.0,0.27594993,1.0,295.496002
3617424.0,0.30363208,1.0,295.839996
3617502.0,0.29393065,1.0,295.839996
3617580.0,0.30769548,1.0,3.44
3617658.0,0.26955014,1.0,2.064
3617737.0,0.29215285,1.0,2.408
3617815.0,0.29687661,1.0,2.408
3617893.0,0.31150493,1.0,2.064
3617971.0,0.31038755,1.0,2.408
3618049.0,0.26558828,1.0,294.119995
3618127.0,0.29601312,1.0,295.496002
3618205.0,0.28102925,1.0,295.496002
3618284.0,0.28722602,1.0,295.496002
3618362.0,0.28179112,1.0,295.496002
3618440.0,0.28712443,1.0,295.496002
3618518.0,0.28255302,1.0,295.496002
3618596.0,0.28702283,1.0,3.44
3618674.0,0.27371508,1.0,2.064
3618752.0,0.31389219,1.0,2.064
3618830.0,0.26101688,1.0,2.064
3618908.0,0.30220982,1.0,2.064
3618987.0,0.29733378,1.0,3.096
3619065.0,0.29565755,1.0,294.808014
3619143.0,0.2891053,1.0,295.839996
3619221.0,0.27823573,1.0,295.839996
3619299.0,0.28895292,1.0,296.18399
3619377.0,0.28260386,1.0,295.839996
3619455.0,0.27945477,1.0,295.839996
3619533.0,0.27523887,1.0,296.528015
3619611.0,0.28478792,1.0,3.44
3619690.0,0.31236842,1.0,2.408
3619768.0,0.29103538,1.0,2.064
3619846.0,0.28428,1.0,2.408
3619924.0,0.28392443,1.0,2.408
3620002.0,0.29799405,1.0,1.72
3620080.0,0.28783548,1.0,294.119995
3620158.0,0.29931465,1.0,295.496002
3620236.0,0.29413378,1.0,295.496002
3620314.0,0.27782926,1.0,295.496002
3620392.0,0.27920073,1.0,295.839996
3620471.0,0.30393681,1.0,295.839996
3620549.0,0.28006423,1.0,184.039993
3620627.0,0.28819105,1.0,2.408
3620705.0,0.32283166,1.0,2.064
3620783.0,0.29250839,1.0,2.408
3620861.0,0.29961935,1.0,2.064
3620939.0,0.28250226,1.0,2.064
3621017.0,0.2850419,1.0,85.655998
3621096.0,0.30002576,1.0,295.152008
3621174.0,0.28057209,1.0,295.839996
3621252.0,0.29088309,1.0,295.496002
3621330.0,0.31805727,1.0,295.839996
3621408.0,0.29372746,1.0,295.496002
3621486.0,0.28392443,1.0,295.152008
3621564.0,0.31409538,1.0,1.376
3621642.0,0.2795563,1.0,1.72
3621721.0,0.31175888,1.0,2.064
3621799.0,0.29596236,1.0,2.064
3621877.0,0.30642566,1.0,2.064
3621955.0,0.28529593,1.0,2.408
3622033.0,0.29484499,1.0,294.119995
3622111.0,0.27031198,1.0,295.496002
3622189.0,0.29362592,1.0,295.152008
3622267.0,0.25989941,1.0,295.496002
3622346.0,0.28412762,1.0,295.496002
3622424.0,0.28473717,1.0,295.152008
3622502.0,0.29723209,1.0,295.839996
3622580.0,0.29621625,1.0,3.44
3622658.0,0.28753075,1.0,2.064
3622736.0,0.29225445,1.0,1.72
3622814.0,0.30601934,1.0,2.064
3622892.0,0.29824811,1.0,2.064
3622970.0,0.29819718,1.0,2.064
3623049.0,0.29845116,1.0,293.432007
3623127.0,0.29484499,1.0,295.152008
3623205.0,0.27767697,1.0,295.152008
3623283.0,0.28646407,1.0,295.496002
3623361.0,0.2818419,1.0,295.496002
3623439.0,0.30332735,1.0,295.496002
3623517.0,0.2804198,1.0,295.839996
3623595.0,0.29977188,1.0,2.752
3623673.0,0.30048293,1.0,2.064
3623752.0,0.29225445,1.0,2.064
3623830.0,0.29159415,1.0,2.064
3623908.0,0.29494649,1.0,1.72
3623986.0,0.30043218,1.0,2.064
3624064.0,0.30667964,1.0,293.776001
3624142.0,0.30332735,1.0,295.496002
3624220.0,0.29403219,1.0,295.152008
3624298.0,0.29428622,1.0,295.496002
3624376.0,0.30099085,1.0,295.496002
3624454.0,0.29570839,1.0,295.496002
3624533.0,0.28600699,1.0,295.839996
3624611.0,0.3019051,1.0,3.096
3624689.0,0.29743528,1.0,1.72
3624767.0,0.29702905,1.0,1.72
3624845.0,0.30678114,1.0,2.064
3624923.0,0.27788016,1.0,2.752
3625001.0,0.28534669,1.0,2.064
3625080.0,0.29504803,1.0,294.119995
3625158.0,0.29819718,1.0,295.496002
3625236.0,0.28097847,1.0,294.808014
3625314.0,0.29570839,1.0,295.496002
3625392.0,0.30083841,1.0,295.496002
3625470.0,0.28793707,1.0,295.496002
3625548.0,0.29834962,1.0,194.360001
3625626.0,0.29306716,1.0,2.752
3625704.0,0.30586699,1.0,1.72
3625783.0,0.30607012,1.0,2.064
3625861.0,0.30505425,1.0,2.064
3625939.0,0.29514971,1.0,2.064
3626017.0,0.30800021,1.0,78.431999
3626095.0,0.30723831,1.0,295.152008
3626173.0,0.26970243,1.0,295.496002
3626251.0,0.28900376,1.0,295.496002
3626329.0,0.27833724,1.0,295.152008
3626407.0,0.29662263,1.0,294.808014
3626486.0,0.29179728,1.0,295.496002
3626564.0,0.28016576,1.0,1.032
3626642.0,0.28143564,1.0,1.72
3626720.0,0.30657804,1.0,2.064
3626798.0,0.27396905,1.0,2.064
3626876.0,0.29281321,1.0,2.064
3626954.0,0.26767081,1.0,1.72
3627032.0,0.28941008,1.0,293.088013
3627110.0,0.29530206,1.0,294.808014
3627189.0,0.28285781,1.0,295.152008
3627267.0,0.29682586,1.0,295.152008
3627345.0,0.28539744,1.0,295.152008
3627423.0,0.30312416,1.0,295.496002
3627501.0,0.30520669,1.0,295.496002
3627579.0,0.31678739,1.0,3.096
3627657.0,0.31470484,1.0,2.064
3627735.0,0.29596236,1.0,1.72
3627813.0,0.3082034,1.0,2.064
3627892.0,0.30215898,1.0,2.064
3627970.0,0.29738462,1.0,1.72
3628048.0,0.30205747,1.0,293.432007
3628126.0,0.28824186,1.0,295.152008
3628204.0,0.28874981,1.0,295.496002
3628282.0,0.30662885,1.0,295.496002
3628360.0,0.28951162,1.0,295.496002
3628438.0,0.28422916,1.0,295.496002
3628517.0,0.31536514,1.0,295.496002
3628595.0,0.28946084,1.0,3.096
3628673.0,0.29108623,1.0,2.064
3628751.0,0.2971814,1.0,2.064
3628829.0,0.31907311,1.0,2.064
3628907.0,0.30287018,1.0,2.064
3628985.0,0.29118782,1.0,2.064
3629063.0,0.28148633,1.0,293.776001
3629142.0,0.27401981,1.0,295.152008
3629220.0,0.27158177,1.0,295.152008
3629298.0,0.30744144,1.0,295.496002
3629376.0,0.29982263,1.0,295.496002
3629454.0,0.27523887,1.0,295.496002
3629532.0,0.29093388,1.0,295.496002
3629610.0,0.2827054,1.0,3.096
3629688.0,0.30261624,1.0,2.064
3629766.0,0.30784792,1.0,2.064
3629844.0,0.31399387,1.0,2.064
3629923.0,0.30063522,1.0,2.064
3630001.0,0.30358124,1.0,2.064
3630079.0,0.29814643,1.0,294.119995
3630157.0,0.28839424,1.0,295.152008
3630235.0,0.28179112,1.0,295.496002
3630313.0,0.30317491,1.0,295.496002
3630391.0,0.30261624,1.0,295.496002
3630469.0,0.28356886,1.0,295.496002
3630547.0,0.29174659,1.0,203.992004
3630626.0,0.30129558,1.0,2.408
3630704.0,0.32003814,1.0,2.064
3630782.0,0.30068612,1.0,2.064
3630860.0,0.28890216,1.0,2.064
3630938.0,0.30657804,1.0,2.064
3631016.0,0.28534669,1.0,71.896004
3631094.0,0.30144802,1.0,295.496002
3631172.0,0.27401981,1.0,295.496002
3631251.0,0.31775254,1.0,295.152008
3631329.0,0.30088925,1.0,295.152008
3631407.0,0.29052755,1.0,295.496002
3631485.0,0.31313038,1.0,295.496002
3631563.0,0.30429235,1.0,1.376
3631641.0,0.30530828,1.0,1.72
3631719.0,0.29687661,1.0,2.064
3631797.0,0.30154952,1.0,1.72
3631876.0,0.28864819,1.0,1.72
3631954.0,0.27686423,1.0,1.72
3632032.0,0.30205747,1.0,293.088013
3632110.0,0.29499727,1.0,295.152008
3632188.0,0.28422916,1.0,295.152008
3632266.0,0.29047662,1.0,295.152008
3632344.0,0.29479408,1.0,295.496002
3632422.0,0.2837213,1.0,295.839996
3632500.0,0.29037511,1.0,295.839996
3632579.0,0.28814027,1.0,2.752
3632657.0,0.31048906,1.0,2.064
3632735.0,0.29936546,1.0,1.72
3632813.0,0.29504803,1.0,2.064
3632891.0,0.30657804,1.0,1.72
3632969.0,0.28981635,1.0,2.064
3633047.0,0.30566379,1.0,293.088013
3633125.0,0.28057209,1.0,295.496002
3633203.0,0.28788632,1.0,295.152008
3633282.0,0.29961935,1.0,295.152008
3633360.0,0.30358124,1.0,295.152008
3633438.0,0.31394294,1.0,295.496002
3633516.0,0.30038133,1.0,294.808014
3633594.0,0.28087687,1.0,2.752
3633672.0,0.298502,1.0,2.408
3633750.0,0.28981635,1.0,2.064
3633828.0,0.31907311,1.0,1.72
3633906.0,0.30388603,1.0,2.064
3633985.0,0.29961935,1.0,2.064
3634063.0,0.30129558,1.0,294.119995
3634141.0,0.29565755,1.0,295.496002
3634219.0,0.29240689,1.0,295.839996
3634297.0,0.29154339,1.0,294.808014
3634375.0,0.27478176,1.0,295.839996
3634453.0,0.29647028,1.0,295.496002
3634531.0,0.29215285,1.0,295.496002
3634609.0,0.29713058,1.0,3.096
3634688.0,0.31201285,1.0,2.408
3634766.0,0.30109245,1.0,2.064
3634844.0,0.29723209,1.0,2.408
3634922.0,0.30439398,1.0,2.064
3635000.0,0.30627331,1.0,2.408
3635078.0,0.28387359,1.0,294.119995
3635156.0,0.28808942,1.0,295.496002
3635235.0,0.28392443,1.0,295.496002
3635313.0,0.29692736,1.0,295.496002
3635391.0,0.30287018,1.0,295.496002
3635469.0,0.28240067,1.0,295.496002
3635547.0,0.29088309,1.0,212.936005
3635625.0,0.28935933,1.0,3.096
3635703.0,0.32506663,1.0,2.064
3635781.0,0.31165728,1.0,2.064
3635859.0,0.30561301,1.0,2.064
3635938.0,0.3128255,1.0,2.064
3636016.0,0.29200047,1.0,65.360001
3636094.0,0.30784792,1.0,295.152008
3636172.0,0.29743528,1.0,295.496002
3636250.0,0.29586083,1.0,295.152008
3636328.0,0.29327038,1.0,295.496002
3636406.0,0.3135874,1.0,295.496002
3636484.0,0.2988067,1.0,295.496002
3636562.0,0.30419075,1.0,1.376
3636641.0,0.3082034,1.0,2.064
3636719.0,0.3286221,1.0,2.064
3636797.0,0.30266705,1.0,2.064
3636875.0,0.30215898,1.0,2.064
3636953.0,0.31506041,1.0,2.064
3637031.0,0.30673048,1.0,292.743988
3637109.0,0.28925774,1.0,295.839996
3637187.0,0.29611471,1.0,295.839996
3637265.0,0.29225445,1.0,295.496002
3637344.0,0.28788632,1.0,295.496002
3637422.0,0.29586083,1.0,295.152008
3637500.0,0.29408303,1.0,295.496002
3637578.0,0.31084457,1.0,3.096
3637656.0,0.30353048,1.0,2.064
3637734.0,0.29220366,1.0,1.376
3637812.0,0.2900196,1.0,2.064
3637890.0,0.30688277,1.0,1.376
3637968.0,0.30398765,1.0,2.064
3638047.0,0.29565755,1.0,293.432007
3638125.0,0.29499727,1.0,295.152008
3638203.0,0.27666113,1.0,295.152008
3638281.0,0.29520056,1.0,295.496002
3638359.0,0.30815265,1.0,295.496002
3638437.0,0.29667348,1.0,295.496002
3638515.0,0.31922549,1.0,295.839996
3638593.0,0.32344124,1.0,3.096
3638671.0,0.30363208,1.0,2.064
3638750.0,0.30932087,1.0,1.376
3638828.0,0.29967019,1.0,1.72
3638906.0,0.28580377,1.0,1.72
3638984.0,0.28819105,1.0,2.064
3639062.0,0.28631169,1.0,293.776001
3639140.0,0.30408925,1.0,295.152008
3639218.0,0.27884519,1.0,295.496002
3639296.0,0.30464792,1.0,295.152008
3639374.0,0.30271775,1.0,295.496002
3639453.0,0.29723209,1.0,295.496002
3639531.0,0.30485111,1.0,295.496002
3639609.0,0.31247008,1.0,2.752
3639687.0,0.30485111,1.0,2.064
3639765.0,0.29184812,1.0,2.064
3639843.0,0.29321954,1.0,1.376
3639921.0,0.31211454,1.0,2.064
3639999.0,0.29047662,1.0,2.064
3640078.0,0.29738462,1.0,294.119995
3640156.0,0.2756452,1.0,295.152008
3640234.0,0.30449557,1.0,295.152008
3640312.0,0.3214604,1.0,295.152008
3640390.0,0.2876831,1.0,295.152008
3640468.0,0.30099085,1.0,295.496002
3640546.0,0.30855897,1.0,216.031998
3640624.0,0.30622238,1.0,2.408
3640702.0,0.31902227,1.0,2.064
3640781.0,0.32709834,1.0,2.064
3640859.0,0.29250839,1.0,2.064
3640937.0,0.28986716,1.0,2.064
3641015.0,0.30317491,1.0,60.200001
3641093.0,0.30744144,1.0,295.152008
3641171.0,0.27229297,1.0,294.119995
3641249.0,0.29443851,1.0,295.152008
3641327.0,0.28808942,1.0,295.152008
3641406.0,0.32694596,1.0,295.152008
3641484.0,0.2876831,1.0,295.152008
3641562.0,0.30612087,1.0,2.408
3641640.0,0.30139717,1.0,2.064
3641718.0,0.31419691,1.0,1.72
3641796.0,0.30246386,1.0,1.72
3641874.0,0.30855897,1.0,1.376
3641952.0,0.32003814,1.0,2.064
3642031.0,0.29266092,1.0,292.399994
3642109.0,0.29702905,1.0,295.152008
3642187.0,0.2741214,1.0,295.496002
3642265.0,0.29352427,1.0,295.496002
3642343.0,0.29118782,1.0,295.496002
3642421.0,0.31135255,1.0,295.496002
3642499.0,0.30622238,1.0,295.496002
3642577.0,0.32191747,1.0,2.752
3642655.0,0.31567001,1.0,2.064
3642734.0,0.31338426,1.0,2.064
3642812.0,0.29743528,1.0,1.72
3642890.0,0.31643188,1.0,2.064
3642968.0,0.31323189,1.0,1.72
3643046.0,0.29890838,1.0,293.088013
3643124.0,0.30551142,1.0,294.463989
3643202.0,0.28240067,1.0,295.152008
3643280.0,0.29296565,1.0,295.152008
3643358.0,0.28499112,1.0,295.496002
3643437.0,0.30256546,1.0,295.152008
3643515.0,0.30977795,1.0,295.839996
3643593.0,0.29733378,1.0,2.752
3643671.0,0.3082034,1.0,2.064
3643749.0,0.30043218,1.0,2.064
3643827.0,0.29794329,1.0,1.72
3643905.0,0.29240689,1.0,2.064
3643983.0,0.30454633,1.0,2.064
3644061.0,0.31165728,1.0,293.776001
3644140.0,0.30292094,1.0,295.152008
3644218.0,0.28930849,1.0,294.463989
3644296.0,0.30881295,1.0,295.496002
3644374.0,0.29728302,1.0,295.496002
3644452.0,0.3246603,1.0,295.496002
3644530.0,0.28717518,1.0,295.152008
3644608.0,0.30490181,1.0,3.096
3644686.0,0.3292824,1.0,3.096
3644764.0,0.3082034,1.0,3.096
3644842.0,0.30307332,1.0,3.096
3644921.0,0.30398765,1.0,3.096
3644999.0,0.30805105,1.0,2.752
3645077.0,0.29042593,1.0,294.463989
3645155.0,0.29956868,1.0,295.839996
3645233.0,0.29007038,1.0,295.839996
3645311.0,0.29860365,1.0,295.839996
3645389.0,0.30292094,1.0,296.18399
3645467.0,0.29418463,1.0,295.839996
3645546.0,0.29362592,1.0,226.007996
3645624.0,0.31678739,1.0,3.096
3645702.0,0.32024133,1.0,2.408
3645780.0,0.31302878,1.0,2.408
3645858.0,0.29961935,1.0,2.408
3645936.0,0.29408303,1.0,1.376
3646014.0,0.30271775,1.0,53.32
3646092.0,0.28986716,1.0,294.463989
3646171.0,0.28560063,1.0,294.808014
3646249.0,0.28869903,1.0,294.808014
3646327.0,0.25847724,1.0,295.496002
3646405.0,0.31475568,1.0,295.496002
3646483.0,0.29687661,1.0,295.496002
3646561.0,0.30500349,1.0,4.816
3646639.0,0.29926395,1.0,2.408
3646717.0,0.30581614,1.0,2.408
3646795.0,0.29941624,1.0,1.72
3646874.0,0.30551142,1.0,1.376
3646952.0,0.29662263,1.0,1.376
3647030.0,0.30581614,1.0,290.679993
3647108.0,0.29636875,1.0,294.463989
3647186.0,0.28382289,1.0,295.496002
3647264.0,0.28209594,1.0,294.808014
3647342.0,0.29509878,1.0,295.152008
3647420.0,0.29723209,1.0,295.839996
3647498.0,0.29484499,1.0,295.152008
3647577.0,0.31495887,1.0,3.096
3647655.0,0.30063522,1.0,2.408
3647733.0,0.31069228,1.0,2.408
3647811.0,0.31886983,1.0,2.408
3647889.0,0.30561301,1.0,2.408
3647967.0,0.28697199,1.0,2.408
3648045.0,0.29819718,1.0,293.088013
3648123.0,0.31389219,1.0,294.808014
3648201.0,0.29093388,1.0,294.808014
3648280.0,0.29342273,1.0,295.496002
3648358.0,0.30957481,1.0,295.496002
3648436.0,0.29393065,1.0,295.496002
3648514.0,0.31760004,1.0,295.496002
3648592.0,0.30622238,1.0,3.096
3648670.0,0.30784792,1.0,2.064
3648748.0,0.32994276,1.0,2.064
3648826.0,0.32704756,1.0,1.72
3648904.0,0.30860972,1.0,2.064
3648983.0,0.31521285,1.0,2.064
3649061.0,0.31368914,1.0,293.776001
3649139.0,0.31379065,1.0,295.496002
3649217.0,0.30998114,1.0,295.152008
3649295.0,0.30033049,1.0,295.152008
3649373.0,0.31155577,1.0,295.496002
3649451.0,0.30424154,1.0,295.496002
3649530.0,0.30342889,1.0,295.496002
3649608.0,0.31089547,1.0,3.096
3649686.0,0.31013352,1.0,2.408
3649764.0,0.30927008,1.0,2.064
3649842.0,0.29738462,1.0,1.72
3649920.0,0.30048293,1.0,2.064
3649998.0,0.33156812,1.0,2.408
3650076.0,0.28915605,1.0,294.808014
3650154.0,0.30388603,1.0,296.18399
3650233.0,0.30739075,1.0,296.18399
3650311.0,0.29641944,1.0,294.808014
3650389.0,0.31175888,1.0,294.808014
3650467.0,0.33903465,1.0,296.18399
3650545.0,0.28016576,1.0,231.511993
3650623.0,0.29865435,1.0,3.44
3650701.0,0.31302878,1.0,2.752
3650779.0,0.3128255,1.0,2.064
3650857.0,0.30378452,1.0,2.064
3650935.0,0.28417847,1.0,2.064
3651014.0,0.29636875,1.0,45.408001
3651092.0,0.29499727,1.0,295.152008
3651170.0,0.29372746,1.0,295.496002
3651248.0,0.30871141,1.0,295.152008
3651326.0,0.2859562,1.0,295.152008
3651404.0,0.30891454,1.0,294.808014
3651482.0,0.30749235,1.0,294.463989
3651560.0,0.29946709,1.0,6.192
3651639.0,0.30601934,1.0,1.376
3651717.0,0.33238077,1.0,1.376
3651795.0,0.29967019,1.0,1.032
3651873.0,0.31572068,1.0,1.72
3651951.0,0.28915605,1.0,1.376
3652029.0,0.3048003,1.0,289.64801
3652107.0,0.30800021,1.0,294.808014
3652185.0,0.29139096,1.0,295.152008
3652264.0,0.3205969,1.0,296.18399
3652342.0,0.30794945,1.0,295.496002
3652420.0,0.29586083,1.0,295.496002
3652498.0,0.31490803,1.0,295.496002
3652576.0,0.29408303,1.0,2.752
3652654.0,0.30337805,1.0,1.72
3652732.0,0.31272396,1.0,2.064
3652810.0,0.30515584,1.0,2.064
3652888.0,0.29545444,1.0,1.72
3652967.0,0.31942853,1.0,2.064
3653045.0,0.30160031,1.0,293.432007
3653123.0,0.30408925,1.0,296.18399
3653201.0,0.31064144,1.0,296.18399
3653279.0,0.29184812,1.0,296.18399
3653357.0,0.30932087,1.0,296.18399
3653435.0,0.30546057,1.0,296.18399
3653513.0,0.32064757,1.0,296.18399
3653591.0,0.30866051,1.0,3.784
3653670.0,0.30053368,1.0,2.752
3653748.0,0.32445717,1.0,2.752
3653826.0,0.29657182,1.0,2.408
3653904.0,0.33116174,1.0,2.408
3653982.0,0.30571455,1.0,2.064
3654060.0,0.29159415,1.0,293.776001
3654138.0,0.30378452,1.0,295.152008
3654216.0,0.31567001,1.0,295.152008
3654294.0,0.28925774,1.0,295.152008
3654373.0,0.3152636,1.0,295.152008
3654451.0,0.29687661,1.0,295.496002
3654529.0,0.31394294,1.0,295.152008
3654607.0,0.29596236,1.0,2.752
3654685.0,0.31749851,1.0,1.72
3654763.0,0.31511125,1.0,1.72
3654841.0,0.30515584,1.0,2.064
3654919.0,0.28971481,1.0,2.064
3654997.0,0.29367661,1.0,2.064
3655076.0,0.30952397,1.0,293.776001
3655154.0,0.27920073,1.0,295.496002
3655232.0,0.29840031,1.0,295.152008
3655310.0,0.324,1.0,295.496002
3655388.0,0.29682586,1.0,295.496002
3655466.0,0.30774632,1.0,295.152008
3655544.0,0.31313038,1.0,237.360001
3655622.0,0.30617172,1.0,2.752
3655700.0,0.32237464,1.0,2.064
3655779.0,0.30515584,1.0,2.064
3655857.0,0.33405691,1.0,2.064
3655935.0,0.31328267,1.0,1.72
3656013.0,0.31064144,1.0,32.335999
3656091.0,0.30241302,1.0,294.463989
3656169.0,0.30312416,1.0,295.152008
3656247.0,0.30942237,1.0,295.152008
3656325.0,0.30607012,1.0,294.808014
3656404.0,0.30495265,1.0,295.152008
3656482.0,0.30094001,1.0,294.808014
3656560.0,0.29921311,1.0,9.976
3656638.0,0.30830494,1.0,2.064
3656716.0,0.32110482,1.0,2.064
3656794.0,0.318362,1.0,2.064
3656872.0,0.30485111,1.0,2.064
3656950.0,0.31556833,1.0,1.72
3657028.0,0.31643188,1.0,287.23999
3657107.0,0.31531444,1.0,295.152008
3657185.0,0.28468639,1.0,295.152008
3657263.0,0.29941624,1.0,295.496002
3657341.0,0.29682586,1.0,295.496002
3657419.0,0.29647028,1.0,295.496002
3657497.0,0.32013974,1.0,295.496002
3657575.0,0.30622238,1.0,3.096
3657653.0,0.30241302,1.0,2.408
3657732.0,0.34426636,1.0,2.064
3657810.0,0.29423538,1.0,1.032
3657888.0,0.30601934,1.0,2.064
3657966.0,0.3088637,1.0,1.72
3658044.0,0.31506041,1.0,293.432007
3658122.0,0.30845737,1.0,295.839996
3658200.0,0.29728302,1.0,295.496002
3658278.0,0.29860365,1.0,295.152008
3658356.0,0.31379065,1.0,295.152008
3658435.0,0.32425398,1.0,295.152008
3658513.0,0.28905451,1.0,295.152008
3658591.0,0.30454633,1.0,3.096
3658669.0,0.31760004,1.0,2.408
3658747.0,0.31150493,1.0,2.064
3658825.0,0.31551763,1.0,2.408
3658903.0,0.29230529,1.0,2.064
3658981.0,0.31627944,1.0,2.064
3659059.0,0.29123867,1.0,294.119995
3659137.0,0.30144802,1.0,295.496002
3659216.0,0.28285781,1.0,295.496002
3659294.0,0.2971814,1.0,295.152008
3659372.0,0.29504803,1.0,295.152008
3659450.0,0.29885754,1.0,295.496002
3659528.0,0.31145415,1.0,295.496002
3659606.0,0.31495887,1.0,3.096
3659684.0,0.31902227,1.0,2.064
3659763.0,0.30561301,1.0,2.064
3659841.0,0.315162,1.0,2.064
3659919.0,0.32806343,1.0,2.064
3659997.0,0.30942237,1.0,2.064
3660075.0,0.32506663,1.0,293.776001
3660153.0,0.28473717,1.0,295.152008
3660231.0,0.30764464,1.0,295.152008
3660309.0,0.28433084,1.0,295.496002
3660387.0,0.31399387,1.0,295.496002
3660466.0,0.29560679,1.0,295.152008
3660544.0,0.30398765,1.0,245.272003
3660622.0,0.288445,1.0,2.752
3660700.0,0.35660899,1.0,2.064
3660778.0,0.29520056,1.0,2.064
3660856.0,0.31511125,1.0,2.064
3660934.0,0.32176509,1.0,2.064
3661012.0,0.32460946,1.0,22.360001
3661090.0,0.31114936,1.0,294.463989
3661168.0,0.27904829,1.0,295.152008
3661247.0,0.29961935,1.0,295.496002
3661325.0,0.28935933,1.0,295.496002
3661403.0,0.33725685,1.0,295.496002
3661481.0,0.30312416,1.0,295.496002
3661559.0,0.30733991,1.0,12.728
3661637.0,0.3017019,1.0,2.064
3661715.0,0.29931465,1.0,2.064
3661793.0,0.30825418,1.0,2.064
3661872.0,0.32735229,1.0,2.064
3661950.0,0.30784792,1.0,2.408
3662028.0,0.31353661,1.0,286.552002
3662106.0,0.28748,1.0,295.152008
3662184.0,0.30860972,1.0,295.152008
3662262.0,0.32267937,1.0,295.496002
3662340.0,0.32090163,1.0,295.496002
3662418.0,0.31465414,1.0,296.18399
3662497.0,0.318362,1.0,296.18399
3662575.0,0.32298416,1.0,4.128
3662653.0,0.31165728,1.0,2.752
3662731.0,0.33070463,1.0,2.752
3662809.0,0.31175888,1.0,2.408
3662887.0,0.30322576,1.0,2.408
3662965.0,0.3269968,1.0,2.408
3663043.0,0.3381204,1.0,294.119995
3663122.0,0.29545444,1.0,295.496002
3663200.0,0.28346735,1.0,295.496002
3663278.0,0.31094617,1.0,295.839996
3663356.0,0.29647028,1.0,295.839996
3663434.0,0.3096256,1.0,295.839996
3663512.0,0.30388603,1.0,295.496002
3663590.0,0.29382905,1.0,3.44
3663668.0,0.28829256,1.0,2.408
3663746.0,0.33319342,1.0,2.408
3663825.0,0.33629182,1.0,2.408
3663903.0,0.30987954,1.0,2.408
3663981.0,0.30794945,1.0,2.064
3664059.0,0.32090163,1.0,293.776001
3664137.0,0.30515584,1.0,295.496002
3664215.0,0.3175492,1.0,295.496002
3664293.0,0.29535285,1.0,295.496002
3664371.0,0.3112002,1.0,295.496002
3664449.0,0.31368914,1.0,295.496002
3664527.0,0.30952397,1.0,295.839996
3664606.0,0.32653964,1.0,3.096
3664684.0,0.31678739,1.0,2.064
3664762.0,0.31881908,1.0,2.064
3664840.0,0.31800643,1.0,2.064
3664918.0,0.30429235,1.0,2.064
3664996.0,0.3010416,1.0,2.064
3665074.0,0.3341586,1.0,294.808014
3665152.0,0.30744144,1.0,296.18399
3665230.0,0.30068612,1.0,295.839996
3665309.0,0.31307954,1.0,296.18399
3665387.0,0.29662263,1.0,296.18399
3665465.0,0.33100936,1.0,295.839996
3665543.0,0.3214604,1.0,253.184006
3665621.0,0.34060925,1.0,2.752
3665699.0,0.31795567,1.0,2.408
3665777.0,0.31368914,1.0,2.408
3665856.0,0.32039368,1.0,2.408
3665934.0,0.31881908,1.0,2.752
3666012.0,0.32516822,1.0,14.448
3666090.0,0.30739075,1.0,294.808014
3666168.0,0.29504803,1.0,295.839996
3666246.0,0.30505425,1.0,296.18399
3666324.0,0.32359368,1.0,295.496002
3666402.0,0.30632406,1.0,295.496002
3666480.0,0.30708596,1.0,295.839996
3666559.0,0.318362,1.0,15.48
3666637.0,0.30607012,1.0,2.064
3666715.0,0.3128255,1.0,2.408
3666793.0,0.31145415,1.0,2.064
3666871.0,0.33761239,1.0,2.064
3666949.0,0.31048906,1.0,1.376
3667027.0,0.30129558,1.0,282.768005
3667105.0,0.31922549,1.0,295.839996
3667183.0,0.29809558,1.0,295.496002
3667262.0,0.32181594,1.0,295.496002
3667340.0,0.31368914,1.0,295.496002
3667418.0,0.28793707,1.0,295.839996
3667496.0,0.29570839,1.0,295.496002
3667574.0,0.29062906,1.0,3.44
3667652.0,0.30500349,1.0,2.064
3667730.0,0.32714909,1.0,2.064
3667808.0,0.30297178,1.0,3.096
3667886.0,0.30723831,1.0,2.064
3667965.0,0.31760004,1.0,2.064
3668043.0,0.30154952,1.0,293.776001
3668121.0,0.31668577,1.0,295.496002
3668199.0,0.28814027,1.0,295.839996
3668277.0,0.30921927,1.0,295.839996
3668355.0,0.30200669,1.0,295.496002
3668433.0,0.29169568,1.0,295.839996
3668511.0,0.31897151,1.0,296.18399
3668589.0,0.3205969,1.0,3.44
3668668.0,0.30027965,1.0,2.408
3668746.0,0.32684436,1.0,1.72
3668824.0,0.33182201,1.0,2.408
3668902.0,0.32267937,1.0,1.72
3668980.0,0.3134858,1.0,1.72
3669058.0,0.29423538,1.0,293.432007
3669136.0,0.31470484,1.0,295.152008
3669214.0,0.30327651,1.0,295.152008
3669292.0,0.31734616,1.0,295.496002
3669371.0,0.30226067,1.0,295.152008
3669449.0,0.33624107,1.0,295.496002
3669527.0,0.32344124,1.0,295.152008
3669605.0,0.32968879,1.0,3.096
3669683.0,0.319327,1.0,2.064
3669761.0,0.32288247,1.0,2.064
3669839.0,0.30972725,1.0,2.064
3669917.0,0.30673048,1.0,1.376
3669996.0,0.30596858,1.0,2.064
3670074.0,0.31871757,1.0,293.432007
3670152.0,0.31155577,1.0,295.152008
3670230.0,0.31765094,1.0,295.152008
3670308.0,0.31556833,1.0,295.152008
3670386.0,0.30921927,1.0,296.18399
3670464.0,0.28580377,1.0,296.872009
3670542.0,0.30739075,1.0,261.096008
3670621.0,0.30261624,1.0,4.472
3670699.0,0.29601312,1.0,3.096
3670777.0,0.29814643,1.0,2.752
3670855.0,0.3128255,1.0,3.44
3670933.0,0.32191747,1.0,2.408
3671011.0,0.3247619,1.0,12.04
3671089.0,0.3081018,1.0,294.119995
3671167.0,0.30022895,1.0,296.528015
3671245.0,0.31470484,1.0,296.18399
3671324.0,0.30363208,1.0,296.18399
3671402.0,0.31318107,1.0,296.18399
3671480.0,0.32659033,1.0,296.18399
3671558.0,0.31795567,1.0,19.264
3671636.0,0.28560063,1.0,2.752
3671714.0,0.33603778,1.0,2.064
3671792.0,0.3263365,1.0,2.408
3671870.0,0.3142986,1.0,2.752
3671948.0,0.32080001,1.0,2.408
3672027.0,0.30637491,1.0,281.391998
3672105.0,0.31201285,1.0,295.839996
3672183.0,0.29956868,1.0,295.839996
3672261.0,0.29682586,1.0,295.839996
3672339.0,0.31038755,1.0,295.496002
3672417.0,0.33715531,1.0,295.496002
3672495.0,0.3119621,1.0,295.839996
3672573.0,0.30261624,1.0,3.44
3672651.0,0.32125717,1.0,2.064
3672730.0,0.33324426,1.0,2.064
3672808.0,0.31638098,1.0,2.064
3672886.0,0.30642566,1.0,2.064
3672964.0,0.30840668,1.0,2.064
3673042.0,0.30535898,1.0,293.432007
3673120.0,0.32328889,1.0,295.496002
3673198.0,0.30185425,1.0,295.496002
3673276.0,0.30124483,1.0,295.496002
3673354.0,0.30713671,1.0,295.152008
3673433.0,0.33177125,1.0,295.496002
3673511.0,0.31622863,1.0,295.496002
3673589.0,0.30769548,1.0,3.096
3673667.0,0.31018427,1.0,2.064
3673745.0,0.31775254,1.0,2.064
3673823.0,0.3326855,1.0,2.064
3673901.0,0.30378452,1.0,2.408
3673980.0,0.31567001,1.0,2.064
3674058.0,0.3184635,1.0,294.119995
3674136.0,0.31622863,1.0,295.152008
3674214.0,0.30398765,1.0,295.152008
3674292.0,0.31023511,1.0,295.496002
3674370.0,0.31668577,1.0,295.496002
3674448.0,0.31511125,1.0,295.496002
3674526.0,0.32105407,1.0,295.496002
3674604.0,0.30632406,1.0,2.752
3674683.0,0.34314889,1.0,2.064
3674761.0,0.31191131,1.0,1.72
3674839.0,0.30515584,1.0,2.064
3674917.0,0.32897767,1.0,2.408
3674995.0,0.3263872,1.0,2.408
3675073.0,0.30002576,1.0,294.119995
3675151.0,0.30048293,1.0,294.808014
3675229.0,0.31297794,1.0,295.496002
3675307.0,0.31617793,1.0,295.152008
3675386.0,0.30454633,1.0,295.496002
3675464.0,0.32191747,1.0,296.528015
3675542.0,0.31927624,1.0,267.287994
3675620.0,0.33740929,1.0,3.44
3675698.0,0.33725685,1.0,2.064
3675776.0,0.32603163,1.0,2.064
3675854.0,0.31942853,1.0,2.064
3675932.0,0.35046297,1.0,2.064
3676010.0,0.31653348,1.0,8.256
3676088.0,0.30916849,1.0,294.119995
3676167.0,0.28433084,1.0,295.496002
3676245.0,0.31500971,1.0,295.496002
3676323.0,0.28295943,1.0,295.496002
3676401.0,0.31389219,1.0,295.496002
3676479.0,0.30835578,1.0,295.839996
3676557.0,0.31409538,1.0,21.327999
3676635.0,0.29408303,1.0,2.408
3676713.0,0.31531444,1.0,2.752
3676792.0,0.31231758,1.0,2.064
3676870.0,0.30027965,1.0,2.408
3676948.0,0.30794945,1.0,2.064
3677026.0,0.30281928,1.0,277.264008
3677104.0,0.31775254,1.0,295.152008
3677182.0,0.29499727,1.0,294.808014
3677260.0,0.32171434,1.0,295.152008
3677338.0,0.31927624,1.0,295.496002
3677417.0,0.31307954,1.0,295.496002
3677495.0,0.30337805,1.0,295.496002
3677573.0,0.30094001,1.0,3.44
3677651.0,0.32019049,1.0,2.064
3677729.0,0.31094617,1.0,2.064
3677807.0,0.31247008,1.0,1.376
3677885.0,0.30535898,1.0,2.064
3677963.0,0.31470484,1.0,1.376
3678041.0,0.31561917,1.0,293.432007
3678120.0,0.32979032,1.0,294.808014
3678198.0,0.31160653,1.0,295.152008
3678276.0,0.30312416,1.0,295.496002
3678354.0,0.3191238,1.0,295.839996
3678432.0,0.30952397,1.0,295.496002
3678510.0,0.32547295,1.0,295.152008
3678588.0,0.31536514,1.0,3.096
3678666.0,0.3278603,1.0,2.064
3678744.0,0.32019049,1.0,2.064
3678823.0,0.30794945,1.0,2.064
3678901.0,0.3222222,1.0,2.064
3678979.0,0.31506041,1.0,2.064
3679057.0,0.31973341,1.0,293.776001
3679135.0,0.31150493,1.0,295.152008
3679213.0,0.30124483,1.0,295.152008
3679291.0,0.29159415,1.0,295.496002
3679369.0,0.32095245,1.0,294.808014
3679447.0,0.32979032,1.0,295.496002
3679526.0,0.31714293,1.0,295.496002
3679604.0,0.30464792,1.0,3.096
3679682.0,0.32547295,1.0,1.72
3679760.0,0.31404454,1.0,2.064
3679838.0,0.31765094,1.0,2.064
3679916.0,0.3120636,1.0,2.064
3679994.0,0.30398765,1.0,2.064
3680072.0,0.32643804,1.0,294.119995
3680150.0,0.29565755,1.0,295.496002
3680229.0,0.29890838,1.0,295.496002
3680307.0,0.30200669,1.0,295.152008
3680385.0,0.30083841,1.0,295.496002
3680463.0,0.31186047,1.0,295.496002
3680541.0,0.30891454,1.0,269.35199
3680619.0,0.32044446,1.0,3.096
3680697.0,0.33187285,1.0,2.064
3680775.0,0.33131409,1.0,2.064
3680854.0,0.30236217,1.0,2.064
3680932.0,0.32039368,1.0,2.064
3681010.0,0.30246386,1.0,4.816
3681088.0,0.3191238,1.0,294.463989
3681166.0,0.29022282,1.0,294.808014
3681244.0,0.31094617,1.0,295.152008
3681322.0,0.32003814,1.0,295.496002
3681400.0,0.29906067,1.0,295.496002
3681479.0,0.30302247,1.0,295.496002
3681557.0,0.31622863,1.0,24.424
3681635.0,0.30657804,1.0,2.064
3681713.0,0.3351236,1.0,2.064
3681791.0,0.33314276,1.0,2.064
3681869.0,0.31145415,1.0,2.064
3681947.0,0.29753691,1.0,2.064
3682025.0,0.32069841,1.0,272.447998
3682103.0,0.31038755,1.0,295.152008
3682182.0,0.29768935,1.0,295.496002
3682260.0,0.30835578,1.0,295.496002
3682338.0,0.3119621,1.0,295.496002
3682416.0,0.32349193,1.0,295.496002
3682494.0,0.29972097,1.0,295.839996
3682572.0,0.29641944,1.0,3.096
3682650.0,0.31693974,1.0,2.408
3682728.0,0.32379681,1.0,2.064
3682806.0,0.31221604,1.0,2.064
3682885.0,0.31622863,1.0,2.408
3682963.0,0.31643188,1.0,2.064
3683041.0,0.29093388,1.0,293.088013
3683119.0,0.30789867,1.0,295.152008
3683197.0,0.28047049,1.0,295.496002
3683275.0,0.30739075,1.0,295.496002
3683353.0,0.30779707,1.0,295.152008
3683431.0,0.30099085,1.0,295.496002
3683509.0,0.32054606,1.0,295.496002
3683588.0,0.28092772,1.0,2.752
3683666.0,0.3088637,1.0,2.752
3683744.0,0.30510509,1.0,2.064
3683822.0,0.30591768,1.0,1.376
3683900.0,0.31023511,1.0,1.72
3683978.0,0.30683199,1.0,1.72
3684056.0,0.31175888,1.0,293.776001
3684134.0,0.30317491,1.0,295.152008
3684212.0,0.29570839,1.0,295.496002
3684291.0,0.30698436,1.0,295.496002
3684369.0,0.30180359,1.0,295.496002
3684447.0,0.30297178,1.0,295.496002
3684525.0,0.30459708,1.0,295.496002
3684603.0,0.30683199,1.0,3.096
3684681.0,0.32730153,1.0,2.408
3684759.0,0.30495265,1.0,1.376
3684837.0,0.31404454,1.0,1.376
3684915.0,0.30764464,1.0,1.376
3684994.0,0.30307332,1.0,1.376
3685072.0,0.32171434,1.0,294.119995
3685150.0,0.29332119,1.0,294.119995
3685228.0,0.29504803,1.0,294.808014
3685306.0,0.29799405,1.0,294.808014
3685384.0,0.28443235,1.0,295.496002
3685462.0,0.29596236,1.0,295.496002
3685541.0,0.32267937,1.0,271.76001
3685619.0,0.32217136,1.0,2.752
3685697.0,0.31323189,1.0,1.376
3685775.0,0.27701667,1.0,2.064
3685853.0,0.31043831,1.0,1.72
3685931.0,0.30022895,1.0,1.032
3686009.0,0.28874981,1.0,1.72
3686087.0,0.28067374,1.0,293.776001
3686165.0,0.27447703,1.0,295.152008
3686244.0,0.29967019,1.0,294.463989
3686322.0,0.31653348,1.0,295.152008
3686400.0,0.29601312,1.0,295.152008
3686478.0,0.30119398,1.0,295.496002
3686556.0,0.29509878,1.0,29.927999
3686634.0,0.29687661,1.0,2.064
3686712.0,0.32039368,1.0,2.064
3686790.0,0.30434304,1.0,2.064
3686868.0,0.29073066,1.0,2.064
3686947.0,0.30474952,1.0,1.72
3687025.0,0.31597471,1.0,262.81601
3687103.0,0.29047662,1.0,296.18399
3687181.0,0.2802166,1.0,295.152008
3687259.0,0.30805105,1.0,296.18399
3687337.0,0.28966406,1.0,295.839996
3687415.0,0.29707974,1.0,295.839996
3687493.0,0.30236217,1.0,295.839996
3687571.0,0.31749851,1.0,3.44
3687650.0,0.31094617,1.0,2.408
3687728.0,0.31434941,1.0,2.408
3687806.0,0.30535898,1.0,2.064
3687884.0,0.31186047,1.0,2.752
3687962.0,0.29870519,1.0,3.096
3688040.0,0.3223238,1.0,293.776001
3688118.0,0.28534669,1.0,295.839996
3688196.0,0.29997492,1.0,296.18399
3688274.0,0.29677501,1.0,294.463989
3688353.0,0.30744144,1.0,295.496002
3688431.0,0.32857126,1.0,294.808014
3688509.0,0.31419691,1.0,295.152008
3688587.0,0.31490803,1.0,3.096
3688665.0,0.3129271,1.0,2.064
3688743.0,0.31155577,1.0,2.408
3688821.0,0.29895908,1.0,2.752
3688899.0,0.30540982,1.0,2.064
3688977.0,0.32262859,1.0,2.064
3689056.0,0.3134858,1.0,294.119995
3689134.0,0.31409538,1.0,295.496002
3689212.0,0.31368914,1.0,295.152008
3689290.0,0.30718762,1.0,295.496002
3689368.0,0.3019051,1.0,295.496002
3689446.0,0.30967641,1.0,296.18399
3689524.0,0.2860578,1.0,296.18399
3689603.0,0.31180981,1.0,3.784
3689681.0,0.32811409,1.0,2.752
3689759.0,0.31033671,1.0,2.752
3689837.0,0.31241924,1.0,2.752
3689915.0,0.30581614,1.0,2.408
3689993.0,0.30845737,1.0,2.752
3690071.0,0.30571455,1.0,294.808014
3690149.0,0.29215285,1.0,295.152008
3690227.0,0.315162,1.0,295.152008
3690306.0,0.29636875,1.0,296.18399
3690384.0,0.31084457,1.0,295.496002
3690462.0,0.33131409,1.0,295.496002
3690540.0,0.30744144,1.0,276.231995
3690618.0,0.3121652,1.0,2.752
3690696.0,0.32186663,1.0,2.408
3690774.0,0.31257161,1.0,2.408
3690852.0,0.31567001,1.0,2.408
3690930.0,0.28392443,1.0,2.408
3691008.0,0.30464792,1.0,0.688
3691087.0,0.32674277,1.0,293.088013
3691165.0,0.29189897,1.0,295.496002
3691243.0,0.30530828,1.0,295.839996
3691321.0,0.28778473,1.0,295.496002
3691399.0,0.30840668,1.0,296.528015
3691477.0,0.30607012,1.0,295.839996
3691555.0,0.31109861,1.0,34.400002
3691633.0,0.33375219,1.0,2.752
3691711.0,0.34655192,1.0,2.408
3691790.0,0.3129271,1.0,2.408
3691868.0,0.32963794,1.0,2.408
3691946.0,0.34731388,1.0,2.408
3692024.0,0.33080617,1.0,245.960007
3692102.0,0.31739697,1.0,295.152008
3692180.0,0.29951784,1.0,295.152008
3692258.0,0.31734616,1.0,295.496002
3692336.0,0.31765094,1.0,295.496002
3692415.0,0.31663501,1.0,295.496002
3692493.0,0.30871141,1.0,295.496002
3692571.0,0.31013352,1.0,3.44
3692649.0,0.31434941,1.0,2.064
3692727.0,0.31724447,1.0,2.064
3692805.0,0.32008889,1.0,2.064
3692883.0,0.30495265,1.0,2.064
3692961.0,0.30063522,1.0,2.064
3693040.0,0.32653964,1.0,293.432007
3693118.0,0.30124483,1.0,294.808014
3693196.0,0.29875588,1.0,295.152008
3693274.0,0.30459708,1.0,295.152008
3693352.0,0.30327651,1.0,295.496002
3693430.0,0.31201285,1.0,294.808014
3693508.0,0.31135255,1.0,295.839996
3693586.0,0.30373362,1.0,3.096
3693665.0,0.33613947,1.0,2.064
3693743.0,0.32892683,1.0,2.064
3693821.0,0.3215619,1.0,1.72
3693899.0,0.30805105,1.0,2.064
3693977.0,0.315162,1.0,1.032
3694055.0,0.33121249,1.0,293.088013
3694133.0,0.32252693,1.0,295.152008
3694211.0,0.30601934,1.0,295.152008
3694289.0,0.32943475,1.0,295.152008
3694368.0,0.32029217,1.0,295.152008
3694446.0,0.3119621,1.0,294.808014
3694524.0,0.31800643,1.0,295.496002
3694602.0,0.3081018,1.0,3.096
3694680.0,0.32196823,1.0,2.064
3694758.0,0.3334983,1.0,2.064
3694836.0,0.31658417,1.0,1.376
3694914.0,0.31485727,1.0,1.72
3694992.0,0.33217767,1.0,2.064
3695071.0,0.31094617,1.0,293.776001
3695149.0,0.29200047,1.0,295.152008
3695227.0,0.3197841,1.0,294.808014
3695305.0,0.30160031,1.0,295.496002
3695383.0,0.3333458,1.0,295.152008
3695461.0,0.31125104,1.0,295.152008
3695539.0,0.32344124,1.0,280.015991
3695617.0,0.30165115,1.0,3.096
3695695.0,0.34035522,1.0,1.72
3695773.0,0.32435557,1.0,1.72
3695852.0,0.31617793,1.0,1.72
3695930.0,0.31069228,1.0,1.72
3696008.0,0.32115558,1.0,0.344
3696086.0,0.30937171,1.0,293.776001
3696164.0,0.30449557,1.0,295.496002
3696242.0,0.30987954,1.0,295.152008
3696320.0,0.29987341,1.0,295.496002
3696399.0,0.33669809,1.0,295.496002
3696477.0,0.3096256,1.0,294.808014
3696555.0,0.31053984,1.0,39.903999
3696633.0,0.32176509,1.0,2.064
3696711.0,0.32278097,1.0,2.064
3696789.0,0.3191238,1.0,2.064
3696867.0,0.31191131,1.0,2.064
3696945.0,0.31780323,1.0,2.408
3697023.0,0.32151106,1.0,235.639999
3697102.0,0.31866673,1.0,295.152008
3697180.0,0.30266705,1.0,295.496002
3697258.0,0.31633028,1.0,295.496002
3697336.0,0.30840668,1.0,295.839996
3697414.0,0.32603163,1.0,296.18399
3697492.0,0.31267312,1.0,295.152008
3697570.0,0.31597471,1.0,3.096
3697648.0,0.31389219,1.0,1.72
3697726.0,0.31587321,1.0,2.064
3697805.0,0.30769548,1.0,1.72
3697883.0,0.3128255,1.0,1.72
3697961.0,0.31521285,1.0,1.72
3698039.0,0.32212067,1.0,293.432007
3698117.0,0.31714293,1.0,294.808014
3698195.0,0.32537135,1.0,295.152008
3698273.0,0.29570839,1.0,295.152008
3698351.0,0.32618406,1.0,295.839996
3698429.0,0.31729531,1.0,294.808014
3698508.0,0.31958103,1.0,295.152008
3698586.0,0.32603163,1.0,3.096
3698664.0,0.32521898,1.0,1.72
3698742.0,0.32857126,1.0,1.376
3698820.0,0.31648266,1.0,1.376
3698898.0,0.32354283,1.0,2.064
3698976.0,0.31373984,1.0,2.064
3699054.0,0.31617793,1.0,293.776001
3699132.0,0.33212683,1.0,295.152008
3699211.0,0.31277481,1.0,295.152008
3699289.0,0.30571455,1.0,295.839996
3699367.0,0.30540982,1.0,296.18399
3699445.0,0.3262856,1.0,295.496002
3699523.0,0.30038133,1.0,295.839996
3699601.0,0.32760626,1.0,2.752
3699679.0,0.29626709,1.0,2.408
3699757.0,0.33619028,1.0,1.72
3699835.0,0.31617793,1.0,1.72
3699914.0,0.32359368,1.0,1.72
3699992.0,0.30866051,1.0,1.72
3700070.0,0.3199873,1.0,293.088013
3700148.0,0.29007038,1.0,294.463989
3700226.0,0.31186047,1.0,294.119995
3700304.0,0.30226067,1.0,295.152008
3700382.0,0.30759388,1.0,295.152008
3700460.0,0.31318107,1.0,294.463989
3700538.0,0.30947322,1.0,284.144012
3700617.0,0.31653348,1.0,2.752
3700695.0,0.3231872,1.0,1.72
3700773.0,0.32918087,1.0,1.72
3700851.0,0.30937171,1.0,1.72
3700929.0,0.30982879,1.0,1.72
3701007.0,0.33039993,1.0,0.0
3701085.0,0.33253315,1.0,293.776001
3701164.0,0.30134642,1.0,295.152008
3701242.0,0.33481887,1.0,294.808014
3701320.0,0.29951784,1.0,295.496002
3701398.0,0.32359368,1.0,294.808014
3701476.0,0.34294569,1.0,294.808014
3701554.0,0.32953644,1.0,46.439999
3701632.0,0.31800643,1.0,2.064
3701710.0,0.34126955,1.0,2.064
3701788.0,0.33060303,1.0,2.064
3701867.0,0.31678739,1.0,1.72
3701945.0,0.315162,1.0,2.064
3702023.0,0.31333357,1.0,227.384003
3702101.0,0.3019051,1.0,295.152008
3702179.0,0.30586699,1.0,295.152008
3702257.0,0.3120636,1.0,295.496002
3702335.0,0.3019051,1.0,295.839996
3702413.0,0.31841284,1.0,295.496002
3702491.0,0.315162,1.0,295.496002
3702570.0,0.32953644,1.0,3.44
3702648.0,0.33537748,1.0,2.064
3702726.0,0.32212067,1.0,1.72
3702804.0,0.32039368,1.0,1.376
3702882.0,0.33075541,1.0,1.032
3702960.0,0.30845737,1.0,1.376
3703038.0,0.31638098,1.0,292.056
3703116.0,0.31114936,1.0,294.808014
3703194.0,0.31561917,1.0,295.152008
3703273.0,0.31541598,1.0,294.808014
3703351.0,0.31409538,1.0,294.119995
3703429.0,0.30632406,1.0,295.152008
3703507.0,0.32054606,1.0,294.808014
3703585.0,0.30916849,1.0,2.752
3703663.0,0.29789245,1.0,1.376
3703741.0,0.34497738,1.0,1.72
3703819.0,0.29814643,1.0,1.72
3703897.0,0.31856513,1.0,1.72
3703976.0,0.3122668,1.0,1.72
3704054.0,0.34076163,1.0,293.432007
3704132.0,0.3121652,1.0,295.152008
3704210.0,0.31947938,1.0,295.839996
3704288.0,0.3146033,1.0,296.18399
3704366.0,0.31922549,1.0,295.839996
3704444.0,0.32273012,1.0,295.839996
3704523.0,0.32867286,1.0,295.839996
3704601.0,0.33730766,1.0,3.44
3704679.0,0.31871757,1.0,2.408
3704757.0,0.33634266,1.0,2.408
3704835.0,0.3286221,1.0,2.408
3704913.0,0.31414616,1.0,2.408
3704991.0,0.30891454,1.0,2.408
3705069.0,0.31409538,1.0,294.119995
3705147.0,0.27879441,1.0,295.496002
3705226.0,0.30607012,1.0,295.496002
3705304.0,0.31384134,1.0,295.839996
3705382.0,0.32516822,1.0,295.496002
3705460.0,0.32567623,1.0,294.808014
3705538.0,0.31739697,1.0,287.584015
3705616.0,0.31739697,1.0,2.408
3705694.0,0.33385372,1.0,2.064
3705772.0,0.3302983,1.0,2.064
3705850.0,0.32984117,1.0,2.064
3705928.0,0.31511125,1.0,2.064
3706007.0,0.3175492,1.0,0.688
3706085.0,0.30835578,1.0,293.432007
3706163.0,0.27920073,1.0,294.463989
3706241.0,0.30662885,1.0,295.152008
3706319.0,0.31856513,1.0,295.152008
3706397.0,0.31267312,1.0,295.496002
3706475.0,0.32958719,1.0,295.496002
3706553.0,0.30713671,1.0,51.256001
3706632.0,0.32044446,1.0,1.72
3706710.0,0.34563768,1.0,1.72
3706788.0,0.32369521,1.0,2.064
3706866.0,0.3216635,1.0,1.72
3706944.0,0.31165728,1.0,2.064
3707022.0,0.33939022,1.0,221.192001
3707100.0,0.32024133,1.0,294.463989
3707178.0,0.29982263,1.0,294.808014
3707256.0,0.32415238,1.0,294.808014
3707335.0,0.31673661,1.0,294.808014
3707413.0,0.33344746,1.0,294.808014
3707491.0,0.31780323,1.0,294.808014
3707569.0,0.32196823,1.0,2.752
3707647.0,0.31465414,1.0,2.064
3707725.0,0.3205969,1.0,1.376
3707803.0,0.33166966,1.0,1.72
3707881.0,0.32521898,1.0,1.376
3707960.0,0.33486956,1.0,2.064
3708038.0,0.3142986,1.0,293.776001
3708116.0,0.31729531,1.0,295.152008
3708194.0,0.28707352,1.0,294.808014
3708272.0,0.30642566,1.0,295.496002
3708350.0,0.33090776,1.0,294.808014
3708428.0,0.32521898,1.0,294.808014
3708506.0,0.31008273,1.0,294.808014
3708584.0,0.31323189,1.0,3.44
3708663.0,0.33004436,1.0,2.064
3708741.0,0.3262856,1.0,2.064
3708819.0,0.31597471,1.0,2.064
3708897.0,0.32080001,1.0,1.72
3708975.0,0.32440627,1.0,2.064
3709053.0,0.31221604,1.0,292.743988
3709131.0,0.31318107,1.0,294.808014
3709209.0,0.32171434,1.0,295.152008
3709287.0,0.30749235,1.0,295.152008
3709366.0,0.3357839,1.0,294.808014
3709444.0,0.30754313,1.0,294.463989
3709522.0,0.30601934,1.0,295.152008
3709600.0,0.32770786,1.0,3.096
3709678.0,0.31942853,1.0,2.064
3709756.0,0.32603163,1.0,1.72
3709834.0,0.3205969,1.0,1.72
3709912.0,0.30525738,1.0,2.064
3709990.0,0.30805105,1.0,2.064
3710069.0,0.31506041,1.0,293.776001
3710147.0,0.2947433,1.0,295.152008
3710225.0,0.30871141,1.0,295.496002
3710303.0,0.32913002,1.0,295.152008
3710381.0,0.32994276,1.0,295.496002
3710459.0,0.31145415,1.0,295.152008
3710537.0,0.31384134,1.0,292.056
3710615.0,0.31968257,1.0,3.096
3710693.0,0.32567623,1.0,2.064
3710772.0,0.34457105,1.0,1.72
3710850.0,0.32069841,1.0,2.064
3710928.0,0.31724447,1.0,2.064
3711006.0,0.32176509,1.0,0.688
3711084.0,0.33090776,1.0,293.776001
3711162.0,0.3121652,1.0,295.152008
3711240.0,0.30175275,1.0,295.152008
3711318.0,0.28722602,1.0,295.496002
3711397.0,0.31892076,1.0,295.152008
3711475.0,0.32049531,1.0,295.496002
3711553.0,0.31866673,1.0,58.136002
3711631.0,0.31531444,1.0,2.064
3711709.0,0.35305345,1.0,2.064
3711787.0,0.32735229,1.0,1.72
3711865.0,0.32999352,1.0,2.064
3711943.0,0.32252693,1.0,2.064
3712022.0,0.31917465,1.0,216.720001
3712100.0,0.30749235,1.0,294.808014
3712178.0,0.30256546,1.0,294.463989
3712256.0,0.33187285,1.0,295.152008
3712334.0,0.32674277,1.0,294.808014
3712412.0,0.30200669,1.0,295.496002
3712490.0,0.30835578,1.0,295.496002
3712568.0,0.28224829,1.0,3.096
3712646.0,0.31805727,1.0,2.064
3712725.0,0.33045059,1.0,1.72
3712803.0,0.31577152,1.0,1.72
3712881.0,0.32740304,1.0,1.032
3712959.0,0.31094617,1.0,2.064
3713037.0,0.3199873,1.0,293.088013
3713115.0,0.31053984,1.0,294.463989
3713193.0,0.30287018,1.0,295.152008
3713271.0,0.32293341,1.0,294.808014
3713349.0,0.33542833,1.0,295.152008
3713427.0,0.31521285,1.0,294.808014
3713506.0,0.31815881,1.0,295.496002
3713584.0,0.32369521,1.0,3.096
3713662.0,0.31033671,1.0,1.376
3713740.0,0.33944106,1.0,2.064
3713818.0,0.32938406,1.0,1.376
3713896.0,0.31861594,1.0,1.376
3713974.0,0.31262237,1.0,1.032
3714052.0,0.32587934,1.0,293.776001
3714130.0,0.31765094,1.0,295.152008
3714209.0,0.30667964,1.0,295.839996
3714287.0,0.33710456,1.0,296.18399
3714365.0,0.32379681,1.0,295.496002
3714443.0,0.31658417,1.0,295.839996
3714521.0,0.3238984,1.0,295.839996
3714599.0,0.32471099,1.0,3.44
3714677.0,0.31871757,1.0,2.064
3714755.0,0.34101552,1.0,2.064
3714834.0,0.32425398,1.0,2.752
3714912.0,0.31892076,1.0,2.064
3714990.0,0.32806343,1.0,2.408
3715068.0,0.32730153,1.0,293.776001
3715146.0,0.32496503,1.0,295.152008
3715224.0,0.33126339,1.0,295.496002
3715302.0,0.33131409,1.0,295.496002
3715380.0,0.30896521,1.0,295.496002
3715459.0,0.32831737,1.0,295.496002
3715537.0,0.33151728,1.0,296.18399
3715615.0,0.32064757,1.0,3.096
3715693.0,0.34528211,1.0,2.064
3715771.0,0.33710456,1.0,2.064
3715849.0,0.3278603,1.0,2.064
3715927.0,0.3142986,1.0,2.064
3716005.0,0.31521285,1.0,1.032
3716083.0,0.31500971,1.0,293.776001
3716162.0,0.29626709,1.0,296.18399
3716240.0,0.31551763,1.0,294.808014
3716318.0,0.35015824,1.0,294.808014
3716396.0,0.32105407,1.0,295.496002
3716474.0,0.31079388,1.0,295.839996
3716552.0,0.3263872,1.0,64.671997
3716630.0,0.32593003,1.0,2.752
3716708.0,0.33700293,1.0,3.44
3716786.0,0.33558077,1.0,3.096
3716865.0,0.33832359,1.0,2.408
3716943.0,0.3017019,1.0,2.408
3717021.0,0.32369521,1.0,210.528
3717099.0,0.31130171,1.0,296.18399
3717177.0,0.34081239,1.0,295.496002
3717255.0,0.32791099,1.0,295.839996
3717333.0,0.34065995,1.0,296.18399
3717411.0,0.32775861,1.0,295.839996
3717489.0,0.31572068,1.0,295.839996
3717568.0,0.31907311,1.0,3.44
3717646.0,0.3017019,1.0,2.408
3717724.0,0.33730766,1.0,2.408
3717802.0,0.31856513,1.0,2.408
3717880.0,0.32278097,1.0,2.408
3717958.0,0.31587321,1.0,2.408
3718036.0,0.31465414,1.0,293.776001
3718114.0,0.31597471,1.0,295.496002
3718192.0,0.28895292,1.0,295.496002
3718271.0,0.32196823,1.0,295.496002
3718349.0,0.34452024,1.0,295.496002
3718427.0,0.30794945,1.0,295.496002
3718505.0,0.32191747,1.0,295.496002
3718583.0,0.31831124,1.0,3.44
3718661.0,0.32511747,1.0,2.408
3718739.0,0.32811409,1.0,1.72
3718817.0,0.3263365,1.0,2.064
3718896.0,0.32430473,1.0,2.064
3718974.0,0.32440627,1.0,2.064
3719052.0,0.3184635,1.0,293.432007
3719130.0,0.32770786,1.0,295.152008
3719208.0,0.31114936,1.0,295.496002
3719286.0,0.32516822,1.0,295.496002
3719364.0,0.31567001,1.0,296.18399
3719442.0,0.30779707,1.0,296.18399
3719521.0,0.30688277,1.0,296.18399
3719599.0,0.30667964,1.0,3.784
3719677.0,0.34253928,1.0,2.408
3719755.0,0.31663501,1.0,2.408
3719833.0,0.33085701,1.0,2.752
3719911.0,0.33690143,1.0,2.408
3719989.0,0.32511747,1.0,2.408
3720067.0,0.33304107,1.0,294.119995
3720145.0,0.29992422,1.0,295.496002
3720224.0,0.30444479,1.0,295.839996
3720302.0,0.30906698,1.0,295.152008
3720380.0,0.31414616,1.0,295.496002
3720458.0,0.33426011,1.0,295.839996
3720536.0,0.3287237,1.0,297.903992
3720614.0,0.32293341,1.0,3.096
3720692.0,0.32151106,1.0,2.408
3720770.0,0.32653964,1.0,2.408
3720848.0,0.33293954,1.0,2.064
3720927.0,0.33339664,1.0,2.064
3721005.0,0.32217136,1.0,1.032
3721083.0,0.31328267,1.0,294.119995
3721161.0,0.30094001,1.0,295.496002
3721239.0,0.29895908,1.0,295.496002
3721317.0,0.31084457,1.0,295.839996
3721395.0,0.32455871,1.0,295.496002
3721473.0,0.3134858,1.0,295.496002
3721552.0,0.3191238,1.0,69.832001
3721630.0,0.32283166,1.0,2.064
3721708.0,0.33497125,1.0,2.064
3721786.0,0.31221604,1.0,2.408
3721864.0,0.33766323,1.0,2.064
3721942.0,0.31394294,1.0,2.064
3722020.0,0.3247619,1.0,201.927994
3722098.0,0.31856513,1.0,295.496002
3722176.0,0.2843816,1.0,296.18399
3722255.0,0.29682586,1.0,295.839996
3722333.0,0.30307332,1.0,295.839996
3722411.0,0.33299023,1.0,296.18399
3722489.0,0.29814643,1.0,296.18399
3722567.0,0.3197841,1.0,3.44
3722645.0,0.30241302,1.0,2.408
3722723.0,0.32171434,1.0,2.408
3722801.0,0.31953022,1.0,2.408
3722879.0,0.3223238,1.0,2.408
3722958.0,0.32740304,1.0,2.408
3723036.0,0.30525738,1.0,293.776001
3723114.0,0.32100314,1.0,295.152008
3723192.0,0.32019049,1.0,295.496002
3723270.0,0.29860365,1.0,295.496002
3723348.0,0.31724447,1.0,295.496002
3723426.0,0.31749851,1.0,295.839996
3723504.0,0.30139717,1.0,295.839996
3723582.0,0.31470484,1.0,3.44
3723661.0,0.31851435,1.0,2.064
3723739.0,0.3254222,1.0,2.408
3723817.0,0.32598096,1.0,2.064
3723895.0,0.30551142,1.0,2.064
3723973.0,0.32024133,1.0,2.064
3724051.0,0.30078772,1.0,293.776001
3724129.0,0.32247624,1.0,295.496002
3724207.0,0.31968257,1.0,295.496002
3724285.0,0.32125717,1.0,295.839996
3724364.0,0.31338426,1.0,295.496002
3724442.0,0.32552379,1.0,295.839996
3724520.0,0.29834962,1.0,296.528015
3724598.0,0.3122668,1.0,3.096
3724676.0,0.32593003,1.0,2.752
3724754.0,0.30444479,1.0,1.72
3724832.0,0.31150493,1.0,2.408
3724910.0,0.32354283,1.0,2.064
3724988.0,0.30982879,1.0,1.72
3725067.0,0.31556833,1.0,293.776001
3725145.0,0.29972097,1.0,294.463989
3725223.0,0.32206982,1.0,295.839996
3725301.0,0.31572068,1.0,295.496002
3725379.0,0.32684436,1.0,295.152008
3725457.0,0.30408925,1.0,295.496002
3725535.0,0.31099701,1.0,296.528015
3725613.0,0.34035522,1.0,3.096
3725692.0,0.33547917,1.0,2.064
3725770.0,0.32745382,1.0,1.72
3725848.0,0.32186663,1.0,1.72
3725926.0,0.31252077,1.0,2.408
3726004.0,0.32735229,1.0,1.032
3726082.0,0.32618406,1.0,293.776001
3726160.0,0.30759388,1.0,295.152008
3726238.0,0.31247008,1.0,295.496002
3726317.0,0.33405691,1.0,295.496002
3726395.0,0.31074303,1.0,295.496002
3726473.0,0.30921927,1.0,295.152008
3726551.0,0.33034909,1.0,77.744003
3726629.0,0.31668577,1.0,2.064
3726707.0,0.34487578,1.0,2.064
3726785.0,0.32867286,1.0,2.064
3726863.0,0.31236842,1.0,1.376
3726941.0,0.31734616,1.0,2.064
3727020.0,0.33928862,1.0,196.423996
3727098.0,0.31465414,1.0,294.808014
3727176.0,0.28590536,1.0,295.152008
3727254.0,0.31475568,1.0,295.152008
3727332.0,0.31622863,1.0,295.152008
3727410.0,0.30383527,1.0,295.496002
3727488.0,0.3159239,1.0,295.496002
3727566.0,0.29022282,1.0,2.752
3727644.0,0.32186663,1.0,2.064
3727723.0,0.32095245,1.0,1.72
3727801.0,0.33883145,1.0,2.064
3727879.0,0.33116174,1.0,2.064
3727957.0,0.30942237,1.0,1.72
3728035.0,0.32989192,1.0,293.432007
3728113.0,0.29672432,1.0,295.152008
3728191.0,0.30764464,1.0,295.152008
3728269.0,0.32857126,1.0,295.496002
3728347.0,0.31704143,1.0,295.496002
3728426.0,0.32816502,1.0,295.496002
3728504.0,0.33542833,1.0,295.496002
3728582.0,0.32430473,1.0,3.096
3728660.0,0.32582852,1.0,2.064
3728738.0,0.32105407,1.0,2.064
3728816.0,0.34177747,1.0,2.064
3728894.0,0.34005049,1.0,2.064
3728972.0,0.32730153,1.0,2.064
3729050.0,0.3269968,1.0,293.776001
3729129.0,0.34076163,1.0,295.496002
3729207.0,0.31013352,1.0,295.496002
3729285.0,0.32029217,1.0,295.152008
3729363.0,0.35000589,1.0,295.496002
3729441.0,0.32090163,1.0,295.496002
3729519.0,0.33055219,1.0,295.839996
3729597.0,0.33095869,1.0,2.752
3729675.0,0.34142199,1.0,2.064
3729753.0,0.32968879,1.0,1.72
3729832.0,0.34380919,1.0,2.064
3729910.0,0.32344124,1.0,2.064
3729988.0,0.34385988,1.0,2.064
3730066.0,0.33629182,1.0,293.776001
3730144.0,0.31648266,1.0,295.152008
3730222.0,0.30906698,1.0,294.463989
3730300.0,0.32161275,1.0,295.152008
3730379.0,0.31607625,1.0,295.152008
3730457.0,0.34695825,1.0,294.808014
3730535.0,0.30129558,1.0,296.528015
3730613.0,0.33131409,1.0,2.064
3730691.0,0.32643804,1.0,2.064
3730769.0,0.33217767,1.0,1.376
3730847.0,0.32582852,1.0,1.72
3730925.0,0.32806343,1.0,1.72
3731003.0,0.32460946,1.0,0.344
3731081.0,0.31643188,1.0,294.119995
3731160.0,0.28869903,1.0,294.463989
3731238.0,0.33761239,1.0,295.152008
3731316.0,0.2971814,1.0,295.152008
3731394.0,0.33390456,1.0,295.496002
3731472.0,0.31699058,1.0,295.152008
3731550.0,0.32354283,1.0,88.407997
3731628.0,0.34492663,1.0,1.376
3731706.0,0.34335202,1.0,1.72
3731784.0,0.33304107,1.0,1.72
3731863.0,0.32643804,1.0,2.064
3731941.0,0.33989814,1.0,1.376
3732019.0,0.33568236,1.0,184.384003
3732097.0,0.32151106,1.0,294.119995
3732175.0,0.31033671,1.0,294.463989
3732253.0,0.33451402,1.0,295.839996
3732331.0,0.31480643,1.0,295.839996
3732409.0,0.30139717,1.0,295.496002
3732488.0,0.34238699,1.0,295.839996
3732566.0,0.34528211,1.0,3.096
3732644.0,0.33395532,1.0,2.752
3732722.0,0.33151728,1.0,2.752
3732800.0,0.33065382,1.0,3.096
3732878.0,0.31267312,1.0,2.064
3732956.0,0.31983501,1.0,2.064
3733034.0,0.32369521,1.0,294.119995
3733113.0,0.32425398,1.0,295.496002
3733191.0,0.31699058,1.0,295.152008
3733269.0,0.30033049,1.0,295.839996
3733347.0,0.33232993,1.0,296.18399
3733425.0,0.33547917,1.0,295.839996
3733503.0,0.32095245,1.0,296.18399
3733581.0,0.33862826,1.0,4.128
3733659.0,0.33446333,1.0,2.408
3733737.0,0.36351675,1.0,2.408
3733816.0,0.33339664,1.0,2.408
3733894.0,0.33400622,1.0,2.408
3733972.0,0.34325042,1.0,2.064
3734050.0,0.33563152,1.0,293.432007
3734128.0,0.33588549,1.0,295.152008
3734206.0,0.30556211,1.0,295.839996
3734284.0,0.31343511,1.0,295.839996
3734362.0,0.32598096,1.0,295.496002
3734440.0,0.33471721,1.0,295.839996
3734519.0,0.3112002,1.0,295.839996
3734597.0,0.32247624,1.0,3.44
3734675.0,0.31937784,1.0,3.096
3734753.0,0.33857742,1.0,3.096
3734831.0,0.32384756,1.0,2.408
3734909.0,0.32593003,1.0,2.752
3734987.0,0.31155577,1.0,2.064
3735065.0,0.33720616,1.0,294.463989
3735143.0,0.32547295,1.0,295.839996
3735222.0,0.32212067,1.0,295.152008
3735300.0,0.33060303,1.0,295.496002
3735378.0,0.33959335,1.0,295.496002
3735456.0,0.33085701,1.0,295.496002
3735534.0,0.33426011,1.0,297.216003
3735612.0,0.30703521,1.0,3.44
3735690.0,0.34005049,1.0,1.72
3735768.0,0.34015203,1.0,2.064
3735847.0,0.3388823,1.0,2.064
3735925.0,0.34015203,1.0,2.408
3736003.0,0.32262859,1.0,0.688
3736081.0,0.3238984,1.0,294.463989
3736159.0,0.31089547,1.0,295.496002
3736237.0,0.33080617,1.0,295.496002
3736315.0,0.34360605,1.0,295.152008
3736393.0,0.33146647,1.0,295.496002
3736471.0,0.32252693,1.0,295.496002
3736550.0,0.32831737,1.0,97.008003
3736628.0,0.32384756,1.0,2.064
3736706.0,0.34457105,1.0,3.096
3736784.0,0.33248246,1.0,2.064
3736862.0,0.31043831,1.0,2.064
3736940.0,0.31109861,1.0,2.064
3737018.0,0.34045675,1.0,170.279999
3737096.0,0.32852057,1.0,295.152008
3737175.0,0.29382905,1.0,295.496002
3737253.0,0.32547295,1.0,295.496002
3737331.0,0.31353661,1.0,295.496002
3737409.0,0.31795567,1.0,295.152008
3737487.0,0.32750466,1.0,294.808014
3737565.0,0.30769548,1.0,2.752
3737643.0,0.32852057,1.0,1.72
3737721.0,0.33212683,1.0,2.064
3737799.0,0.32049531,1.0,1.72
3737877.0,0.32064757,1.0,1.032
3737956.0,0.32877445,1.0,1.032
3738034.0,0.3230857,1.0,293.776001
3738112.0,0.33359984,1.0,295.152008
3738190.0,0.32212067,1.0,295.152008
3738268.0,0.34375834,1.0,295.839996
3738346.0,0.33542833,1.0,295.496002
3738424.0,0.31409538,1.0,295.152008
3738502.0,0.30977795,1.0,295.839996
3738581.0,0.32831737,1.0,3.44
3738659.0,0.30744144,1.0,2.064
3738737.0,0.34665361,1.0,2.064
3738815.0,0.31257161,1.0,1.72
3738893.0,0.33395532,1.0,2.064
3738971.0,0.35046297,1.0,2.064
3739049.0,0.32846975,1.0,293.776001
3739127.0,0.32587934,1.0,294.808014
3739205.0,0.31109861,1.0,294.808014
3739283.0,0.33441249,1.0,295.496002
3739362.0,0.32846975,1.0,295.496002
3739440.0,0.33634266,1.0,295.496002
3739518.0,0.31881908,1.0,295.496002
3739596.0,0.32181594,1.0,3.44
3739674.0,0.35508513,1.0,2.064
3739752.0,0.33893296,1.0,1.72
3739830.0,0.34995505,1.0,2.064
3739909.0,0.31257161,1.0,1.72
3739987.0,0.35406935,1.0,2.064
3740065.0,0.33039993,1.0,293.776001
3740143.0,0.31826031,1.0,295.152008
3740221.0,0.30383527,1.0,295.496002
3740299.0,0.315162,1.0,295.152008
3740377.0,0.31892076,1.0,295.152008
3740455.0,0.31704143,1.0,295.496002
3740534.0,0.31125104,1.0,297.559998
3740612.0,0.34111711,1.0,3.096
3740690.0,0.34330127,1.0,2.064
3740768.0,0.3205969,1.0,2.064
3740846.0,0.34523135,1.0,2.064
3740924.0,0.3317205,1.0,2.408
3741002.0,0.34345362,1.0,0.688
3741080.0,0.34111711,1.0,293.432007
3741158.0,0.31988576,1.0,295.152008
3741236.0,0.319327,1.0,295.152008
3741315.0,0.31760004,1.0,295.496002
3741393.0,0.33075541,1.0,295.496002
3741471.0,0.3224254,1.0,295.152008
3741549.0,0.31760004,1.0,107.328003
3741627.0,0.35503438,1.0,1.72
3741705.0,0.34213305,1.0,2.064
3741783.0,0.34137109,1.0,2.064
3741861.0,0.32237464,1.0,2.064
3741939.0,0.3142986,1.0,2.408
3742018.0,0.31074303,1.0,159.615997
3742096.0,0.33527598,1.0,295.496002
3742174.0,0.3286221,1.0,295.496002
3742252.0,0.32379681,1.0,295.496002
3742330.0,0.32811409,1.0,294.808014
3742408.0,0.33806965,1.0,295.496002
3742486.0,0.3216635,1.0,295.152008
3742564.0,0.32161275,1.0,2.752
3742642.0,0.32806343,1.0,2.064
3742721.0,0.35691372,1.0,2.064
3742799.0,0.33273625,1.0,2.408
3742877.0,0.31475568,1.0,2.064
3742955.0,0.32857126,1.0,2.064
3743033.0,0.34162512,1.0,293.776001
3743111.0,0.32897767,1.0,295.152008
3743189.0,0.34756786,1.0,295.152008
3743267.0,0.35097089,1.0,294.808014
3743345.0,0.31587321,1.0,295.496002
3743424.0,0.3374601,1.0,295.152008
3743502.0,0.33375219,1.0,295.496002
3743580.0,0.33024749,1.0,3.096
3743658.0,0.33547917,1.0,2.064
3743736.0,0.31577152,1.0,2.064
3743814.0,0.35152966,1.0,2.064
3743892.0,0.33781561,1.0,1.72
3743971.0,0.33817115,1.0,1.72
3744049.0,0.32953644,1.0,293.432007
3744127.0,0.31892076,1.0,294.463989
3744205.0,0.30439398,1.0,294.808014
3744283.0,0.32339039,1.0,295.152008
3744361.0,0.33893296,1.0,295.152008
3744439.0,0.3160255,1.0,295.152008
3744517.0,0.33928862,1.0,295.152008
3744595.0,0.34152353,1.0,2.752
3744674.0,0.34711069,1.0,2.064
3744752.0,0.34472343,1.0,2.064
3744830.0,0.32191747,1.0,1.72
3744908.0,0.34370759,1.0,1.72
3744986.0,0.34792334,1.0,2.064
3745064.0,0.33278719,1.0,293.776001
3745142.0,0.30601934,1.0,295.152008
3745220.0,0.33974579,1.0,295.152008
3745298.0,0.32547295,1.0,295.496002
3745377.0,0.33095869,1.0,295.496002
3745455.0,0.34299645,1.0,295.496002
3745533.0,0.32618406,1.0,297.559998
3745611.0,0.33883145,1.0,3.096
3745689.0,0.35010755,1.0,2.064
3745767.0,0.35041228,1.0,2.064
3745845.0,0.32547295,1.0,2.064
3745923.0,0.32664123,1.0,2.064
3746002.0,0.32181594,1.0,1.376
3746080.0,0.34111711,1.0,293.776001
3746158.0,0.30353048,1.0,295.496002
3746236.0,0.33227926,1.0,295.496002
3746314.0,0.33771408,1.0,295.496002
3746392.0,0.32791099,1.0,295.839996
3746470.0,0.33156812,1.0,296.18399
3746548.0,0.35457721,1.0,117.304001
3746626.0,0.31724447,1.0,2.064
3746705.0,0.34995505,1.0,2.064
3746783.0,0.33299023,1.0,1.72
3746861.0,0.37448806,1.0,1.376
3746939.0,0.3247619,1.0,1.72
3747017.0,0.34736472,1.0,153.080002
3747095.0,0.34350446,1.0,295.496002
3747173.0,0.30749235,1.0,295.839996
3747251.0,0.34812656,1.0,295.839996
3747330.0,0.33243155,1.0,295.152008
3747408.0,0.32328889,1.0,295.152008
3747486.0,0.32110482,1.0,295.496002
3747564.0,0.31455249,1.0,2.752
3747642.0,0.33939022,1.0,2.408
3747720.0,0.33329502,1.0,2.408
3747798.0,0.32999352,1.0,2.064
3747876.0,0.33619028,1.0,2.064
3747954.0,0.31394294,1.0,2.408
3748033.0,0.31424767,1.0,294.119995
3748111.0,0.33131409,1.0,295.496002
3748189.0,0.32506663,1.0,295.839996
3748267.0,0.32674277,1.0,295.152008
3748345.0,0.32206982,1.0,295.496002
3748423.0,0.34675515,1.0,295.496002
3748501.0,0.33959335,1.0,295.839996
3748579.0,0.33730766,1.0,3.784
3748657.0,0.34584087,1.0,2.408
3748736.0,0.34223455,1.0,2.408
3748814.0,0.32603163,1.0,2.408
3748892.0,0.34406313,1.0,2.408
3748970.0,0.32572693,1.0,2.064
3749048.0,0.33928862,1.0,293.776001
3749126.0,0.33248246,1.0,295.496002
3749204.0,0.32648879,1.0,295.839996
3749282.0,0.34832975,1.0,295.496002
3749360.0,0.32064757,1.0,295.839996
3749438.0,0.33781561,1.0,295.496002
3749517.0,0.31297794,1.0,295.839996
3749595.0,0.35264719,1.0,3.784
3749673.0,0.33238077,1.0,2.408
3749751.0,0.34645042,1.0,2.064
3749829.0,0.34045675,1.0,2.064
3749907.0,0.32816502,1.0,2.408
3749985.0,0.33517438,1.0,1.72
3750063.0,0.3334983,1.0,293.088013
3750141.0,0.32750466,1.0,295.496002
3750220.0,0.32780936,1.0,293.776001
3750298.0,0.33166966,1.0,293.776001
3750376.0,0.34457105,1.0,294.808014
3750454.0,0.32593003,1.0,294.463989
3750532.0,0.32049531,1.0,297.216003
3750610.0,0.33019671,1.0,2.408
3750688.0,0.34198052,1.0,1.376
3750767.0,0.36224693,1.0,2.064
3750845.0,0.35376456,1.0,2.408
3750923.0,0.34345362,1.0,2.064
3751001.0,0.3374601,1.0,1.72
3751079.0,0.33288869,1.0,294.119995
3751157.0,0.33441249,1.0,295.496002
3751235.0,0.33055219,1.0,295.839996
3751313.0,0.33085701,1.0,295.496002
3751391.0,0.35147882,1.0,295.496002
3751470.0,0.35533917,1.0,295.496002
3751548.0,0.35528833,1.0,126.592003
3751626.0,0.32669201,1.0,1.72
3751704.0,0.36534524,1.0,1.376
3751782.0,0.34705985,1.0,1.72
3751860.0,0.36321202,1.0,1.72
3751938.0,0.31810796,1.0,1.376
3752016.0,0.33309191,1.0,146.199997
3752094.0,0.34548539,1.0,294.808014
3752173.0,0.31338426,1.0,294.808014
3752251.0,0.3398473,1.0,295.152008
3752329.0,0.3247619,1.0,294.808014
3752407.0,0.34446946,1.0,295.152008
3752485.0,0.35676128,1.0,295.152008
3752563.0,0.34812656,1.0,2.408
3752641.0,0.33481887,1.0,1.72
3752719.0,0.34670445,1.0,2.064
3752797.0,0.36625957,1.0,2.064
3752876.0,0.32445717,1.0,2.064
3752954.0,0.32892683,1.0,1.72
3753032.0,0.32846975,1.0,293.432007
3753110.0,0.33928862,1.0,294.808014
3753188.0,0.34208229,1.0,294.808014
3753266.0,0.35295191,1.0,295.152008
3753344.0,0.3286221,1.0,295.152008
3753422.0,0.35625342,1.0,295.152008
3753501.0,0.34457105,1.0,295.839996
3753579.0,0.32623485,1.0,3.44
3753657.0,0.35432324,1.0,2.408
3753735.0,0.34579012,1.0,2.408
3753813.0,0.32831737,1.0,2.408
3753891.0,0.35442486,1.0,2.408
3753969.0,0.34741542,1.0,2.064
3754047.0,0.34634888,1.0,293.776001
3754125.0,0.34919325,1.0,295.496002
3754204.0,0.33685058,1.0,295.496002
3754282.0,0.34401229,1.0,295.496002
3754360.0,0.34512982,1.0,294.808014
3754438.0,0.33354899,1.0,294.808014
3754516.0,0.32750466,1.0,295.152008
3754594.0,0.36204374,1.0,2.752
3754672.0,0.34883767,1.0,1.376
3754750.0,0.35406935,1.0,1.376
3754828.0,0.35371372,1.0,1.72
3754907.0,0.34396154,1.0,1.72
3754985.0,0.34391078,1.0,1.72
3755063.0,0.34705985,1.0,293.776001
3755141.0,0.34873608,1.0,294.808014
3755219.0,0.34319958,1.0,295.496002
3755297.0,0.33573306,1.0,295.496002
3755375.0,0.32923162,1.0,295.152008
3755453.0,0.35208842,1.0,295.496002
3755531.0,0.35163134,1.0,297.559998
3755610.0,0.3594026,1.0,2.408
3755688.0,0.34751701,1.0,1.72
3755766.0,0.35127571,1.0,2.064
3755844.0,0.35274872,1.0,2.064
3755922.0,0.36031684,1.0,1.72
3756000.0,0.34751701,1.0,1.032
3756078.0,0.34492663,1.0,293.432007
3756156.0,0.31729531,1.0,294.808014
3756235.0,0.34238699,1.0,295.839996
3756313.0,0.32653964,1.0,294.808014
3756391.0,0.34015203,1.0,294.808014
3756469.0,0.34446946,1.0,295.496002
3756547.0,0.33944106,1.0,134.503998
3756625.0,0.33603778,1.0,1.72
3756703.0,0.36133268,1.0,1.72
3756781.0,0.34756786,1.0,1.72
3756860.0,0.33796796,1.0,1.72
3756938.0,0.32333964,1.0,2.064
3757016.0,0.34634888,1.0,141.039993
3757094.0,0.32516822,1.0,294.463989
3757172.0,0.31831124,1.0,294.119995
3757250.0,0.32887614,1.0,294.808014
3757328.0,0.31704143,1.0,295.152008
3757406.0,0.35442486,1.0,295.152008
3757484.0,0.33466652,1.0,294.808014
3757563.0,0.35081854,1.0,1.72
3757641.0,0.32369521,1.0,1.72
3757719.0,0.34878683,1.0,1.72
3757797.0,0.3538661,1.0,1.376
3757875.0,0.34716147,1.0,2.064
3757953.0,0.35081854,1.0,2.064
3758031.0,0.33085701,1.0,293.776001
3758109.0,0.35264719,1.0,295.152008
3758187.0,0.33649501,1.0,295.152008
3758266.0,0.32653964,1.0,294.808014
3758344.0,0.3351236,1.0,295.496002
3758422.0,0.34888852,1.0,294.808014
3758500.0,0.34030446,1.0,295.839996
3758578.0,0.35599947,1.0,2.752
3758656.0,0.33989814,1.0,2.064
3758734.0,0.34888852,1.0,2.064
3758812.0,0.34802502,1.0,1.72
3758890.0,0.338222,1.0,2.064
3758969.0,0.33583465,1.0,1.376
3759047.0,0.35681212,1.0,293.432007
3759125.0,0.34030446,1.0,294.808014
3759203.0,0.32618406,1.0,295.152008
3759281.0,0.31744766,1.0,295.496002
3759359.0,0.32958719,1.0,295.496002
3759437.0,0.32516822,1.0,295.496002
3759515.0,0.32755557,1.0,295.496002
3759593.0,0.32973963,1.0,3.096
3759672.0,0.33588549,1.0,2.064
3759750.0,0.34045675,1.0,2.064
3759828.0,0.35335815,1.0,2.064
3759906.0,0.34010133,1.0,2.064
3759984.0,0.35147882,1.0,1.72
3760062.0,0.33827269,1.0,293.776001
3760140.0,0.34132025,1.0,295.152008
3760218.0,0.33695212,1.0,295.496002
3760296.0,0.33893296,1.0,295.152008
3760375.0,0.33669809,1.0,295.496002
3760453.0,0.33431095,1.0,295.496002
3760531.0,0.35549155,1.0,297.559998
3760609.0,0.33639336,1.0,3.096
3760687.0,0.33740929,1.0,2.064
3760765.0,0.34863448,1.0,2.064
3760843.0,0.34954879,1.0,2.064
3760922.0,0.32755557,1.0,2.064
3761000.0,0.33436173,1.0,1.376
3761078.0,0.34888852,1.0,293.776001
3761156.0,0.32445717,1.0,295.152008
3761234.0,0.33263466,1.0,295.152008
3761312.0,0.35218996,1.0,295.496002
3761390.0,0.33735844,1.0,295.496002
3761468.0,0.3398473,1.0,295.496002
3761546.0,0.33776483,1.0,143.104004
3761625.0,0.33121249,1.0,2.064
3761703.0,0.36697063,1.0,2.064
3761781.0,0.34304729,1.0,2.064
3761859.0,0.34243777,1.0,2.408
3761937.0,0.33182201,1.0,1.72
3762015.0,0.32486343,1.0,131.751999
3762093.0,0.33766323,1.0,294.808014
3762171.0,0.34253928,1.0,295.152008
3762249.0,0.35015824,1.0,295.152008
3762327.0,0.35437408,1.0,295.496002
3762406.0,0.34965032,1.0,295.496002
3762484.0,0.34177747,1.0,295.496002
3762562.0,0.34182823,1.0,2.064
3762640.0,0.32968879,1.0,2.064
3762718.0,0.3642787,1.0,2.064
3762796.0,0.36778337,1.0,1.72
3762874.0,0.32704756,1.0,2.064
3762952.0,0.34579012,1.0,2.064
3763030.0,0.36062157,1.0,294.119995
3763109.0,0.33019671,1.0,295.152008
3763187.0,0.32328889,1.0,295.496002
3763265.0,0.3230857,1.0,295.496002
3763343.0,0.33380303,1.0,295.496002
3763421.0,0.34101552,1.0,295.496002
3763499.0,0.34406313,1.0,295.496002
3763577.0,0.33141568,1.0,3.096
3763655.0,0.33563152,1.0,2.064
3763734.0,0.35803115,1.0,1.72
3763812.0,0.36529458,1.0,2.064
3763890.0,0.34497738,1.0,2.064
3763968.0,0.33613947,1.0,2.064
3764046.0,0.33847588,1.0,293.432007
3764124.0,0.34888852,1.0,295.152008
3764202.0,0.32069841,1.0,295.152008
3764280.0,0.34071079,1.0,295.496002
3764358.0,0.34040606,1.0,295.839996
3764437.0,0.37250704,1.0,295.496002
3764515.0,0.35462806,1.0,295.496002
3764593.0,0.32080001,1.0,3.096
3764671.0,0.33558077,1.0,2.064
3764749.0,0.35076785,1.0,2.064
3764827.0,0.35086939,1.0,1.72
3764905.0,0.34721228,1.0,2.064
3764983.0,0.35371372,1.0,2.064
3765062.0,0.36163741,1.0,293.776001
3765140.0,0.34081239,1.0,295.496002
3765218.0,0.34700918,1.0,295.496002
3765296.0,0.3428441,1.0,295.496002
3765374.0,0.35417098,1.0,296.528015
3765452.0,0.35132653,1.0,296.528015
3765530.0,0.34584087,1.0,296.18399
3765608.0,0.32278097,1.0,4.128
3765686.0,0.38469732,1.0,2.752
3765765.0,0.34523135,1.0,2.752
3765843.0,0.35838673,1.0,2.752
3765921.0,0.34909165,1.0,2.408
3765999.0,0.34071079,1.0,2.408
3766077.0,0.3421838,1.0,294.808014
3766155.0,0.32999352,1.0,295.496002
3766233.0,0.34462184,1.0,295.496002
3766311.0,0.32780936,1.0,296.18399
3766389.0,0.32821584,1.0,295.839996
3766468.0,0.33944106,1.0,295.839996
3766546.0,0.34370759,1.0,149.639999
3766624.0,0.3310602,1.0,2.064
3766702.0,0.36006287,1.0,2.408
3766780.0,0.35874221,1.0,2.408
3766858.0,0.35965654,1.0,2.064
3766936.0,0.34076163,1.0,1.72
3767014.0,0.33761239,1.0,125.559998
3767093.0,0.35660899,1.0,295.496002
3767171.0,0.31607625,1.0,295.152008
3767249.0,0.33283803,1.0,295.839996
3767327.0,0.33131409,1.0,295.496002
3767405.0,0.3374601,1.0,295.839996
3767483.0,0.3643294,1.0,295.839996
3767561.0,0.3375617,1.0,2.064
3767639.0,0.34309804,1.0,2.408
3767717.0,0.36859608,1.0,2.064
3767796.0,0.35315511,1.0,2.064
3767874.0,0.34391078,1.0,2.064
3767952.0,0.3531042,1.0,2.064
3768030.0,0.34198052,1.0,294.119995
3768108.0,0.34817731,1.0,295.152008
3768186.0,0.33299023,1.0,296.528015
3768264.0,0.31810796,1.0,296.528015
3768342.0,0.35137731,1.0,296.528015
3768420.0,0.34314889,1.0,295.496002
3768499.0,0.33121249,1.0,296.528015
3768577.0,0.35401845,1.0,3.784
3768655.0,0.35838673,1.0,2.064
3768733.0,0.35406935,1.0,2.064
3768811.0,0.3381204,1.0,2.064
3768889.0,0.34228539,1.0,1.72
3768967.0,0.34777099,1.0,2.064
3769045.0,0.32907933,1.0,294.119995
3769123.0,0.36778337,1.0,295.496002
3769202.0,0.33624107,1.0,295.496002
3769280.0,0.34609485,1.0,295.152008
3769358.0,0.33060303,1.0,294.808014
3769436.0,0.33014587,1.0,294.808014
3769514.0,0.34899002,1.0,294.808014
3769592.0,0.33593625,1.0,2.408
3769670.0,0.34137109,1.0,1.376
3769748.0,0.3585391,1.0,1.376
3769826.0,0.35605022,1.0,1.376
3769905.0,0.33969495,1.0,1.376
3769983.0,0.33375219,1.0,2.064
3770061.0,0.36148503,1.0,293.776001
3770139.0,0.34959948,1.0,295.496002
3770217.0,0.33354899,1.0,295.839996
3770295.0,0.34858364,1.0,295.839996
3770373.0,0.33659655,1.0,296.528015
3770451.0,0.33542833,1.0,295.839996
3770530.0,0.34071079,1.0,295.496002
3770608.0,0.36570081,1.0,3.44
3770686.0,0.34345362,1.0,2.064
3770764.0,0.34259012,1.0,3.096
3770842.0,0.34157428,1.0,3.44
3770920.0,0.35092014,1.0,3.096
3770998.0,0.34421551,1.0,2.752
3771076.0,0.34350446,1.0,294.463989
3771155.0,0.33197439,1.0,296.18399
3771233.0,0.36041844,1.0,296.18399
3771311.0,0.34274256,1.0,296.18399
3771389.0,0.3755039,1.0,296.18399
3771467.0,0.35290107,1.0,296.18399
3771545.0,0.35518667,1.0,158.240005
3771623.0,0.35930091,1.0,2.752
3771701.0,0.39013216,1.0,2.752
3771779.0,0.38093865,1.0,2.752
3771857.0,0.36361834,1.0,2.408
3771936.0,0.35610101,1.0,2.408
3772014.0,0.3601644,1.0,115.928001
3772092.0,0.34705985,1.0,295.496002
3772170.0,0.34065995,1.0,295.496002
3772248.0,0.3453837,1.0,295.496002
3772326.0,0.35909778,1.0,295.496002
3772404.0,0.35437408,1.0,295.839996
3772483.0,0.34797418,1.0,295.152008
3772561.0,0.32425398,1.0,2.064
3772639.0,0.34868532,1.0,2.408
3772717.0,0.34594241,1.0,2.408
3772795.0,0.34843126,1.0,2.064
3772873.0,0.35671058,1.0,2.064
3772951.0,0.34543455,1.0,2.064
3773029.0,0.35361221,1.0,293.776001
3773107.0,0.35848826,1.0,295.496002
3773186.0,0.34660271,1.0,295.496002
3773264.0,0.35574543,1.0,295.152008
3773342.0,0.33446333,1.0,295.496002
3773420.0,0.34279332,1.0,295.496002
3773498.0,0.34152353,1.0,295.496002
3773576.0,0.3292824,1.0,4.128
3773654.0,0.33502209,1.0,2.752
3773732.0,0.36153588,1.0,2.752
3773810.0,0.35417098,1.0,2.752
3773889.0,0.35056457,1.0,2.408
3773967.0,0.33806965,1.0,2.408
3774045.0,0.35137731,1.0,294.119995
3774123.0,0.35782796,1.0,295.839996
3774201.0,0.32984117,1.0,295.839996
3774279.0,0.35361221,1.0,295.496002
3774357.0,0.34670445,1.0,296.18399
3774435.0,0.35894534,1.0,295.839996
3774513.0,0.36255175,1.0,295.839996
3774592.0,0.34893921,1.0,3.784
3774670.0,0.34142199,1.0,2.408
3774748.0,0.35264719,1.0,2.752
3774826.0,0.36229777,1.0,2.408
3774904.0,0.3522408,1.0,2.064
3774982.0,0.35737088,1.0,2.408
3775060.0,0.3556439,1.0,293.088013
3775138.0,0.34838051,1.0,295.496002
3775216.0,0.32775861,1.0,295.496002
3775295.0,0.34391078,1.0,295.839996
3775373.0,0.34477419,1.0,296.18399
3775451.0,0.34289485,1.0,295.839996
3775529.0,0.34314889,1.0,295.496002
3775607.0,0.35645655,1.0,3.096
3775685.0,0.3175492,1.0,2.408
3775763.0,0.34421551,1.0,2.064
3775841.0,0.35345984,1.0,2.064
3775920.0,0.34700918,1.0,2.408
3775998.0,0.34370759,1.0,1.72
3776076.0,0.33999968,1.0,294.119995
3776154.0,0.33324426,1.0,295.496002
3776232.0,0.35173285,1.0,295.839996
3776310.0,0.34121871,1.0,295.496002
3776388.0,0.34893921,1.0,295.839996
3776466.0,0.33669809,1.0,295.496002
3776544.0,0.35503438,1.0,169.591995
3776623.0,0.34050766,1.0,2.408
3776701.0,0.37433556,1.0,2.064
3776779.0,0.36458343,1.0,2.064
3776857.0,0.34909165,1.0,2.408
3776935.0,0.34919325,1.0,2.064
3777013.0,0.34116796,1.0,103.543999
3777091.0,0.338222,1.0,295.152008
3777169.0,0.32836813,1.0,294.808014
3777247.0,0.36935797,1.0,295.496002
3777326.0,0.36854523,1.0,295.496002
3777404.0,0.34893921,1.0,295.496002
3777482.0,0.35061532,1.0,295.839996
3777560.0,0.35904703,1.0,1.72
3777638.0,0.34299645,1.0,2.064
3777716.0,0.36275494,1.0,2.064
3777794.0,0.35412014,1.0,2.064
3777872.0,0.34817731,1.0,2.064
3777950.0,0.37545308,1.0,2.064
3778029.0,0.36488816,1.0,294.119995
3778107.0,0.34411392,1.0,295.152008
3778185.0,0.3351236,1.0,295.152008
3778263.0,0.36483741,1.0,295.496002
3778341.0,0.34325042,1.0,295.496002
3778419.0,0.33862826,1.0,295.152008
3778497.0,0.33248246,1.0,295.839996
3778576.0,0.35158041,1.0,3.44
3778654.0,0.35325664,1.0,2.064
3778732.0,0.35737088,1.0,1.72
3778810.0,0.36300883,1.0,2.064
3778888.0,0.34121871,1.0,2.064
3778966.0,0.3690024,1.0,1.72
3779044.0,0.3375617,1.0,293.776001
3779122.0,0.33867908,1.0,295.152008
3779200.0,0.35864061,1.0,295.152008
3779279.0,0.33304107,1.0,295.496002
3779357.0,0.35864061,1.0,295.496002
3779435.0,0.3491424,1.0,295.152008
3779513.0,0.35823438,1.0,295.496002
3779591.0,0.33705363,1.0,3.096
3779669.0,0.35858992,1.0,2.064
3779747.0,0.35554224,1.0,1.72
3779825.0,0.3597073,1.0,2.064
3779903.0,0.34543455,1.0,1.72
3779981.0,0.36686903,1.0,2.064
3780060.0,0.32679352,1.0,294.119995
3780138.0,0.34106636,1.0,295.152008
3780216.0,0.33019671,1.0,295.496002
3780294.0,0.34553608,1.0,295.496002
3780372.0,0.36189145,1.0,295.152008
3780450.0,0.34269172,1.0,295.152008
3780528.0,0.34975201,1.0,295.496002
3780606.0,0.36209464,1.0,3.096
3780684.0,0.3714405,1.0,1.72
3780763.0,0.3626025,1.0,1.72
3780841.0,0.35538995,1.0,2.064
3780919.0,0.37037376,1.0,2.064
3780997.0,0.3696627,1.0,1.376
3781075.0,0.35051382,1.0,294.119995
3781153.0,0.34172672,1.0,295.152008
3781231.0,0.35071701,1.0,295.496002
3781309.0,0.35889465,1.0,295.496002
3781387.0,0.35132653,1.0,295.496002
3781466.0,0.35930091,1.0,295.496002
3781544.0,0.36595485,1.0,179.567993
3781622.0,0.364939,1.0,2.064
3781700.0,0.38114184,1.0,2.064
3781778.0,0.35635504,1.0,2.064
3781856.0,0.35549155,1.0,2.064
3781934.0,0.37860224,1.0,2.064
3782013.0,0.35457721,1.0,90.816002
3782091.0,0.36158666,1.0,295.496002
3782169.0,0.3246603,1.0,295.152008
3782247.0,0.35107258,1.0,295.496002
3782325.0,0.36935797,1.0,295.152008
3782403.0,0.3256253,1.0,295.496002
3782481.0,0.35076785,1.0,295.839996
3782559.0,0.34020293,1.0,2.064
3782637.0,0.37032297,1.0,2.408
3782716.0,0.39074168,1.0,2.408
3782794.0,0.34797418,1.0,2.064
3782872.0,0.35716769,1.0,2.064
3782950.0,0.34878683,1.0,2.408
3783028.0,0.34462184,1.0,294.463989
3783106.0,0.33212683,1.0,295.496002
3783184.0,0.34162512,1.0,294.808014
3783262.0,0.33212683,1.0,295.839996
3783340.0,0.35533917,1.0,295.496002
3783419.0,0.36727542,1.0,295.839996
3783497.0,0.34548539,1.0,295.839996
3783575.0,0.35340899,1.0,3.44
3783653.0,0.34766945,1.0,2.064
3783731.0,0.35919937,1.0,2.408
3783809.0,0.34579012,1.0,2.064
3783887.0,0.35960564,1.0,2.064
3783965.0,0.34655192,1.0,2.064
3784043.0,0.34848204,1.0,293.432007
3784122.0,0.3761642,1.0,295.152008
3784200.0,0.32349193,1.0,295.496002
3784278.0,0.34726298,1.0,295.496002
3784356.0,0.35716769,1.0,295.496002
3784434.0,0.34431711,1.0,295.152008
3784512.0,0.32816502,1.0,295.496002
3784590.0,0.32567623,1.0,3.096
3784668.0,0.35843751,1.0,1.72
3784746.0,0.36173901,1.0,2.064
3784825.0,0.36468497,1.0,2.064
3784903.0,0.36239937,1.0,2.064
3784981.0,0.34325042,1.0,2.064
3785059.0,0.38606873,1.0,293.776001
3785137.0,0.34259012,1.0,295.152008
3785215.0,0.34467268,1.0,295.152008
3785293.0,0.35620251,1.0,295.496002
3785371.0,0.34360605,1.0,295.152008
3785450.0,0.35665974,1.0,295.496002
3785528.0,0.35884383,1.0,295.496002
3785606.0,0.3680374,1.0,2.752
3785684.0,0.36331362,1.0,2.064
3785762.0,0.34665361,1.0,1.72
3785840.0,0.34883767,1.0,1.72
3785918.0,0.35406935,1.0,1.376
3785996.0,0.36702153,1.0,1.376
3786074.0,0.37789109,1.0,293.776001
3786153.0,0.33304107,1.0,295.496002
3786231.0,0.34848204,1.0,294.808014
3786309.0,0.33908549,1.0,295.152008
3786387.0,0.36311042,1.0,294.808014
3786465.0,0.34152353,1.0,295.496002
3786543.0,0.36067238,1.0,188.511993
3786621.0,0.36407551,1.0,2.064
3786699.0,0.34076163,1.0,2.064
3786777.0,0.3633644,1.0,2.064
3786856.0,0.34116796,1.0,2.064
3786934.0,0.35706601,1.0,2.064
3787012.0,0.34248853,1.0,81.183998
3787090.0,0.34934559,1.0,295.152008
3787168.0,0.34015203,1.0,295.152008
3787246.0,0.34157428,1.0,295.496002
3787324.0,0.35513598,1.0,295.496002
3787402.0,0.34868532,1.0,295.496002
3787481.0,0.34299645,1.0,295.496002
3787559.0,0.34177747,1.0,1.376
3787637.0,0.35808194,1.0,2.064
3787715.0,0.37296429,1.0,2.064
3787793.0,0.35879305,1.0,2.064
3787871.0,0.36991674,1.0,2.064
3787949.0,0.35813278,1.0,2.752
3788027.0,0.34020293,1.0,294.808014
3788106.0,0.34848204,1.0,295.152008
3788184.0,0.35193607,1.0,295.839996
3788262.0,0.33964416,1.0,295.839996
3788340.0,0.35909778,1.0,295.496002
3788418.0,0.37006903,1.0,295.839996
3788496.0,0.35975814,1.0,295.839996
3788574.0,0.34888852,1.0,3.44
3788652.0,0.33730766,1.0,2.408
3788730.0,0.36011362,1.0,2.064
3788809.0,0.37265947,1.0,2.064
3788887.0,0.35620251,1.0,1.72
3788965.0,0.36087561,1.0,2.064
3789043.0,0.35427248,1.0,293.432007
3789121.0,0.33426011,1.0,294.808014
3789199.0,0.34604415,1.0,295.839996
3789277.0,0.3603676,1.0,295.839996
3789355.0,0.37022147,1.0,295.496002
3789433.0,0.32684436,1.0,295.496002
3789511.0,0.34065995,1.0,295.496002
3789590.0,0.35371372,1.0,3.44
3789668.0,0.36956117,1.0,2.064
3789746.0,0.36118034,1.0,2.064
3789824.0,0.3556439,1.0,2.408
3789902.0,0.35513598,1.0,1.72
3789980.0,0.36158666,1.0,2.064
3790058.0,0.34406313,1.0,293.776001
3790136.0,0.35152966,1.0,295.152008
3790214.0,0.35147882,1.0,296.18399
3790293.0,0.36173901,1.0,295.839996
3790371.0,0.35290107,1.0,296.18399
3790449.0,0.34213305,1.0,295.496002
3790527.0,0.35020909,1.0,295.496002
3790605.0,0.35544071,1.0,3.096
3790683.0,0.36255175,1.0,2.064
3790761.0,0.36041844,1.0,2.064
3790839.0,0.34573928,1.0,2.064
3790918.0,0.3594026,1.0,2.064
3790996.0,0.36280563,1.0,2.064
3791074.0,0.34782174,1.0,294.119995
3791152.0,0.3381204,1.0,294.808014
3791230.0,0.33964416,1.0,295.496002
3791308.0,0.36534524,1.0,295.152008
3791386.0,0.3719992,1.0,295.152008
3791464.0,0.37408167,1.0,295.496002
3791543.0,0.36818969,1.0,198.143997
3791621.0,0.35295191,1.0,2.408
3791699.0,0.388964,1.0,1.72
3791777.0,0.36615804,1.0,2.064
3791855.0,0.37184677,1.0,1.72
3791933.0,0.35183439,1.0,2.064
3792011.0,0.36092636,1.0,74.991997
3792089.0,0.37707844,1.0,295.152008
3792167.0,0.35279948,1.0,294.808014
3792246.0,0.35864061,1.0,294.808014
3792324.0,0.36752939,1.0,294.808014
3792402.0,0.3666659,1.0,295.152008
3792480.0,0.35894534,1.0,295.152008
3792558.0,0.36788496,1.0,1.376
3792636.0,0.35340899,1.0,2.064
3792714.0,0.36549777,1.0,1.72
3792792.0,0.36849448,1.0,1.72
3792870.0,0.34279332,1.0,2.064
3792949.0,0.35620251,1.0,1.376
3793027.0,0.35869154,1.0,293.432007
3793105.0,0.34736472,1.0,294.808014
3793183.0,0.35203758,1.0,294.808014
3793261.0,0.35046297,1.0,295.152008
3793339.0,0.34091398,1.0,295.152008
3793417.0,0.35092014,1.0,295.152008
3793495.0,0.37591016,1.0,295.152008
3793573.0,0.35914853,1.0,2.752
3793652.0,0.36123115,1.0,1.376
3793730.0,0.38561165,1.0,1.72
3793808.0,0.37433556,1.0,1.72
3793886.0,0.36519304,1.0,1.72
3793964.0,0.3627041,1.0,1.72
3794042.0,0.38083705,1.0,293.432007
3794120.0,0.37174523,1.0,295.152008
3794198.0,0.3730658,1.0,294.463989
3794277.0,0.36229777,1.0,295.496002
3794355.0,0.35914853,1.0,295.152008
3794433.0,0.38871005,1.0,295.496002
3794511.0,0.34294569,1.0,295.496002
3794589.0,0.3642278,1.0,3.096
3794667.0,0.36468497,1.0,1.376
3794745.0,0.36006287,1.0,2.064
3794823.0,0.35757402,1.0,2.064
3794902.0,0.37027213,1.0,1.72
3794980.0,0.34533295,1.0,2.064
3795058.0,0.35838673,1.0,293.776001
3795136.0,0.35513598,1.0,295.496002
3795214.0,0.3665643,1.0,295.496002
3795292.0,0.34868532,1.0,295.152008
3795370.0,0.36818969,1.0,295.496002
3795448.0,0.36453259,1.0,295.152008
3795526.0,0.36625957,1.0,295.496002
3795605.0,0.35498363,1.0,2.752
3795683.0,0.37093243,1.0,2.064
3795761.0,0.36763093,1.0,2.064
3795839.0,0.3667168,1.0,2.064
3795917.0,0.37291345,1.0,2.064
3795995.0,0.3627041,1.0,2.064
3796073.0,0.37037376,1.0,294.119995
3796151.0,0.37433556,1.0,295.496002
3796229.0,0.3585391,1.0,295.496002
3796308.0,0.36361834,1.0,295.496002
3796386.0,0.38281798,1.0,295.839996
3796464.0,0.37316734,1.0,295.496002
3796542.0,0.34665361,1.0,207.432007
3796620.0,0.35132653,1.0,2.408
3796698.0,0.38159895,1.0,2.064
3796776.0,0.36824045,1.0,2.064
3796854.0,0.36702153,1.0,2.064
3796932.0,0.36448184,1.0,1.72
3797010.0,0.37875459,1.0,68.112
3797089.0,0.36707222,1.0,295.496002
3797167.0,0.32151106,1.0,295.496002
3797245.0,0.36504051,1.0,295.496002
3797323.0,0.35574543,1.0,295.496002
3797401.0,0.36752939,1.0,295.496002
3797479.0,0.36326277,1.0,295.496002
3797557.0,0.33679983,1.0,1.72
3797635.0,0.37001824,1.0,1.72
3797713.0,0.39302742,1.0,2.064
3797792.0,0.36118034,1.0,1.376
3797870.0,0.36224693,1.0,2.064
3797948.0,0.35782796,1.0,1.72
3798026.0,0.35874221,1.0,293.088013
3798104.0,0.35559306,1.0,295.839996
3798182.0,0.34330127,1.0,295.496002
3798260.0,0.35610101,1.0,295.496002
3798339.0,0.35493279,1.0,295.496002
3798417.0,0.33766323,1.0,295.496002
3798495.0,0.36097711,1.0,295.152008
3798573.0,0.37027213,1.0,3.096
3798651.0,0.37763715,1.0,2.064
3798729.0,0.37712923,1.0,1.72
3798807.0,0.34700918,1.0,2.064
3798885.0,0.34365675,1.0,2.064
3798964.0,0.35396776,1.0,1.72
3799042.0,0.36006287,1.0,293.432007
3799120.0,0.36311042,1.0,294.808014
3799198.0,0.34025371,1.0,295.496002
3799276.0,0.36575156,1.0,296.528015
3799354.0,0.3375617,1.0,295.496002
3799432.0,0.37037376,1.0,295.839996
3799510.0,0.35980883,1.0,295.839996
3799588.0,0.35020909,1.0,3.096
3799667.0,0.364939,1.0,2.408
3799745.0,0.36631033,1.0,2.064
3799823.0,0.36057088,1.0,2.408
3799901.0,0.35726929,1.0,2.064
3799979.0,0.35351059,1.0,2.064
3800057.0,0.37560543,1.0,294.463989
3800135.0,0.34325042,1.0,294.808014
3800213.0,0.36280563,1.0,295.496002
3800291.0,0.34609485,1.0,296.18399
3800370.0,0.371288,1.0,294.808014
3800448.0,0.35762477,1.0,295.152008
3800526.0,0.35960564,1.0,294.808014
3800604.0,0.36290723,1.0,2.752
3800682.0,0.35412014,1.0,0.688
3800760.0,0.35544071,1.0,1.376
3800838.0,0.35955495,1.0,1.72
3800916.0,0.35975814,1.0,1.376
3800994.0,0.36631033,1.0,1.72
3801073.0,0.36077401,1.0,293.432007
3801151.0,0.35488194,1.0,295.152008
3801229.0,0.35447568,1.0,294.808014
3801307.0,0.34944719,1.0,295.496002
3801385.0,0.35290107,1.0,295.152008
3801463.0,0.37575787,1.0,295.152008
3801541.0,0.35142815,1.0,214.311996
3801619.0,0.34558693,1.0,2.064
3801697.0,0.37331983,1.0,1.72
3801775.0,0.34452024,1.0,1.72
3801854.0,0.34756786,1.0,2.064
3801932.0,0.34766945,1.0,2.408
3802010.0,0.34340286,1.0,61.576
3802088.0,0.36361834,1.0,295.496002
3802166.0,0.33095869,1.0,295.496002
3802244.0,0.35579628,1.0,295.496002
3802322.0,0.35488194,1.0,295.496002
3802401.0,0.36245012,1.0,295.839996
3802479.0,0.34396154,1.0,295.496002
3802557.0,0.39475432,1.0,1.376
3802635.0,0.35676128,1.0,2.408
3802713.0,0.36001211,1.0,2.064
3802791.0,0.36813891,1.0,2.064
3802869.0,0.35996127,1.0,1.72
3802947.0,0.35899624,1.0,2.408
3803025.0,0.36250091,1.0,292.743988
3803104.0,0.36041844,1.0,294.463989
3803182.0,0.33847588,1.0,294.808014
3803260.0,0.34589165,1.0,294.808014
3803338.0,0.36189145,1.0,294.808014
3803416.0,0.34589165,1.0,294.463989
3803494.0,0.35234231,1.0,295.152008
3803572.0,0.35488194,1.0,2.064
3803650.0,0.35864061,1.0,1.72
3803728.0,0.37905946,1.0,1.376
3803807.0,0.37641817,1.0,1.72
3803885.0,0.36509129,1.0,1.72
3803963.0,0.34553608,1.0,1.72
3804041.0,0.36559927,1.0,293.088013
3804119.0,0.37789109,1.0,294.808014
3804197.0,0.34365675,1.0,295.152008
3804275.0,0.33121249,1.0,295.152008
3804353.0,0.36311042,1.0,295.152008
3804431.0,0.3633644,1.0,295.152008
3804510.0,0.35000589,1.0,296.528015
3804588.0,0.37377694,1.0,4.128
3804666.0,0.35168204,1.0,2.752
3804744.0,0.35843751,1.0,2.408
3804822.0,0.37164354,1.0,2.752
3804900.0,0.35610101,1.0,2.408
3804978.0,0.37667212,1.0,2.408
3805056.0,0.36976421,1.0,294.119995
3805135.0,0.35996127,1.0,295.839996
3805213.0,0.36519304,1.0,295.839996
3805291.0,0.36554846,1.0,295.839996
3805369.0,0.34838051,1.0,295.839996
3805447.0,0.37052619,1.0,295.496002
3805525.0,0.35696447,1.0,295.839996
3805603.0,0.36295807,1.0,3.44
3805681.0,0.35985968,1.0,2.408
3805760.0,0.38876075,1.0,1.376
3805838.0,0.36199299,1.0,2.408
3805916.0,0.35351059,1.0,1.376
3805994.0,0.37413248,1.0,1.376
3806072.0,0.34924391,1.0,294.119995
3806150.0,0.36956117,1.0,295.496002
3806228.0,0.35163134,1.0,295.839996
3806306.0,0.35772631,1.0,295.152008
3806384.0,0.35752323,1.0,294.808014
3806462.0,0.35792956,1.0,295.152008
3806541.0,0.36397398,1.0,220.160004
3806619.0,0.37250704,1.0,2.408
3806697.0,0.37042466,1.0,1.72
3806775.0,0.3690024,1.0,1.72
3806853.0,0.37702769,1.0,1.72
3806931.0,0.36163741,1.0,1.032
3807009.0,0.37687516,1.0,56.071999
3807087.0,0.35955495,1.0,295.496002
3807165.0,0.34385988,1.0,295.496002
3807244.0,0.36077401,1.0,295.152008
3807322.0,0.37215149,1.0,295.839996
3807400.0,0.35955495,1.0,295.496002
3807478.0,0.36453259,1.0,295.152008
3807556.0,0.36295807,1.0,4.472
3807634.0,0.35452637,1.0,2.064
3807712.0,0.380126,1.0,2.064
3807791.0,0.35645655,1.0,2.752
3807868.0,0.37885618,1.0,2.064
3807947.0,0.34919325,1.0,2.064
3808025.0,0.36097711,1.0,292.056
3808103.0,0.35889465,1.0,294.808014
3808181.0,0.34924391,1.0,295.496002
3808259.0,0.36295807,1.0,295.152008
3808337.0,0.35325664,1.0,295.839996
3808415.0,0.34899002,1.0,295.496002
3808494.0,0.36890087,1.0,295.152008
3808572.0,0.36935797,1.0,3.44
3808650.0,0.36961186,1.0,1.72
3808728.0,0.37870383,1.0,1.72
3808806.0,0.34705985,1.0,1.72
3808884.0,0.36062157,1.0,2.064
3808962.0,0.38261488,1.0,1.72
3809040.0,0.36300883,1.0,292.399994
3809118.0,0.34939635,1.0,294.808014
3809197.0,0.36011362,1.0,295.152008
3809275.0,0.36752939,1.0,295.152008
3809353.0,0.35381541,1.0,295.496002
3809431.0,0.36686903,1.0,295.152008
3809509.0,0.35259634,1.0,295.496002
3809587.0,0.37392929,1.0,3.096
3809665.0,0.38180223,1.0,2.064
3809743.0,0.37301496,1.0,2.064
3809821.0,0.37464043,1.0,2.064
3809899.0,0.34797418,1.0,2.064
3809978.0,0.37946573,1.0,2.064
3810056.0,0.3563042,1.0,293.776001
3810134.0,0.35366288,1.0,294.808014
3810212.0,0.35823438,1.0,295.152008
3810290.0,0.36747864,1.0,295.152008
3810368.0,0.35955495,1.0,294.808014
3810446.0,0.34838051,1.0,295.152008
3810524.0,0.36006287,1.0,295.152008
3810602.0,0.35295191,1.0,2.752
3810681.0,0.3863228,1.0,1.72
3810759.0,0.38439262,1.0,1.72
3810837.0,0.38708466,1.0,1.376
3810915.0,0.35752323,1.0,1.72
3810993.0,0.3665643,1.0,1.72
3811071.0,0.36453259,1.0,293.776001
3811149.0,0.35315511,1.0,295.152008
3811227.0,0.34238699,1.0,295.152008
3811305.0,0.37093243,1.0,295.152008
3811384.0,0.36214533,1.0,294.463989
3811462.0,0.35777721,1.0,295.152008
3811540.0,0.37423402,1.0,226.695999
3811618.0,0.35904703,1.0,2.408
3811696.0,0.37951648,1.0,2.064
3811774.0,0.35858992,1.0,1.72
3811852.0,0.37240553,1.0,1.72
3811931.0,0.3802276,1.0,1.72
3812009.0,0.37179607,1.0,48.848
3812087.0,0.3856625,1.0,294.808014
3812165.0,0.35985968,1.0,295.496002
3812243.0,0.35412014,1.0,295.152008
3812321.0,0.37504676,1.0,295.152008
3812399.0,0.35594872,1.0,295.496002
3812477.0,0.36361834,1.0,295.152008
3812555.0,0.35980883,1.0,6.192
3812634.0,0.35269788,1.0,1.72
3812712.0,0.37448806,1.0,1.72
3812790.0,0.38342759,1.0,2.064
3812868.0,0.37331983,1.0,1.72
3812946.0,0.3636691,1.0,1.376
3813024.0,0.36559927,1.0,291.023987
3813102.0,0.35925022,1.0,295.152008
3813180.0,0.34030446,1.0,294.463989
3813258.0,0.36702153,1.0,295.496002
3813337.0,0.36610723,1.0,294.119995
3813415.0,0.37636733,1.0,295.152008
3813493.0,0.36143428,1.0,295.152008
3813571.0,0.33903465,1.0,3.096
3813649.0,0.36910394,1.0,1.72
3813727.0,0.36925644,1.0,2.064
3813805.0,0.34721228,1.0,1.72
3813883.0,0.37428486,1.0,1.376
3813961.0,0.36438024,1.0,1.376
3814040.0,0.36854523,1.0,293.432007
3814118.0,0.37905946,1.0,295.152008
3814196.0,0.35523751,1.0,295.152008
3814274.0,0.34711069,1.0,295.152008
3814352.0,0.35345984,1.0,295.152008
3814430.0,0.37971976,1.0,294.463989
3814508.0,0.35605022,1.0,295.152008
3814586.0,0.36534524,1.0,2.752
3814664.0,0.37316734,1.0,1.376
3814743.0,0.37748477,1.0,1.376
3814821.0,0.35183439,1.0,1.376
3814899.0,0.35909778,1.0,2.064
3814977.0,0.38032919,1.0,1.72
3815055.0,0.37484363,1.0,292.743988
3815133.0,0.37809423,1.0,294.463989
3815211.0,0.36265334,1.0,294.808014
3815289.0,0.37408167,1.0,294.808014
3815368.0,0.36143428,1.0,294.808014
3815446.0,0.37108496,1.0,295.152008
3815524.0,0.36219618,1.0,295.152008
3815602.0,0.371288,1.0,3.44
3815680.0,0.38210693,1.0,2.064
3815758.0,0.37926251,1.0,1.376
3815836.0,0.36214533,1.0,1.72
3815914.0,0.37408167,1.0,1.72
3815993.0,0.36250091,1.0,1.72
3816071.0,0.36077401,1.0,292.743988
3816149.0,0.3721008,1.0,294.463989
3816227.0,0.36062157,1.0,294.808014
3816305.0,0.36458343,1.0,295.152008
3816383.0,0.36915478,1.0,294.463989
3816461.0,0.36234847,1.0,294.463989
3816539.0,0.36239937,1.0,233.576004
3816617.0,0.37408167,1.0,1.72
3816696.0,0.38053232,1.0,1.72
3816774.0,0.37189761,1.0,2.064
3816852.0,0.35671058,1.0,1.72
3816930.0,0.38317356,1.0,2.064
3817008.0,0.36407551,1.0,36.464001
3817086.0,0.36488816,1.0,295.839996
3817164.0,0.34319958,1.0,296.18399
3817242.0,0.35239315,1.0,296.18399
3817320.0,0.37311664,1.0,296.18399
3817399.0,0.35899624,1.0,296.18399
3817477.0,0.3563042,1.0,296.18399
3817555.0,0.36961186,1.0,9.288
3817633.0,0.35701531,1.0,2.408
3817711.0,0.36605638,1.0,2.408
3817789.0,0.36747864,1.0,2.408
3817867.0,0.35706601,1.0,2.408
3817945.0,0.36397398,1.0,2.408
3818023.0,0.36468497,1.0,290.335999
3818102.0,0.3578788,1.0,295.496002
3818180.0,0.35833588,1.0,295.496002
3818258.0,0.36209464,1.0,295.839996
3818336.0,0.35767561,1.0,295.839996
3818414.0,0.33593625,1.0,295.496002
3818492.0,0.37662137,1.0,295.496002
3818570.0,0.3744373,1.0,3.44
3818649.0,0.35640571,1.0,2.408
3818727.0,0.38525608,1.0,2.064
3818805.0,0.37545308,1.0,2.064
3818883.0,0.38957354,1.0,2.064
3818961.0,0.37154204,1.0,2.408
3819039.0,0.36168817,1.0,292.743988
3819117.0,0.37296429,1.0,295.152008
3819195.0,0.36326277,1.0,295.496002
3819273.0,0.35599947,1.0,295.496002
3819352.0,0.35960564,1.0,295.496002
3819430.0,0.35843751,1.0,295.496002
3819508.0,0.37428486,1.0,295.839996
3819586.0,0.38383386,1.0,3.784
3819664.0,0.37484363,1.0,3.096
3819742.0,0.35909778,1.0,2.752
3819820.0,0.38098949,1.0,2.752
3819898.0,0.35447568,1.0,2.752
3819976.0,0.3635675,1.0,1.72
3820054.0,0.3462472,1.0,294.463989
3820133.0,0.3642787,1.0,295.839996
3820211.0,0.35107258,1.0,295.839996
3820289.0,0.365904,1.0,295.839996
3820367.0,0.35472965,1.0,295.496002
3820445.0,0.36118034,1.0,295.839996
3820523.0,0.34772015,1.0,295.496002
3820601.0,0.33568236,1.0,3.44
3820679.0,0.37814513,1.0,2.752
3820757.0,0.4171032,1.0,2.064
3820836.0,0.37464043,1.0,2.408
3820914.0,0.34980267,1.0,2.408
3820992.0,0.36884996,1.0,2.408
3821070.0,0.37052619,1.0,294.119995
3821148.0,0.35173285,1.0,295.496002
3821226.0,0.35351059,1.0,295.839996
3821304.0,0.36224693,1.0,295.496002
3821382.0,0.36417705,1.0,295.496002
3821460.0,0.3760626,1.0,295.839996
3821539.0,0.3730658,1.0,241.488007
3821617.0,0.35701531,1.0,2.752
3821695.0,0.37834826,1.0,2.064
3821773.0,0.3643294,1.0,2.064
3821851.0,0.37118647,1.0,2.408
3821929.0,0.38134506,1.0,2.408
3822007.0,0.36072317,1.0,24.08
3822086.0,0.36057088,1.0,294.463989
3822164.0,0.32755557,1.0,295.496002
3822242.0,0.3713389,1.0,295.839996
3822320.0,0.3633644,1.0,295.839996
3822398.0,0.35808194,1.0,296.528015
3822476.0,0.36874837,1.0,296.18399
3822554.0,0.37814513,1.0,11.696
3822632.0,0.35706601,1.0,2.752
3822710.0,0.38789725,1.0,2.752
3822789.0,0.34401229,1.0,2.408
3822867.0,0.36529458,1.0,2.408
3822945.0,0.36498976,1.0,2.408
3823023.0,0.37484363,1.0,288.272003
3823101.0,0.36585334,1.0,295.496002
3823179.0,0.33898389,1.0,295.496002
3823257.0,0.3696627,1.0,295.839996
3823335.0,0.35538995,1.0,295.839996
3823413.0,0.3744373,1.0,295.839996
3823492.0,0.35549155,1.0,295.496002
3823570.0,0.36727542,1.0,3.096
3823648.0,0.35432324,1.0,2.064
3823726.0,0.3768245,1.0,2.408
3823804.0,0.37159279,1.0,2.064
3823882.0,0.34050766,1.0,2.064
3823960.0,0.38413864,1.0,2.064
3824038.0,0.36793572,1.0,293.776001
3824116.0,0.37042466,1.0,295.496002
3824195.0,0.34899002,1.0,295.496002
3824273.0,0.36234847,1.0,295.496002
3824351.0,0.35203758,1.0,295.496002
3824429.0,0.35300261,1.0,296.18399
3824507.0,0.38652599,1.0,295.496002
3824585.0,0.36712307,1.0,3.096
3824663.0,0.37118647,1.0,2.064
3824741.0,0.37392929,1.0,2.064
3824819.0,0.37301496,1.0,2.064
3824898.0,0.35955495,1.0,3.44
3824976.0,0.37499583,1.0,3.096
3825054.0,0.33100936,1.0,294.808014
3825132.0,0.360266,1.0,296.18399
3825210.0,0.35752323,1.0,296.18399
3825288.0,0.36245012,1.0,295.152008
3825366.0,0.38383386,1.0,296.18399
3825444.0,0.38098949,1.0,296.18399
3825522.0,0.36290723,1.0,296.18399
3825601.0,0.37149119,1.0,4.128
3825679.0,0.3658025,1.0,2.752
3825757.0,0.37580863,1.0,2.408
3825835.0,0.36453259,1.0,2.064
3825913.0,0.35858992,1.0,2.752
3825991.0,0.35808194,1.0,2.408
3826069.0,0.360266,1.0,294.463989
3826148.0,0.34065995,1.0,295.496002
3826226.0,0.34909165,1.0,295.496002
3826304.0,0.35894534,1.0,295.839996
3826382.0,0.35945335,1.0,295.839996
3826460.0,0.3643294,1.0,295.496002
3826538.0,0.37403083,1.0,248.024002
3826616.0,0.36239937,1.0,2.752
3826694.0,0.38098949,1.0,2.064
3826772.0,0.3603676,1.0,1.376
3826850.0,0.37585947,1.0,1.72
3826929.0,0.33426011,1.0,1.72
3827007.0,0.37794194,1.0,17.544001
3827085.0,0.38043073,1.0,294.119995
3827163.0,0.3367489,1.0,295.496002
3827241.0,0.36067238,1.0,295.496002
3827319.0,0.35869154,1.0,295.152008
3827397.0,0.36483741,1.0,295.496002
3827475.0,0.36341521,1.0,295.496002
3827553.0,0.39932564,1.0,14.104
3827632.0,0.35457721,1.0,2.064
3827710.0,0.36620873,1.0,1.72
3827788.0,0.3706277,1.0,1.032
3827866.0,0.35533917,1.0,1.72
3827944.0,0.37809423,1.0,1.72
3828022.0,0.36326277,1.0,285.519989
3828100.0,0.35742158,1.0,295.152008
3828178.0,0.35686296,1.0,295.152008
3828256.0,0.38825282,1.0,295.496002
3828335.0,0.36067238,1.0,295.152008
3828413.0,0.37514836,1.0,295.496002
3828491.0,0.38693222,1.0,295.496002
3828569.0,0.35462806,1.0,3.096
3828647.0,0.37169439,1.0,2.064
3828725.0,0.38957354,1.0,2.064
3828803.0,0.37743393,1.0,2.064
3828882.0,0.38281798,1.0,2.064
3828960.0,0.37301496,1.0,2.064
3829038.0,0.36895156,1.0,292.399994
3829116.0,0.40013838,1.0,294.808014
3829194.0,0.35980883,1.0,295.152008
3829272.0,0.36295807,1.0,295.496002
3829350.0,0.37108496,1.0,295.496002
3829428.0,0.35366288,1.0,295.152008
3829506.0,0.36996743,1.0,295.496002
3829585.0,0.37662137,1.0,3.096
3829663.0,0.36051995,1.0,2.064
3829741.0,0.3802276,1.0,2.064
3829819.0,0.38144666,1.0,2.064
3829897.0,0.37347206,1.0,2.064
3829975.0,0.3531042,1.0,1.72
3830053.0,0.36133268,1.0,293.088013
3830131.0,0.36046913,1.0,295.152008
3830209.0,0.37337053,1.0,295.496002
3830287.0,0.3738277,1.0,295.496002
3830366.0,0.37220231,1.0,295.839996
3830444.0,0.3778404,1.0,295.839996
3830522.0,0.36570081,1.0,295.839996
3830600.0,0.36387232,1.0,3.44
3830678.0,0.37535146,1.0,2.408
3830756.0,0.37362456,1.0,2.064
3830834.0,0.39363694,1.0,2.064
3830912.0,0.36849448,1.0,2.064
3830990.0,0.38926873,1.0,2.064
3831069.0,0.38190383,1.0,294.119995
3831147.0,0.35559306,1.0,295.839996
3831225.0,0.37174523,1.0,295.496002
3831303.0,0.40831602,1.0,295.496002
3831381.0,0.37545308,1.0,294.808014
3831459.0,0.36920559,1.0,295.496002
3831537.0,0.37230393,1.0,255.248001
3831615.0,0.38952261,1.0,3.096
3831694.0,0.39607498,1.0,1.72
3831772.0,0.37321824,1.0,2.752
3831850.0,0.3833259,1.0,2.064
3831928.0,0.37103412,1.0,2.408
3832006.0,0.37301496,1.0,13.072
3832084.0,0.36808807,1.0,294.463989
3832162.0,0.37022147,1.0,295.496002
3832240.0,0.38225931,1.0,295.839996
3832319.0,0.35259634,1.0,295.496002
3832397.0,0.36468497,1.0,296.18399
3832475.0,0.38581479,1.0,295.839996
3832553.0,0.3660056,1.0,16.856001
3832631.0,0.38840532,1.0,2.408
3832709.0,0.38378316,1.0,2.064
3832787.0,0.36747864,1.0,2.408
3832865.0,0.39937648,1.0,2.408
3832943.0,0.37911016,1.0,2.408
3833022.0,0.37494513,1.0,283.799988
3833100.0,0.37235469,1.0,295.496002
3833178.0,0.34060925,1.0,295.839996
3833256.0,0.36636117,1.0,296.18399
3833334.0,0.36778337,1.0,295.839996
3833412.0,0.3690024,1.0,296.18399
3833490.0,0.39084327,1.0,295.839996
3833568.0,0.38551006,1.0,3.784
3833646.0,0.35980883,1.0,2.408
3833725.0,0.38357988,1.0,2.064
3833803.0,0.38439262,1.0,2.408
3833881.0,0.39185911,1.0,2.752
3833959.0,0.37626573,1.0,2.752
3834037.0,0.37535146,1.0,293.432007
3834115.0,0.3737261,1.0,296.18399
3834193.0,0.36458343,1.0,295.496002
3834271.0,0.3667675,1.0,295.839996
3834349.0,0.35996127,1.0,295.496002
3834428.0,0.39201155,1.0,295.496002
3834506.0,0.3673771,1.0,295.496002
3834584.0,0.37174523,1.0,3.44
3834662.0,0.39886862,1.0,2.064
3834740.0,0.39058939,1.0,2.408
3834818.0,0.35569474,1.0,2.408
3834896.0,0.3760626,1.0,2.064
3834975.0,0.3713389,1.0,2.064
3835053.0,0.34939635,1.0,294.119995
3835131.0,0.38225931,1.0,295.152008
3835209.0,0.36813891,1.0,295.496002
3835287.0,0.37870383,1.0,295.496002
3835365.0,0.36153588,1.0,295.496002
3835443.0,0.39871618,1.0,295.839996
3835521.0,0.35732004,1.0,295.839996
3835599.0,0.36752939,1.0,3.784
3835678.0,0.36636117,1.0,2.064
3835756.0,0.38901478,1.0,2.408
3835834.0,0.36478657,1.0,2.064
3835912.0,0.36255175,1.0,2.408
3835990.0,0.38926873,1.0,2.064
3836068.0,0.3714405,1.0,294.463989
3836146.0,0.35188514,1.0,295.839996
3836224.0,0.35249469,1.0,295.496002
3836302.0,0.3666659,1.0,295.839996
3836381.0,0.36448184,1.0,295.496002
3836459.0,0.36458343,1.0,295.496002
3836537.0,0.36758015,1.0,263.847992
3836615.0,0.38063392,1.0,2.752
3836693.0,0.37844986,1.0,2.408
3836771.0,0.38505289,1.0,2.752
3836849.0,0.37657046,1.0,2.064
3836927.0,0.3635675,1.0,2.064
3837005.0,0.38175139,1.0,9.632
3837083.0,0.37042466,1.0,294.119995
3837162.0,0.35117409,1.0,294.463989
3837240.0,0.36747864,1.0,295.152008
3837318.0,0.38378316,1.0,295.496002
3837396.0,0.37855145,1.0,295.496002
3837474.0,0.37946573,1.0,295.496002
3837552.0,0.39084327,1.0,19.264
3837630.0,0.36448184,1.0,2.064
3837709.0,0.38916713,1.0,2.064
3837787.0,0.39013216,1.0,1.72
3837865.0,0.37718004,1.0,2.064
3837943.0,0.37103412,1.0,2.064
3838021.0,0.37301496,1.0,279.671997
3838099.0,0.36732626,1.0,295.152008
3838177.0,0.35279948,1.0,295.496002
3838255.0,0.36930713,1.0,295.152008
3838333.0,0.37753555,1.0,295.152008
3838412.0,0.38043073,1.0,295.496002
3838490.0,0.35478041,1.0,294.808014
3838568.0,0.38881159,1.0,3.44
3838646.0,0.3626025,1.0,2.752
3838724.0,0.38352913,1.0,2.408
3838802.0,0.37651977,1.0,2.408
3838880.0,0.3665643,1.0,2.064
3838958.0,0.37733242,1.0,2.752
3839036.0,0.37585947,1.0,293.088013
3839115.0,0.38205612,1.0,295.496002
3839193.0,0.35925022,1.0,295.496002
3839271.0,0.37560543,1.0,295.496002
3839349.0,0.38515449,1.0,295.496002
3839427.0,0.36107871,1.0,295.496002
3839505.0,0.37342137,1.0,295.152008
3839583.0,0.35757402,1.0,3.096
3839661.0,0.37585947,1.0,2.064
3839739.0,0.37951648,1.0,2.064
3839818.0,0.36245012,1.0,1.376
3839896.0,0.36092636,1.0,2.064
3839974.0,0.38170061,1.0,2.408
3840052.0,0.38774496,1.0,293.776001
3840130.0,0.38571319,1.0,295.152008
3840208.0,0.36463428,1.0,295.496002
3840286.0,0.36412627,1.0,295.496002
3840364.0,0.38317356,1.0,295.152008
3840442.0,0.38413864,1.0,295.152008
3840521.0,0.35137731,1.0,295.496002
3840599.0,0.35914853,1.0,2.752
3840677.0,0.40491289,1.0,2.064
3840755.0,0.38505289,1.0,2.064
3840833.0,0.36702153,1.0,2.064
3840911.0,0.37281176,1.0,1.376
3840989.0,0.36549777,1.0,2.064
3841067.0,0.38871005,1.0,294.119995
3841146.0,0.37027213,1.0,295.496002
3841224.0,0.37265947,1.0,295.839996
3841302.0,0.36285645,1.0,295.496002
3841380.0,0.37189761,1.0,295.839996
3841458.0,0.3666659,1.0,295.496002
3841536.0,0.40567487,1.0,268.664001
3841614.0,0.37001824,1.0,2.752
3841692.0,0.37860224,1.0,2.064
3841771.0,0.39526224,1.0,2.408
3841849.0,0.36148503,1.0,2.408
3841927.0,0.38942102,1.0,2.064
3842005.0,0.39013216,1.0,6.536
3842083.0,0.36636117,1.0,293.776001
3842161.0,0.3601644,1.0,295.839996
3842239.0,0.38677987,1.0,294.808014
3842317.0,0.35549155,1.0,295.152008
3842395.0,0.37347206,1.0,295.496002
3842473.0,0.37362456,1.0,295.839996
3842552.0,0.37971976,1.0,22.016001
3842630.0,0.38926873,1.0,2.064
3842708.0,0.38490045,1.0,2.064
3842786.0,0.38586569,1.0,2.064
3842864.0,0.39658281,1.0,2.064
3842942.0,0.38449413,1.0,1.72
3843020.0,0.35945335,1.0,274.167999
3843098.0,0.37453881,1.0,295.152008
3843176.0,0.34934559,1.0,295.152008
3843255.0,0.37672287,1.0,295.496002
3843333.0,0.35315511,1.0,295.496002
3843411.0,0.3706277,1.0,295.496002
3843489.0,0.37763715,1.0,295.496002
3843567.0,0.36255175,1.0,3.096
3843645.0,0.3777388,1.0,2.064
3843723.0,0.3833259,1.0,1.72
3843801.0,0.39551622,1.0,1.72
3843880.0,0.37072939,1.0,1.72
3843958.0,0.36752939,1.0,1.72
3844036.0,0.36930713,1.0,293.088013
3844114.0,0.37631655,1.0,294.463989
3844192.0,0.35828507,1.0,294.808014
3844270.0,0.37941489,1.0,295.496002
3844348.0,0.37458959,1.0,295.152008
3844426.0,0.37047541,1.0,295.152008
3844504.0,0.38708466,1.0,294.463989
3844583.0,0.36991674,1.0,2.408
3844661.0,0.39130035,1.0,1.72
3844739.0,0.3974463,1.0,1.376
3844817.0,0.37895772,1.0,1.72
3844895.0,0.37555459,1.0,2.064
3844973.0,0.38398629,1.0,1.72
3845051.0,0.36178976,1.0,293.088013
3845129.0,0.37159279,1.0,294.808014
3845207.0,0.38586569,1.0,295.152008
3845286.0,0.38469732,1.0,295.152008
3845364.0,0.39729401,1.0,295.496002
3845442.0,0.37662137,1.0,295.496002
3845520.0,0.38891309,1.0,295.496002
3845598.0,0.38733855,1.0,3.096
3845676.0,0.38911629,1.0,2.064
3845754.0,0.39556703,1.0,2.064
3845832.0,0.39231622,1.0,2.064
3845910.0,0.37286261,1.0,1.72
3845989.0,0.38063392,1.0,2.752
3846067.0,0.38164979,1.0,294.119995
3846145.0,0.36691988,1.0,295.496002
3846223.0,0.35478041,1.0,295.496002
3846301.0,0.3636691,1.0,296.528015
3846379.0,0.3768245,1.0,295.496002
3846457.0,0.36148503,1.0,295.839996
3846535.0,0.38327515,1.0,269.696014
3846613.0,0.37667212,1.0,2.752
3846692.0,0.40592876,1.0,2.064
3846770.0,0.35985968,1.0,2.064
3846848.0,0.3658025,1.0,2.064
3846926.0,0.38149735,1.0,2.752
3847004.0,0.36940867,1.0,3.44
3847082.0,0.40252563,1.0,294.463989
3847160.0,0.36519304,1.0,294.808014
3847238.0,0.36041844,1.0,295.152008
3847317.0,0.38302121,1.0,295.839996
3847395.0,0.37398013,1.0,295.839996
3847473.0,0.39897016,1.0,295.496002
3847551.0,0.38926873,1.0,26.488001
3847629.0,0.35858992,1.0,2.752
3847707.0,0.36615804,1.0,1.376
3847785.0,0.38926873,1.0,1.72
3847863.0,0.37524986,1.0,2.408
3847941.0,0.37997356,1.0,2.408
3848020.0,0.37870383,1.0,268.664001
3848098.0,0.36133268,1.0,294.808014
3848176.0,0.37316734,1.0,295.152008
3848254.0,0.37555459,1.0,295.152008
3848332.0,0.35518667,1.0,295.496002
3848410.0,0.3825641,1.0,294.808014
3848488.0,0.38215771,1.0,295.496002
3848566.0,0.3808879,1.0,3.096
3848644.0,0.37743393,1.0,1.72
3848723.0,0.40618271,1.0,2.064
3848801.0,0.38855752,1.0,1.72
3848879.0,0.39084327,1.0,2.064
3848957.0,0.38921791,1.0,2.064
3849035.0,0.37489432,1.0,293.432007
3849113.0,0.3667675,1.0,295.152008
3849191.0,0.37418327,1.0,295.496002
3849270.0,0.37230393,1.0,295.496002
3849348.0,0.35726929,1.0,295.152008
3849426.0,0.36549777,1.0,295.496002
3849504.0,0.36443099,1.0,295.152008
3849582.0,0.37479278,1.0,3.44
3849660.0,0.38007525,1.0,1.72
3849738.0,0.37829742,1.0,2.064
3849816.0,0.37271026,1.0,2.408
3849894.0,0.37799269,1.0,1.72
3849973.0,0.3594026,1.0,2.064
3850051.0,0.38901478,1.0,293.776001
3850129.0,0.36387232,1.0,295.496002
3850207.0,0.37377694,1.0,296.18399
3850285.0,0.36707222,1.0,294.808014
3850363.0,0.38495138,1.0,295.839996
3850441.0,0.37184677,1.0,295.496002
3850519.0,0.36046913,1.0,295.152008
3850597.0,0.37204996,1.0,2.408
3850676.0,0.38997978,1.0,2.064
3850754.0,0.39470348,1.0,2.752
3850832.0,0.38490045,1.0,1.72
3850910.0,0.36290723,1.0,1.72
3850988.0,0.41491914,1.0,2.408
3851066.0,0.36651361,1.0,294.119995
3851144.0,0.3808879,1.0,296.528015
3851222.0,0.37189761,1.0,296.528015
3851300.0,0.38434193,1.0,296.528015
3851379.0,0.37011987,1.0,296.528015
3851457.0,0.39830986,1.0,296.872009
3851535.0,0.3832244,1.0,273.824005
3851613.0,0.37464043,1.0,3.784
3851691.0,0.41750953,1.0,2.064
3851769.0,0.4123795,1.0,2.408
3851847.0,0.38698307,1.0,2.408
3851925.0,0.36773252,1.0,1.376
3852004.0,0.38688141,1.0,0.688
3852082.0,0.37580863,1.0,293.776001
3852160.0,0.36488816,1.0,295.152008
3852238.0,0.37367526,1.0,294.808014
3852316.0,0.39165592,1.0,295.152008
3852394.0,0.37265947,1.0,295.152008
3852472.0,0.38779572,1.0,295.152008
3852550.0,0.36570081,1.0,31.648001
3852628.0,0.3721008,1.0,1.72
3852707.0,0.38713545,1.0,2.064
3852785.0,0.38921791,1.0,1.72
3852863.0,0.37118647,1.0,1.72
3852941.0,0.37215149,1.0,1.72
3853019.0,0.38871005,1.0,259.032013
3853097.0,0.36321202,1.0,294.808014
3853175.0,0.33842513,1.0,294.463989
3853253.0,0.37184677,1.0,294.463989
3853331.0,0.37860224,1.0,294.808014
3853410.0,0.38738939,1.0,295.496002
3853488.0,0.37890702,1.0,295.496002
3853566.0,0.37733242,1.0,3.44
3853644.0,0.37591016,1.0,2.064
3853722.0,0.38281798,1.0,2.752
3853800.0,0.39444959,1.0,3.096
3853878.0,0.40877318,1.0,2.752
3853956.0,0.38693222,1.0,2.752
3854034.0,0.38637346,1.0,293.776001
3854113.0,0.38149735,1.0,295.839996
3854191.0,0.35605022,1.0,295.839996
3854269.0,0.36570081,1.0,296.18399
3854347.0,0.38307202,1.0,295.839996
3854425.0,0.3714405,1.0,295.839996
3854503.0,0.35757402,1.0,295.839996
3854581.0,0.39175761,1.0,3.44
3854659.0,0.38083705,1.0,1.72
3854737.0,0.39185911,1.0,1.72
3854816.0,0.37855145,1.0,1.72
3854894.0,0.38368157,1.0,1.72
3854972.0,0.37956733,1.0,1.72
3855050.0,0.37194836,1.0,293.088013
3855128.0,0.36143428,1.0,294.808014
3855206.0,0.3856625,1.0,294.808014
3855284.0,0.39058939,1.0,294.463989
3855362.0,0.38195449,1.0,295.152008
3855440.0,0.39272261,1.0,295.152008
3855519.0,0.39175761,1.0,295.152008
3855597.0,0.38474816,1.0,2.752
3855675.0,0.39983365,1.0,1.72
3855753.0,0.38027829,1.0,1.72
3855831.0,0.38901478,1.0,1.376
3855909.0,0.38779572,1.0,1.376
3855987.0,0.39201155,1.0,2.064
3856066.0,0.38611951,1.0,294.119995
3856144.0,0.35579628,1.0,295.152008
3856222.0,0.37357372,1.0,295.152008
3856300.0,0.42101416,1.0,295.839996
3856378.0,0.38007525,1.0,295.496002
3856456.0,0.38505289,1.0,295.152008
3856534.0,0.35163134,1.0,279.671997
3856612.0,0.38185298,1.0,3.096
3856690.0,0.39556703,1.0,2.064
3856769.0,0.38601792,1.0,2.064
3856847.0,0.38825282,1.0,2.064
3856925.0,0.39891931,1.0,2.064
3857003.0,0.38474816,1.0,0.344
3857081.0,0.38586569,1.0,294.119995
3857159.0,0.38363072,1.0,295.496002
3857237.0,0.3832244,1.0,295.496002
3857315.0,0.37179607,1.0,295.839996
3857393.0,0.38987827,1.0,295.152008
3857471.0,0.38505289,1.0,294.808014
3857550.0,0.38952261,1.0,36.119999
3857628.0,0.3777895,1.0,1.72
3857706.0,0.4046081,1.0,1.376
3857784.0,0.37718004,1.0,1.72
3857862.0,0.36326277,1.0,1.72
3857940.0,0.4093827,1.0,1.72
3858018.0,0.37011987,1.0,240.112
3858096.0,0.37484363,1.0,295.152008
3858175.0,0.35198683,1.0,294.808014
3858253.0,0.37601185,1.0,294.808014
3858331.0,0.38490045,1.0,295.496002
3858409.0,0.38454497,1.0,295.152008
3858487.0,0.38246259,1.0,295.496002
3858565.0,0.3760626,1.0,3.096
3858643.0,0.38210693,1.0,1.72
3858721.0,0.39033535,1.0,1.376
3858800.0,0.39363694,1.0,1.72
3858878.0,0.37555459,1.0,2.064
3858956.0,0.39500836,1.0,2.752
3859034.0,0.38860837,1.0,293.776001
3859112.0,0.37377694,1.0,295.152008
3859190.0,0.35838673,1.0,295.496002
3859268.0,0.3746911,1.0,295.496002
3859346.0,0.35798034,1.0,295.839996
3859424.0,0.37215149,1.0,295.496002
3859503.0,0.39312902,1.0,295.496002
3859581.0,0.39378929,1.0,3.096
3859659.0,0.38297042,1.0,2.064
3859737.0,0.39246872,1.0,2.064
3859815.0,0.38535762,1.0,2.064
3859893.0,0.39297658,1.0,2.408
3859971.0,0.37636733,1.0,2.064
3860049.0,0.41390321,1.0,293.088013
3860127.0,0.37921175,1.0,294.463989
3860206.0,0.38058317,1.0,294.808014
3860284.0,0.37626573,1.0,294.808014
3860362.0,0.3627041,1.0,295.152008
3860440.0,0.37179607,1.0,295.152008
3860518.0,0.37895772,1.0,295.152008
3860596.0,0.3848497,1.0,2.752
3860674.0,0.38444343,1.0,1.72
3860752.0,0.37494513,1.0,2.064
3860830.0,0.3802276,1.0,2.064
3860909.0,0.37362456,1.0,2.064
3860987.0,0.38109109,1.0,2.064
3861065.0,0.38154826,1.0,293.776001
3861143.0,0.37712923,1.0,295.152008
3861221.0,0.3683421,1.0,295.152008
3861299.0,0.3951607,1.0,295.152008
3861377.0,0.36727542,1.0,295.152008
3861455.0,0.3627041,1.0,295.496002
3861534.0,0.37286261,1.0,282.424011
3861612.0,0.39064008,1.0,3.096
3861690.0,0.40562403,1.0,1.72
3861768.0,0.39317971,1.0,2.064
3861846.0,0.3674278,1.0,2.064
3861924.0,0.40074784,1.0,2.064
3862002.0,0.35752323,1.0,0.0
3862080.0,0.39211318,1.0,294.119995
3862158.0,0.35218996,1.0,295.152008
3862237.0,0.40415108,1.0,295.152008
3862315.0,0.38424018,1.0,295.496002
3862393.0,0.39317971,1.0,295.496002
3862471.0,0.3755039,1.0,295.496002
3862549.0,0.3611294,1.0,42.655998
3862627.0,0.36189145,1.0,2.064
3862705.0,0.39079252,1.0,2.064
3862783.0,0.39257026,1.0,2.064
3862861.0,0.37941489,1.0,1.72
3862940.0,0.35584694,1.0,2.064
3863018.0,0.36300883,1.0,232.544006
3863096.0,0.38063392,1.0,295.152008
3863174.0,0.35798034,1.0,295.152008
3863252.0,0.37011987,1.0,295.496002
3863330.0,0.36996743,1.0,295.496002
3863408.0,0.39079252,1.0,295.839996
3863486.0,0.37677366,1.0,295.496002
3863564.0,0.37032297,1.0,3.44
3863643.0,0.37311664,1.0,2.064
3863721.0,0.39312902,1.0,2.408
3863799.0,0.41080481,1.0,2.064
3863877.0,0.36326277,1.0,2.064
3863955.0,0.37829742,1.0,2.064
3864033.0,0.40191618,1.0,293.432007
3864111.0,0.37271026,1.0,295.152008
3864189.0,0.371288,1.0,295.496002
3864268.0,0.38464665,1.0,295.496002
3864346.0,0.38723695,1.0,295.496002
3864424.0,0.37789109,1.0,295.496002
3864502.0,0.38764337,1.0,295.496002
3864580.0,0.37489432,1.0,3.096
3864658.0,0.37870383,1.0,2.064
3864736.0,0.39566866,1.0,2.408
3864814.0,0.41684923,1.0,2.064
3864893.0,0.37286261,1.0,2.064
3864971.0,0.38129422,1.0,2.064
3865049.0,0.39104646,1.0,293.776001
3865127.0,0.39932564,1.0,295.496002
3865205.0,0.36351675,1.0,295.152008
3865283.0,0.37230393,1.0,295.839996
3865361.0,0.37108496,1.0,295.496002
3865439.0,0.3896243,1.0,295.496002
3865517.0,0.38032919,1.0,295.496002
3865596.0,0.38835448,1.0,2.752
3865674.0,0.40592876,1.0,2.064
3865752.0,0.39180836,1.0,1.72
3865830.0,0.39038619,1.0,2.064
3865908.0,0.36945948,1.0,2.064
3865986.0,0.38733855,1.0,2.064
3866064.0,0.38622111,1.0,294.119995
3866142.0,0.38388467,1.0,295.496002
3866220.0,0.38043073,1.0,295.496002
3866299.0,0.35295191,1.0,295.496002
3866377.0,0.37758636,1.0,295.496002
3866455.0,0.36158666,1.0,295.839996
3866533.0,0.3802276,1.0,285.864014
3866611.0,0.39343375,1.0,3.44
3866689.0,0.37362456,1.0,2.064
3866767.0,0.39658281,1.0,2.064
3866845.0,0.3902846,1.0,2.408
3866923.0,0.38601792,1.0,2.064
3867002.0,0.38479894,1.0,0.688
3867080.0,0.37875459,1.0,293.776001
3867158.0,0.3341586,1.0,295.496002
3867236.0,0.36331362,1.0,295.152008
3867314.0,0.36407551,1.0,295.152008
3867392.0,0.38738939,1.0,295.496002
3867470.0,0.37753555,1.0,295.496002
3867548.0,0.39282414,1.0,50.223999
3867627.0,0.38302121,1.0,2.064
3867705.0,0.38713545,1.0,2.064
3867783.0,0.3879481,1.0,2.064
3867861.0,0.38236091,1.0,2.064
3867939.0,0.41700158,1.0,2.064
3868017.0,0.39190996,1.0,226.695999
3868095.0,0.38718626,1.0,295.152008
3868173.0,0.35686296,1.0,295.496002
3868251.0,0.37804353,1.0,295.496002
3868330.0,0.38281798,1.0,295.496002
3868408.0,0.37926251,1.0,295.496002
3868486.0,0.37692609,1.0,296.18399
3868564.0,0.38413864,1.0,4.128
3868642.0,0.38667828,1.0,2.408
3868720.0,0.38545921,1.0,2.408
3868798.0,0.3866275,1.0,2.408
3868876.0,0.38231006,1.0,2.752
3868954.0,0.38464665,1.0,2.752
3869033.0,0.38718626,1.0,293.776001
3869111.0,0.38723695,1.0,295.496002
3869189.0,0.37194836,1.0,295.839996
3869267.0,0.38830364,1.0,295.839996
3869345.0,0.37088174,1.0,295.839996
3869423.0,0.38723695,1.0,295.839996
3869501.0,0.3738277,1.0,295.496002
3869579.0,0.37946573,1.0,3.44
3869657.0,0.39333215,1.0,2.408
3869736.0,0.37946573,1.0,2.408
3869814.0,0.38820204,1.0,2.064
3869892.0,0.38911629,1.0,2.064
3869970.0,0.39373848,1.0,2.064
3870048.0,0.38281798,1.0,293.776001
3870126.0,0.39693838,1.0,295.496002
3870204.0,0.3833259,1.0,295.496002
3870282.0,0.38068476,1.0,295.496002
3870360.0,0.39089411,1.0,295.496002
3870439.0,0.37926251,1.0,295.496002
3870517.0,0.380126,1.0,295.496002
3870595.0,0.38672903,1.0,3.096
3870673.0,0.39739555,1.0,2.064
3870751.0,0.39775109,1.0,2.064
3870829.0,0.39317971,1.0,2.064
3870907.0,0.38413864,1.0,2.064
3870985.0,0.39561781,1.0,2.064
3871064.0,0.3936877,1.0,293.776001
3871142.0,0.39206234,1.0,296.18399
3871220.0,0.38815129,1.0,296.18399
3871298.0,0.37809423,1.0,296.528015
3871376.0,0.38302121,1.0,296.18399
3871454.0,0.39185911,1.0,295.839996
3871532.0,0.38119262,1.0,291.023987
3871610.0,0.39683685,1.0,3.784
3871689.0,0.40968743,1.0,2.408
3871767.0,0.38774496,1.0,2.408
3871845.0,0.39206234,1.0,2.408
3871923.0,0.39292583,1.0,2.064
3872001.0,0.40181452,1.0,0.688
3872079.0,0.38525608,1.0,294.119995
3872157.0,0.35544071,1.0,295.496002
3872235.0,0.38383386,1.0,295.839996
3872313.0,0.37946573,1.0,295.496002
3872391.0,0.39419562,1.0,295.152008
3872470.0,0.36778337,1.0,295.839996
3872548.0,0.39551622,1.0,55.383999
3872626.0,0.36311042,1.0,2.064
3872704.0,0.41375083,1.0,2.064
3872782.0,0.37763715,1.0,2.064
3872860.0,0.38677987,1.0,2.064
3872938.0,0.37961799,1.0,2.064
3873016.0,0.37895772,1.0,220.848007
3873094.0,0.38906562,1.0,295.152008
3873173.0,0.37992287,1.0,295.496002
3873251.0,0.38657668,1.0,295.496002
3873329.0,0.36646277,1.0,295.152008
3873407.0,0.39505905,1.0,295.496002
3873485.0,0.38733855,1.0,295.496002
3873563.0,0.36082467,1.0,3.096
3873641.0,0.39485592,1.0,2.064
3873720.0,0.3998844,1.0,2.064
3873798.0,0.3832244,1.0,2.752
3873876.0,0.38535762,1.0,2.752
3873954.0,0.38774496,1.0,2.752
3874032.0,0.37966892,1.0,294.119995
3874110.0,0.39013216,1.0,295.839996
3874188.0,0.3785007,1.0,295.839996
3874266.0,0.38581479,1.0,295.839996
3874344.0,0.388964,1.0,295.839996
3874422.0,0.36646277,1.0,295.496002
3874501.0,0.3666659,1.0,296.528015
3874579.0,0.37611336,1.0,4.128
3874657.0,0.40399858,1.0,2.064
3874735.0,0.38347828,1.0,1.72
3874813.0,0.40308434,1.0,2.408
3874891.0,0.38424018,1.0,2.408
3874969.0,0.38459572,1.0,2.064
3875047.0,0.40308434,1.0,294.119995
3875125.0,0.38170061,1.0,295.839996
3875204.0,0.38251325,1.0,295.152008
3875282.0,0.38413864,1.0,295.496002
3875360.0,0.3850022,1.0,295.496002
3875438.0,0.38048157,1.0,295.152008
3875516.0,0.40181452,1.0,295.839996
3875594.0,0.39571941,1.0,3.096
3875672.0,0.36473581,1.0,2.064
3875750.0,0.38180223,1.0,2.408
3875829.0,0.39541468,1.0,2.064
3875907.0,0.40338904,1.0,2.408
3875985.0,0.3841894,1.0,2.408
3876063.0,0.38231006,1.0,294.119995
3876141.0,0.39643052,1.0,295.496002
3876219.0,0.37662137,1.0,295.152008
3876297.0,0.39145279,1.0,295.496002
3876375.0,0.37555459,1.0,295.496002
3876454.0,0.39841139,1.0,295.839996
3876532.0,0.3610279,1.0,295.152008
3876610.0,0.4013066,1.0,3.784
3876688.0,0.39947808,1.0,2.408
3876766.0,0.38886234,1.0,1.72
3876844.0,0.37580863,1.0,2.064
3876922.0,0.38124353,1.0,2.408
3877000.0,0.41009384,1.0,1.032
3877078.0,0.38784656,1.0,294.463989
3877156.0,0.35584694,1.0,295.839996
3877235.0,0.40420178,1.0,295.839996
3877313.0,0.36473581,1.0,295.839996
3877391.0,0.39866537,1.0,295.839996
3877469.0,0.37037376,1.0,295.839996
3877547.0,0.4053193,1.0,60.543999
3877625.0,0.37697685,1.0,2.408
3877703.0,0.39648131,1.0,2.064
3877781.0,0.38972589,1.0,2.408
3877859.0,0.40851921,1.0,2.408
3877938.0,0.38297042,1.0,2.408
3878016.0,0.38688141,1.0,212.591995
3878094.0,0.37702769,1.0,295.496002
3878172.0,0.3761642,1.0,295.496002
3878250.0,0.37555459,1.0,295.496002
3878328.0,0.3760626,1.0,295.496002
3878406.0,0.39267185,1.0,295.839996
3878484.0,0.38596722,1.0,295.496002
3878562.0,0.39221469,1.0,3.44
3878641.0,0.3643294,1.0,2.064
3878719.0,0.3848497,1.0,2.064
3878797.0,0.39358619,1.0,2.064
3878875.0,0.38007525,1.0,2.064
3878953.0,0.3832244,1.0,2.064
3879031.0,0.38617042,1.0,293.432007
3879109.0,0.37438637,1.0,295.152008
3879187.0,0.36849448,1.0,295.496002
3879266.0,0.3981066,1.0,295.496002
3879344.0,0.37865299,1.0,295.496002
3879422.0,0.39119884,1.0,295.496002
3879500.0,0.39658281,1.0,295.496002
3879578.0,0.40557319,1.0,3.096
3879656.0,0.38525608,1.0,2.064
3879734.0,0.4022209,1.0,2.064
3879813.0,0.38388467,1.0,2.064
3879891.0,0.38997978,1.0,2.064
3879969.0,0.38378316,1.0,2.064
3880047.0,0.38596722,1.0,293.776001
3880125.0,0.38754168,1.0,294.808014
3880203.0,0.38530692,1.0,295.152008
3880281.0,0.39323053,1.0,295.152008
3880359.0,0.40029073,1.0,295.496002
3880437.0,0.38271639,1.0,295.496002
3880516.0,0.39551622,1.0,295.496002
3880594.0,0.380126,1.0,3.096
3880672.0,0.41207477,1.0,2.408
3880750.0,0.39632893,1.0,2.064
3880828.0,0.40582716,1.0,2.064
3880906.0,0.37956733,1.0,2.064
3880984.0,0.3981066,1.0,2.064
3881062.0,0.38408789,1.0,294.119995
3881140.0,0.390183,1.0,295.496002
3881219.0,0.39495751,1.0,295.152008
3881297.0,0.36951032,1.0,295.152008
3881375.0,0.40176374,1.0,295.496002
3881453.0,0.38551006,1.0,295.496002
3881531.0,0.39297658,1.0,297.216003
3881609.0,0.38921791,1.0,3.096
3881687.0,0.411008,1.0,2.408
3881765.0,0.40110338,1.0,1.72
3881843.0,0.39871618,1.0,2.064
3881922.0,0.39033535,1.0,2.064
3882000.0,0.41105884,1.0,0.688
3882078.0,0.39932564,1.0,294.119995
3882156.0,0.3730658,1.0,295.496002
3882234.0,0.3866275,1.0,295.496002
3882312.0,0.38363072,1.0,295.839996
3882390.0,0.40618271,1.0,295.839996
3882468.0,0.39089411,1.0,295.496002
3882547.0,0.37997356,1.0,66.736
3882625.0,0.38159895,1.0,2.064
3882703.0,0.41339535,1.0,2.064
3882781.0,0.38982743,1.0,2.408
3882859.0,0.38774496,1.0,2.064
3882937.0,0.38124353,1.0,2.408
3883015.0,0.38205612,1.0,206.056
3883093.0,0.39328137,1.0,295.152008
3883171.0,0.37865299,1.0,295.496002
3883250.0,0.35493279,1.0,295.152008
3883328.0,0.39287499,1.0,295.496002
3883406.0,0.38977659,1.0,295.496002
3883484.0,0.39729401,1.0,295.496002
3883562.0,0.37489432,1.0,3.096
3883640.0,0.39130035,1.0,1.72
3883718.0,0.40201771,1.0,2.064
3883796.0,0.38784656,1.0,2.064
3883874.0,0.39637968,1.0,2.064
3883953.0,0.40730017,1.0,2.064
3884031.0,0.38815129,1.0,294.119995
3884109.0,0.39008132,1.0,295.152008
3884187.0,0.38073552,1.0,295.496002
3884265.0,0.37342137,1.0,295.496002
3884343.0,0.38281798,1.0,295.496002
3884421.0,0.39343375,1.0,295.496002
3884499.0,0.38957354,1.0,295.496002
3884577.0,0.37900856,1.0,3.096
3884656.0,0.38860837,1.0,2.064
3884734.0,0.40790963,1.0,2.064
3884812.0,0.38591638,1.0,2.064
3884890.0,0.40191618,1.0,2.064
3884968.0,0.38601792,1.0,2.064
3885046.0,0.39211318,1.0,293.776001
3885124.0,0.3778404,1.0,295.152008
3885202.0,0.38038003,1.0,295.496002
3885280.0,0.37179607,1.0,295.496002
3885359.0,0.37123731,1.0,295.496002
3885437.0,0.38281798,1.0,295.496002
3885515.0,0.37453881,1.0,295.496002
3885593.0,0.38236091,1.0,2.752
3885671.0,0.39292583,1.0,2.064
3885749.0,0.42142063,1.0,1.72
3885827.0,0.38937032,1.0,1.72
3885905.0,0.39932564,1.0,1.376
3885984.0,0.38129422,1.0,1.72
3886062.0,0.35513598,1.0,293.088013
3886140.0,0.38855752,1.0,295.152008
3886218.0,0.3719992,1.0,295.152008
3886296.0,0.37580863,1.0,295.496002
3886374.0,0.38073552,1.0,295.152008
3886452.0,0.38048157,1.0,295.496002
3886530.0,0.37977043,1.0,294.808014
3886609.0,0.38231006,1.0,3.096
3886687.0,0.40364301,1.0,2.064
3886765.0,0.40735093,1.0,2.064
3886843.0,0.38799885,1.0,2.064
3886921.0,0.37286261,1.0,2.064
3886999.0,0.38667828,1.0,1.032
3887077.0,0.40455735,1.0,294.119995
3887155.0,0.37895772,1.0,295.152008
3887233.0,0.38413864,1.0,295.496002
3887311.0,0.39973211,1.0,295.496002
3887390.0,0.38855752,1.0,295.496002
3887468.0,0.38109109,1.0,295.496002
3887546.0,0.39246872,1.0,72.239998
3887624.0,0.40049395,1.0,2.064
3887702.0,0.4039478,1.0,2.064
3887780.0,0.39312902,1.0,2.064
3887858.0,0.37794194,1.0,2.064
3887936.0,0.38997978,1.0,2.064
3888015.0,0.37636733,1.0,201.584
3888093.0,0.40079865,1.0,295.152008
3888171.0,0.36524373,1.0,295.496002
3888249.0,0.37824667,1.0,295.496002
3888327.0,0.38357988,1.0,295.496002
3888405.0,0.40953508,1.0,295.496002
3888483.0,0.36397398,1.0,295.496002
3888561.0,0.38266563,1.0,3.096
3888639.0,0.37585947,1.0,2.064
3888718.0,0.36956117,1.0,2.064
3888796.0,0.3761642,1.0,2.408
3888874.0,0.37474203,1.0,2.752
3888952.0,0.39653212,1.0,2.408
3889030.0,0.38190383,1.0,293.088013
3889108.0,0.38799885,1.0,295.152008
3889186.0,0.38637346,1.0,294.808014
3889264.0,0.38967505,1.0,295.152008
3889343.0,0.36544684,1.0,295.152008
3889421.0,0.37347206,1.0,295.152008
3889499.0,0.38017675,1.0,295.152008
3889577.0,0.38667828,1.0,2.752
3889655.0,0.41065246,1.0,1.72
3889733.0,0.38225931,1.0,1.72
3889811.0,0.37911016,1.0,2.064
3889889.0,0.38698307,1.0,1.72
3889967.0,0.38271639,1.0,2.064
3890046.0,0.39155442,1.0,293.776001
3890124.0,0.38840532,1.0,295.496002
3890202.0,0.37946573,1.0,295.152008
3890280.0,0.38581479,1.0,295.152008
3890358.0,0.39226553,1.0,295.496002
3890436.0,0.37530071,1.0,295.496002
3890514.0,0.38535762,1.0,295.496002
3890592.0,0.38677987,1.0,3.096
3890670.0,0.39069092,1.0,2.064
3890748.0,0.37230393,1.0,2.064
3890827.0,0.39165592,1.0,2.064
3890905.0,0.3866275,1.0,2.064
3890983.0,0.38048157,1.0,2.064
3891061.0,0.38876075,1.0,293.776001
3891139.0,0.37047541,1.0,295.839996
3891217.0,0.39759874,1.0,295.152008
3891295.0,0.36930713,1.0,295.496002
3891373.0,0.38708466,1.0,295.152008
3891451.0,0.38693222,1.0,295.839996
3891530.0,0.39627808,1.0,296.872009
3891608.0,0.38723695,1.0,2.064
3891686.0,0.39861459,1.0,2.408
3891764.0,0.39338291,1.0,2.064
3891842.0,0.40379554,1.0,1.72
3891920.0,0.39013216,1.0,2.064
3891998.0,0.41598573,1.0,0.0
3892077.0,0.37108496,1.0,293.776001
3892155.0,0.36961186,1.0,294.463989
3892233.0,0.39648131,1.0,294.119995
3892311.0,0.37448806,1.0,294.808014
3892389.0,0.38261488,1.0,295.496002
3892467.0,0.38347828,1.0,294.463989
3892545.0,0.40877318,1.0,82.903999
3892623.0,0.37997356,1.0,1.72
3892701.0,0.39175761,1.0,1.376
3892780.0,0.41065246,1.0,1.72
3892858.0,0.39089411,1.0,1.376
3892936.0,0.39780188,1.0,1.376
3893014.0,0.39947808,1.0,194.016006
3893092.0,0.388964,1.0,295.152008
3893170.0,0.35513598,1.0,295.152008
3893248.0,0.39653212,1.0,295.152008
3893326.0,0.39566866,1.0,295.496002
3893404.0,0.38830364,1.0,294.463989
3893483.0,0.38997978,1.0,295.839996
3893561.0,0.4150714,1.0,3.096
3893639.0,0.3832244,1.0,2.064
3893717.0,0.39805591,1.0,1.376
3893795.0,0.40242404,1.0,2.064
3893873.0,0.4059796,1.0,2.064
3893951.0,0.39495751,1.0,1.72
3894029.0,0.39302742,1.0,293.432007
3894107.0,0.37636733,1.0,295.152008
3894186.0,0.38271639,1.0,294.463989
3894264.0,0.39500836,1.0,295.496002
3894342.0,0.40039241,1.0,294.463989
3894420.0,0.38038003,1.0,294.463989
3894498.0,0.40420178,1.0,295.839996
3894576.0,0.38881159,1.0,3.096
3894654.0,0.38942102,1.0,2.064
3894732.0,0.41923642,1.0,2.064
3894811.0,0.396786,1.0,2.064
3894889.0,0.40313524,1.0,1.72
3894967.0,0.39907175,1.0,1.376
3895045.0,0.38723695,1.0,293.776001
3895123.0,0.39175761,1.0,295.496002
3895201.0,0.4005447,1.0,295.496002
3895279.0,0.38657668,1.0,295.496002
3895357.0,0.38774496,1.0,295.496002
3895435.0,0.39841139,1.0,295.496002
3895514.0,0.41065246,1.0,295.496002
3895592.0,0.38723695,1.0,3.096
3895670.0,0.42578876,1.0,2.064
3895748.0,0.41385236,1.0,1.72
3895826.0,0.40770641,1.0,2.752
3895904.0,0.40775734,1.0,2.064
3895982.0,0.38825282,1.0,1.72
3896060.0,0.38784656,1.0,293.776001
3896138.0,0.39866537,1.0,295.152008
3896217.0,0.39770034,1.0,295.496002
3896295.0,0.37362456,1.0,295.496002
3896373.0,0.38606873,1.0,295.496002
3896451.0,0.41999838,1.0,295.496002
3896529.0,0.40023997,1.0,297.559998
3896607.0,0.38972589,1.0,3.096
3896685.0,0.40902713,1.0,2.064
3896763.0,0.40095109,1.0,2.064
3896842.0,0.4133445,1.0,2.064
3896920.0,0.4093827,1.0,2.064
3896998.0,0.39470348,1.0,0.688
3897076.0,0.38195449,1.0,294.808014
3897154.0,0.36758015,1.0,295.496002
3897232.0,0.4069446,1.0,295.496002
3897310.0,0.40044311,1.0,295.496002
3897388.0,0.39114809,1.0,295.152008
3897466.0,0.40100187,1.0,294.808014
3897545.0,0.39764959,1.0,90.127998
3897623.0,0.40592876,1.0,2.064
3897701.0,0.40714779,1.0,2.064
3897779.0,0.396786,1.0,1.72
3897857.0,0.38779572,1.0,2.064
3897935.0,0.40095109,1.0,1.376
3898013.0,0.38982743,1.0,177.503998
3898091.0,0.38931951,1.0,295.152008
3898169.0,0.39363694,1.0,294.808014
3898248.0,0.38698307,1.0,295.496002
3898326.0,0.41105884,1.0,295.152008
3898404.0,0.38464665,1.0,295.839996
3898482.0,0.40196687,1.0,295.496002
3898560.0,0.37123731,1.0,3.096
3898638.0,0.40364301,1.0,2.064
3898716.0,0.4085699,1.0,2.408
3898794.0,0.39749715,1.0,1.032
3898872.0,0.39257026,1.0,1.376
3898951.0,0.39795431,1.0,2.064
3899029.0,0.38683072,1.0,293.776001
3899107.0,0.40023997,1.0,295.152008
3899185.0,0.38205612,1.0,295.152008
3899263.0,0.36361834,1.0,295.152008
3899341.0,0.39104646,1.0,295.496002
3899419.0,0.39551622,1.0,295.496002
3899497.0,0.37911016,1.0,295.839996
3899575.0,0.38104033,1.0,3.096
3899654.0,0.39287499,1.0,2.064
3899732.0,0.36488816,1.0,2.064
3899810.0,0.37977043,1.0,2.408
3899888.0,0.39023381,1.0,2.064
3899966.0,0.36920559,1.0,2.064
3900044.0,0.37367526,1.0,293.432007
3900122.0,0.36991674,1.0,295.839996
3900201.0,0.36691988,1.0,295.152008
3900279.0,0.3642787,1.0,294.808014
3900357.0,0.34639958,1.0,295.496002
3900435.0,0.35843751,1.0,294.119995
3900513.0,0.36945948,1.0,295.496002
3900591.0,0.35163134,1.0,3.096
3900669.0,0.32867286,1.0,2.064
3900747.0,0.3636691,1.0,1.376
3900825.0,0.36641192,1.0,2.064
3900904.0,0.34020293,1.0,1.72
3900982.0,0.36250091,1.0,2.064
3901060.0,0.35117409,1.0,294.119995
3901138.0,0.35269788,1.0,295.152008
3901216.0,0.34731388,1.0,295.152008
3901294.0,0.35823438,1.0,295.496002
3901372.0,0.33715531,1.0,295.496002
3901450.0,0.36148503,1.0,295.496002
3901528.0,0.35843751,1.0,297.216003
3901606.0,0.35467881,1.0,3.096
3901685.0,0.36788496,1.0,2.064
3901763.0,0.37291345,1.0,2.408
3901841.0,0.34238699,1.0,2.064
3901919.0,0.37052619,1.0,2.064
3901997.0,0.35447568,1.0,0.688
3902075.0,0.36326277,1.0,293.088013
3902153.0,0.34599325,1.0,295.152008
3902231.0,0.35985968,1.0,295.496002
3902309.0,0.35864061,1.0,295.496002
3902388.0,0.3674278,1.0,295.496002
3902466.0,0.35269788,1.0,295.496002
3902544.0,0.37042466,1.0,83.592003
3902622.0,0.34655192,1.0,2.064
3902700.0,0.39475432,1.0,1.72
3902778.0,0.34965032,1.0,2.408
3902856.0,0.35676128,1.0,2.064
3902934.0,0.33273625,1.0,2.064
3903013.0,0.33999968,1.0,192.983994
3903091.0,0.34883767,1.0,294.808014
3903169.0,0.34385988,1.0,294.808014
3903247.0,0.35584694,1.0,295.496002
3903325.0,0.35147882,1.0,294.119995
3903403.0,0.35203758,1.0,294.808014
3903481.0,0.36153588,1.0,295.496002
3903559.0,0.34604415,1.0,2.408
3903637.0,0.33634266,1.0,1.376
3903716.0,0.37123731,1.0,1.72
3903794.0,0.34970108,1.0,1.376
3903872.0,0.3619422,1.0,1.72
3903950.0,0.34111711,1.0,1.376
3904028.0,0.34970108,1.0,293.776001
3904106.0,0.35015824,1.0,294.463989
3904184.0,0.3317205,1.0,295.152008
3904262.0,0.35914853,1.0,295.152008
3904340.0,0.34528211,1.0,295.152008
3904419.0,0.36097711,1.0,295.496002
3904497.0,0.34934559,1.0,295.496002
3904575.0,0.35889465,1.0,3.096
3904653.0,0.34213305,1.0,1.72
3904731.0,0.35406935,1.0,2.408
3904809.0,0.34843126,1.0,2.752
3904887.0,0.36549777,1.0,2.408
3904965.0,0.35645655,1.0,2.408
3905043.0,0.36940867,1.0,294.463989
3905122.0,0.34980267,1.0,295.839996
3905200.0,0.34746626,1.0,295.496002
3905278.0,0.35396776,1.0,295.839996
3905356.0,0.35158041,1.0,295.496002
3905434.0,0.35843751,1.0,295.839996
3905512.0,0.34685674,1.0,296.18399
3905590.0,0.36173901,1.0,3.44
3905668.0,0.37519911,1.0,2.408
3905747.0,0.36087561,1.0,2.408
3905825.0,0.3326855,1.0,2.408
3905903.0,0.37596101,1.0,2.064
3905981.0,0.34507892,1.0,2.064
3906059.0,0.35579628,1.0,293.088013
3906137.0,0.34502822,1.0,295.152008
3906215.0,0.34406313,1.0,295.152008
3906293.0,0.33380303,1.0,295.152008
3906372.0,0.34416473,1.0,295.152008
3906450.0,0.36245012,1.0,295.152008
3906528.0,0.3381204,1.0,297.559998
3906606.0,0.36768183,1.0,3.096
3906684.0,0.37088174,1.0,2.064
3906762.0,0.38007525,1.0,2.064
3906840.0,0.36732626,1.0,1.376
3906918.0,0.36234847,1.0,2.064
3906996.0,0.35645655,1.0,1.376
3907075.0,0.36361834,1.0,293.088013
3907153.0,0.34223455,1.0,295.152008
3907231.0,0.3730658,1.0,295.152008
3907309.0,0.34233618,1.0,295.496002
3907387.0,0.34462184,1.0,295.152008
3907465.0,0.34497738,1.0,294.808014
3907543.0,0.34822822,1.0,93.223999
3907621.0,0.34772015,1.0,2.752
3907700.0,0.34370759,1.0,2.408
3907778.0,0.36829129,1.0,2.064
3907856.0,0.36605638,1.0,2.752
3907934.0,0.35092014,1.0,1.032
3908012.0,0.36402467,1.0,177.848007
3908090.0,0.35361221,1.0,295.152008
3908168.0,0.35076785,1.0,295.839996
3908246.0,0.34888852,1.0,294.463989
3908324.0,0.3713389,1.0,295.152008
3908402.0,0.36539608,1.0,295.152008
3908481.0,0.35996127,1.0,295.152008
3908559.0,0.35838673,1.0,3.784
3908637.0,0.37357372,1.0,2.064
3908715.0,0.38342759,1.0,1.72
3908793.0,0.3777388,1.0,2.064
3908871.0,0.37194836,1.0,2.064
3908949.0,0.3666659,1.0,1.72
3909027.0,0.36808807,1.0,294.119995
3909105.0,0.3610279,1.0,295.496002
3909184.0,0.34106636,1.0,295.496002
3909262.0,0.33532682,1.0,295.496002
3909340.0,0.37245637,1.0,295.152008
3909418.0,0.3633644,1.0,295.152008
3909496.0,0.36153588,1.0,295.839996
3909574.0,0.34832975,1.0,3.096
3909652.0,0.36326277,1.0,2.064
3909730.0,0.37982127,1.0,1.72
3909809.0,0.37408167,1.0,1.72
3909887.0,0.33654585,1.0,1.72
3909965.0,0.3585391,1.0,1.376
3910043.0,0.37403083,1.0,292.399994
3910121.0,0.35041228,1.0,293.776001
3910199.0,0.3563042,1.0,294.463989
3910277.0,0.33009505,1.0,294.808014
3910355.0,0.35452637,1.0,294.463989
3910434.0,0.37235469,1.0,294.463989
3910512.0,0.35726929,1.0,295.152008
3910590.0,0.36565006,1.0,3.44
3910668.0,0.38307202,1.0,1.72
3910746.0,0.35071701,1.0,2.064
3910824.0,0.37748477,1.0,1.72
3910902.0,0.3755039,1.0,2.064
3910980.0,0.3524439,1.0,1.72
3911058.0,0.35930091,1.0,293.776001
3911137.0,0.33710456,1.0,295.152008
3911215.0,0.36275494,1.0,294.808014
3911293.0,0.3768245,1.0,295.152008
3911371.0,0.35671058,1.0,295.496002
3911449.0,0.36377072,1.0,295.152008
3911527.0,0.37398013,1.0,296.528015
3911605.0,0.3636691,1.0,2.408
3911683.0,0.37890702,1.0,1.72
3911761.0,0.37575787,1.0,2.064
3911840.0,0.35127571,1.0,1.72
3911918.0,0.3713389,1.0,2.064
3911996.0,0.34487578,1.0,1.376
3912074.0,0.36869767,1.0,293.776001
3912152.0,0.35117409,1.0,295.152008
3912230.0,0.36884996,1.0,295.152008
3912308.0,0.36483741,1.0,295.496002
3912386.0,0.37367526,1.0,295.496002
3912464.0,0.37763715,1.0,295.496002
3912543.0,0.35305345,1.0,106.639999
3912621.0,0.35843751,1.0,2.064
3912699.0,0.37260872,1.0,2.064
3912777.0,0.36646277,1.0,2.064
3912855.0,0.38515449,1.0,2.064
3912933.0,0.36539608,1.0,2.064
3913011.0,0.34182823,1.0,167.184006
3913089.0,0.3713389,1.0,295.152008
3913168.0,0.34634888,1.0,295.496002
3913246.0,0.37433556,1.0,295.496002
3913324.0,0.34208229,1.0,295.496002
3913402.0,0.36473581,1.0,295.152008
3913480.0,0.36747864,1.0,295.496002
3913558.0,0.3777895,1.0,2.752
3913636.0,0.37448806,1.0,1.72
3913714.0,0.38215771,1.0,2.064
3913792.0,0.36438024,1.0,1.376
3913871.0,0.36697063,1.0,2.064
3913949.0,0.36565006,1.0,1.376
3914027.0,0.3660056,1.0,294.119995
3914105.0,0.36138344,1.0,295.152008
3914183.0,0.36890087,1.0,295.152008
3914261.0,0.36128193,1.0,295.496002
3914339.0,0.36483741,1.0,295.496002
3914417.0,0.36392307,1.0,295.496002
3914496.0,0.35498363,1.0,295.496002
3914574.0,0.3635675,1.0,2.752
3914652.0,0.37337053,1.0,2.064
3914730.0,0.34863448,1.0,1.72
3914808.0,0.35234231,1.0,2.064
3914886.0,0.35579628,1.0,2.064
3914964.0,0.36945948,1.0,2.064
3915042.0,0.3866275,1.0,293.088013
3915120.0,0.36879921,1.0,295.152008
3915199.0,0.35071701,1.0,295.152008
3915277.0,0.36285645,1.0,294.808014
3915355.0,0.37179607,1.0,295.496002
3915433.0,0.36895156,1.0,295.496002
3915511.0,0.37418327,1.0,295.839996
3915589.0,0.37763715,1.0,2.752
3915667.0,0.36976421,1.0,1.72
3915745.0,0.38068476,1.0,1.376
3915823.0,0.37900856,1.0,2.064
3915901.0,0.34980267,1.0,1.72
3915980.0,0.36991674,1.0,1.72
3916058.0,0.36565006,1.0,294.119995
3916136.0,0.35579628,1.0,295.496002
3916214.0,0.3531042,1.0,294.808014
3916292.0,0.36524373,1.0,295.496002
3916370.0,0.35345984,1.0,294.808014
3916448.0,0.35574543,1.0,295.496002
3916526.0,0.3642278,1.0,297.903992
3916605.0,0.38017675,1.0,3.44
3916683.0,0.35605022,1.0,2.064
3916761.0,0.37504676,1.0,2.408
3916839.0,0.36097711,1.0,2.408
3916917.0,0.34457105,1.0,2.064
3916995.0,0.36971346,1.0,1.032
3917073.0,0.36148503,1.0,294.119995
3917151.0,0.35671058,1.0,295.152008
3917230.0,0.36300883,1.0,295.152008
3917308.0,0.35218996,1.0,295.496002
3917386.0,0.36808807,1.0,295.496002
3917464.0,0.37885618,1.0,295.496002
3917542.0,0.34629798,1.0,113.519997
3917620.0,0.37763715,1.0,2.064
3917698.0,0.39460194,1.0,2.064
3917776.0,0.38170061,1.0,2.064
3917854.0,0.36859608,1.0,1.72
3917933.0,0.39409402,1.0,2.064
3918011.0,0.37057701,1.0,159.960007
3918089.0,0.3683421,1.0,295.496002
3918167.0,0.36407551,1.0,295.496002
3918245.0,0.3597073,1.0,295.496002
3918323.0,0.36712307,1.0,295.496002
3918401.0,0.38210693,1.0,295.496002
3918479.0,0.36544684,1.0,295.496002
3918557.0,0.35061532,1.0,2.408
3918636.0,0.37733242,1.0,1.72
3918714.0,0.37387854,1.0,2.064
3918792.0,0.38820204,1.0,2.064
3918870.0,0.36783418,1.0,2.064
3918948.0,0.36625957,1.0,2.064
3919026.0,0.36158666,1.0,293.776001
3919104.0,0.38469732,1.0,295.152008
3919182.0,0.35650733,1.0,295.496002
3919260.0,0.35813278,1.0,295.496002
3919339.0,0.36976421,1.0,295.496002
3919417.0,0.36945948,1.0,295.496002
3919495.0,0.3833259,1.0,295.496002
3919573.0,0.3626025,1.0,3.096
3919651.0,0.36321202,1.0,1.72
3919729.0,0.36128193,1.0,2.064
3919807.0,0.36631033,1.0,2.064
3919885.0,0.35183439,1.0,2.064
3919963.0,0.37880543,1.0,2.752
3920042.0,0.38601792,1.0,294.808014
3920120.0,0.36265334,1.0,296.528015
3920198.0,0.37763715,1.0,296.18399
3920276.0,0.37987205,1.0,296.18399
3920354.0,0.36585334,1.0,296.18399
3920432.0,0.35132653,1.0,296.18399
3920510.0,0.37052619,1.0,296.18399
3920588.0,0.35803115,1.0,3.784
3920667.0,0.36707222,1.0,2.752
3920745.0,0.38225931,1.0,2.752
3920823.0,0.39729401,1.0,2.752
3920901.0,0.37001824,1.0,2.408
3920979.0,0.37052619,1.0,2.408
3921057.0,0.35996127,1.0,294.808014
3921135.0,0.37763715,1.0,295.839996
3921213.0,0.35467881,1.0,295.839996
3921292.0,0.38083705,1.0,295.839996
3921370.0,0.36798656,1.0,295.839996
3921448.0,0.38429099,1.0,295.496002
3921526.0,0.36773252,1.0,297.559998
3921604.0,0.36793572,1.0,3.44
3921682.0,0.39429724,1.0,2.064
3921760.0,0.38048157,1.0,2.408
3921838.0,0.37596101,1.0,2.064
3921916.0,0.36864683,1.0,2.408
3921995.0,0.36697063,1.0,1.032
3922073.0,0.3841894,1.0,294.119995
3922151.0,0.36107871,1.0,295.496002
3922229.0,0.36620873,1.0,295.496002
3922307.0,0.36570081,1.0,295.839996
3922385.0,0.3706277,1.0,295.496002
3922463.0,0.3737261,1.0,295.152008
3922541.0,0.36082467,1.0,123.839996
3922619.0,0.37971976,1.0,2.752
3922698.0,0.388964,1.0,2.752
3922776.0,0.3683928,1.0,2.752
3922854.0,0.36153588,1.0,3.096
3922932.0,0.37824667,1.0,2.752
3923010.0,0.36615804,1.0,155.143997
3923088.0,0.36351675,1.0,295.839996
3923166.0,0.3531042,1.0,295.839996
3923244.0,0.35488194,1.0,296.18399
3923323.0,0.37001824,1.0,296.18399
3923401.0,0.36387232,1.0,295.839996
3923479.0,0.37982127,1.0,296.18399
3923557.0,0.36818969,1.0,3.096
3923635.0,0.36158666,1.0,2.408
3923713.0,0.36890087,1.0,2.408
3923791.0,0.38017675,1.0,2.408
3923869.0,0.37464043,1.0,2.408
3923947.0,0.36534524,1.0,2.408
3924026.0,0.3768245,1.0,294.808014
3924104.0,0.36605638,1.0,295.496002
3924182.0,0.33608863,1.0,295.496002
3924260.0,0.35798034,1.0,295.839996
3924338.0,0.35884383,1.0,295.496002
3924416.0,0.36453259,1.0,295.839996
3924494.0,0.36067238,1.0,295.152008
3924572.0,0.3672246,1.0,3.44
3924650.0,0.37362456,1.0,2.064
3924729.0,0.38581479,1.0,2.408
3924807.0,0.36758015,1.0,2.064
3924885.0,0.37352297,1.0,2.064
3924963.0,0.36895156,1.0,2.064
3925041.0,0.35676128,1.0,293.776001
3925119.0,0.36478657,1.0,295.496002
3925197.0,0.34980267,1.0,296.528015
3925275.0,0.37072939,1.0,296.528015
3925353.0,0.36382154,1.0,296.18399
3925432.0,0.37621489,1.0,297.216003
3925510.0,0.3538661,1.0,296.18399
3925588.0,0.36732626,1.0,3.784
3925666.0,0.36971346,1.0,2.752
3925744.0,0.39043689,1.0,2.408
3925822.0,0.35183439,1.0,2.752
3925900.0,0.37753555,1.0,3.096
3925978.0,0.36514214,1.0,3.096
3926056.0,0.35732004,1.0,294.463989
3926135.0,0.35803115,1.0,295.839996
3926213.0,0.35691372,1.0,295.839996
3926291.0,0.35599947,1.0,295.839996
3926369.0,0.36438024,1.0,295.839996
3926447.0,0.36067238,1.0,295.839996
3926525.0,0.35930091,1.0,297.903992
3926603.0,0.37834826,1.0,3.44
3926681.0,0.38947186,1.0,1.72
3926760.0,0.37667212,1.0,1.72
3926838.0,0.36793572,1.0,1.72
3926916.0,0.34060925,1.0,1.72
3926994.0,0.36559927,1.0,1.72
3927072.0,0.3778404,1.0,294.119995
3927150.0,0.33319342,1.0,295.496002
3927228.0,0.3672246,1.0,295.496002
3927306.0,0.36438024,1.0,295.496002
3927385.0,0.37301496,1.0,294.808014
3927463.0,0.36625957,1.0,295.496002
3927541.0,0.3619422,1.0,130.376007
3927619.0,0.36712307,1.0,1.376
3927697.0,0.37982127,1.0,1.376
3927775.0,0.36631033,1.0,1.72
3927853.0,0.3696627,1.0,1.72
3927931.0,0.36641192,1.0,3.096
3928009.0,0.36808807,1.0,147.576004
3928087.0,0.36128193,1.0,296.18399
3928166.0,0.34797418,1.0,296.18399
3928244.0,0.35823438,1.0,296.18399
3928322.0,0.35000589,1.0,296.528015
3928400.0,0.3627041,1.0,296.18399
3928478.0,0.3585391,1.0,295.152008
3928556.0,0.36346599,1.0,2.752
3928634.0,0.3778404,1.0,2.408
3928712.0,0.38434193,1.0,2.064
3928790.0,0.38921791,1.0,2.064
3928869.0,0.3532058,1.0,2.408
3928947.0,0.36625957,1.0,2.408
3929025.0,0.35610101,1.0,294.808014
3929103.0,0.36824045,1.0,295.496002
3929181.0,0.34965032,1.0,294.808014
3929259.0,0.35864061,1.0,294.808014
3929337.0,0.35899624,1.0,294.808014
3929415.0,0.37662137,1.0,294.808014
3929493.0,0.36818969,1.0,294.808014
3929572.0,0.36519304,1.0,2.752
3929650.0,0.36092636,1.0,2.064
3929728.0,0.38027829,1.0,2.064
3929806.0,0.36930713,1.0,2.064
3929884.0,0.3719992,1.0,2.064
3929962.0,0.36173901,1.0,2.064
3930040.0,0.35716769,1.0,294.119995
3930118.0,0.35071701,1.0,295.839996
3930197.0,0.34893921,1.0,296.18399
3930275.0,0.36051995,1.0,295.839996
3930353.0,0.37535146,1.0,295.496002
3930431.0,0.35574543,1.0,296.18399
3930509.0,0.3595041,1.0,296.18399
3930587.0,0.36595485,1.0,3.44
3930665.0,0.35772631,1.0,2.064
3930743.0,0.39693838,1.0,1.72
3930822.0,0.37464043,1.0,2.752
3930900.0,0.40343997,1.0,2.064
3930978.0,0.38007525,1.0,2.408
3931056.0,0.37057701,1.0,294.119995
3931134.0,0.3683421,1.0,295.496002
3931212.0,0.36575156,1.0,295.496002
3931290.0,0.35884383,1.0,295.839996
3931368.0,0.38952261,1.0,295.496002
3931446.0,0.38205612,1.0,295.496002
3931525.0,0.36925644,1.0,295.152008
3931603.0,0.38043073,1.0,3.784
3931681.0,0.38429099,1.0,2.064
3931759.0,0.38342759,1.0,2.408
3931837.0,0.38474816,1.0,2.064
3931915.0,0.37316734,1.0,2.752
3931993.0,0.37291345,1.0,1.72
3932071.0,0.37042466,1.0,294.119995
3932149.0,0.35879305,1.0,296.18399
3932228.0,0.36498976,1.0,296.18399
3932306.0,0.36478657,1.0,295.839996
3932384.0,0.35417098,1.0,295.839996
3932462.0,0.36285645,1.0,295.839996
3932540.0,0.36392307,1.0,141.039993
3932618.0,0.38231006,1.0,2.064
3932696.0,0.37651977,1.0,2.064
3932774.0,0.39119884,1.0,2.064
3932853.0,0.37535146,1.0,2.752
3932931.0,0.38093865,1.0,2.408
3933009.0,0.37575787,1.0,141.727997
3933087.0,0.37936419,1.0,295.152008
3933165.0,0.35914853,1.0,295.839996
3933243.0,0.37941489,1.0,295.839996
3933321.0,0.37083089,1.0,295.839996
3933399.0,0.3760626,1.0,295.839996
3933477.0,0.37931329,1.0,297.216003
3933556.0,0.36651361,1.0,2.752
3933634.0,0.37804353,1.0,2.408
3933712.0,0.39688769,1.0,2.064
3933790.0,0.38424018,1.0,2.408
3933868.0,0.38373232,1.0,2.752
3933946.0,0.36991674,1.0,2.408
3934024.0,0.37956733,1.0,294.808014
3934102.0,0.37123731,1.0,295.496002
3934181.0,0.35498363,1.0,295.839996
3934259.0,0.35589778,1.0,295.496002
3934337.0,0.37789109,1.0,295.152008
3934415.0,0.39531308,1.0,295.839996
3934493.0,0.36976421,1.0,296.18399
3934571.0,0.36798656,1.0,3.44
3934649.0,0.37966892,1.0,2.408
3934727.0,0.38114184,1.0,2.064
3934805.0,0.37814513,1.0,2.064
3934883.0,0.39419562,1.0,2.064
3934962.0,0.37017062,1.0,2.408
3935040.0,0.38185298,1.0,294.119995
3935118.0,0.38408789,1.0,296.18399
3935196.0,0.36570081,1.0,295.496002
3935274.0,0.3563042,1.0,296.18399
3935352.0,0.38774496,1.0,296.18399
3935430.0,0.37362456,1.0,295.839996
3935508.0,0.38302121,1.0,295.496002
3935586.0,0.37489432,1.0,3.096
3935665.0,0.4062843,1.0,2.752
3935743.0,0.37814513,1.0,2.408
3935821.0,0.39632893,1.0,2.408
3935899.0,0.3981066,1.0,2.408
3935977.0,0.37509757,1.0,2.408
3936055.0,0.36712307,1.0,294.463989
3936133.0,0.36854523,1.0,295.839996
3936211.0,0.36417705,1.0,296.18399
3936289.0,0.40105268,1.0,295.839996
3936368.0,0.36559927,1.0,295.839996
3936446.0,0.37484363,1.0,295.839996
3936524.0,0.36691988,1.0,296.18399
3936602.0,0.34746626,1.0,3.096
3936680.0,0.37458959,1.0,2.408
3936758.0,0.38759252,1.0,2.064
3936836.0,0.36884996,1.0,2.064
3936915.0,0.36504051,1.0,2.064
3936993.0,0.36951032,1.0,1.376
3937071.0,0.37824667,1.0,293.776001
3937149.0,0.35533917,1.0,295.152008
3937227.0,0.37006903,1.0,295.496002
3937305.0,0.36615804,1.0,295.496002
3937383.0,0.39709082,1.0,295.496002
3937461.0,0.38347828,1.0,294.808014
3937539.0,0.37900856,1.0,148.264008
3937618.0,0.37311664,1.0,1.376
3937696.0,0.40176374,1.0,2.064
3937774.0,0.37504676,1.0,2.064
3937852.0,0.3761642,1.0,1.72
3937930.0,0.38606873,1.0,1.376
3938008.0,0.38215771,1.0,134.848007
3938086.0,0.38388467,1.0,294.463989
3938164.0,0.36321202,1.0,295.152008
3938242.0,0.35376456,1.0,295.152008
3938321.0,0.36925644,1.0,295.496002
3938399.0,0.3531042,1.0,295.152008
3938477.0,0.36940867,1.0,295.496002
3938555.0,0.38149735,1.0,2.064
3938633.0,0.36250091,1.0,1.72
3938711.0,0.40537,1.0,2.064
3938789.0,0.37946573,1.0,2.064
3938867.0,0.36986589,1.0,1.72
3938945.0,0.37560543,1.0,1.72
3939024.0,0.38159895,1.0,295.152008
3939102.0,0.36250091,1.0,295.152008
3939180.0,0.35269788,1.0,295.152008
3939258.0,0.35366288,1.0,295.839996
3939336.0,0.36945948,1.0,295.496002
3939414.0,0.37687516,1.0,296.18399
3939492.0,0.38911629,1.0,295.839996
3939570.0,0.36077401,1.0,3.096
3939648.0,0.37900856,1.0,1.72
3939727.0,0.37636733,1.0,2.064
3939805.0,0.37072939,1.0,2.064
3939883.0,0.36239937,1.0,2.064
3939961.0,0.38215771,1.0,2.064
3940039.0,0.35813278,1.0,293.088013
3940117.0,0.35335815,1.0,295.496002
3940195.0,0.36290723,1.0,295.496002
3940273.0,0.35081854,1.0,295.496002
3940352.0,0.35818353,1.0,295.496002
3940430.0,0.36625957,1.0,295.496002
3940508.0,0.36707222,1.0,295.496002
3940586.0,0.37138966,1.0,3.096
3940664.0,0.39673525,1.0,2.064
3940742.0,0.37052619,1.0,1.376
3940820.0,0.38093865,1.0,2.064
3940898.0,0.38043073,1.0,2.064
3940976.0,0.3680374,1.0,2.408
3941055.0,0.38388467,1.0,294.119995
3941133.0,0.36859608,1.0,294.463989
3941211.0,0.3626025,1.0,295.496002
3941289.0,0.35914853,1.0,294.808014
3941367.0,0.36661515,1.0,295.839996
3941445.0,0.35010755,1.0,295.839996
3941523.0,0.36377072,1.0,295.839996
3941601.0,0.37804353,1.0,3.096
3941679.0,0.37494513,1.0,1.72
3941758.0,0.37651977,1.0,2.064
3941836.0,0.36524373,1.0,2.064
3941914.0,0.35808194,1.0,2.064
3941992.0,0.35843751,1.0,1.376
3942070.0,0.38124353,1.0,293.776001
3942148.0,0.35163134,1.0,295.496002
3942226.0,0.34589165,1.0,295.496002
3942304.0,0.36681834,1.0,294.808014
3942382.0,0.3610279,1.0,295.496002
3942461.0,0.35559306,1.0,295.839996
3942539.0,0.36148503,1.0,156.175995
3942617.0,0.36097711,1.0,2.064
3942695.0,0.37159279,1.0,2.064
3942773.0,0.35945335,1.0,2.064
3942851.0,0.38744015,1.0,2.064
3942929.0,0.38104033,1.0,2.064
3943008.0,0.35965654,1.0,127.279999
3943086.0,0.36483741,1.0,295.152008
3943164.0,0.34629798,1.0,295.496002
3943242.0,0.36133268,1.0,295.496002
3943320.0,0.37347206,1.0,295.496002
3943398.0,0.35056457,1.0,295.496002
3943476.0,0.35858992,1.0,295.496002
3943554.0,0.36224693,1.0,1.376
3943632.0,0.36402467,1.0,2.064
3943711.0,0.37580863,1.0,1.72
3943789.0,0.38601792,1.0,2.064
3943867.0,0.3626025,1.0,1.376
3943945.0,0.38205612,1.0,1.72
3944023.0,0.35955495,1.0,295.496002
3944101.0,0.38291958,1.0,295.152008
3944179.0,0.37215149,1.0,295.152008
3944257.0,0.36189145,1.0,295.152008
3944335.0,0.36864683,1.0,295.496002
3944414.0,0.36519304,1.0,295.152008
3944492.0,0.3696627,1.0,294.808014
3944570.0,0.371288,1.0,2.408
3944648.0,0.35960564,1.0,2.064
3944726.0,0.40232244,1.0,1.72
3944804.0,0.37997356,1.0,1.376
3944882.0,0.36788496,1.0,1.376
3944960.0,0.36453259,1.0,1.72
3945038.0,0.37398013,1.0,293.432007
3945117.0,0.3660056,1.0,295.152008
3945195.0,0.36382154,1.0,295.152008
3945273.0,0.35488194,1.0,295.496002
3945351.0,0.3642278,1.0,295.496002
3945429.0,0.36214533,1.0,295.496002
3945507.0,0.36107871,1.0,295.839996
3945585.0,0.38703382,1.0,2.752
3945663.0,0.38891309,1.0,2.064
3945741.0,0.38733855,1.0,2.064
3945820.0,0.35559306,1.0,2.064
3945898.0,0.35747248,1.0,2.064
3945976.0,0.37220231,1.0,2.064
3946054.0,0.37580863,1.0,293.776001
3946132.0,0.36062157,1.0,295.496002
3946210.0,0.37453881,1.0,295.496002
3946288.0,0.38561165,1.0,295.496002
3946366.0,0.3690024,1.0,295.496002
3946444.0,0.35442486,1.0,295.839996
3946523.0,0.39312902,1.0,295.839996
3946601.0,0.36514214,1.0,3.44
3946679.0,0.37489432,1.0,2.408
3946757.0,0.37189761,1.0,2.408
3946835.0,0.36595485,1.0,2.064
3946913.0,0.37392929,1.0,2.064
3946991.0,0.35442486,1.0,2.408
3947069.0,0.36387232,1.0,294.808014
3947148.0,0.36006287,1.0,295.839996
3947226.0,0.36351675,1.0,295.496002
3947304.0,0.36570081,1.0,295.839996
3947382.0,0.38175139,1.0,295.496002
3947460.0,0.38266563,1.0,295.839996
3947538.0,0.3755039,1.0,165.464005
3947616.0,0.36295807,1.0,2.064
3947694.0,0.38429099,1.0,2.064
3947773.0,0.37824667,1.0,2.064
3947851.0,0.37911016,1.0,3.096
3947929.0,0.3674278,1.0,2.752
3948007.0,0.39495751,1.0,113.863998
3948085.0,0.37748477,1.0,294.808014
3948163.0,0.33085701,1.0,295.152008
3948241.0,0.37641817,1.0,295.496002
3948319.0,0.38144666,1.0,295.839996
3948397.0,0.37992287,1.0,295.496002
3948476.0,0.38551006,1.0,295.496002
3948554.0,0.36686903,1.0,1.72
3948632.0,0.36326277,1.0,2.064
3948710.0,0.38911629,1.0,1.72
3948788.0,0.37260872,1.0,1.72
3948866.0,0.36163741,1.0,2.408
3948944.0,0.40196687,1.0,2.408
3949022.0,0.36062157,1.0,296.528015
3949100.0,0.37281176,1.0,295.152008
3949179.0,0.35208842,1.0,295.839996
3949257.0,0.35732004,1.0,295.839996
3949335.0,0.37748477,1.0,295.496002
3949413.0,0.38048157,1.0,295.839996
3949491.0,0.38952261,1.0,295.839996
3949569.0,0.37078023,1.0,3.44
3949647.0,0.36133268,1.0,2.064
3949725.0,0.38744015,1.0,1.72
3949803.0,0.3783991,1.0,2.408
3949881.0,0.38124353,1.0,1.72
3949960.0,0.36438024,1.0,2.408
3950038.0,0.40897632,1.0,293.432007
3950116.0,0.3667675,1.0,295.152008
3950194.0,0.36554846,1.0,295.496002
3950272.0,0.36189145,1.0,295.839996
3950350.0,0.38215771,1.0,295.496002
3950428.0,0.37067854,1.0,295.839996
3950506.0,0.37403083,1.0,295.496002
3950585.0,0.38068476,1.0,3.096
3950663.0,0.3666659,1.0,2.064
3950741.0,0.379161,1.0,2.064
3950819.0,0.38038003,1.0,2.752
3950897.0,0.3719992,1.0,2.408
3950975.0,0.36940867,1.0,2.752
3951053.0,0.37458959,1.0,294.808014
3951131.0,0.36752939,1.0,296.18399
3951210.0,0.37601185,1.0,295.839996
3951288.0,0.35808194,1.0,295.496002
3951366.0,0.38048157,1.0,295.839996
3951444.0,0.37189761,1.0,295.839996
3951522.0,0.3777388,1.0,296.528015
3951600.0,0.38134506,1.0,3.096
3951678.0,0.38530692,1.0,2.408
3951756.0,0.38220856,1.0,2.064
3951835.0,0.37926251,1.0,2.064
3951913.0,0.39363694,1.0,1.72
3951991.0,0.36189145,1.0,2.064
3952069.0,0.371288,1.0,294.119995
3952147.0,0.35889465,1.0,295.496002
3952225.0,0.37855145,1.0,295.496002
3952303.0,0.37712923,1.0,295.496002
3952381.0,0.37464043,1.0,295.496002
3952459.0,0.37291345,1.0,295.496002
3952538.0,0.37911016,1.0,171.311996
3952616.0,0.37799269,1.0,2.064
3952694.0,0.3864243,1.0,2.064
3952772.0,0.36986589,1.0,2.064
3952850.0,0.36763093,1.0,2.064
3952928.0,0.37514836,1.0,1.72
3953006.0,0.38759252,1.0,98.384003
3953084.0,0.36097711,1.0,295.152008
3953162.0,0.36620873,1.0,295.496002
3953240.0,0.36625957,1.0,294.808014
3953319.0,0.39561781,1.0,295.496002
3953397.0,0.38215771,1.0,295.152008
3953475.0,0.3841894,1.0,295.152008
3953553.0,0.36092636,1.0,1.72
3953631.0,0.38170061,1.0,2.408
3953709.0,0.41898254,1.0,2.408
3953787.0,0.39643052,1.0,2.408
3953865.0,0.38281798,1.0,2.064
3953944.0,0.37179607,1.0,2.064
3954022.0,0.38383386,1.0,296.18399
3954100.0,0.37519911,1.0,295.496002
3954178.0,0.37011987,1.0,295.496002
3954256.0,0.37316734,1.0,295.839996
3954334.0,0.38393545,1.0,296.18399
3954412.0,0.36884996,1.0,295.839996
3954490.0,0.36956117,1.0,296.18399
3954568.0,0.38652599,1.0,3.784
3954647.0,0.39612573,1.0,2.752
3954725.0,0.37987205,1.0,2.408
3954803.0,0.37585947,1.0,2.408
3954881.0,0.36976421,1.0,1.376
3954959.0,0.37235469,1.0,1.72
3955037.0,0.39190996,1.0,292.743988
3955115.0,0.38703382,1.0,294.463989
3955193.0,0.35975814,1.0,294.463989
3955271.0,0.37276107,1.0,294.808014
3955350.0,0.36158666,1.0,294.808014
3955428.0,0.38271639,1.0,294.808014
3955506.0,0.37413248,1.0,294.808014
3955584.0,0.3642278,1.0,2.408
3955662.0,0.39190996,1.0,1.376
3955740.0,0.37591016,1.0,1.376
3955818.0,0.37291345,1.0,1.72
3955896.0,0.37555459,1.0,2.064
3955975.0,0.3825641,1.0,1.72
3956053.0,0.38708466,1.0,293.432007
3956131.0,0.35300261,1.0,294.808014
3956209.0,0.36529458,1.0,294.808014
3956287.0,0.34076163,1.0,295.496002
3956365.0,0.37225309,1.0,295.496002
3956443.0,0.36961186,1.0,295.496002
3956521.0,0.37006903,1.0,295.496002
3956600.0,0.39246872,1.0,3.096
3956678.0,0.38378316,1.0,2.064
3956756.0,0.36397398,1.0,2.408
3956834.0,0.37865299,1.0,2.752
3956912.0,0.38601792,1.0,2.752
3956990.0,0.38571319,1.0,2.752
3957068.0,0.38652599,1.0,294.808014
3957146.0,0.36890087,1.0,296.18399
3957224.0,0.37530071,1.0,296.18399
3957302.0,0.38180223,1.0,295.839996
3957381.0,0.3680374,1.0,296.18399
3957459.0,0.39404318,1.0,295.496002
3957537.0,0.38810045,1.0,182.320007
3957615.0,0.38164979,1.0,1.376
3957693.0,0.39698929,1.0,1.376
3957771.0,0.37890702,1.0,1.032
3957849.0,0.37321824,1.0,1.376
3957927.0,0.38058317,1.0,1.72
3958006.0,0.38104033,1.0,89.440002
3958084.0,0.37474203,1.0,293.776001
3958162.0,0.34325042,1.0,294.808014
3958240.0,0.37189761,1.0,294.808014
3958318.0,0.37316734,1.0,294.808014
3958396.0,0.38073552,1.0,294.808014
3958474.0,0.38104033,1.0,294.808014
3958552.0,0.37489432,1.0,1.376
3958631.0,0.371288,1.0,1.376
3958709.0,0.38119262,1.0,1.72
3958787.0,0.38876075,1.0,1.72
3958865.0,0.37997356,1.0,1.72
3958943.0,0.36874837,1.0,1.72
3959021.0,0.39785272,1.0,296.18399
3959099.0,0.37301496,1.0,295.839996
3959177.0,0.35742158,1.0,295.496002
3959255.0,0.37281176,1.0,295.496002
3959334.0,0.38302121,1.0,295.496002
3959412.0,0.37418327,1.0,295.839996
3959490.0,0.38835448,1.0,296.18399
3959568.0,0.38302121,1.0,3.096
3959646.0,0.3808879,1.0,2.064
3959724.0,0.39500836,1.0,2.408
3959802.0,0.37763715,1.0,2.752
3959880.0,0.37707844,1.0,2.064
3959958.0,0.39490676,1.0,1.72
3960037.0,0.36874837,1.0,293.776001
3960115.0,0.37260872,1.0,295.496002
3960193.0,0.37245637,1.0,296.18399
3960271.0,0.38439262,1.0,295.496002
3960349.0,0.38164979,1.0,294.463989
3960427.0,0.37448806,1.0,294.808014
3960505.0,0.38967505,1.0,294.808014
3960583.0,0.3802276,1.0,2.752
3960661.0,0.36869767,1.0,1.376
3960740.0,0.39221469,1.0,1.72
3960818.0,0.37951648,1.0,1.376
3960896.0,0.371288,1.0,1.72
3960974.0,0.37560543,1.0,1.72
3961052.0,0.37545308,1.0,293.432007
3961130.0,0.37697685,1.0,295.152008
3961208.0,0.3672246,1.0,295.152008
3961286.0,0.364939,1.0,294.808014
3961364.0,0.38007525,1.0,295.152008
3961443.0,0.37453881,1.0,295.152008
3961521.0,0.35193607,1.0,295.496002
3961599.0,0.36636117,1.0,3.096
3961677.0,0.38825282,1.0,2.064
3961755.0,0.38043073,1.0,2.064
3961833.0,0.37905946,1.0,2.408
3961911.0,0.37789109,1.0,2.064
3961989.0,0.37504676,1.0,2.408
3962067.0,0.3754023,1.0,294.119995
3962146.0,0.36412627,1.0,295.496002
3962224.0,0.37230393,1.0,295.496002
3962302.0,0.3777388,1.0,295.496002
3962380.0,0.3746911,1.0,295.839996
3962458.0,0.37504676,1.0,295.839996
3962536.0,0.37687516,1.0,194.360001
3962614.0,0.37423402,1.0,2.752
3962692.0,0.39902091,1.0,2.408
3962771.0,0.38144666,1.0,2.408
3962849.0,0.39490676,1.0,2.064
3962927.0,0.39566866,1.0,1.72
3963005.0,0.36250091,1.0,82.216003
3963083.0,0.37733242,1.0,294.463989
3963161.0,0.35843751,1.0,294.808014
3963239.0,0.3864243,1.0,294.808014
3963317.0,0.38571319,1.0,294.808014
3963395.0,0.38017675,1.0,295.152008
3963474.0,0.36092636,1.0,295.152008
3963552.0,0.35290107,1.0,1.72
3963630.0,0.38373232,1.0,2.064
3963708.0,0.39658281,1.0,1.72
3963786.0,0.3896243,1.0,1.72
3963864.0,0.37484363,1.0,1.72
3963942.0,0.3832244,1.0,1.72
3964020.0,0.36407551,1.0,296.528015
3964099.0,0.36529458,1.0,295.152008
3964177.0,0.3713389,1.0,295.152008
3964255.0,0.37489432,1.0,295.152008
3964333.0,0.38799885,1.0,295.152008
3964411.0,0.37743393,1.0,295.152008
3964489.0,0.36229777,1.0,295.496002
3964567.0,0.36864683,1.0,3.096
3964645.0,0.37951648,1.0,1.72
3964723.0,0.39206234,1.0,1.72
3964802.0,0.36890087,1.0,1.72
3964880.0,0.38860837,1.0,2.064
3964958.0,0.36295807,1.0,2.064
3965036.0,0.35335815,1.0,294.119995
3965114.0,0.3595041,1.0,295.152008
3965192.0,0.33720616,1.0,295.496002
3965270.0,0.36824045,1.0,295.496002
3965348.0,0.38688141,1.0,295.496002
3965426.0,0.3713389,1.0,295.496002
3965505.0,0.3665643,1.0,295.839996
3965583.0,0.35478041,1.0,3.096
3965661.0,0.36956117,1.0,2.064
3965739.0,0.37392929,1.0,2.064
3965817.0,0.38276732,1.0,2.064
3965895.0,0.37596101,1.0,2.064
3965973.0,0.37931329,1.0,1.72
3966051.0,0.3856625,1.0,293.776001
3966129.0,0.36473581,1.0,295.496002
3966207.0,0.38007525,1.0,295.152008
3966286.0,0.36895156,1.0,295.839996
3966364.0,0.35757402,1.0,295.496002
3966442.0,0.37103412,1.0,295.839996
3966520.0,0.37250704,1.0,295.152008
3966598.0,0.38987827,1.0,2.408
3966676.0,0.38220856,1.0,2.064
3966754.0,0.39424646,1.0,2.064
3966833.0,0.37291345,1.0,1.72
3966911.0,0.33883145,1.0,2.752
3966989.0,0.3879481,1.0,2.408
3967067.0,0.37281176,1.0,293.776001
3967145.0,0.35843751,1.0,295.496002
3967223.0,0.38830364,1.0,295.839996
3967301.0,0.40176374,1.0,295.496002
3967379.0,0.36732626,1.0,295.496002
3967458.0,0.39211318,1.0,295.496002
3967536.0,0.3595041,1.0,201.927994
3967614.0,0.37728164,1.0,2.064
3967692.0,0.37992287,1.0,1.72
3967770.0,0.38881159,1.0,2.064
3967848.0,0.37672287,1.0,2.064
3967926.0,0.37189761,1.0,2.064
3968004.0,0.36981514,1.0,77.744003
3968082.0,0.37017062,1.0,295.496002
3968160.0,0.38840532,1.0,295.496002
3968239.0,0.37149119,1.0,295.496002
3968317.0,0.37809423,1.0,295.496002
3968395.0,0.3499043,1.0,295.496002
3968473.0,0.37560543,1.0,295.496002
3968551.0,0.36641192,1.0,1.376
3968629.0,0.36925644,1.0,2.064
3968707.0,0.38931951,1.0,2.064
3968785.0,0.4046081,1.0,2.064
3968863.0,0.35772631,1.0,2.064
3968942.0,0.35523751,1.0,2.064
3969020.0,0.38281798,1.0,296.872009
3969098.0,0.36925644,1.0,295.496002
3969176.0,0.35147882,1.0,295.152008
3969254.0,0.365904,1.0,295.496002
3969332.0,0.36498976,1.0,295.839996
3969410.0,0.38454497,1.0,295.496002
3969488.0,0.37844986,1.0,295.496002
3969566.0,0.38490045,1.0,3.44
3969645.0,0.35828507,1.0,2.064
3969723.0,0.38754168,1.0,2.064
3969801.0,0.39130035,1.0,1.72
3969879.0,0.38876075,1.0,1.72
3969957.0,0.36524373,1.0,2.064
3970035.0,0.37352297,1.0,293.432007
3970113.0,0.38911629,1.0,295.152008
3970192.0,0.35036144,1.0,295.496002
3970270.0,0.364939,1.0,295.496002
3970348.0,0.37961799,1.0,295.496002
3970426.0,0.38190383,1.0,295.496002
3970504.0,0.36265334,1.0,295.496002
3970582.0,0.37479278,1.0,3.096
3970660.0,0.37956733,1.0,2.064
3970738.0,0.38098949,1.0,2.064
3970816.0,0.37875459,1.0,2.064
3970895.0,0.38942102,1.0,2.064
3970973.0,0.38383386,1.0,2.064
3971051.0,0.38860837,1.0,294.119995
3971129.0,0.37428486,1.0,295.152008
3971207.0,0.38906562,1.0,296.528015
3971285.0,0.40486208,1.0,295.496002
3971363.0,0.38804975,1.0,295.152008
3971441.0,0.38154826,1.0,296.18399
3971519.0,0.38926873,1.0,296.18399
3971598.0,0.39180836,1.0,3.784
3971676.0,0.38820204,1.0,2.408
3971754.0,0.380126,1.0,2.408
3971832.0,0.40308434,1.0,2.408
3971910.0,0.39455119,1.0,2.752
3971988.0,0.37189761,1.0,2.752
3972066.0,0.38952261,1.0,294.119995
3972144.0,0.35234231,1.0,295.496002
3972222.0,0.39429724,1.0,294.463989
3972301.0,0.37956733,1.0,294.808014
3972379.0,0.40156054,1.0,295.839996
3972457.0,0.38063392,1.0,295.496002
3972535.0,0.38683072,1.0,209.151993
3972613.0,0.38474816,1.0,2.408
3972691.0,0.37154204,1.0,1.72
3972769.0,0.38479894,1.0,2.408
3972847.0,0.37245637,1.0,2.064
3972926.0,0.39043689,1.0,2.064
3973004.0,0.39876688,1.0,69.143997
3973082.0,0.38291958,1.0,295.496002
3973160.0,0.38083705,1.0,295.496002
3973238.0,0.37093243,1.0,295.496002
3973316.0,0.39094496,1.0,294.808014
3973394.0,0.38195449,1.0,294.463989
3973472.0,0.38429099,1.0,295.496002
3973550.0,0.39871618,1.0,1.376
3973629.0,0.4022209,1.0,2.064
3973707.0,0.39617658,1.0,1.72
3973785.0,0.38307202,1.0,1.72
3973863.0,0.40023997,1.0,1.376
3973941.0,0.37047541,1.0,2.064
3974019.0,0.40125582,1.0,296.528015
3974097.0,0.36879921,1.0,295.839996
3974175.0,0.35752323,1.0,296.18399
3974253.0,0.38799885,1.0,296.18399
3974332.0,0.38149735,1.0,296.18399
3974410.0,0.39003062,1.0,295.152008
3974488.0,0.38093865,1.0,295.839996
3974566.0,0.38977659,1.0,3.44
3974644.0,0.37657046,1.0,2.408
3974722.0,0.39003062,1.0,1.72
3974800.0,0.41552857,1.0,2.408
3974878.0,0.4164429,1.0,2.408
3974956.0,0.38312286,1.0,2.408
3975035.0,0.39069092,1.0,294.119995
3975113.0,0.3864243,1.0,296.18399
3975191.0,0.360266,1.0,295.152008
3975269.0,0.394348,1.0,295.152008
3975347.0,0.37286261,1.0,295.839996
3975425.0,0.37712923,1.0,295.152008
3975503.0,0.37189761,1.0,295.839996
3975581.0,0.37890702,1.0,3.096
3975659.0,0.36509129,1.0,2.064
3975738.0,0.3850022,1.0,2.408
3975816.0,0.37265947,1.0,2.064
3975894.0,0.40608111,1.0,2.064
3975972.0,0.38759252,1.0,2.064
3976050.0,0.37748477,1.0,294.119995
3976128.0,0.37011987,1.0,295.496002
3976206.0,0.35808194,1.0,295.496002
3976284.0,0.37337053,1.0,295.496002
3976363.0,0.38835448,1.0,296.872009
3976441.0,0.3864243,1.0,295.496002
3976519.0,0.39587176,1.0,295.496002
3976597.0,0.38083705,1.0,3.096
3976675.0,0.42827755,1.0,1.72
3976753.0,0.40663987,1.0,2.064
3976831.0,0.39526224,1.0,2.408
3976909.0,0.41293818,1.0,2.752
3976988.0,0.39653212,1.0,2.752
3977066.0,0.38398629,1.0,294.808014
3977144.0,0.37672287,1.0,296.18399
3977222.0,0.38241166,1.0,295.839996
3977300.0,0.38205612,1.0,296.18399
3977378.0,0.40049395,1.0,296.18399
3977456.0,0.38520527,1.0,295.839996
3977534.0,0.3719992,1.0,216.031998
3977612.0,0.38403705,1.0,2.752
3977691.0,0.4245697,1.0,2.408
3977769.0,0.38337675,1.0,2.064
3977847.0,0.38911629,1.0,2.408
3977925.0,0.40044311,1.0,2.408
3978003.0,0.36498976,1.0,62.264
3978081.0,0.36412627,1.0,295.496002
3978159.0,0.37971976,1.0,295.839996
3978237.0,0.38769421,1.0,295.496002
3978315.0,0.3721008,1.0,295.839996
3978393.0,0.3833259,1.0,295.839996
3978472.0,0.37631655,1.0,295.839996
3978550.0,0.39780188,1.0,1.376
3978628.0,0.38291958,1.0,2.064
3978706.0,0.39119884,1.0,2.064
3978784.0,0.38835448,1.0,2.064
3978862.0,0.38637346,1.0,2.064
3978940.0,0.39871618,1.0,2.064
3979019.0,0.38520527,1.0,296.872009
3979097.0,0.3666659,1.0,295.496002
3979175.0,0.36565006,1.0,295.152008
3979253.0,0.38490045,1.0,295.496002
3979331.0,0.38053232,1.0,295.496002
3979409.0,0.3832244,1.0,295.839996
3979487.0,0.36519304,1.0,295.496002
3979565.0,0.40247479,1.0,4.128
3979643.0,0.38926873,1.0,2.752
3979722.0,0.38403705,1.0,2.752
3979800.0,0.38063392,1.0,2.408
3979878.0,0.39033535,1.0,2.408
3979956.0,0.38413864,1.0,2.408
3980034.0,0.38098949,1.0,294.119995
3980112.0,0.39815745,1.0,295.839996
3980190.0,0.36813891,1.0,296.18399
3980268.0,0.36951032,1.0,295.839996
3980346.0,0.37799269,1.0,295.839996
3980425.0,0.37408167,1.0,296.18399
3980503.0,0.3673771,1.0,295.496002
3980581.0,0.36641192,1.0,3.784
3980659.0,0.38439262,1.0,2.064
3980737.0,0.38581479,1.0,2.408
3980815.0,0.36996743,1.0,2.408
3980893.0,0.36915478,1.0,1.72
3980971.0,0.38032919,1.0,2.064
3981049.0,0.40369385,1.0,294.119995
3981128.0,0.38937032,1.0,295.839996
3981206.0,0.3665643,1.0,295.839996
3981284.0,0.39003062,1.0,295.839996
3981362.0,0.38693222,1.0,295.496002
3981440.0,0.36773252,1.0,295.839996
3981518.0,0.37103412,1.0,295.839996
3981596.0,0.38652599,1.0,3.096
3981674.0,0.38891309,1.0,2.064
3981752.0,0.35264719,1.0,2.064
3981831.0,0.38408789,1.0,2.064
3981909.0,0.41146517,1.0,2.064
3981987.0,0.38297042,1.0,2.408
3982065.0,0.39343375,1.0,294.119995
3982143.0,0.37174523,1.0,295.496002
3982221.0,0.37311664,1.0,295.496002
3982299.0,0.37814513,1.0,295.496002
3982377.0,0.37367526,1.0,295.839996
3982455.0,0.39871618,1.0,295.496002
3982534.0,0.35792956,1.0,222.223999
3982612.0,0.38530692,1.0,2.752
3982690.0,0.394348,1.0,2.064
3982768.0,0.40090027,1.0,2.064
3982846.0,0.38561165,1.0,2.064
3982924.0,0.38429099,1.0,2.408
3983002.0,0.39947808,1.0,56.759998
3983080.0,0.39165592,1.0,295.152008
3983159.0,0.38205612,1.0,295.496002
3983237.0,0.37672287,1.0,295.496002
3983315.0,0.37250704,1.0,295.839996
3983393.0,0.37809423,1.0,295.839996
3983471.0,0.38114184,1.0,295.496002
3983549.0,0.37971976,1.0,1.376
3983627.0,0.37946573,1.0,2.064
3983705.0,0.40714779,1.0,2.408
3983783.0,0.37524986,1.0,2.064
3983862.0,0.39038619,1.0,2.408
3983940.0,0.38180223,1.0,2.408
3984018.0,0.38495138,1.0,296.872009
3984096.0,0.38363072,1.0,295.839996
3984174.0,0.37032297,1.0,295.152008
3984252.0,0.40425262,1.0,295.496002
3984330.0,0.39754799,1.0,295.496002
3984408.0,0.38464665,1.0,295.839996
3984486.0,0.38048157,1.0,295.496002
3984565.0,0.40313524,1.0,3.096
3984643.0,0.38713545,1.0,2.064
3984721.0,0.40592876,1.0,2.064
3984799.0,0.39729401,1.0,2.064
3984877.0,0.38871005,1.0,2.064
3984955.0,0.39500836,1.0,2.064
3985033.0,0.39770034,1.0,293.776001
3985111.0,0.37733242,1.0,295.496002
3985189.0,0.36925644,1.0,295.839996
3985268.0,0.39531308,1.0,295.496002
3985346.0,0.38865921,1.0,295.496002
3985424.0,0.39724311,1.0,295.496002
3985502.0,0.39891931,1.0,295.839996
3985580.0,0.38053232,1.0,3.096
3985658.0,0.38159895,1.0,2.064
3985736.0,0.39597335,1.0,2.064
3985814.0,0.40811288,1.0,2.064
3985893.0,0.38017675,1.0,2.064
3985971.0,0.39587176,1.0,1.72
3986049.0,0.38551006,1.0,293.776001
3986127.0,0.38825282,1.0,295.152008
3986205.0,0.38098949,1.0,295.152008
3986283.0,0.38617042,1.0,294.808014
3986361.0,0.39856377,1.0,295.496002
3986439.0,0.37662137,1.0,295.496002
3986518.0,0.38657668,1.0,295.839996
3986596.0,0.37037376,1.0,2.064
3986674.0,0.37794194,1.0,2.064
3986752.0,0.3951607,1.0,2.064
3986830.0,0.37712923,1.0,2.064
3986908.0,0.39404318,1.0,1.72
3986986.0,0.39841139,1.0,2.064
3987064.0,0.3850022,1.0,293.776001
3987142.0,0.37032297,1.0,295.152008
3987221.0,0.38657668,1.0,295.152008
3987299.0,0.40181452,1.0,295.496002
3987377.0,0.39338291,1.0,295.496002
3987455.0,0.39993519,1.0,295.496002
3987533.0,0.38667828,1.0,230.479996
3987611.0,0.37921175,1.0,2.752
3987689.0,0.39079252,1.0,2.064
3987767.0,0.39536378,1.0,1.72
3987845.0,0.39145279,1.0,2.064
3987923.0,0.40018922,1.0,2.064
3988002.0,0.38525608,1.0,49.880001
3988080.0,0.38855752,1.0,295.152008
3988158.0,0.35122487,1.0,295.152008
3988236.0,0.38210693,1.0,295.496002
3988314.0,0.36453259,1.0,295.496002
3988392.0,0.37489432,1.0,295.152008
3988470.0,0.38393545,1.0,295.152008
3988548.0,0.39170685,1.0,2.752
3988627.0,0.40095109,1.0,2.064
3988705.0,0.4039478,1.0,1.72
3988783.0,0.38637346,1.0,2.064
3988861.0,0.40232244,1.0,2.064
3988939.0,0.39571941,1.0,2.064
3989017.0,0.39637968,1.0,296.18399
3989095.0,0.37149119,1.0,295.496002
3989173.0,0.38068476,1.0,294.808014
3989252.0,0.36920559,1.0,295.496002
3989330.0,0.38693222,1.0,295.496002
3989408.0,0.37662137,1.0,295.496002
3989486.0,0.36544684,1.0,295.152008
3989564.0,0.38703382,1.0,3.096
3989642.0,0.39693838,1.0,2.064
3989720.0,0.38114184,1.0,2.064
3989798.0,0.3998844,1.0,2.064
3989877.0,0.38413864,1.0,2.064
3989955.0,0.37707844,1.0,2.064
3990033.0,0.38200533,1.0,293.776001
3990111.0,0.40211931,1.0,295.496002
3990189.0,0.36458343,1.0,295.152008
3990267.0,0.36773252,1.0,295.152008
3990345.0,0.4059796,1.0,295.152008
3990423.0,0.40079865,1.0,295.152008
3990501.0,0.39373848,1.0,295.496002
3990579.0,0.38596722,1.0,3.096
3990658.0,0.38581479,1.0,2.064
3990736.0,0.37641817,1.0,2.064
3990814.0,0.37027213,1.0,2.064
3990892.0,0.37728164,1.0,1.376
3990970.0,0.39206234,1.0,1.72
3991048.0,0.37911016,1.0,293.776001
3991126.0,0.38195449,1.0,295.152008
3991204.0,0.37464043,1.0,295.839996
3991282.0,0.40658903,1.0,295.152008
3991361.0,0.40115422,1.0,295.152008
3991439.0,0.37575787,1.0,295.152008
3991517.0,0.40272877,1.0,294.119995
3991595.0,0.38860837,1.0,2.752
3991673.0,0.39571941,1.0,1.72
3991751.0,0.40003684,1.0,1.72
3991829.0,0.40283045,1.0,2.752
3991907.0,0.4005447,1.0,2.064
3991986.0,0.39328137,1.0,2.408
3992064.0,0.38002446,1.0,294.119995
3992142.0,0.38038003,1.0,295.496002
3992220.0,0.39302742,1.0,295.152008
3992298.0,0.39724311,1.0,295.496002
3992376.0,0.39719242,1.0,295.152008
3992454.0,0.39770034,1.0,295.152008
3992532.0,0.35996127,1.0,241.143997
3992611.0,0.38317356,1.0,2.408
3992689.0,0.40145895,1.0,2.064
3992767.0,0.39272261,1.0,2.064
3992845.0,0.38154826,1.0,2.408
3992923.0,0.39378929,1.0,2.408
3993001.0,0.39571941,1.0,37.84
3993079.0,0.4013066,1.0,295.152008
3993157.0,0.37596101,1.0,294.808014
3993235.0,0.39008132,1.0,295.839996
3993313.0,0.39577025,1.0,296.18399
3993392.0,0.37875459,1.0,295.496002
3993470.0,0.39455119,1.0,295.839996
3993548.0,0.3721008,1.0,5.848
3993626.0,0.39998594,1.0,2.064
3993704.0,0.38683072,1.0,2.064
3993782.0,0.41141441,1.0,2.064
3993860.0,0.40247479,1.0,2.064
3993938.0,0.37621489,1.0,2.064
3994017.0,0.36935797,1.0,295.496002
3994095.0,0.3998844,1.0,295.496002
3994173.0,0.39104646,1.0,295.496002
3994251.0,0.39150357,1.0,295.496002
3994329.0,0.38246259,1.0,295.496002
3994407.0,0.37809423,1.0,296.18399
3994485.0,0.41192234,1.0,295.496002
3994563.0,0.39622733,1.0,3.44
3994641.0,0.36981514,1.0,2.064
3994720.0,0.3981066,1.0,2.408
3994798.0,0.40318593,1.0,2.064
3994876.0,0.38556081,1.0,2.064
3994954.0,0.38733855,1.0,2.064
3995032.0,0.41451263,1.0,293.776001
3995110.0,0.39241788,1.0,295.152008
3995188.0,0.38469732,1.0,295.496002
3995266.0,0.37789109,1.0,295.496002
3995345.0,0.3864243,1.0,295.496002
3995423.0,0.40029073,1.0,295.496002
3995501.0,0.4052684,1.0,295.839996
3995579.0,0.38611951,1.0,3.44
3995657.0,0.38363072,1.0,2.408
3995735.0,0.4141064,1.0,2.064
3995813.0,0.39922413,1.0,2.064
3995891.0,0.38454497,1.0,2.064
3995969.0,0.41192234,1.0,2.408
3996048.0,0.4164429,1.0,294.119995
3996126.0,0.396786,1.0,295.496002
3996204.0,0.39571941,1.0,295.496002
3996282.0,0.38611951,1.0,295.496002
3996360.0,0.38672903,1.0,295.839996
3996438.0,0.37855145,1.0,296.18399
3996516.0,0.38804975,1.0,295.496002
3996594.0,0.39389092,1.0,3.44
3996672.0,0.41364923,1.0,2.064
3996751.0,0.40018922,1.0,2.064
3996829.0,0.40313524,1.0,1.72
3996907.0,0.37860224,1.0,1.72
3996985.0,0.38398629,1.0,1.72
3997063.0,0.39526224,1.0,294.119995
3997141.0,0.37347206,1.0,295.152008
3997219.0,0.3721008,1.0,295.496002
3997297.0,0.39698929,1.0,295.496002
3997375.0,0.38434193,1.0,295.839996
3997454.0,0.38855752,1.0,295.496002
3997532.0,0.38373232,1.0,248.367996
3997610.0,0.40100187,1.0,2.408
3997688.0,0.40247479,1.0,2.064
3997766.0,0.37956733,1.0,2.408
3997844.0,0.39622733,1.0,1.72
3997922.0,0.4078081,1.0,1.72
3998000.0,0.38972589,1.0,20.296
3998079.0,0.39358619,1.0,295.152008
3998157.0,0.36478657,1.0,295.496002
3998235.0,0.36824045,1.0,295.496002
3998313.0,0.40420178,1.0,295.839996
3998391.0,0.39211318,1.0,295.496002
3998469.0,0.3802276,1.0,295.839996
3998547.0,0.38307202,1.0,9.632
3998625.0,0.38424018,1.0,2.064
3998703.0,0.4268046,1.0,2.064
3998782.0,0.39587176,1.0,2.064
3998860.0,0.40379554,1.0,2.064
3998938.0,0.38926873,1.0,2.064
3999016.0,0.40770641,1.0,292.743988
3999094.0,0.40115422,1.0,295.152008
3999172.0,0.37875459,1.0,295.496002
3999250.0,0.39526224,1.0,294.808014
3999328.0,0.38144666,1.0,295.496002
3999406.0,0.37027213,1.0,295.839996
3999485.0,0.39221469,1.0,295.496002
3999563.0,0.39622733,1.0,2.408
3999641.0,0.40303355,1.0,2.064
3999719.0,0.39211318,1.0,2.408
3999797.0,0.4187285,1.0,1.72
3999875.0,0.38027829,1.0,2.064
3999953.0,0.39058939,1.0,2.408
4000031.0,0.41370007,1.0,293.776001
4000109.0,0.38236091,1.0,295.152008
4000188.0,0.40481138,1.0,295.496002
4000266.0,0.38302121,1.0,295.839996
4000344.0,0.37011987,1.0,295.839996
4000422.0,0.39048779,1.0,295.839996
4000500.0,0.39038619,1.0,295.839996
4000578.0,0.38637346,1.0,3.44
4000656.0,0.37646893,1.0,2.064
4000734.0,0.38906562,1.0,2.064
4000812.0,0.4211666,1.0,1.72
4000891.0,0.38043073,1.0,2.064
4000969.0,0.37982127,1.0,1.72
4001047.0,0.39637968,1.0,293.776001
4001125.0,0.38317356,1.0,294.808014
4001203.0,0.38449413,1.0,295.496002
4001281.0,0.38860837,1.0,295.152008
4001359.0,0.39881781,1.0,295.496002
4001438.0,0.39648131,1.0,295.496002
4001516.0,0.37712923,1.0,295.496002
4001594.0,0.39490676,1.0,3.096
4001672.0,0.40552235,1.0,2.064
4001750.0,0.38774496,1.0,2.064
4001828.0,0.38337675,1.0,2.064
4001906.0,0.37692609,1.0,2.064
4001984.0,0.38647515,1.0,2.064
4002062.0,0.418881,1.0,294.119995
4002141.0,0.39211318,1.0,295.152008
4002219.0,0.37509757,1.0,295.496002
4002297.0,0.38688141,1.0,295.496002
4002375.0,0.39688769,1.0,294.808014
4002453.0,0.37098327,1.0,295.496002
4002531.0,0.39734477,1.0,256.279999
4002609.0,0.379161,1.0,2.408
4002687.0,0.40328753,1.0,1.72
4002765.0,0.40029073,1.0,2.064
4002843.0,0.38464665,1.0,2.064
4002922.0,0.38667828,1.0,2.064
4003000.0,0.40440497,1.0,14.792
4003078.0,0.38876075,1.0,293.776001
4003156.0,0.36732626,1.0,294.808014
4003234.0,0.38459572,1.0,294.808014
4003312.0,0.38271639,1.0,295.152008
4003390.0,0.39226553,1.0,295.152008
4003468.0,0.37154204,1.0,295.496002
4003547.0,0.37753555,1.0,12.384
4003625.0,0.37880543,1.0,1.72
4003703.0,0.38576403,1.0,1.72
4003781.0,0.36910394,1.0,1.72
4003859.0,0.38205612,1.0,1.72
4003937.0,0.38281798,1.0,1.72
4004015.0,0.37911016,1.0,289.64801
4004093.0,0.38545921,1.0,295.152008
4004171.0,0.36707222,1.0,295.152008
4004250.0,0.37885618,1.0,295.152008
4004328.0,0.39450034,1.0,295.496002
4004406.0,0.3777388,1.0,295.152008
4004484.0,0.39770034,1.0,295.496002
4004562.0,0.39008132,1.0,3.096
4004640.0,0.38784656,1.0,2.064
4004718.0,0.40775734,1.0,2.064
4004796.0,0.39561781,1.0,2.064
4004875.0,0.38586569,1.0,2.408
4004953.0,0.39881781,1.0,2.064
4005031.0,0.34385988,1.0,293.776001
4005109.0,0.39104646,1.0,295.152008
4005187.0,0.37057701,1.0,296.18399
4005265.0,0.37880543,1.0,296.18399
4005343.0,0.3595041,1.0,295.839996
4005421.0,0.38698307,1.0,296.18399
4005500.0,0.38845602,1.0,296.18399
4005578.0,0.36818969,1.0,3.784
4005656.0,0.38490045,1.0,2.408
4005734.0,0.39038619,1.0,2.064
4005812.0,0.39302742,1.0,2.064
4005890.0,0.38540846,1.0,2.064
4005968.0,0.38210693,1.0,2.752
4006046.0,0.39023381,1.0,293.432007
4006124.0,0.38043073,1.0,294.808014
4006202.0,0.36483741,1.0,295.152008
4006281.0,0.39541468,1.0,295.496002
4006359.0,0.38337675,1.0,294.808014
4006437.0,0.39104646,1.0,295.839996
4006515.0,0.39048779,1.0,295.496002
4006593.0,0.38241166,1.0,3.096
4006671.0,0.40201771,1.0,2.064
4006749.0,0.39841139,1.0,2.408
4006827.0,0.39333215,1.0,2.064
4006905.0,0.37743393,1.0,1.72
4006984.0,0.39038619,1.0,1.376
4007062.0,0.39003062,1.0,293.776001
4007140.0,0.3808879,1.0,295.152008
4007218.0,0.38738939,1.0,295.152008
4007296.0,0.39780188,1.0,294.808014
4007374.0,0.40719864,1.0,295.152008
4007452.0,0.39698929,1.0,295.152008
4007530.0,0.40328753,1.0,258.0
4007609.0,0.3778404,1.0,2.064
4007687.0,0.41034773,1.0,1.376
4007765.0,0.39043689,1.0,2.064
4007843.0,0.38982743,1.0,2.064
4007921.0,0.38337675,1.0,2.408
4007999.0,0.38759252,1.0,10.664
4008077.0,0.39749715,1.0,294.808014
4008155.0,0.3672246,1.0,295.839996
4008233.0,0.39724311,1.0,295.496002
4008312.0,0.38297042,1.0,294.808014
4008390.0,0.37509757,1.0,295.839996
4008468.0,0.39780188,1.0,295.152008
4008546.0,0.40090027,1.0,15.824
4008624.0,0.39470348,1.0,2.408
4008702.0,0.41705236,1.0,1.72
4008780.0,0.42893785,1.0,2.064
4008858.0,0.39912254,1.0,1.376
4008936.0,0.40592876,1.0,1.376
4009015.0,0.39287499,1.0,288.272003
4009093.0,0.39404318,1.0,295.152008
4009171.0,0.37611336,1.0,294.808014
4009249.0,0.36605638,1.0,295.152008
4009327.0,0.39399251,1.0,295.152008
4009405.0,0.38581479,1.0,295.152008
4009483.0,0.39124969,1.0,295.152008
4009562.0,0.40262717,1.0,2.752
4009640.0,0.40003684,1.0,1.72
4009718.0,0.38723695,1.0,1.72
4009796.0,0.39444959,1.0,1.032
4009874.0,0.40115422,1.0,1.032
4009952.0,0.38952261,1.0,1.376
4010030.0,0.41502064,1.0,292.743988
4010108.0,0.39043689,1.0,294.463989
4010186.0,0.37296429,1.0,294.463989
4010265.0,0.37997356,1.0,295.152008
4010343.0,0.38865921,1.0,295.152008
4010421.0,0.39338291,1.0,294.463989
4010499.0,0.3833259,1.0,294.808014
4010577.0,0.37977043,1.0,2.752
4010655.0,0.39907175,1.0,1.376
4010733.0,0.40440497,1.0,1.376
4010811.0,0.39099565,1.0,1.376
4010889.0,0.41171914,1.0,1.376
4010967.0,0.38876075,1.0,2.064
4011046.0,0.39490676,1.0,294.119995
4011124.0,0.38987827,1.0,294.808014
4011202.0,0.38297042,1.0,295.839996
4011280.0,0.39485592,1.0,295.152008
4011358.0,0.39648131,1.0,295.839996
4011436.0,0.39521149,1.0,295.152008
4011514.0,0.40003684,1.0,295.839996
4011592.0,0.39561781,1.0,3.44
4011670.0,0.40404943,1.0,2.408
4011749.0,0.42091262,1.0,1.72
4011827.0,0.39653212,1.0,1.72
4011905.0,0.39272261,1.0,1.72
4011983.0,0.38942102,1.0,1.72
4012061.0,0.38225931,1.0,293.776001
4012139.0,0.38231006,1.0,295.152008
4012217.0,0.40948424,1.0,295.152008
4012295.0,0.3902846,1.0,295.152008
4012374.0,0.39262095,1.0,295.152008
4012452.0,0.36534524,1.0,295.152008
4012530.0,0.41212547,1.0,266.944
4012608.0,0.39688769,1.0,2.752
4012686.0,0.39089411,1.0,1.72
4012764.0,0.39389092,1.0,1.72
4012842.0,0.39541468,1.0,1.72
4012920.0,0.38744015,1.0,2.064
4012999.0,0.38952261,1.0,7.224
4013077.0,0.38139582,1.0,294.119995
4013155.0,0.39637968,1.0,295.496002
4013233.0,0.37530071,1.0,295.496002
4013311.0,0.37870383,1.0,295.496002
4013389.0,0.40110338,1.0,295.496002
4013467.0,0.3974463,1.0,295.152008
4013545.0,0.40435421,1.0,19.264
4013623.0,0.4164429,1.0,2.752
4013702.0,0.41136357,1.0,2.752
4013780.0,0.39637968,1.0,2.752
4013858.0,0.39526224,1.0,2.752
4013936.0,0.39607498,1.0,2.752
4014014.0,0.38551006,1.0,283.799988
4014092.0,0.38865921,1.0,295.839996
4014170.0,0.37479278,1.0,295.839996
4014248.0,0.35442486,1.0,296.18399
4014326.0,0.38784656,1.0,295.839996
4014405.0,0.39592254,1.0,295.839996
4014483.0,0.38205612,1.0,294.808014
4014561.0,0.40237328,1.0,2.752
4014639.0,0.39135119,1.0,2.064
4014717.0,0.37966892,1.0,2.064
4014795.0,0.41227791,1.0,2.064
4014873.0,0.40572554,1.0,2.064
4014951.0,0.38576403,1.0,2.064
4015030.0,0.40643668,1.0,293.432007
4015108.0,0.40176374,1.0,295.152008
4015186.0,0.37870383,1.0,295.152008
4015264.0,0.38718626,1.0,295.152008
4015342.0,0.39145279,1.0,294.808014
4015420.0,0.38327515,1.0,295.496002
4015498.0,0.41283658,1.0,295.152008
4015576.0,0.39221469,1.0,2.752
4015654.0,0.39470348,1.0,1.376
4015733.0,0.40770641,1.0,2.064
4015811.0,0.39104646,1.0,2.064
4015889.0,0.39439875,1.0,1.72
4015967.0,0.39231622,1.0,1.72
4016045.0,0.39693838,1.0,293.776001
4016123.0,0.38997978,1.0,294.808014
4016201.0,0.39658281,1.0,294.463989
4016279.0,0.37260872,1.0,294.463989
4016357.0,0.38038003,1.0,295.152008
4016436.0,0.38688141,1.0,294.808014
4016514.0,0.39231622,1.0,295.152008
4016592.0,0.3872878,1.0,3.096
4016670.0,0.41451263,1.0,2.064
4016748.0,0.38246259,1.0,2.408
4016826.0,0.38952261,1.0,2.752
4016904.0,0.39577025,1.0,2.064
4016982.0,0.39358619,1.0,2.408
4017060.0,0.39160523,1.0,294.119995
4017139.0,0.3951607,1.0,294.808014
4017217.0,0.39358619,1.0,294.808014
4017295.0,0.40100187,1.0,295.496002
4017373.0,0.37418327,1.0,295.152008
4017451.0,0.39775109,1.0,294.808014
4017529.0,0.39333215,1.0,270.727997
4017607.0,0.38627195,1.0,3.096
4017685.0,0.40288121,1.0,2.064
4017763.0,0.40801123,1.0,2.064
4017842.0,0.38937032,1.0,2.064
4017920.0,0.42126819,1.0,2.064
4017998.0,0.38860837,1.0,3.096
4018076.0,0.38535762,1.0,294.119995
4018154.0,0.37824667,1.0,295.496002
4018232.0,0.38683072,1.0,295.496002
4018310.0,0.39495751,1.0,295.496002
4018388.0,0.39739555,1.0,295.496002
4018467.0,0.39409402,1.0,295.496002
4018545.0,0.39069092,1.0,22.704
4018623.0,0.39932564,1.0,2.064
4018701.0,0.40999216,1.0,2.064
4018779.0,0.42792207,1.0,2.064
4018857.0,0.39221469,1.0,1.72
4018935.0,0.38581479,1.0,2.064
4019013.0,0.39043689,1.0,279.671997
4019091.0,0.394348,1.0,295.152008
4019169.0,0.38571319,1.0,295.152008
4019248.0,0.3902846,1.0,295.496002
4019326.0,0.37464043,1.0,295.496002
4019404.0,0.39617658,1.0,295.496002
4019482.0,0.38703382,1.0,295.496002
4019560.0,0.40892547,1.0,3.096
4019638.0,0.36951032,1.0,1.72
4019716.0,0.41491914,1.0,2.064
4019794.0,0.39983365,1.0,2.064
4019873.0,0.3981066,1.0,1.72
4019951.0,0.38708466,1.0,2.064
4020029.0,0.41278583,1.0,293.432007
4020107.0,0.40059555,1.0,295.152008
4020185.0,0.39764959,1.0,295.152008
4020263.0,0.40166214,1.0,295.496002
4020341.0,0.39510995,1.0,295.152008
4020419.0,0.4126333,1.0,295.496002
4020498.0,0.39602414,1.0,295.496002
4020576.0,0.39175761,1.0,3.096
4020654.0,0.40003684,1.0,2.064
4020732.0,0.40100187,1.0,2.064
4020810.0,0.40272877,1.0,2.064
4020888.0,0.40105268,1.0,2.064
4020966.0,0.38276732,1.0,2.064
4021044.0,0.39089411,1.0,293.776001
4021122.0,0.39140204,1.0,295.152008
4021201.0,0.39942724,1.0,295.152008
4021279.0,0.39912254,1.0,295.496002
4021357.0,0.39099565,1.0,295.496002
4021435.0,0.39495751,1.0,295.496002
4021513.0,0.4076049,1.0,295.496002
4021591.0,0.41293818,1.0,3.096
4021669.0,0.38876075,1.0,2.064
4021747.0,0.39439875,1.0,2.064
4021825.0,0.38987827,1.0,2.064
4021904.0,0.43117273,1.0,2.408
4021982.0,0.3850022,1.0,1.72
4022060.0,0.39104646,1.0,293.776001
4022138.0,0.38510373,1.0,295.152008
4022216.0,0.40491289,1.0,295.152008
4022294.0,0.38210693,1.0,295.152008
4022372.0,0.390183,1.0,295.152008
4022450.0,0.38444343,1.0,295.496002
4022528.0,0.3848497,1.0,276.231995
4022607.0,0.41842377,1.0,2.752
4022685.0,0.41598573,1.0,2.064
4022763.0,0.39211318,1.0,1.72
4022841.0,0.37108496,1.0,2.408
4022919.0,0.41781422,1.0,2.408
4022997.0,0.38931951,1.0,2.064
4023075.0,0.38703382,1.0,294.808014
4023154.0,0.38469732,1.0,295.839996
4023232.0,0.38286883,1.0,295.839996
4023310.0,0.37900856,1.0,295.839996
4023388.0,0.39658281,1.0,295.839996
4023466.0,0.37875459,1.0,295.839996
4023544.0,0.41121122,1.0,25.455999
4023622.0,0.38647515,1.0,2.752
4023700.0,0.41618887,1.0,2.408
4023778.0,0.40648744,1.0,2.408
4023856.0,0.39785272,1.0,2.408
4023935.0,0.39119884,1.0,2.064
4024013.0,0.41436037,1.0,270.040009
4024091.0,0.40359232,1.0,295.496002
4024169.0,0.38876075,1.0,295.496002
4024247.0,0.4092302,1.0,295.496002
4024325.0,0.40841761,1.0,295.496002
4024403.0,0.4117699,1.0,295.496002
4024481.0,0.40272877,1.0,295.839996
4024559.0,0.40430337,1.0,3.784
4024638.0,0.41034773,1.0,2.064
4024716.0,0.3825641,1.0,1.72
4024794.0,0.40399858,1.0,2.408
4024872.0,0.4197444,1.0,2.064
4024950.0,0.39805591,1.0,2.064
4025028.0,0.39175761,1.0,293.776001
4025106.0,0.37159279,1.0,295.496002
4025184.0,0.38733855,1.0,295.496002
4025263.0,0.38667828,1.0,295.496002
4025341.0,0.3974463,1.0,295.496002
4025419.0,0.38413864,1.0,295.496002
4025497.0,0.39729401,1.0,295.496002
4025575.0,0.37956733,1.0,3.44
4025653.0,0.41126204,1.0,3.096
4025731.0,0.40135741,1.0,2.752
4025809.0,0.39861459,1.0,2.064
4025887.0,0.41288733,1.0,2.752
4025966.0,0.38444343,1.0,2.752
4026044.0,0.38027829,1.0,294.119995
4026122.0,0.39383999,1.0,295.839996
4026200.0,0.3841894,1.0,295.839996
4026278.0,0.38540846,1.0,295.839996
4026356.0,0.38312286,1.0,295.839996
4026434.0,0.39719242,1.0,295.839996
4026512.0,0.40227175,1.0,295.839996
4026591.0,0.39109731,1.0,3.44
4026669.0,0.39983365,1.0,2.408
4026747.0,0.40740168,1.0,2.408
4026825.0,0.40953508,1.0,2.408
4026903.0,0.39226553,1.0,2.064
4026981.0,0.39307818,1.0,2.064
4027059.0,0.39480516,1.0,294.119995
4027137.0,0.38266563,1.0,295.496002
4027215.0,0.37398013,1.0,295.496002
4027293.0,0.39323053,1.0,295.839996
4027372.0,0.38434193,1.0,295.496002
4027450.0,0.39444959,1.0,295.496002
4027528.0,0.38871005,1.0,279.328003
4027606.0,0.40145895,1.0,3.096
4027684.0,0.4037447,1.0,1.72
4027762.0,0.42253792,1.0,1.72
4027840.0,0.39251941,1.0,1.72
4027918.0,0.40303355,1.0,1.72
4027997.0,0.3825641,1.0,1.032
4028075.0,0.40841761,1.0,294.119995
4028153.0,0.379161,1.0,295.152008
4028231.0,0.38977659,1.0,295.839996
4028309.0,0.39668441,1.0,296.18399
4028387.0,0.4140048,1.0,296.18399
4028465.0,0.38876075,1.0,296.18399
4028543.0,0.39856377,1.0,31.648001
4028622.0,0.39891931,1.0,2.408
4028700.0,0.42035386,1.0,2.408
4028778.0,0.40196687,1.0,2.408
4028856.0,0.40018922,1.0,1.72
4028934.0,0.39719242,1.0,2.064
4029012.0,0.39246872,1.0,255.936005
4029090.0,0.40039241,1.0,295.496002
4029168.0,0.37641817,1.0,295.152008
4029246.0,0.37072939,1.0,295.496002
4029324.0,0.38667828,1.0,295.496002
4029403.0,0.38906562,1.0,295.152008
4029481.0,0.39267185,1.0,295.839996
4029559.0,0.40150979,1.0,3.096
4029637.0,0.38109109,1.0,2.064
4029715.0,0.38556081,1.0,2.064
4029793.0,0.40648744,1.0,2.064
4029871.0,0.39257026,1.0,2.064
4029949.0,0.39084327,1.0,2.752
4030028.0,0.37504676,1.0,294.119995
4030106.0,0.39607498,1.0,295.839996
4030184.0,0.36417705,1.0,295.496002
4030262.0,0.40171298,1.0,295.496002
4030340.0,0.39830986,1.0,295.496002
4030418.0,0.38733855,1.0,295.839996
4030496.0,0.40801123,1.0,295.839996
4030574.0,0.38373232,1.0,3.096
4030652.0,0.39978281,1.0,2.064
4030731.0,0.39922413,1.0,2.752
4030809.0,0.39267185,1.0,2.064
4030887.0,0.41461432,1.0,2.408
4030965.0,0.38596722,1.0,2.408
4031043.0,0.40745261,1.0,294.808014
4031121.0,0.4078081,1.0,296.872009
4031199.0,0.37667212,1.0,296.528015
4031277.0,0.41126204,1.0,296.872009
4031356.0,0.40928105,1.0,296.18399
4031434.0,0.41060168,1.0,296.528015
4031512.0,0.40003684,1.0,296.528015
4031590.0,0.41415724,1.0,3.44
4031668.0,0.41837299,1.0,2.752
4031746.0,0.39236712,1.0,2.752
4031824.0,0.39739555,1.0,2.064
4031902.0,0.39226553,1.0,2.408
4031980.0,0.39780188,1.0,2.408
4032059.0,0.41065246,1.0,294.119995
4032137.0,0.37514836,1.0,295.496002
4032215.0,0.38759252,1.0,295.496002
4032293.0,0.39206234,1.0,295.496002
4032371.0,0.38942102,1.0,295.496002
4032449.0,0.40257648,1.0,295.839996
4032527.0,0.40156054,1.0,284.832001
4032605.0,0.39394167,1.0,3.44
4032683.0,0.38093865,1.0,2.752
4032761.0,0.41405565,1.0,2.408
4032840.0,0.39033535,1.0,2.408
4032918.0,0.40618271,1.0,2.064
4032996.0,0.41090649,1.0,0.688
4033074.0,0.40349081,1.0,294.119995
4033152.0,0.37687516,1.0,295.496002
4033230.0,0.4133445,1.0,295.496002
4033308.0,0.40846837,1.0,295.496002
4033386.0,0.39978281,1.0,295.496002
4033465.0,0.4085699,1.0,295.496002
4033543.0,0.39759874,1.0,36.464001
4033621.0,0.39897016,1.0,2.408
4033699.0,0.43244255,1.0,2.064
4033777.0,0.4141064,1.0,2.408
4033855.0,0.4269062,1.0,2.064
4033933.0,0.40237328,1.0,1.72
4034011.0,0.41532546,1.0,241.832001
4034090.0,0.40338904,1.0,295.152008
4034168.0,0.39363694,1.0,295.152008
4034246.0,0.40034151,1.0,296.18399
4034324.0,0.39886862,1.0,295.496002
4034402.0,0.40105268,1.0,296.18399
4034480.0,0.40415108,1.0,295.496002
4034558.0,0.37936419,1.0,3.784
4034636.0,0.39475432,1.0,2.064
4034714.0,0.4116683,1.0,2.752
4034793.0,0.40836686,1.0,3.096
4034871.0,0.40191618,1.0,2.408
4034949.0,0.39917335,1.0,1.72
4035027.0,0.39089411,1.0,293.776001
4035105.0,0.39922413,1.0,295.496002
4035183.0,0.39830986,1.0,296.18399
4035261.0,0.40049395,1.0,295.839996
4035339.0,0.42126819,1.0,295.839996
4035417.0,0.39510995,1.0,295.839996
4035496.0,0.39582101,1.0,295.496002
4035574.0,0.41603658,1.0,3.096
4035652.0,0.40790963,1.0,2.064
4035730.0,0.39719242,1.0,2.408
4035808.0,0.4053193,1.0,2.064
4035886.0,0.38942102,1.0,2.408
4035964.0,0.41938886,1.0,2.408
4036042.0,0.39653212,1.0,294.808014
4036121.0,0.41649365,1.0,295.496002
4036199.0,0.39363694,1.0,295.839996
4036277.0,0.41466507,1.0,295.496002
4036355.0,0.37794194,1.0,295.496002
4036433.0,0.41024619,1.0,295.496002
4036511.0,0.41877931,1.0,294.808014
4036589.0,0.39302742,1.0,2.752
4036667.0,0.40623355,1.0,2.064
4036746.0,0.40430337,1.0,2.064
4036824.0,0.40145895,1.0,2.064
4036902.0,0.41623971,1.0,2.064
4036980.0,0.41187149,1.0,2.064
4037058.0,0.40105268,1.0,293.776001
4037136.0,0.39668441,1.0,295.496002
4037214.0,0.41893169,1.0,295.496002
4037292.0,0.40755421,1.0,294.808014
4037370.0,0.40217006,1.0,295.496002
4037449.0,0.41491914,1.0,295.152008
4037527.0,0.4038462,1.0,288.272003
4037605.0,0.40115422,1.0,3.096
4037683.0,0.40648744,1.0,1.72
4037761.0,0.4039478,1.0,2.064
4037839.0,0.40765572,1.0,2.064
4037917.0,0.4141064,1.0,2.064
4037995.0,0.40806204,1.0,1.032
4038073.0,0.40349081,1.0,294.119995
4038151.0,0.3674278,1.0,295.839996
4038230.0,0.40308434,1.0,295.496002
4038308.0,0.38464665,1.0,295.496002
4038386.0,0.38911629,1.0,295.152008
4038464.0,0.41415724,1.0,295.496002
4038542.0,0.40308434,1.0,42.312
4038620.0,0.40836686,1.0,2.064
4038698.0,0.41227791,1.0,2.408
4038776.0,0.40740168,1.0,2.064
4038855.0,0.4174079,1.0,1.72
4038933.0,0.40338904,1.0,2.064
4039011.0,0.39805591,1.0,234.951996
4039089.0,0.41146517,1.0,295.152008
4039167.0,0.39104646,1.0,295.496002
4039245.0,0.40135741,1.0,295.496002
4039323.0,0.38317356,1.0,295.152008
4039401.0,0.40084949,1.0,295.496002
4039480.0,0.38718626,1.0,295.496002
4039558.0,0.40323678,1.0,3.096
4039636.0,0.38865921,1.0,2.064
4039714.0,0.42182687,1.0,2.064
4039792.0,0.4150714,1.0,2.064
4039870.0,0.40912867,1.0,2.064
4039948.0,0.40049395,1.0,2.064
4040026.0,0.40430337,1.0,293.088013
4040104.0,0.39546543,1.0,295.496002
4040183.0,0.38733855,1.0,295.496002
4040261.0,0.39856377,1.0,295.496002
4040339.0,0.38891309,1.0,295.496002
4040417.0,0.40349081,1.0,295.496002
4040495.0,0.43462676,1.0,295.152008
4040573.0,0.41024619,1.0,3.096
4040651.0,0.35340899,1.0,2.064
4040729.0,0.42060784,1.0,2.064
4040807.0,0.42203009,1.0,2.064
4040885.0,0.39109731,1.0,2.064
4040964.0,0.41131273,1.0,2.064
4041042.0,0.4013066,1.0,293.432007
4041120.0,0.41202387,1.0,296.18399
4041198.0,0.39221469,1.0,295.496002
4041276.0,0.37169439,1.0,295.496002
4041354.0,0.41014451,1.0,295.496002
4041432.0,0.41014451,1.0,295.496002
4041510.0,0.39399251,1.0,295.496002
4041588.0,0.40354148,1.0,3.096
4041667.0,0.40653828,1.0,1.72
4041745.0,0.39632893,1.0,2.408
4041823.0,0.41695076,1.0,1.376
4041901.0,0.4059796,1.0,2.064
4041979.0,0.39490676,1.0,2.064
4042057.0,0.40217006,1.0,293.776001
4042135.0,0.38901478,1.0,294.808014
4042214.0,0.39104646,1.0,295.496002
4042292.0,0.40145895,1.0,295.496002
4042370.0,0.39399251,1.0,295.496002
4042448.0,0.38977659,1.0,296.18399
4042526.0,0.40013838,1.0,292.056
4042604.0,0.38789725,1.0,3.096
4042682.0,0.4123795,1.0,2.064
4042760.0,0.38459572,1.0,1.72
4042838.0,0.40196687,1.0,2.064
4042917.0,0.39292583,1.0,2.064
4042995.0,0.39495751,1.0,0.688
4043073.0,0.40237328,1.0,293.776001
4043151.0,0.36732626,1.0,295.496002
4043229.0,0.40638584,1.0,295.496002
4043307.0,0.38505289,1.0,295.496002
4043385.0,0.42837909,1.0,295.496002
4043463.0,0.40491289,1.0,295.496002
4043541.0,0.39404318,1.0,51.256001
4043620.0,0.41116044,1.0,2.064
4043698.0,0.42304593,1.0,2.064
4043776.0,0.40887478,1.0,2.064
4043854.0,0.40201771,1.0,2.064
4043932.0,0.39653212,1.0,2.064
4044010.0,0.37738326,1.0,229.104004
4044088.0,0.39419562,1.0,295.152008
4044166.0,0.40552235,1.0,295.496002
4044244.0,0.38779572,1.0,295.496002
4044323.0,0.4126333,1.0,295.152008
4044401.0,0.38302121,1.0,295.496002
4044479.0,0.39663365,1.0,295.496002
4044557.0,0.40415108,1.0,2.752
4044635.0,0.41161761,1.0,1.72
4044713.0,0.41466507,1.0,2.064
4044791.0,0.39947808,1.0,2.064
4044869.0,0.40785894,1.0,2.064
4044947.0,0.39165592,1.0,1.72
4045026.0,0.40267801,1.0,293.432007
4045104.0,0.3974463,1.0,295.152008
4045182.0,0.39450034,1.0,294.808014
4045260.0,0.39693838,1.0,295.152008
4045338.0,0.39307818,1.0,295.496002
4045416.0,0.40420178,1.0,294.463989
4045494.0,0.38972589,1.0,295.152008
4045573.0,0.39897016,1.0,2.752
4045651.0,0.37184677,1.0,1.72
4045729.0,0.40298271,1.0,1.72
4045807.0,0.39155442,1.0,2.064
4045885.0,0.39505905,1.0,2.064
4045963.0,0.40013838,1.0,2.064
4046041.0,0.39119884,1.0,294.119995
4046119.0,0.4085699,1.0,295.496002
4046197.0,0.41456357,1.0,295.496002
4046275.0,0.37601185,1.0,295.496002
4046354.0,0.40100187,1.0,295.496002
4046432.0,0.39770034,1.0,295.496002
4046510.0,0.40638584,1.0,295.839996
4046588.0,0.40486208,1.0,3.096
4046666.0,0.4187285,1.0,2.064
4046744.0,0.41959199,1.0,2.064
4046822.0,0.42604274,1.0,2.064
4046900.0,0.39754799,1.0,2.064
4046978.0,0.39206234,1.0,2.408
4047057.0,0.4131414,1.0,294.463989
4047135.0,0.39780188,1.0,295.496002
4047213.0,0.41116044,1.0,296.18399
4047291.0,0.39861459,1.0,295.496002
4047369.0,0.41202387,1.0,295.839996
4047447.0,0.41370007,1.0,295.496002
4047525.0,0.39130035,1.0,294.808014
4047603.0,0.41446197,1.0,3.784
4047681.0,0.41649365,1.0,2.408
4047760.0,0.41842377,1.0,2.408
4047838.0,0.39104646,1.0,2.064
4047916.0,0.4014082,1.0,2.064
4047994.0,0.40933186,1.0,1.376
4048072.0,0.42126819,1.0,294.119995
4048150.0,0.3866275,1.0,294.808014
4048228.0,0.39495751,1.0,295.496002
4048306.0,0.40790963,1.0,295.496002
4048385.0,0.40877318,1.0,294.808014
4048463.0,0.41060168,1.0,295.152008
4048541.0,0.39830986,1.0,56.416
4048619.0,0.38672903,1.0,2.408
4048697.0,0.43193471,1.0,2.408
4048775.0,0.39770034,1.0,1.72
4048853.0,0.40262717,1.0,1.72
4048931.0,0.39175761,1.0,1.72
4049009.0,0.424265,1.0,221.192001
4049088.0,0.41014451,1.0,294.808014
4049166.0,0.38317356,1.0,295.152008
4049244.0,0.41989669,1.0,295.152008
4049322.0,0.41044924,1.0,295.152008
4049400.0,0.41496989,1.0,295.152008
4049478.0,0.39571941,1.0,295.839996
4049556.0,0.40557319,1.0,3.096
4049635.0,0.39764959,1.0,2.064
4049713.0,0.4274649,1.0,2.408
4049791.0,0.41766196,1.0,1.72
4049869.0,0.41136357,1.0,2.064
4049947.0,0.39886862,1.0,2.408
4050025.0,0.4131414,1.0,294.119995
4050103.0,0.41395405,1.0,295.839996
4050181.0,0.39739555,1.0,295.839996
4050259.0,0.38180223,1.0,295.839996
4050337.0,0.40389705,1.0,295.839996
4050416.0,0.41253179,1.0,296.18399
4050494.0,0.41557941,1.0,295.839996
4050572.0,0.39165592,1.0,3.44
4050650.0,0.40968743,1.0,2.752
4050728.0,0.41425884,1.0,2.408
4050806.0,0.42187765,1.0,2.752
4050884.0,0.41055092,1.0,2.064
4050962.0,0.41395405,1.0,1.72
4051040.0,0.42304593,1.0,294.808014
4051119.0,0.39714158,1.0,296.528015
4051197.0,0.40663987,1.0,295.839996
4051275.0,0.40730017,1.0,295.152008
4051353.0,0.40679225,1.0,295.496002
4051431.0,0.39312902,1.0,295.496002
4051509.0,0.40074784,1.0,295.496002
4051587.0,0.40491289,1.0,3.096
4051665.0,0.40445581,1.0,2.064
4051743.0,0.40237328,1.0,2.064
4051822.0,0.40897632,1.0,2.064
4051900.0,0.41700158,1.0,2.064
4051978.0,0.40730017,1.0,1.72
4052056.0,0.39531308,1.0,293.432007
4052134.0,0.40587792,1.0,294.808014
4052212.0,0.40851921,1.0,294.808014
4052290.0,0.41441113,1.0,294.808014
4052368.0,0.39003062,1.0,294.808014
4052447.0,0.3981066,1.0,295.152008
4052525.0,0.39033535,1.0,295.496002
4052603.0,0.40079865,1.0,2.408
4052681.0,0.41771263,1.0,2.064
4052759.0,0.39607498,1.0,1.72
4052837.0,0.41273507,1.0,1.72
4052915.0,0.40389705,1.0,2.064
4052993.0,0.41009384,1.0,0.688
4053072.0,0.40958574,1.0,293.776001
4053150.0,0.40633515,1.0,294.808014
4053228.0,0.40120497,1.0,295.496002
4053306.0,0.41268414,1.0,294.463989
4053384.0,0.40013838,1.0,294.463989
4053462.0,0.42086187,1.0,295.152008
4053540.0,0.41034773,1.0,65.015999
4053618.0,0.42142063,1.0,2.064
4053696.0,0.41796666,1.0,1.376
4053775.0,0.41014451,1.0,1.376
4053853.0,0.4133445,1.0,1.376
4053931.0,0.42390943,1.0,1.72
4054009.0,0.40252563,1.0,215.343994
4054087.0,0.41324291,1.0,294.808014
4054165.0,0.38170061,1.0,295.152008
4054243.0,0.38525608,1.0,295.152008
4054321.0,0.39363694,1.0,295.496002
4054399.0,0.41471592,1.0,295.496002
4054477.0,0.41197303,1.0,295.152008
4054556.0,0.41298887,1.0,2.752
4054634.0,0.410043,1.0,1.72
4054712.0,0.41070327,1.0,2.064
4054790.0,0.42807436,1.0,1.72
4054868.0,0.38464665,1.0,1.72
4054946.0,0.39221469,1.0,1.72
4055024.0,0.41090649,1.0,293.432007
4055102.0,0.41776347,1.0,295.152008
4055181.0,0.39008132,1.0,295.496002
4055259.0,0.40704614,1.0,295.152008
4055337.0,0.4132936,1.0,295.496002
4055415.0,0.42136979,1.0,295.152008
4055493.0,0.40811288,1.0,295.496002
4055571.0,0.41623971,1.0,2.752
4055649.0,0.42888716,1.0,1.376
4055727.0,0.41700158,1.0,2.064
4055806.0,0.41827139,1.0,1.72
4055884.0,0.38083705,1.0,2.064
4055962.0,0.43025842,1.0,1.72
4056040.0,0.38713545,1.0,293.776001
4056118.0,0.40267801,1.0,295.496002
4056196.0,0.39363694,1.0,295.496002
4056274.0,0.39703998,1.0,294.119995
4056352.0,0.40338904,1.0,294.463989
4056430.0,0.41095725,1.0,295.496002
4056509.0,0.41024619,1.0,294.463989
4056587.0,0.41024619,1.0,2.408
4056665.0,0.41893169,1.0,2.064
4056743.0,0.40877318,1.0,2.064
4056821.0,0.41207477,1.0,3.096
4056899.0,0.39770034,1.0,2.408
4056977.0,0.40877318,1.0,2.064
4057055.0,0.38556081,1.0,295.152008
4057133.0,0.39653212,1.0,296.528015
4057212.0,0.37667212,1.0,296.18399
4057290.0,0.39780188,1.0,296.18399
4057368.0,0.39185911,1.0,296.18399
4057446.0,0.41415724,1.0,295.496002
4057524.0,0.37118647,1.0,297.559998
4057602.0,0.39891931,1.0,3.784
4057680.0,0.43086803,1.0,2.408
4057758.0,0.42472214,1.0,2.752
4057836.0,0.42980132,1.0,2.408
4057914.0,0.40257648,1.0,2.752
4057993.0,0.3998844,1.0,0.688
4058071.0,0.39414471,1.0,292.743988
4058149.0,0.37799269,1.0,295.152008
4058227.0,0.39551622,1.0,294.463989
4058305.0,0.41679847,1.0,294.808014
4058383.0,0.39333215,1.0,295.496002
4058461.0,0.40476054,1.0,295.496002
4058539.0,0.39983365,1.0,72.584
4058618.0,0.42512846,1.0,1.72
4058696.0,0.43168068,1.0,1.72
4058774.0,0.4235031,1.0,2.064
4058852.0,0.42309669,1.0,1.72
4058930.0,0.39993519,1.0,2.752
4059008.0,0.39079252,1.0,206.744003
4059086.0,0.40983981,1.0,295.152008
4059164.0,0.40277961,1.0,294.463989
4059243.0,0.40018922,1.0,295.152008
4059321.0,0.41136357,1.0,295.152008
4059399.0,0.4123795,1.0,295.496002
4059477.0,0.40420178,1.0,295.496002
4059555.0,0.40821448,1.0,2.752
4059633.0,0.41156676,1.0,2.064
4059711.0,0.43218866,1.0,1.72
4059789.0,0.41222706,1.0,2.064
4059867.0,0.40435421,1.0,3.096
4059946.0,0.40186527,1.0,1.72
4060024.0,0.42299509,1.0,293.776001
4060102.0,0.39775109,1.0,295.152008
4060180.0,0.39358619,1.0,295.496002
4060258.0,0.40272877,1.0,295.496002
4060336.0,0.39556703,1.0,295.496002
4060414.0,0.42634752,1.0,295.496002
4060492.0,0.41258264,1.0,295.839996
4060570.0,0.40592876,1.0,3.096
4060649.0,0.43168068,1.0,1.376
4060727.0,0.39775109,1.0,1.376
4060805.0,0.40709695,1.0,1.72
4060883.0,0.38312286,1.0,1.376
4060961.0,0.40308434,1.0,1.376
4061039.0,0.42543319,1.0,293.088013
4061117.0,0.40242404,1.0,295.152008
4061195.0,0.40049395,1.0,294.808014
4061274.0,0.41090649,1.0,295.152008
4061352.0,0.41044924,1.0,295.496002
4061430.0,0.40877318,1.0,295.152008
4061508.0,0.39739555,1.0,295.152008
4061586.0,0.39561781,1.0,3.096
4061664.0,0.42177606,1.0,1.72
4061742.0,0.41776347,1.0,1.72
4061820.0,0.39820835,1.0,1.72
4061899.0,0.41359848,1.0,1.72
4061977.0,0.41537622,1.0,1.376
4062055.0,0.41116044,1.0,293.432007
4062133.0,0.39957961,1.0,295.152008
4062211.0,0.4078081,1.0,295.152008
4062289.0,0.39805591,1.0,295.152008
4062367.0,0.40496367,1.0,295.496002
4062445.0,0.42136979,1.0,295.496002
4062523.0,0.41903329,1.0,297.559998
4062602.0,0.39922413,1.0,2.752
4062680.0,0.41989669,1.0,2.408
4062758.0,0.41182074,1.0,2.408
4062836.0,0.42203009,1.0,2.408
4062914.0,0.4174079,1.0,2.064
4062992.0,0.39693838,1.0,1.032
4063070.0,0.40811288,1.0,294.119995
4063148.0,0.35879305,1.0,295.839996
4063226.0,0.41375083,1.0,295.152008
4063304.0,0.40785894,1.0,295.152008
4063383.0,0.42700782,1.0,294.808014
4063461.0,0.41979519,1.0,295.152008
4063539.0,0.42081103,1.0,78.431999
4063617.0,0.40577638,1.0,1.72
4063695.0,0.4131414,1.0,1.72
4063773.0,0.41070327,1.0,1.72
4063851.0,0.40719864,1.0,1.72
4063930.0,0.41700158,1.0,1.72
4064008.0,0.40262717,1.0,199.520004
4064086.0,0.41156676,1.0,294.808014
4064164.0,0.37733242,1.0,295.152008
4064242.0,0.39526224,1.0,295.496002
4064320.0,0.39084327,1.0,295.496002
4064398.0,0.39968121,1.0,295.839996
4064476.0,0.4053193,1.0,295.152008
4064554.0,0.39937648,1.0,3.096
4064633.0,0.4140048,1.0,2.408
4064711.0,0.41197303,1.0,2.752
4064789.0,0.40943345,1.0,2.408
4064867.0,0.40638584,1.0,2.408
4064945.0,0.3863228,1.0,2.408
4065023.0,0.43300125,1.0,294.463989
4065101.0,0.39612573,1.0,295.496002
4065179.0,0.39201155,1.0,295.839996
4065257.0,0.39485592,1.0,295.839996
4065336.0,0.40709695,1.0,295.839996
4065414.0,0.3981066,1.0,295.839996
4065492.0,0.42563632,1.0,296.18399
4065570.0,0.40084949,1.0,3.44
4065648.0,0.41446197,1.0,2.064
4065726.0,0.41832224,1.0,2.064
4065804.0,0.42045546,1.0,1.72
4065882.0,0.40730017,1.0,1.72
4065960.0,0.39145279,1.0,1.72
4066039.0,0.40679225,1.0,293.088013
4066117.0,0.40404943,1.0,294.463989
4066195.0,0.41039854,1.0,295.496002
4066273.0,0.44067103,1.0,295.152008
4066351.0,0.42736337,1.0,295.839996
4066429.0,0.41019535,1.0,295.152008
4066507.0,0.40755421,1.0,295.496002
4066585.0,0.42136979,1.0,3.096
4066663.0,0.41415724,1.0,1.72
4066742.0,0.40775734,1.0,2.064
4066820.0,0.42055708,1.0,2.064
4066898.0,0.38835448,1.0,1.72
4066976.0,0.41837299,1.0,1.72
4067054.0,0.41598573,1.0,293.776001
4067132.0,0.38444343,1.0,295.152008
4067210.0,0.39800507,1.0,295.496002
4067288.0,0.40658903,1.0,295.496002
4067366.0,0.41654444,1.0,295.152008
4067445.0,0.40719864,1.0,295.839996
4067523.0,0.40181452,1.0,297.559998
4067601.0,0.40201771,1.0,2.752
4067679.0,0.43594736,1.0,2.064
4067757.0,0.43142676,1.0,1.72
4067835.0,0.41136357,1.0,2.064
4067913.0,0.40298271,1.0,1.72
4067991.0,0.41354764,1.0,1.376
4068070.0,0.40770641,1.0,294.119995
4068148.0,0.38876075,1.0,294.463989
4068226.0,0.39566866,1.0,295.496002
4068304.0,0.41065246,1.0,295.496002
4068382.0,0.40364301,1.0,295.496002
4068460.0,0.38388467,1.0,295.496002
4068538.0,0.40206847,1.0,89.783997
4068616.0,0.4123795,1.0,2.064
4068694.0,0.42248717,1.0,2.064
4068773.0,0.37164354,1.0,2.064
4068851.0,0.40557319,1.0,2.064
4068929.0,0.40100187,1.0,1.72
4069007.0,0.39084327,1.0,188.856003
4069085.0,0.40166214,1.0,295.152008
4069163.0,0.39897016,1.0,294.808014
4069241.0,0.40440497,1.0,295.496002
4069319.0,0.41867781,1.0,294.808014
4069397.0,0.39922413,1.0,295.496002
4069476.0,0.40283045,1.0,295.496002
4069554.0,0.39790347,1.0,3.096
4069632.0,0.41212547,1.0,2.408
4069710.0,0.4187285,1.0,2.064
4069788.0,0.41837299,1.0,1.72
4069866.0,0.40501457,1.0,2.064
4069944.0,0.40542084,1.0,2.064
4070023.0,0.40796044,1.0,293.432007
4070101.0,0.42187765,1.0,294.808014
4070179.0,0.40034151,1.0,294.808014
4070257.0,0.38434193,1.0,295.152008
4070335.0,0.41273507,1.0,295.152008
4070413.0,0.41481751,1.0,294.808014
4070491.0,0.4133445,1.0,294.808014
4070569.0,0.3879481,1.0,2.752
4070647.0,0.424265,1.0,2.064
4070725.0,0.42462054,1.0,2.064
4070804.0,0.4164429,1.0,1.72
4070882.0,0.418881,1.0,1.72
4070960.0,0.41629046,1.0,1.72
4071038.0,0.43142676,1.0,293.776001
4071116.0,0.41430959,1.0,294.808014
4071194.0,0.40476054,1.0,295.496002
4071272.0,0.41771263,1.0,295.496002
4071350.0,0.40709695,1.0,295.496002
4071428.0,0.41623971,1.0,295.839996
4071507.0,0.41943961,1.0,294.808014
4071585.0,0.43599811,1.0,2.752
4071663.0,0.40816367,1.0,1.72
4071741.0,0.39978281,1.0,1.72
4071819.0,0.42025226,1.0,1.72
4071897.0,0.39897016,1.0,1.376
4071975.0,0.40658903,1.0,1.72
4072053.0,0.40125582,1.0,293.776001
4072131.0,0.38754168,1.0,295.152008
4072210.0,0.40156054,1.0,295.152008
4072288.0,0.40557319,1.0,295.152008
4072366.0,0.43193471,1.0,295.496002
4072444.0,0.4116683,1.0,295.152008
4072522.0,0.40608111,1.0,297.216003
4072600.0,0.39485592,1.0,3.096
4072678.0,0.40481138,1.0,2.064
4072757.0,0.42909026,1.0,1.72
4072835.0,0.40389705,1.0,2.064
4072913.0,0.41375083,1.0,1.376
4072991.0,0.41116044,1.0,1.376
4073069.0,0.39592254,1.0,293.776001
4073147.0,0.40587792,1.0,294.463989
4073225.0,0.39495751,1.0,294.808014
4073303.0,0.39754799,1.0,294.808014
4073381.0,0.40308434,1.0,295.152008
4073460.0,0.40389705,1.0,295.496002
4073538.0,0.41090649,1.0,98.040001
4073616.0,0.41796666,1.0,1.72
4073694.0,0.43549019,1.0,1.72
4073772.0,0.43681082,1.0,2.064
4073850.0,0.40633515,1.0,2.064
4073928.0,0.41827139,1.0,1.72
4074006.0,0.41491914,1.0,171.311996
4074084.0,0.40191618,1.0,295.152008
4074162.0,0.40582716,1.0,294.808014
4074241.0,0.40770641,1.0,295.152008
4074319.0,0.41949046,1.0,294.808014
4074397.0,0.43427113,1.0,295.152008
4074475.0,0.41105884,1.0,296.528015
4074553.0,0.42675376,1.0,3.784
4074631.0,0.39637968,1.0,2.752
4074709.0,0.43564254,1.0,2.752
4074788.0,0.42949659,1.0,2.752
4074866.0,0.41471592,1.0,3.096
4074944.0,0.41324291,1.0,2.752
4075022.0,0.41684923,1.0,295.152008
4075100.0,0.41349688,1.0,295.839996
4075178.0,0.39277345,1.0,295.839996
4075256.0,0.41014451,1.0,295.839996
4075334.0,0.39211318,1.0,295.496002
4075412.0,0.42365539,1.0,296.18399
4075491.0,0.40638584,1.0,295.152008
4075569.0,0.41050008,1.0,2.752
4075647.0,0.40912867,1.0,2.408
4075725.0,0.43650612,1.0,2.064
4075803.0,0.41949046,1.0,2.408
4075881.0,0.41375083,1.0,1.72
4075959.0,0.41679847,1.0,2.064
4076037.0,0.39734477,1.0,293.776001
4076115.0,0.41141441,1.0,295.496002
4076193.0,0.38799885,1.0,295.496002
4076272.0,0.39490676,1.0,295.152008
4076350.0,0.42136979,1.0,295.496002
4076428.0,0.40912867,1.0,295.839996
4076506.0,0.4046081,1.0,295.496002
4076584.0,0.41303977,1.0,3.096
4076662.0,0.40928105,1.0,2.408
4076740.0,0.43574408,1.0,2.064
4076818.0,0.40887478,1.0,2.064
4076896.0,0.40785894,1.0,2.064
4076975.0,0.4123795,1.0,2.064
4077053.0,0.42812526,1.0,294.119995
4077131.0,0.39439875,1.0,296.528015
4077209.0,0.4180682,1.0,296.18399
4077287.0,0.40410024,1.0,296.528015
4077365.0,0.41126204,1.0,296.528015
4077443.0,0.41268414,1.0,296.528015
4077522.0,0.40486208,1.0,298.59201
4077600.0,0.42401093,1.0,3.784
4077678.0,0.42594111,1.0,2.752
4077756.0,0.43350923,1.0,2.752
4077834.0,0.41258264,1.0,2.752
4077912.0,0.4134461,1.0,2.408
4077990.0,0.41151601,1.0,1.72
4078068.0,0.39703998,1.0,294.463989
4078146.0,0.41989669,1.0,295.839996
4078225.0,0.40252563,1.0,295.496002
4078303.0,0.38708466,1.0,295.839996
4078381.0,0.41090649,1.0,295.839996
4078459.0,0.411008,1.0,295.839996
4078537.0,0.43391556,1.0,111.112
4078615.0,0.38611951,1.0,2.408
4078693.0,0.41847453,1.0,2.064
4078771.0,0.41959199,1.0,2.064
4078849.0,0.41522384,1.0,2.408
4078928.0,0.41288733,1.0,2.064
4079006.0,0.40704614,1.0,165.807999
4079084.0,0.41786507,1.0,295.496002
4079162.0,0.39064008,1.0,295.839996
4079240.0,0.40201771,1.0,295.839996
4079318.0,0.40618271,1.0,295.496002
4079396.0,0.4126333,1.0,295.496002
4079474.0,0.39124969,1.0,295.496002
4079553.0,0.40806204,1.0,3.096
4079631.0,0.41471592,1.0,2.064
4079709.0,0.43264577,1.0,2.408
4079787.0,0.40023997,1.0,3.096
4079865.0,0.40917951,1.0,2.752
4079943.0,0.39165592,1.0,3.096
4080021.0,0.40262717,1.0,295.496002
4080099.0,0.41659519,1.0,296.18399
4080177.0,0.37042466,1.0,296.18399
4080256.0,0.40663987,1.0,296.18399
4080334.0,0.39841139,1.0,296.18399
4080412.0,0.39297658,1.0,296.18399
4080490.0,0.40338904,1.0,296.18399
4080568.0,0.41278583,1.0,3.44
4080646.0,0.39399251,1.0,2.408
4080724.0,0.42263967,1.0,2.064
4080802.0,0.40369385,1.0,2.408
4080880.0,0.40018922,1.0,2.408
4080958.0,0.41121122,1.0,2.064
4081037.0,0.39998594,1.0,294.119995
4081115.0,0.41827139,1.0,295.839996
4081193.0,0.39216384,1.0,295.839996
4081271.0,0.40161145,1.0,295.839996
4081349.0,0.42238563,1.0,295.496002
4081427.0,0.40430337,1.0,295.839996
4081505.0,0.42365539,1.0,296.18399
4081583.0,0.4076049,1.0,3.44
4081661.0,0.42553473,1.0,2.064
4081740.0,0.40917951,1.0,2.064
4081818.0,0.41258264,1.0,2.064
4081896.0,0.41481751,1.0,2.064
4081974.0,0.40933186,1.0,2.064
4082052.0,0.41552857,1.0,294.119995
4082130.0,0.40404943,1.0,295.496002
4082208.0,0.40740168,1.0,295.496002
4082286.0,0.41481751,1.0,295.496002
4082365.0,0.41979519,1.0,295.496002
4082443.0,0.40724933,1.0,296.872009
4082521.0,0.4047097,1.0,298.936005
4082599.0,0.43813142,1.0,4.128
4082677.0,0.41837299,1.0,2.752
4082755.0,0.42568716,1.0,3.096
4082833.0,0.40872243,1.0,2.752
4082911.0,0.42792207,1.0,2.752
4082990.0,0.39922413,1.0,2.064
4083068.0,0.41552857,1.0,294.463989
4083146.0,0.39175761,1.0,296.18399
4083224.0,0.39419562,1.0,295.839996
4083302.0,0.40425262,1.0,295.839996
4083380.0,0.39825904,1.0,295.839996
4083458.0,0.41735724,1.0,296.18399
4083536.0,0.4037447,1.0,120.400002
4083614.0,0.4219285,1.0,2.408
4083693.0,0.42553473,1.0,2.408
4083771.0,0.41065246,1.0,2.064
4083849.0,0.42802367,1.0,2.064
4083927.0,0.40724933,1.0,2.752
4084005.0,0.39851308,1.0,155.832001
4084083.0,0.40404943,1.0,295.839996
4084161.0,0.38449413,1.0,296.528015
4084239.0,0.40481138,1.0,295.839996
4084317.0,0.41243026,1.0,295.839996
4084396.0,0.4197444,1.0,295.839996
4084474.0,0.42396027,1.0,295.839996
4084552.0,0.40785894,1.0,2.752
4084630.0,0.40211931,1.0,2.064
4084708.0,0.43284896,1.0,2.064
4084786.0,0.41811904,1.0,2.064
4084864.0,0.42030311,1.0,2.064
4084942.0,0.38251325,1.0,2.064
4085020.0,0.41146517,1.0,294.463989
4085099.0,0.38830364,1.0,295.496002
4085177.0,0.39201155,1.0,295.496002
4085255.0,0.39841139,1.0,295.496002
4085333.0,0.40968743,1.0,295.496002
4085411.0,0.40465894,1.0,295.496002
4085489.0,0.43061405,1.0,295.839996
4085567.0,0.42162368,1.0,3.096
4085645.0,0.44204244,1.0,2.064
4085724.0,0.42396027,1.0,2.064
4085802.0,0.4093827,1.0,2.064
4085880.0,0.44153452,1.0,1.376
4085958.0,0.4069446,1.0,2.064
4086036.0,0.41542697,1.0,293.432007
4086114.0,0.40095109,1.0,294.463989
4086192.0,0.40983981,1.0,295.152008
4086270.0,0.38403705,1.0,295.152008
4086348.0,0.39597335,1.0,295.152008
4086427.0,0.40943345,1.0,295.496002
4086505.0,0.41039854,1.0,295.496002
4086583.0,0.41121122,1.0,2.408
4086661.0,0.41060168,1.0,1.72
4086739.0,0.40343997,1.0,1.376
4086817.0,0.40354148,1.0,1.72
4086895.0,0.4163413,1.0,1.72
4086973.0,0.41298887,1.0,1.72
4087051.0,0.42390943,1.0,293.776001
4087130.0,0.4039478,1.0,295.152008
4087208.0,0.39323053,1.0,295.152008
4087286.0,0.41253179,1.0,294.808014
4087364.0,0.43523622,1.0,294.463989
4087442.0,0.4092302,1.0,294.808014
4087520.0,0.39302742,1.0,296.872009
4087598.0,0.42822686,1.0,3.096
4087676.0,0.44595349,1.0,1.72
4087754.0,0.42848074,1.0,1.72
4087833.0,0.40892547,1.0,1.72
4087911.0,0.40796044,1.0,2.064
4087989.0,0.42020157,1.0,1.376
4088067.0,0.42421415,1.0,293.776001
4088145.0,0.40816367,1.0,295.496002
4088223.0,0.40669057,1.0,295.496002
4088301.0,0.410043,1.0,295.496002
4088379.0,0.40125582,1.0,295.496002
4088458.0,0.40511611,1.0,295.152008
4088536.0,0.40917951,1.0,130.031998
4088614.0,0.42070949,1.0,2.064
4088692.0,0.43894407,1.0,2.064
4088770.0,0.43381396,1.0,2.408
4088848.0,0.41349688,1.0,2.064
4088926.0,0.42304593,1.0,2.064
4089004.0,0.42167452,1.0,151.703995
4089082.0,0.40389705,1.0,295.496002
4089161.0,0.39551622,1.0,295.152008
4089239.0,0.40125582,1.0,295.152008
4089317.0,0.4157317,1.0,295.496002
4089395.0,0.40790963,1.0,295.496002
4089473.0,0.41243026,1.0,295.496002
4089551.0,0.40968743,1.0,2.408
4089629.0,0.43833461,1.0,1.72
4089707.0,0.43376321,1.0,1.72
4089786.0,0.41385236,1.0,1.72
4089864.0,0.43239179,1.0,2.064
4089942.0,0.42319828,1.0,2.064
4090020.0,0.41994753,1.0,294.808014
4090098.0,0.42086187,1.0,295.152008
4090176.0,0.4157826,1.0,295.152008
4090254.0,0.39561781,1.0,295.152008
4090332.0,0.3974463,1.0,295.152008
4090411.0,0.40567487,1.0,295.496002
4090489.0,0.41979519,1.0,295.496002
4090567.0,0.39729401,1.0,3.096
4090645.0,0.42081103,1.0,1.72
4090723.0,0.43213782,1.0,1.72
4090801.0,0.42380789,1.0,2.064
4090879.0,0.43213782,1.0,1.72
4090957.0,0.40592876,1.0,2.064
4091035.0,0.42639822,1.0,293.088013
4091113.0,0.4147667,1.0,294.808014
4091192.0,0.41776347,1.0,295.152008
4091270.0,0.41466507,1.0,295.839996
4091348.0,0.42157292,1.0,294.808014
4091426.0,0.4173063,1.0,295.839996
4091504.0,0.44036624,1.0,295.839996
4091582.0,0.41664603,1.0,3.44
4091660.0,0.43782669,1.0,2.408
4091738.0,0.41959199,1.0,2.752
4091816.0,0.42665225,1.0,2.064
4091895.0,0.41121122,1.0,2.408
4091973.0,0.42726177,1.0,1.72
4092051.0,0.41136357,1.0,294.463989
4092129.0,0.41827139,1.0,295.152008
4092207.0,0.40872243,1.0,295.496002
4092285.0,0.41532546,1.0,296.18399
4092363.0,0.39592254,1.0,296.528015
4092441.0,0.42172536,1.0,296.18399
4092519.0,0.40440497,1.0,295.839996
4092598.0,0.42055708,1.0,3.096
4092676.0,0.42832839,1.0,2.408
4092754.0,0.41380167,1.0,2.408
4092832.0,0.41050008,1.0,2.408
4092910.0,0.41253179,1.0,2.752
4092988.0,0.41893169,1.0,2.752
4093066.0,0.40115422,1.0,294.119995
4093144.0,0.38114184,1.0,296.18399
4093223.0,0.39785272,1.0,295.496002
4093301.0,0.40034151,1.0,295.496002
4093379.0,0.41496989,1.0,295.152008
4093457.0,0.39724311,1.0,295.496002
4093535.0,0.41415724,1.0,137.600006
4093613.0,0.42655057,1.0,2.064
4093691.0,0.43401718,1.0,2.752
4093769.0,0.4268553,1.0,2.064
4093847.0,0.38992909,1.0,2.064
4093926.0,0.41349688,1.0,2.752
4094004.0,0.42533159,1.0,143.104004
4094082.0,0.40887478,1.0,295.496002
4094160.0,0.39246872,1.0,295.839996
4094238.0,0.41121122,1.0,296.18399
4094316.0,0.43046162,1.0,295.496002
4094394.0,0.42451888,1.0,295.839996
4094472.0,0.4174079,1.0,295.839996
4094550.0,0.41298887,1.0,2.408
4094629.0,0.42248717,1.0,2.752
4094707.0,0.42396027,1.0,2.064
4094785.0,0.41496989,1.0,2.064
4094863.0,0.43442351,1.0,2.408
4094941.0,0.42106506,1.0,2.408
4095019.0,0.41182074,1.0,295.152008
4095097.0,0.40643668,1.0,295.152008
4095175.0,0.41502064,1.0,295.152008
4095253.0,0.40176374,1.0,295.496002
4095332.0,0.42203009,1.0,296.18399
4095410.0,0.42035386,1.0,295.496002
4095488.0,0.41756028,1.0,295.839996
4095566.0,0.44062021,1.0,3.096
4095644.0,0.42406178,1.0,2.064
4095722.0,0.40730017,1.0,2.064
4095800.0,0.4339664,1.0,2.064
4095879.0,0.41441113,1.0,2.752
4095957.0,0.41563016,1.0,2.408
4096035.0,0.40933186,1.0,293.776001
4096113.0,0.41461432,1.0,295.152008
4096191.0,0.39922413,1.0,295.152008
4096269.0,0.44473445,1.0,295.496002
4096347.0,0.40882394,1.0,295.496002
4096425.0,0.40577638,1.0,295.496002
4096503.0,0.42523,1.0,295.496002
4096582.0,0.40288121,1.0,3.784
4096660.0,0.41044924,1.0,2.064
4096738.0,0.43081719,1.0,2.064
4096816.0,0.41608733,1.0,2.064
4096894.0,0.40801123,1.0,1.72
4096972.0,0.4117699,1.0,1.72
4097050.0,0.424265,1.0,293.432007
4097128.0,0.41512224,1.0,295.152008
4097206.0,0.41598573,1.0,294.808014
4097284.0,0.41791576,1.0,295.152008
4097363.0,0.41141441,1.0,295.496002
4097441.0,0.40608111,1.0,295.152008
4097519.0,0.40110338,1.0,294.808014
4097597.0,0.42446819,1.0,3.096
4097675.0,0.43193471,1.0,2.064
4097753.0,0.40917951,1.0,2.064
4097831.0,0.43127435,1.0,2.064
4097910.0,0.44107744,1.0,2.408
4097988.0,0.42020157,1.0,1.376
4098066.0,0.40917951,1.0,294.463989
4098144.0,0.40806204,1.0,295.496002
4098222.0,0.41141441,1.0,295.152008
4098300.0,0.42004913,1.0,295.496002
4098378.0,0.42827755,1.0,295.496002
4098456.0,0.41766196,1.0,295.152008
4098534.0,0.41537622,1.0,146.199997
4098613.0,0.41095725,1.0,2.064
4098691.0,0.43894407,1.0,2.064
4098769.0,0.40313524,1.0,2.064
4098847.0,0.41405565,1.0,2.064
4098925.0,0.41959199,1.0,2.064
4099003.0,0.44143301,1.0,138.287994
4099081.0,0.42731252,1.0,295.496002
4099159.0,0.40145895,1.0,296.18399
4099237.0,0.40029073,1.0,295.496002
4099315.0,0.42258886,1.0,295.839996
4099394.0,0.39439875,1.0,295.496002
4099472.0,0.40135741,1.0,295.496002
4099550.0,0.41441113,1.0,1.72
4099628.0,0.43279812,1.0,1.376
4099706.0,0.43229026,1.0,2.408
4099784.0,0.42802367,1.0,2.408
4099862.0,0.41354764,1.0,2.064
4099940.0,0.43848696,1.0,2.064
4100018.0,0.38693222,1.0,295.496002
4100097.0,0.42507765,1.0,295.152008
4100175.0,0.39561781,1.0,295.152008
4100253.0,0.4126333,1.0,295.496002
4100331.0,0.40658903,1.0,295.496002
4100409.0,0.44102654,1.0,295.152008
4100487.0,0.38144666,1.0,295.839996
4100565.0,0.41613817,1.0,3.096
4100644.0,0.42314747,1.0,2.064
4100722.0,0.41862696,1.0,2.064
4100800.0,0.40933186,1.0,1.72
4100878.0,0.42319828,1.0,2.064
4100956.0,0.41268414,1.0,1.72
4101034.0,0.41796666,1.0,293.088013
4101112.0,0.42370623,1.0,295.496002
4101190.0,0.41197303,1.0,295.496002
4101268.0,0.40872243,1.0,295.152008
4101347.0,0.42543319,1.0,295.496002
4101425.0,0.40623355,1.0,295.496002
4101503.0,0.42812526,1.0,295.496002
4101581.0,0.41608733,1.0,2.752
4101659.0,0.4245697,1.0,2.064
4101737.0,0.43223944,1.0,2.064
4101815.0,0.40288121,1.0,2.064
4101893.0,0.40826517,1.0,2.064
4101971.0,0.42248717,1.0,2.064
4102050.0,0.41959199,1.0,294.119995
4102128.0,0.41745874,1.0,295.496002
4102206.0,0.40912867,1.0,295.496002
4102284.0,0.41288733,1.0,295.496002
4102362.0,0.43437272,1.0,295.496002
4102440.0,0.41461432,1.0,295.496002
4102518.0,0.43635368,1.0,295.496002
4102596.0,0.4219285,1.0,2.752
4102674.0,0.43432188,1.0,2.064
4102753.0,0.42776963,1.0,1.72
4102831.0,0.41380167,1.0,2.064
4102909.0,0.42152217,1.0,1.72
4102987.0,0.39058939,1.0,1.376
4103065.0,0.42523,1.0,293.432007
4103143.0,0.40161145,1.0,295.496002
4103221.0,0.40796044,1.0,295.152008
4103299.0,0.43041092,1.0,295.496002
4103377.0,0.41542697,1.0,295.152008
4103456.0,0.39841139,1.0,295.496002
4103534.0,0.418881,1.0,151.016006
4103612.0,0.41227791,1.0,2.064
4103690.0,0.42142063,1.0,1.72
4103768.0,0.42411262,1.0,1.72
4103846.0,0.40978897,1.0,2.064
4103924.0,0.43025842,1.0,1.72
4104002.0,0.41146517,1.0,129.0
4104081.0,0.43320453,1.0,294.808014
4104159.0,0.38342759,1.0,294.463989
4104237.0,0.42197931,1.0,295.152008
4104315.0,0.42167452,1.0,295.152008
4104393.0,0.40872243,1.0,294.808014
4104471.0,0.42482376,1.0,295.152008
4104549.0,0.42721093,1.0,2.064
4104627.0,0.42263967,1.0,2.064
4104705.0,0.43096963,1.0,1.72
4104784.0,0.4172048,1.0,1.72
4104862.0,0.41933808,1.0,2.064
4104940.0,0.41065246,1.0,2.064
4105018.0,0.39729401,1.0,295.496002
4105096.0,0.42975056,1.0,295.152008
4105174.0,0.40293205,1.0,295.152008
4105252.0,0.41903329,1.0,295.496002
4105330.0,0.40587792,1.0,295.496002
4105408.0,0.4132936,1.0,295.496002
4105487.0,0.39729401,1.0,295.496002
4105565.0,0.39383999,1.0,2.752
4105643.0,0.41050008,1.0,2.064
4105721.0,0.43782669,1.0,2.064
4105799.0,0.41654444,1.0,2.064
4105877.0,0.42299509,1.0,2.408
4105955.0,0.42147133,1.0,2.064
4106034.0,0.4117699,1.0,293.776001
4106112.0,0.42030311,1.0,295.839996
4106190.0,0.41136357,1.0,295.152008
4106268.0,0.38307202,1.0,295.496002
4106346.0,0.41303977,1.0,295.496002
4106424.0,0.41781422,1.0,295.496002
4106502.0,0.41405565,1.0,295.152008
4106580.0,0.41182074,1.0,3.096
4106658.0,0.4047097,1.0,2.752
4106737.0,0.43264577,1.0,1.72
4106815.0,0.41385236,1.0,2.408
4106893.0,0.39790347,1.0,2.064
4106971.0,0.42197931,1.0,2.408
4107049.0,0.41629046,1.0,294.119995
4107127.0,0.43970594,1.0,295.496002
4107205.0,0.41309056,1.0,295.496002
4107283.0,0.40963668,1.0,295.496002
4107361.0,0.42462054,1.0,294.808014
4107440.0,0.41527462,1.0,295.496002
4107518.0,0.41456357,1.0,295.496002
4107596.0,0.43356001,1.0,3.096
4107674.0,0.42106506,1.0,2.064
4107752.0,0.41999838,1.0,2.408
4107830.0,0.42975056,1.0,1.72
4107908.0,0.41212547,1.0,2.064
4107986.0,0.42751575,1.0,1.72
4108064.0,0.41303977,1.0,294.119995
4108142.0,0.40435421,1.0,294.808014
4108221.0,0.38977659,1.0,295.839996
4108299.0,0.41715395,1.0,295.839996
4108377.0,0.41984603,1.0,296.18399
4108455.0,0.41542697,1.0,296.18399
4108533.0,0.40277961,1.0,160.992004
4108611.0,0.41202387,1.0,3.096
4108689.0,0.44026464,1.0,2.408
4108767.0,0.41044924,1.0,2.408
4108846.0,0.4046081,1.0,2.064
4108924.0,0.415681,1.0,2.408
4109002.0,0.43305215,1.0,123.152
4109080.0,0.42487442,1.0,295.496002
4109158.0,0.39912254,1.0,295.152008
4109236.0,0.39820835,1.0,295.839996
4109314.0,0.39871618,1.0,295.152008
4109392.0,0.38926873,1.0,294.808014
4109470.0,0.42187765,1.0,295.152008
4109549.0,0.4267031,1.0,1.376
4109627.0,0.41786507,1.0,1.032
4109705.0,0.42634752,1.0,1.376
4109783.0,0.41847453,1.0,1.376
4109861.0,0.4123795,1.0,1.72
4109939.0,0.41293818,1.0,1.72
4110017.0,0.39577025,1.0,295.152008
4110095.0,0.40323678,1.0,295.152008
4110173.0,0.39211318,1.0,294.808014
4110252.0,0.40491289,1.0,294.808014
4110330.0,0.42797282,1.0,294.463989
4110408.0,0.41700158,1.0,294.808014
4110486.0,0.41512224,1.0,295.839996
4110564.0,0.41761103,1.0,3.44
4110642.0,0.40851921,1.0,2.408
4110720.0,0.44793442,1.0,2.408
4110798.0,0.40552235,1.0,2.408
4110877.0,0.42523,1.0,2.408
4110955.0,0.42787129,1.0,2.408
4111033.0,0.43091878,1.0,293.432007
4111111.0,0.43239179,1.0,295.496002
4111189.0,0.42523,1.0,294.808014
4111267.0,0.4173063,1.0,296.528015
4111345.0,0.4305633,1.0,295.496002
4111423.0,0.42289358,1.0,296.18399
4111502.0,0.40283045,1.0,295.839996
4111580.0,0.43757266,1.0,3.784
4111658.0,0.41243026,1.0,2.408
4111736.0,0.43985838,1.0,2.752
4111814.0,0.43381396,1.0,2.752
4111892.0,0.41827139,1.0,2.408
4111970.0,0.41151601,1.0,2.752
4112048.0,0.41268414,1.0,293.088013
4112126.0,0.40064621,1.0,294.808014
4112205.0,0.40633515,1.0,294.808014
4112283.0,0.4085699,1.0,294.808014
4112361.0,0.41370007,1.0,295.152008
4112439.0,0.41496989,1.0,295.152008
4112517.0,0.42863312,1.0,295.152008
4112595.0,0.41791576,1.0,2.752
4112673.0,0.42187765,1.0,1.72
4112751.0,0.44498834,1.0,1.72
4112829.0,0.41359848,1.0,1.72
4112907.0,0.41375083,1.0,1.72
4112986.0,0.41055092,1.0,1.72
4113064.0,0.43071565,1.0,293.776001
4113142.0,0.42060784,1.0,295.152008
4113220.0,0.41349688,1.0,295.152008
4113298.0,0.4235031,1.0,295.496002
4113376.0,0.42370623,1.0,295.152008
4113454.0,0.41771263,1.0,294.463989
4113533.0,0.43264577,1.0,167.871994
4113611.0,0.40232244,1.0,2.408
4113689.0,0.43676001,1.0,2.064
4113767.0,0.42482376,1.0,2.064
4113845.0,0.40851921,1.0,2.064
4113923.0,0.41857612,1.0,2.752
4114001.0,0.42203009,1.0,104.232002
4114079.0,0.42909026,1.0,296.18399
4114157.0,0.3866275,1.0,296.18399
4114235.0,0.4147667,1.0,296.18399
4114314.0,0.41105884,1.0,295.839996
4114392.0,0.4059796,1.0,296.18399
4114470.0,0.41862696,1.0,295.839996
4114548.0,0.42898867,1.0,2.408
4114626.0,0.41766196,1.0,2.408
4114704.0,0.42558557,1.0,2.408
4114782.0,0.42710933,1.0,2.408
4114860.0,0.41618887,1.0,1.376
4114938.0,0.41451263,1.0,1.376
4115017.0,0.4267031,1.0,295.496002
4115095.0,0.40608111,1.0,294.463989
4115173.0,0.41050008,1.0,294.463989
4115251.0,0.43107122,1.0,294.119995
4115329.0,0.40247479,1.0,295.152008
4115407.0,0.4132936,1.0,294.463989
4115485.0,0.43990922,1.0,294.808014
4115563.0,0.43356001,1.0,2.752
4115642.0,0.44016311,1.0,1.72
4115720.0,0.42954743,1.0,1.72
4115798.0,0.40288121,1.0,1.376
4115876.0,0.41979519,1.0,1.72
4115954.0,0.4243665,1.0,1.72
4116032.0,0.42157292,1.0,293.432007
4116110.0,0.41811904,1.0,295.496002
4116188.0,0.41080481,1.0,295.839996
4116267.0,0.41303977,1.0,295.496002
4116345.0,0.40562403,1.0,295.496002
4116423.0,0.42431566,1.0,295.496002
4116501.0,0.40770641,1.0,295.496002
4116579.0,0.43081719,1.0,3.44
4116657.0,0.41039854,1.0,2.752
4116735.0,0.42787129,1.0,3.096
4116813.0,0.42329997,1.0,2.752
4116891.0,0.43061405,1.0,2.408
4116969.0,0.42136979,1.0,2.408
4117048.0,0.42096341,1.0,294.463989
4117126.0,0.4126333,1.0,295.496002
4117204.0,0.43325529,1.0,296.18399
4117282.0,0.41161761,1.0,294.808014
4117360.0,0.41715395,1.0,296.528015
4117438.0,0.42162368,1.0,295.496002
4117516.0,0.41019535,1.0,295.152008
4117594.0,0.41700158,1.0,2.408
4117672.0,0.44133133,1.0,2.064
4117751.0,0.42055708,1.0,1.72
4117829.0,0.40714779,1.0,1.72
4117907.0,0.43640435,1.0,1.72
4117985.0,0.43010613,1.0,2.064
4118063.0,0.38479894,1.0,293.776001
4118141.0,0.39383999,1.0,294.808014
4118219.0,0.40719864,1.0,295.152008
4118298.0,0.41735724,1.0,295.152008
4118376.0,0.4062843,1.0,295.152008
4118454.0,0.42599195,1.0,295.152008
4118532.0,0.41593489,1.0,179.567993
4118610.0,0.41552857,1.0,2.064
4118688.0,0.43051246,1.0,2.064
4118766.0,0.43559179,1.0,1.72
4118844.0,0.41182074,1.0,2.064
4118922.0,0.40196687,1.0,2.064
4119001.0,0.40882394,1.0,94.944
4119079.0,0.4229444,1.0,295.152008
4119157.0,0.38205612,1.0,295.152008
4119235.0,0.41425884,1.0,295.496002
4119313.0,0.40633515,1.0,295.496002
4119391.0,0.4093827,1.0,295.496002
4119469.0,0.41659519,1.0,295.496002
4119547.0,0.38789725,1.0,1.72
4119625.0,0.40689385,1.0,1.72
4119704.0,0.42858234,1.0,1.72
4119782.0,0.43229026,1.0,2.064
4119860.0,0.39871618,1.0,2.064
4119938.0,0.42243642,1.0,2.064
4120016.0,0.40785894,1.0,296.18399
4120094.0,0.4274649,1.0,295.152008
4120172.0,0.40755421,1.0,295.496002
4120250.0,0.42929339,1.0,295.496002
4120328.0,0.41278583,1.0,295.496002
4120407.0,0.38931951,1.0,295.496002
4120485.0,0.44610587,1.0,295.152008
4120563.0,0.43391556,1.0,3.096
4120641.0,0.3951607,1.0,2.408
4120719.0,0.43828371,1.0,2.064
4120797.0,0.43376321,1.0,2.064
4120875.0,0.40989056,1.0,2.064
4120953.0,0.42883632,1.0,2.064
4121031.0,0.38926873,1.0,293.776001
4121110.0,0.41618887,1.0,295.496002
4121188.0,0.39830986,1.0,295.152008
4121266.0,0.40496367,1.0,295.496002
4121344.0,0.43168068,1.0,295.496002
4121422.0,0.42741406,1.0,295.496002
4121500.0,0.41674763,1.0,295.496002
4121578.0,0.4164429,1.0,3.096
4121656.0,0.4221316,1.0,1.72
4121735.0,0.44448057,1.0,2.064
4121813.0,0.4379282,1.0,1.72
4121891.0,0.40242404,1.0,2.064
4121969.0,0.41700158,1.0,2.064
4122047.0,0.43914726,1.0,294.463989
4122125.0,0.42868394,1.0,295.496002
4122203.0,0.39963046,1.0,295.152008
4122281.0,0.44036624,1.0,295.496002
4122359.0,0.40496367,1.0,295.839996
4122438.0,0.42893785,1.0,295.152008
4122516.0,0.39003062,1.0,295.839996
4122594.0,0.40851921,1.0,3.096
4122672.0,0.42329997,1.0,2.064
4122750.0,0.4188301,1.0,2.064
4122828.0,0.43863934,1.0,2.064
4122906.0,0.40196687,1.0,2.064
4122984.0,0.42792207,1.0,2.064
4123062.0,0.42548403,1.0,294.119995
4123141.0,0.41309056,1.0,295.152008
4123219.0,0.42705849,1.0,295.496002
4123297.0,0.38159895,1.0,295.496002
4123375.0,0.41664603,1.0,295.496002
4123453.0,0.42975056,1.0,295.496002
4123531.0,0.42106506,1.0,189.888
4123609.0,0.42523,1.0,2.064
4123687.0,0.43970594,1.0,2.064
4123766.0,0.44646141,1.0,2.064
4123844.0,0.42390943,1.0,1.72
4123922.0,0.42695698,1.0,2.064
4124000.0,0.40623355,1.0,84.968002
4124078.0,0.42248717,1.0,295.496002
4124156.0,0.38987827,1.0,295.496002
4124234.0,0.41222706,1.0,295.496002
4124312.0,0.42162368,1.0,295.152008
4124390.0,0.41090649,1.0,296.18399
4124469.0,0.42263967,1.0,295.496002
4124547.0,0.43554094,1.0,1.72
4124625.0,0.42893785,1.0,2.064
4124703.0,0.43935046,1.0,2.064
4124781.0,0.41756028,1.0,1.72
4124859.0,0.41928726,1.0,2.064
4124937.0,0.41857612,1.0,2.064
4125015.0,0.42848074,1.0,296.18399
4125093.0,0.42446819,1.0,295.839996
4125172.0,0.39597335,1.0,295.152008
4125250.0,0.39236712,1.0,295.839996
4125328.0,0.4133445,1.0,295.496002
4125406.0,0.41298887,1.0,294.808014
4125484.0,0.42573792,1.0,295.496002
4125562.0,0.43599811,1.0,2.752
4125640.0,0.41593489,1.0,2.064
4125718.0,0.415681,1.0,2.408
4125796.0,0.41822064,1.0,1.72
4125875.0,0.43904558,1.0,2.752
4125953.0,0.44539481,1.0,3.096
4126031.0,0.42462054,1.0,294.119995
4126109.0,0.40511611,1.0,296.18399
4126187.0,0.40623355,1.0,295.839996
4126265.0,0.42111576,1.0,295.839996
4126343.0,0.40806204,1.0,296.18399
4126422.0,0.40262717,1.0,295.496002
4126500.0,0.41700158,1.0,295.839996
4126578.0,0.42233482,1.0,3.44
4126656.0,0.42964897,1.0,2.408
4126734.0,0.40100187,1.0,2.408
4126812.0,0.4180682,1.0,2.408
4126890.0,0.40745261,1.0,2.408
4126968.0,0.41659519,1.0,2.064
4127046.0,0.41395405,1.0,294.119995
4127125.0,0.41552857,1.0,295.496002
4127203.0,0.40912867,1.0,295.496002
4127281.0,0.4236047,1.0,295.496002
4127359.0,0.43025842,1.0,295.839996
4127437.0,0.4150714,1.0,295.839996
4127515.0,0.40404943,1.0,295.839996
4127593.0,0.43051246,1.0,3.096
4127671.0,0.43543935,1.0,2.064
4127749.0,0.43112192,1.0,2.064
4127827.0,0.42517915,1.0,2.064
4127906.0,0.42700782,1.0,2.064
4127984.0,0.42335066,1.0,2.408
4128062.0,0.42101416,1.0,294.119995
4128140.0,0.40369385,1.0,295.496002
4128218.0,0.4180682,1.0,295.496002
4128296.0,0.41446197,1.0,295.496002
4128374.0,0.43218866,1.0,295.496002
4128452.0,0.39912254,1.0,295.152008
4128530.0,0.41532546,1.0,199.175995
4128609.0,0.4141064,1.0,2.752
4128687.0,0.41781422,1.0,2.408
4128765.0,0.41364923,1.0,2.408
4128843.0,0.38810045,1.0,2.752
4128921.0,0.41862696,1.0,2.752
4128999.0,0.43457586,1.0,80.496002
4129077.0,0.42131895,1.0,295.839996
4129156.0,0.39749715,1.0,295.496002
4129234.0,0.40481138,1.0,295.839996
4129312.0,0.41603658,1.0,295.839996
4129390.0,0.41192234,1.0,295.496002
4129468.0,0.42070949,1.0,295.839996
4129546.0,0.43462676,1.0,1.72
4129624.0,0.43538859,1.0,2.408
4129702.0,0.44077262,1.0,2.408
4129780.0,0.43731868,1.0,2.064
4129858.0,0.40978897,1.0,2.408
4129937.0,0.40283045,1.0,2.408
4130015.0,0.41380167,1.0,296.872009
4130093.0,0.43127435,1.0,295.496002
4130171.0,0.41258264,1.0,295.839996
4130249.0,0.4181698,1.0,296.528015
4130327.0,0.43020773,1.0,295.496002
4130405.0,0.42467123,1.0,295.496002
4130483.0,0.40343997,1.0,295.839996
4130562.0,0.41639206,1.0,4.128
4130640.0,0.44986454,1.0,2.752
4130718.0,0.42634752,1.0,2.408
4130796.0,0.41192234,1.0,2.064
4130874.0,0.44031549,1.0,2.752
4130952.0,0.42594111,1.0,3.096
4131030.0,0.41608733,1.0,294.463989
4131108.0,0.43005535,1.0,296.18399
4131187.0,0.41161761,1.0,296.528015
4131265.0,0.43924895,1.0,296.528015
4131343.0,0.40770641,1.0,296.18399
4131421.0,0.44940737,1.0,296.18399
4131499.0,0.41725549,1.0,296.18399
4131577.0,0.42507765,1.0,3.784
4131655.0,0.42472214,1.0,2.408
4131733.0,0.42182687,1.0,2.408
4131811.0,0.43213782,1.0,2.408
4131889.0,0.418881,1.0,2.752
4131968.0,0.40735093,1.0,2.408
4132046.0,0.41563016,1.0,294.463989
4132124.0,0.40948424,1.0,295.839996
4132202.0,0.41771263,1.0,295.839996
4132280.0,0.39947808,1.0,295.839996
4132358.0,0.4163413,1.0,295.839996
4132436.0,0.41623971,1.0,296.18399
4132514.0,0.4092302,1.0,295.839996
4132592.0,0.40191618,1.0,3.096
4132671.0,0.41491914,1.0,2.064
4132749.0,0.44473445,1.0,2.408
4132827.0,0.43528706,1.0,2.064
4132905.0,0.41364923,1.0,2.408
4132983.0,0.42131895,1.0,2.408
4133061.0,0.45397878,1.0,294.119995
4133139.0,0.42863312,1.0,295.152008
4133217.0,0.41278583,1.0,295.496002
4133295.0,0.42446819,1.0,295.496002
4133374.0,0.4316299,1.0,295.839996
4133452.0,0.42203009,1.0,295.496002
4133530.0,0.40755421,1.0,205.712006
4133608.0,0.42726177,1.0,2.408
4133686.0,0.43782669,1.0,2.064
4133764.0,0.42782047,1.0,1.72
4133842.0,0.41903329,1.0,2.064
4133921.0,0.41659519,1.0,3.096
4133999.0,0.41943961,1.0,72.239998
4134077.0,0.40150979,1.0,296.18399
4134155.0,0.40770641,1.0,296.528015
4134233.0,0.41014451,1.0,296.18399
4134311.0,0.4148683,1.0,296.18399
4134389.0,0.42390943,1.0,296.18399
4134467.0,0.41781422,1.0,295.839996
4134545.0,0.40638584,1.0,1.376
4134624.0,0.41359848,1.0,2.408
4134702.0,0.44361708,1.0,2.408
4134780.0,0.40816367,1.0,2.408
4134858.0,0.43808058,1.0,2.752
4134936.0,0.44351539,1.0,2.064
4135014.0,0.43274742,1.0,297.559998
4135092.0,0.41324291,1.0,295.496002
4135170.0,0.40425262,1.0,295.839996
4135248.0,0.42401093,1.0,295.839996
4135327.0,0.42167452,1.0,295.839996
4135405.0,0.43574408,1.0,295.839996
4135483.0,0.40669057,1.0,295.839996
4135561.0,0.43533775,1.0,3.44
4135639.0,0.42873472,1.0,2.064
4135717.0,0.41791576,1.0,2.064
4135795.0,0.4187285,1.0,2.408
4135873.0,0.41908404,1.0,2.064
4135952.0,0.41532546,1.0,2.064
4136030.0,0.43107122,1.0,293.776001
4136108.0,0.44219482,1.0,295.496002
4136186.0,0.41938886,1.0,295.496002
4136264.0,0.41354764,1.0,295.496002
4136342.0,0.41309056,1.0,295.496002
4136420.0,0.42558557,1.0,295.496002
4136498.0,0.41146517,1.0,295.496002
4136576.0,0.42441735,1.0,3.096
4136655.0,0.42187765,1.0,2.064
4136733.0,0.4234015,1.0,2.064
4136811.0,0.43498218,1.0,1.72
4136889.0,0.39221469,1.0,2.064
4136967.0,0.42558557,1.0,1.72
4137045.0,0.43757266,1.0,293.776001
4137123.0,0.42964897,1.0,295.496002
4137201.0,0.38845602,1.0,295.496002
4137279.0,0.41014451,1.0,295.496002
4137358.0,0.41862696,1.0,295.496002
4137436.0,0.42716008,1.0,295.496002
4137514.0,0.42949659,1.0,295.839996
4137592.0,0.40674141,1.0,2.752
4137670.0,0.44148368,1.0,2.064
4137748.0,0.42065868,1.0,2.064
4137826.0,0.41857612,1.0,2.408
4137904.0,0.42842999,1.0,1.72
4137982.0,0.42299509,1.0,2.064
4138060.0,0.40455735,1.0,294.119995
4138139.0,0.42878556,1.0,295.152008
4138217.0,0.42583945,1.0,295.152008
4138295.0,0.41608733,1.0,295.496002
4138373.0,0.42665225,1.0,295.496002
4138451.0,0.40318593,1.0,295.496002
4138529.0,0.43036008,1.0,214.656006
4138607.0,0.42162368,1.0,2.408
4138685.0,0.44762963,1.0,2.064
4138764.0,0.42162368,1.0,2.064
4138842.0,0.41684923,1.0,2.064
4138920.0,0.41811904,1.0,1.376
4138998.0,0.41608733,1.0,67.080002
4139076.0,0.42594111,1.0,294.808014
4139154.0,0.41481751,1.0,295.152008
4139232.0,0.40237328,1.0,294.808014
4139310.0,0.43376321,1.0,295.839996
4139389.0,0.41908404,1.0,295.496002
4139467.0,0.42335066,1.0,295.496002
4139545.0,0.43147746,1.0,1.376
4139623.0,0.41563016,1.0,1.72
4139701.0,0.44036624,1.0,2.064
4139779.0,0.41994753,1.0,2.064
4139857.0,0.42954743,1.0,2.064
4139935.0,0.42822686,1.0,2.064
4140013.0,0.40303355,1.0,297.216003
4140092.0,0.4229444,1.0,295.152008
4140170.0,0.3848497,1.0,295.152008
4140248.0,0.40090027,1.0,295.496002
4140326.0,0.42451888,1.0,295.152008
4140404.0,0.43274742,1.0,295.496002
4140482.0,0.40486208,1.0,296.18399
4140560.0,0.41857612,1.0,3.096
4140638.0,0.40293205,1.0,2.064
4140717.0,0.43366152,1.0,2.064
4140795.0,0.42741406,1.0,2.064
4140873.0,0.42624584,1.0,2.064
4140951.0,0.41669694,1.0,2.064
4141029.0,0.41933808,1.0,293.432007
4141107.0,0.42406178,1.0,295.152008
4141185.0,0.4131414,1.0,294.808014
4141263.0,0.46647379,1.0,295.496002
4141341.0,0.41857612,1.0,295.839996
4141420.0,0.42792207,1.0,295.496002
4141498.0,0.42792207,1.0,295.496002
4141576.0,0.43599811,1.0,3.096
4141654.0,0.43361086,1.0,1.72
4141732.0,0.43889329,1.0,1.72
4141810.0,0.42203009,1.0,2.064
4141888.0,0.43254423,1.0,2.752
4141966.0,0.42203009,1.0,2.064
4142044.0,0.4046081,1.0,293.776001
4142123.0,0.42015076,1.0,295.152008
4142201.0,0.40476054,1.0,294.808014
4142279.0,0.42081103,1.0,295.496002
4142357.0,0.41461432,1.0,295.152008
4142435.0,0.42761725,1.0,295.496002
4142513.0,0.41943961,1.0,296.18399
4142591.0,0.42370623,1.0,2.752
4142669.0,0.42731252,1.0,2.064
4142747.0,0.42065868,1.0,2.064
4142826.0,0.43742028,1.0,2.064
4142904.0,0.41151601,1.0,2.064
4142982.0,0.4131414,1.0,2.064
4143060.0,0.41766196,1.0,294.119995
4143138.0,0.42065868,1.0,295.152008
4143216.0,0.4037447,1.0,295.496002
4143294.0,0.41664603,1.0,295.496002
4143372.0,0.40496367,1.0,295.496002
4143450.0,0.4147667,1.0,295.496002
4143529.0,0.43447432,1.0,221.192001
4143607.0,0.42873472,1.0,2.408
4143685.0,0.43813142,1.0,2.064
4143763.0,0.42233482,1.0,2.064
4143841.0,0.4219285,1.0,2.064
4143919.0,0.42512846,1.0,2.064
4143997.0,0.41705236,1.0,58.136002
4144076.0,0.41105884,1.0,295.152008
4144154.0,0.39353526,1.0,295.496002
4144232.0,0.40211931,1.0,295.496002
4144310.0,0.41430959,1.0,295.496002
4144388.0,0.4092302,1.0,295.496002
4144466.0,0.42319828,1.0,295.839996
4144544.0,0.41212547,1.0,1.032
4144622.0,0.424265,1.0,2.064
4144700.0,0.43498218,1.0,2.064
4144778.0,0.42736337,1.0,2.064
4144857.0,0.42345226,1.0,2.064
4144935.0,0.42329997,1.0,1.376
4145013.0,0.43503302,1.0,296.528015
4145091.0,0.40415108,1.0,294.808014
4145169.0,0.41055092,1.0,295.496002
4145247.0,0.41766196,1.0,295.152008
4145325.0,0.42441735,1.0,294.808014
4145403.0,0.4266015,1.0,294.808014
4145481.0,0.41024619,1.0,295.152008
4145560.0,0.41039854,1.0,3.096
4145638.0,0.41268414,1.0,1.72
4145716.0,0.42634752,1.0,1.72
4145794.0,0.45189631,1.0,2.064
4145872.0,0.44498834,1.0,2.064
4145950.0,0.41791576,1.0,2.064
4146028.0,0.41984603,1.0,293.432007
4146106.0,0.43020773,1.0,295.496002
4146185.0,0.40079865,1.0,295.496002
4146263.0,0.41415724,1.0,295.496002
4146341.0,0.4053193,1.0,295.496002
4146419.0,0.41745874,1.0,295.839996
4146497.0,0.40496367,1.0,295.496002
4146575.0,0.42512846,1.0,3.096
4146653.0,0.41801751,1.0,2.064
4146731.0,0.41349688,1.0,2.064
4146810.0,0.41984603,1.0,2.064
4146888.0,0.40150979,1.0,2.064
4146966.0,0.40968743,1.0,2.064
4147044.0,0.41339535,1.0,294.119995
4147122.0,0.39566866,1.0,295.152008
4147200.0,0.42060784,1.0,295.496002
4147278.0,0.42472214,1.0,295.496002
4147356.0,0.39876688,1.0,295.496002
4147434.0,0.39262095,1.0,295.496002
4147513.0,0.40623355,1.0,295.496002
4147591.0,0.41761103,1.0,3.096
4147669.0,0.42832839,1.0,1.72
4147747.0,0.43188393,1.0,1.72
4147825.0,0.42873472,1.0,2.064
4147903.0,0.41425884,1.0,2.408
4147981.0,0.41994753,1.0,2.752
4148059.0,0.42365539,1.0,294.463989
4148137.0,0.39917335,1.0,295.839996
4148215.0,0.42004913,1.0,295.839996
4148294.0,0.42015076,1.0,295.839996
4148372.0,0.42705849,1.0,295.839996
4148450.0,0.43594736,1.0,295.496002
4148528.0,0.4292427,1.0,230.136002
4148606.0,0.42243642,1.0,2.408
4148684.0,0.45448664,1.0,1.72
4148762.0,0.38815129,1.0,1.72
4148840.0,0.42421415,1.0,1.72
4148919.0,0.43965518,1.0,2.752
4148997.0,0.42802367,1.0,52.976002
4149075.0,0.42467123,1.0,295.839996
4149153.0,0.42172536,1.0,295.839996
4149231.0,0.4164429,1.0,294.808014
4149309.0,0.40506527,1.0,295.839996
4149387.0,0.43117273,1.0,295.496002
4149465.0,0.42345226,1.0,295.496002
4149544.0,0.42934424,1.0,1.72
4149622.0,0.43848696,1.0,2.064
4149700.0,0.42314747,1.0,1.376
4149778.0,0.4188301,1.0,1.72
4149856.0,0.44173771,1.0,2.408
4149934.0,0.42208093,1.0,2.064
4150012.0,0.43726793,1.0,296.18399
4150090.0,0.43802989,1.0,295.496002
4150168.0,0.415681,1.0,295.496002
4150246.0,0.42512846,1.0,295.152008
4150325.0,0.42858234,1.0,295.839996
4150403.0,0.41375083,1.0,295.839996
4150481.0,0.42187765,1.0,296.18399
4150559.0,0.4234015,1.0,3.096
4150637.0,0.44331235,1.0,2.064
4150715.0,0.44026464,1.0,2.408
4150793.0,0.4274649,1.0,2.064
4150871.0,0.4154779,1.0,2.064
4150949.0,0.42375699,1.0,2.064
4151028.0,0.42365539,1.0,293.776001
4151106.0,0.42649981,1.0,295.496002
4151184.0,0.42208093,1.0,295.496002
4151262.0,0.42035386,1.0,295.496002
4151340.0,0.4174079,1.0,295.496002
4151418.0,0.42182687,1.0,295.496002
4151496.0,0.43203622,1.0,294.463989
4151574.0,0.42131895,1.0,2.752
4151653.0,0.43940115,1.0,1.72
4151731.0,0.43188393,1.0,1.72
4151809.0,0.44884869,1.0,1.72
4151887.0,0.43498218,1.0,1.376
4151965.0,0.43513462,1.0,2.064
4152043.0,0.42086187,1.0,293.432007
4152121.0,0.42533159,1.0,294.808014
4152199.0,0.43020773,1.0,295.496002
4152278.0,0.4195413,1.0,295.152008
4152356.0,0.42949659,1.0,295.496002
4152434.0,0.41288733,1.0,294.808014
4152512.0,0.41420794,1.0,295.152008
4152590.0,0.44778198,1.0,2.408
4152668.0,0.42533159,1.0,1.72
4152746.0,0.4243665,1.0,1.72
4152824.0,0.4180682,1.0,1.72
4152902.0,0.43051246,1.0,1.72
4152981.0,0.43462676,1.0,1.72
4153059.0,0.40755421,1.0,293.776001
4153137.0,0.41324291,1.0,295.152008
4153215.0,0.43025842,1.0,295.496002
4153293.0,0.4171032,1.0,295.152008
4153371.0,0.43884245,1.0,295.152008
4153449.0,0.43142676,1.0,295.496002
4153527.0,0.4236047,1.0,236.671997
4153605.0,0.43823293,1.0,2.752
4153684.0,0.45656916,1.0,1.72
4153762.0,0.42223319,1.0,2.064
4153840.0,0.41776347,1.0,1.72
4153918.0,0.42370623,1.0,1.72
4153996.0,0.41496989,1.0,38.183998
4154074.0,0.42187765,1.0,294.808014
4154152.0,0.39328137,1.0,295.152008
4154230.0,0.41222706,1.0,295.496002
4154308.0,0.41405565,1.0,295.152008
4154387.0,0.41943961,1.0,295.496002
4154465.0,0.44580114,1.0,294.808014
4154543.0,0.41969359,1.0,4.816
4154621.0,0.4173063,1.0,2.064
4154699.0,0.44834074,1.0,1.72
4154777.0,0.43345848,1.0,2.064
4154855.0,0.42842999,1.0,1.72
4154933.0,0.40709695,1.0,2.064
4155012.0,0.45342007,1.0,295.496002
4155090.0,0.4274649,1.0,295.496002
4155168.0,0.41222706,1.0,294.808014
4155246.0,0.43076649,1.0,295.496002
4155324.0,0.41791576,1.0,295.152008
4155402.0,0.44056952,1.0,295.152008
4155480.0,0.41801751,1.0,295.496002
4155558.0,0.42142063,1.0,3.44
4155636.0,0.41202387,1.0,2.064
4155715.0,0.44981378,1.0,2.064
4155793.0,0.42233482,1.0,2.064
4155871.0,0.43620124,1.0,1.72
4155949.0,0.44006151,1.0,2.064
4156027.0,0.44087425,1.0,293.432007
4156105.0,0.42776963,1.0,295.152008
4156183.0,0.40288121,1.0,295.496002
4156261.0,0.39455119,1.0,295.496002
4156339.0,0.43020773,1.0,295.839996
4156418.0,0.41771263,1.0,295.496002
4156496.0,0.40552235,1.0,295.496002
4156574.0,0.39957961,1.0,3.096
4156652.0,0.43356001,1.0,2.064
4156730.0,0.43589652,1.0,2.064
4156808.0,0.4245697,1.0,1.72
4156886.0,0.41243026,1.0,1.72
4156964.0,0.44417575,1.0,2.408
4157042.0,0.4258903,1.0,293.776001
4157121.0,0.40790963,1.0,295.152008
4157199.0,0.40288121,1.0,295.496002
4157277.0,0.4062843,1.0,295.152008
4157355.0,0.42421415,1.0,296.18399
4157433.0,0.40887478,1.0,295.152008
4157511.0,0.43300125,1.0,295.496002
4157589.0,0.41278583,1.0,2.752
4157667.0,0.4229444,1.0,2.064
4157746.0,0.42406178,1.0,1.72
4157824.0,0.41811904,1.0,1.376
4157902.0,0.42284274,1.0,2.064
4157980.0,0.44265199,1.0,2.064
4158058.0,0.42309669,1.0,293.776001
4158136.0,0.41273507,1.0,294.463989
4158214.0,0.40653828,1.0,295.496002
4158292.0,0.42487442,1.0,295.496002
4158370.0,0.43731868,1.0,295.496002
4158449.0,0.43411878,1.0,295.839996
4158527.0,0.41009384,1.0,246.992004
4158605.0,0.44194078,1.0,2.408
4158683.0,0.44310915,1.0,2.064
4158761.0,0.42136979,1.0,2.064
4158839.0,0.415681,1.0,1.376
4158917.0,0.4227919,1.0,1.72
4158995.0,0.44280428,1.0,26.143999
4159073.0,0.4266015,1.0,294.808014
4159152.0,0.4076049,1.0,295.839996
4159230.0,0.41161761,1.0,295.496002
4159308.0,0.41283658,1.0,295.839996
4159386.0,0.41187149,1.0,295.152008
4159464.0,0.40562403,1.0,295.496002
4159542.0,0.42568716,1.0,7.224
4159620.0,0.42096341,1.0,1.376
4159698.0,0.44026464,1.0,1.72
4159776.0,0.42187765,1.0,1.72
4159855.0,0.43716639,1.0,2.408
4159933.0,0.40994141,1.0,1.72
4160011.0,0.41116044,1.0,293.776001
4160089.0,0.41375083,1.0,295.839996
4160167.0,0.39983365,1.0,295.152008
4160245.0,0.39993519,1.0,295.496002
4160323.0,0.42517915,1.0,295.839996
4160402.0,0.40399858,1.0,295.496002
4160480.0,0.41243026,1.0,295.839996
4160558.0,0.42954743,1.0,2.752
4160636.0,0.42787129,1.0,2.064
4160714.0,0.43599811,1.0,2.064
4160792.0,0.42649981,1.0,2.064
4160870.0,0.4140048,1.0,1.72
4160948.0,0.44402331,1.0,1.376
4161026.0,0.43767425,1.0,293.088013
4161105.0,0.42355385,1.0,294.808014
4161183.0,0.41964281,1.0,294.808014
4161261.0,0.43716639,1.0,294.808014
4161339.0,0.42319828,1.0,294.808014
4161417.0,0.42401093,1.0,295.152008
4161495.0,0.40745261,1.0,294.808014
4161573.0,0.42995369,1.0,2.752
4161651.0,0.43208706,1.0,1.72
4161729.0,0.44879791,1.0,1.72
4161807.0,0.44173771,1.0,1.72
4161886.0,0.41268414,1.0,1.72
4161964.0,0.43239179,1.0,1.72
4162042.0,0.41700158,1.0,293.432007
4162120.0,0.43574408,1.0,294.808014
4162198.0,0.43985838,1.0,294.463989
4162276.0,0.41070327,1.0,295.839996
4162354.0,0.40145895,1.0,295.496002
4162432.0,0.43406799,1.0,295.496002
4162511.0,0.44595349,1.0,296.18399
4162589.0,0.43462676,1.0,3.44
4162667.0,0.42812526,1.0,2.064
4162745.0,0.44315982,1.0,2.408
4162823.0,0.43300125,1.0,2.064
4162901.0,0.44915348,1.0,2.408
4162979.0,0.41771263,1.0,2.064
4163057.0,0.42070949,1.0,294.463989
4163136.0,0.39236712,1.0,295.496002
4163214.0,0.42182687,1.0,295.839996
4163292.0,0.43488058,1.0,294.808014
4163370.0,0.42121735,1.0,295.839996
4163448.0,0.42025226,1.0,295.152008
4163526.0,0.43863934,1.0,251.807999
4163604.0,0.42263967,1.0,2.408
4163682.0,0.45331842,1.0,1.376
4163760.0,0.46190247,1.0,1.376
4163839.0,0.42528084,1.0,1.72
4163917.0,0.42797282,1.0,1.72
4163995.0,0.42705849,1.0,17.200001
4164073.0,0.40669057,1.0,294.119995
4164151.0,0.43447432,1.0,295.152008
4164229.0,0.40948424,1.0,295.152008
4164307.0,0.41044924,1.0,295.152008
4164385.0,0.43655679,1.0,295.152008
4164463.0,0.40369385,1.0,295.152008
4164541.0,0.41527462,1.0,11.008
4164620.0,0.4245697,1.0,1.72
4164698.0,0.44849318,1.0,1.72
4164776.0,0.42741406,1.0,1.72
4164854.0,0.41390321,1.0,1.72
4164932.0,0.43554094,1.0,1.72
4165010.0,0.44849318,1.0,293.432007
4165088.0,0.41913483,1.0,295.839996
4165167.0,0.40333828,1.0,295.839996
4165245.0,0.41050008,1.0,296.18399
4165323.0,0.43274742,1.0,295.839996
4165401.0,0.43061405,1.0,295.839996
4165479.0,0.43559179,1.0,296.18399
4165557.0,0.4267031,1.0,2.752
4165635.0,0.42355385,1.0,2.064
4165713.0,0.44051868,1.0,2.408
4165791.0,0.43208706,1.0,1.72
4165870.0,0.42721093,1.0,1.72
4165948.0,0.43818218,1.0,2.064
4166026.0,0.42858234,1.0,293.432007
4166104.0,0.42533159,1.0,295.496002
4166182.0,0.40491289,1.0,295.152008
4166260.0,0.45468983,1.0,295.152008
4166338.0,0.43736953,1.0,294.808014
4166416.0,0.42639822,1.0,295.496002
4166494.0,0.42700782,1.0,295.152008
4166572.0,0.41552857,1.0,2.752
4166651.0,0.42467123,1.0,2.064
4166729.0,0.44407415,1.0,1.72
4166807.0,0.42954743,1.0,1.72
4166885.0,0.41964281,1.0,2.408
4166963.0,0.41842377,1.0,2.408
4167041.0,0.41502064,1.0,294.119995
4167119.0,0.41898254,1.0,295.839996
4167197.0,0.43391556,1.0,295.839996
4167276.0,0.41761103,1.0,295.152008
4167354.0,0.43046162,1.0,294.808014
4167432.0,0.42919189,1.0,295.152008
4167510.0,0.41964281,1.0,295.496002
4167588.0,0.44981378,1.0,2.408
4167666.0,0.42716008,1.0,2.064
4167744.0,0.43721709,1.0,2.408
4167822.0,0.43599811,1.0,2.064
4167901.0,0.43721709,1.0,2.408
4167979.0,0.42233482,1.0,2.064
4168057.0,0.44371858,1.0,294.119995
4168135.0,0.40577638,1.0,295.496002
4168213.0,0.4093827,1.0,295.496002
4168291.0,0.41466507,1.0,295.152008
4168369.0,0.42827755,1.0,295.152008
4168447.0,0.43157914,1.0,295.839996
4168525.0,0.4345251,1.0,258.0
4168604.0,0.44062021,1.0,2.408
4168682.0,0.43198547,1.0,1.72
4168760.0,0.4473249,1.0,2.064
4168838.0,0.42004913,1.0,1.72
4168916.0,0.42446819,1.0,2.064
4168994.0,0.41938886,1.0,13.416
4169072.0,0.43137595,1.0,294.119995
4169150.0,0.41050008,1.0,295.152008
4169228.0,0.43838531,1.0,295.152008
4169307.0,0.42583945,1.0,294.808014
4169385.0,0.42365539,1.0,294.808014
4169463.0,0.41949046,1.0,295.152008
4169541.0,0.42914104,1.0,13.76
4169619.0,0.43361086,1.0,1.376
4169697.0,0.43523622,1.0,1.72
4169775.0,0.42299509,1.0,1.72
4169853.0,0.41923642,1.0,1.72
4169932.0,0.43924895,1.0,1.376
4170010.0,0.43589652,1.0,289.303986
4170088.0,0.43696311,1.0,294.463989
4170166.0,0.41502064,1.0,295.152008
4170244.0,0.40399858,1.0,294.808014
4170322.0,0.42914104,1.0,294.463989
4170400.0,0.41517302,1.0,295.152008
4170478.0,0.43955365,1.0,294.808014
4170556.0,0.42396027,1.0,2.408
4170635.0,0.42111576,1.0,1.376
4170713.0,0.43909642,1.0,1.72
4170791.0,0.45875323,1.0,1.376
4170869.0,0.43945199,1.0,1.72
4170947.0,0.42401093,1.0,2.064
4171025.0,0.41903329,1.0,292.743988
4171103.0,0.42010006,1.0,294.808014
4171181.0,0.41512224,1.0,295.152008
4171259.0,0.43955365,1.0,295.496002
4171338.0,0.42741406,1.0,295.152008
4171416.0,0.43731868,1.0,294.808014
4171494.0,0.43869019,1.0,295.152008
4171572.0,0.45123595,1.0,2.408
4171650.0,0.4197444,1.0,1.72
4171728.0,0.43767425,1.0,1.376
4171806.0,0.43411878,1.0,2.064
4171884.0,0.43599811,1.0,1.72
4171962.0,0.42309669,1.0,1.72
4172041.0,0.43137595,1.0,293.432007
4172119.0,0.40206847,1.0,295.152008
4172197.0,0.41248101,1.0,295.152008
4172275.0,0.4147667,1.0,295.496002
4172353.0,0.41309056,1.0,294.808014
4172431.0,0.39973211,1.0,295.496002
4172509.0,0.42802367,1.0,295.496002
4172587.0,0.41659519,1.0,3.096
4172665.0,0.43645528,1.0,1.72
4172744.0,0.43706471,1.0,1.376
4172822.0,0.41618887,1.0,1.72
4172900.0,0.42314747,1.0,1.376
4172978.0,0.43716639,1.0,1.72
4173056.0,0.42929339,1.0,293.088013
4173134.0,0.41380167,1.0,294.808014
4173212.0,0.43076649,1.0,294.808014
4173291.0,0.43107122,1.0,295.496002
4173369.0,0.42045546,1.0,295.152008
4173447.0,0.41583329,1.0,295.496002
4173525.0,0.42721093,1.0,264.191986
4173603.0,0.43904558,1.0,2.752
4173681.0,0.44818839,1.0,1.72
4173759.0,0.44605508,1.0,1.376
4173837.0,0.42111576,1.0,1.376
4173915.0,0.43005535,1.0,1.72
4173993.0,0.41832224,1.0,8.256
4174072.0,0.42868394,1.0,293.776001
4174150.0,0.42248717,1.0,295.496002
4174228.0,0.40983981,1.0,295.496002
4174306.0,0.43736953,1.0,295.152008
4174384.0,0.43305215,1.0,295.496002
4174462.0,0.44356623,1.0,295.152008
4174540.0,0.41796666,1.0,17.544001
4174618.0,0.43604887,1.0,2.752
4174696.0,0.44117898,1.0,2.408
4174775.0,0.44493765,1.0,1.376
4174853.0,0.43594736,1.0,2.064
4174931.0,0.4339664,1.0,1.376
4175009.0,0.44930577,1.0,286.552002
4175087.0,0.4300046,1.0,294.808014
4175165.0,0.40608111,1.0,295.152008
4175243.0,0.42751575,1.0,295.152008
4175322.0,0.40801123,1.0,294.463989
4175400.0,0.4234015,1.0,295.496002
4175478.0,0.43554094,1.0,295.839996
4175556.0,0.42172536,1.0,2.752
4175634.0,0.44087425,1.0,1.376
4175712.0,0.42710933,1.0,2.064
4175790.0,0.41227791,1.0,1.72
4175868.0,0.41456357,1.0,1.72
4175946.0,0.43361086,1.0,2.064
4176025.0,0.42111576,1.0,293.776001
4176103.0,0.42523,1.0,294.808014
4176181.0,0.43279812,1.0,295.496002
4176259.0,0.41095725,1.0,295.152008
4176337.0,0.43777585,1.0,295.496002
4176415.0,0.44519159,1.0,295.152008
4176493.0,0.43076649,1.0,295.152008
4176571.0,0.41689998,1.0,3.096
4176649.0,0.424265,1.0,2.408
4176727.0,0.44346455,1.0,2.064
4176806.0,0.43244255,1.0,2.064
4176884.0,0.42355385,1.0,2.064
4176962.0,0.42390943,1.0,2.064
4177040.0,0.43467745,1.0,293.776001
4177118.0,0.44702017,1.0,295.496002
4177196.0,0.4268046,1.0,295.496002
4177274.0,0.42512846,1.0,295.152008
4177352.0,0.44072181,1.0,295.496002
4177430.0,0.4456487,1.0,295.496002
4177509.0,0.40750337,1.0,296.18399
4177587.0,0.43594736,1.0,3.784
4177665.0,0.43041092,1.0,2.408
4177743.0,0.44752795,1.0,2.752
4177821.0,0.4292427,1.0,2.408
4177899.0,0.44224557,1.0,2.408
4177977.0,0.42878556,1.0,2.408
4178055.0,0.42949659,1.0,294.463989
4178134.0,0.4229444,1.0,295.839996
4178212.0,0.44468361,1.0,295.839996
4178290.0,0.42152217,1.0,295.839996
4178368.0,0.42253792,1.0,295.839996
4178446.0,0.44331235,1.0,295.839996
4178524.0,0.43427113,1.0,270.384003
4178602.0,0.42076033,1.0,2.752
4178680.0,0.43366152,1.0,2.408
4178759.0,0.4180682,1.0,2.064
4178837.0,0.45088038,1.0,2.064
4178915.0,0.41217631,1.0,2.064
4178993.0,0.42842999,1.0,5.16
4179071.0,0.4245697,1.0,294.463989
4179149.0,0.4132936,1.0,295.496002
4179227.0,0.43046162,1.0,295.496002
4179305.0,0.43706471,1.0,295.496002
4179383.0,0.44641066,1.0,295.839996
4179462.0,0.43589652,1.0,295.496002
4179540.0,0.43538859,1.0,20.639999
4179618.0,0.43183312,1.0,2.064
4179696.0,0.43802989,1.0,2.064
4179774.0,0.43513462,1.0,2.064
4179852.0,0.45397878,1.0,2.064
4179930.0,0.43310291,1.0,2.064
4180008.0,0.42477292,1.0,281.735992
4180086.0,0.42573792,1.0,296.18399
4180164.0,0.40547165,1.0,295.839996
4180243.0,0.43904558,1.0,296.18399
4180321.0,0.42289358,1.0,296.18399
4180399.0,0.43015689,1.0,295.839996
4180477.0,0.43183312,1.0,296.18399
4180555.0,0.43447432,1.0,3.784
4180633.0,0.42863312,1.0,2.752
4180711.0,0.44234717,1.0,2.408
4180789.0,0.44082341,1.0,2.408
4180868.0,0.42523,1.0,2.408
4180946.0,0.43604887,1.0,2.408
4181024.0,0.44239801,1.0,293.776001
4181102.0,0.42329997,1.0,295.496002
4181180.0,0.43376321,1.0,295.496002
4181258.0,0.42462054,1.0,295.839996
4181336.0,0.42182687,1.0,296.18399
4181414.0,0.43940115,1.0,295.839996
4181493.0,0.42218244,1.0,295.839996
4181571.0,0.43112192,1.0,3.44
4181649.0,0.43919802,1.0,2.064
4181727.0,0.42472214,1.0,2.064
4181805.0,0.43269652,1.0,2.064
4181883.0,0.43838531,1.0,2.064
4181961.0,0.42324913,1.0,2.064
4182039.0,0.43762341,1.0,294.119995
4182117.0,0.42218244,1.0,295.496002
4182196.0,0.41908404,1.0,295.496002
4182274.0,0.410043,1.0,295.496002
4182352.0,0.43995991,1.0,295.496002
4182430.0,0.41700158,1.0,295.839996
4182508.0,0.42538244,1.0,295.839996
4182586.0,0.41370007,1.0,3.096
4182664.0,0.45382634,1.0,2.064
4182742.0,0.4338648,1.0,3.096
4182820.0,0.43005535,1.0,2.408
4182899.0,0.4123795,1.0,3.096
4182977.0,0.41745874,1.0,2.752
4183055.0,0.42528084,1.0,294.808014
4183133.0,0.41375083,1.0,296.18399
4183211.0,0.41131273,1.0,295.839996
4183289.0,0.41933808,1.0,295.839996
4183367.0,0.41771263,1.0,296.18399
4183445.0,0.42665225,1.0,296.18399
4183523.0,0.4059796,1.0,274.167999
4183602.0,0.4181698,1.0,3.096
4183680.0,0.42121735,1.0,2.408
4183758.0,0.40724933,1.0,2.408
4183836.0,0.42487442,1.0,2.408
4183914.0,0.44229633,1.0,2.408
4183992.0,0.43178219,1.0,2.408
4184070.0,0.44275358,1.0,294.463989
4184148.0,0.39902091,1.0,295.496002
4184226.0,0.42284274,1.0,295.839996
4184305.0,0.43747112,1.0,295.496002
4184383.0,0.42497602,1.0,295.839996
4184461.0,0.41603658,1.0,295.496002
4184539.0,0.41552857,1.0,23.392
4184617.0,0.43777585,1.0,2.408
4184695.0,0.44696933,1.0,2.064
4184773.0,0.42898867,1.0,2.064
4184851.0,0.43086803,1.0,2.064
4184930.0,0.42015076,1.0,2.064
4185008.0,0.41613817,1.0,275.888
4185086.0,0.42853159,1.0,295.152008
4185164.0,0.40577638,1.0,295.496002
4185242.0,0.41151601,1.0,295.496002
4185320.0,0.41979519,1.0,295.496002
4185398.0,0.43132517,1.0,295.839996
4185476.0,0.4117699,1.0,296.18399
4185554.0,0.4269062,1.0,3.096
4185633.0,0.4415853,1.0,2.064
4185711.0,0.42167452,1.0,2.752
4185789.0,0.44265199,1.0,2.408
4185867.0,0.4243665,1.0,2.408
4185945.0,0.42594111,1.0,2.064
4186023.0,0.43777585,1.0,293.776001
4186101.0,0.42797282,1.0,295.496002
4186179.0,0.40582716,1.0,295.152008
4186257.0,0.43574408,1.0,295.839996
4186336.0,0.42766809,1.0,295.839996
4186414.0,0.42258886,1.0,295.839996
4186492.0,0.43772501,1.0,295.839996
4186570.0,0.42705849,1.0,3.44
4186648.0,0.44138217,1.0,1.72
4186726.0,0.43503302,1.0,1.72
4186804.0,0.43127435,1.0,2.064
4186882.0,0.44194078,1.0,2.064
4186960.0,0.43980753,1.0,2.064
4187039.0,0.43904558,1.0,293.776001
4187117.0,0.42507765,1.0,295.496002
4187195.0,0.41359848,1.0,295.496002
4187273.0,0.41771263,1.0,295.496002
4187351.0,0.4267031,1.0,295.496002
4187429.0,0.43041092,1.0,295.496002
4187507.0,0.46936896,1.0,294.808014
4187586.0,0.43112192,1.0,2.752
4187664.0,0.46185163,1.0,1.72
4187742.0,0.44529322,1.0,1.72
4187820.0,0.4268046,1.0,2.064
4187898.0,0.43183312,1.0,2.064
4187976.0,0.4268553,1.0,1.72
4188054.0,0.43813142,1.0,294.119995
4188132.0,0.42741406,1.0,295.152008
4188210.0,0.43147746,1.0,295.496002
4188289.0,0.41908404,1.0,295.496002
4188367.0,0.44051868,1.0,295.496002
4188445.0,0.42111576,1.0,294.808014
4188523.0,0.40557319,1.0,277.264008
4188601.0,0.41380167,1.0,2.752
4188679.0,0.43320453,1.0,2.064
4188757.0,0.42878556,1.0,2.064
4188835.0,0.44722322,1.0,1.72
4188913.0,0.44016311,1.0,2.064
4188992.0,0.43371245,1.0,1.032
4189070.0,0.4267031,1.0,293.776001
4189148.0,0.40704614,1.0,295.496002
4189226.0,0.43350923,1.0,295.152008
4189304.0,0.40724933,1.0,295.152008
4189382.0,0.43767425,1.0,295.496002
4189460.0,0.42365539,1.0,295.152008
4189538.0,0.42700782,1.0,27.176001
4189616.0,0.41893169,1.0,2.064
4189695.0,0.44503915,1.0,2.064
4189773.0,0.44752795,1.0,2.064
4189851.0,0.4219285,1.0,2.064
4189929.0,0.4266015,1.0,2.064
4190007.0,0.45057565,1.0,264.880005
4190085.0,0.43269652,1.0,295.839996
4190163.0,0.41893169,1.0,294.808014
4190241.0,0.42634752,1.0,294.808014
4190320.0,0.43924895,1.0,295.152008
4190398.0,0.4236047,1.0,294.808014
4190476.0,0.44275358,1.0,295.839996
4190554.0,0.43300125,1.0,3.096
4190632.0,0.41090649,1.0,2.408
4190710.0,0.44823915,1.0,1.72
4190788.0,0.44879791,1.0,2.064
4190866.0,0.43406799,1.0,2.064
4190944.0,0.43721709,1.0,1.72
4191023.0,0.42888716,1.0,293.776001
4191101.0,0.43102038,1.0,295.839996
4191179.0,0.41349688,1.0,295.839996
4191257.0,0.45382634,1.0,295.152008
4191335.0,0.43736953,1.0,296.18399
4191413.0,0.43157914,1.0,296.18399
4191491.0,0.43249339,1.0,295.496002
4191569.0,0.43488058,1.0,2.752
4191647.0,0.44067103,1.0,2.408
4191726.0,0.45692474,1.0,2.064
4191804.0,0.43747112,1.0,2.064
4191882.0,0.45565498,1.0,2.064
4191960.0,0.42304593,1.0,2.408
4192038.0,0.45641682,1.0,294.463989
4192116.0,0.44239801,1.0,295.496002
4192194.0,0.43005535,1.0,296.528015
4192272.0,0.41395405,1.0,294.808014
4192350.0,0.41466507,1.0,295.496002
4192429.0,0.40978897,1.0,296.528015
4192507.0,0.42853159,1.0,295.839996
4192585.0,0.4268046,1.0,3.784
4192663.0,0.42822686,1.0,2.408
4192741.0,0.43665838,1.0,2.752
4192819.0,0.45550254,1.0,2.752
4192897.0,0.44463292,1.0,2.408
4192975.0,0.42710933,1.0,2.408
4193054.0,0.40917951,1.0,294.463989
4193132.0,0.43940115,1.0,296.528015
4193210.0,0.41512224,1.0,295.496002
4193288.0,0.43493149,1.0,296.18399
4193366.0,0.41847453,1.0,295.839996
4193444.0,0.43234095,1.0,295.839996
4193522.0,0.43340772,1.0,281.735992
4193600.0,0.44346455,1.0,3.784
4193678.0,0.46281663,1.0,2.064
4193757.0,0.44996607,1.0,2.408
4193835.0,0.40684307,1.0,2.752
4193913.0,0.44473445,1.0,2.408
4193991.0,0.46291822,1.0,1.032
4194069.0,0.44082341,1.0,294.463989
4194147.0,0.39734477,1.0,295.839996
4194225.0,0.4316299,1.0,295.839996
4194303.0,0.41639206,1.0,295.496002
4194381.0,0.43076649,1.0,296.18399
4194460.0,0.44056952,1.0,295.839996
4194538.0,0.429903,1.0,33.368
4194616.0,0.43203622,1.0,2.408
4194694.0,0.46134371,1.0,2.408
4194772.0,0.43472829,1.0,2.064
4194850.0,0.43401718,1.0,2.064
4194928.0,0.42898867,1.0,2.064
4195006.0,0.44889945,1.0,248.367996
4195084.0,0.43493149,1.0,295.496002
4195163.0,0.42243642,1.0,295.496002
4195241.0,0.42929339,1.0,295.496002
4195319.0,0.43218866,1.0,295.496002
4195397.0,0.4211666,1.0,295.839996
4195475.0,0.44321066,1.0,295.839996
4195553.0,0.42792207,1.0,3.44
4195631.0,0.42477292,1.0,2.408
4195709.0,0.43564254,1.0,2.752
4195788.0,0.44407415,1.0,2.064
4195866.0,0.43945199,1.0,2.064
4195944.0,0.43305215,1.0,2.064
4196022.0,0.43482989,1.0,293.776001
4196100.0,0.44214398,1.0,295.839996
4196178.0,0.40714779,1.0,295.496002
4196256.0,0.42787129,1.0,295.839996
4196334.0,0.42152217,1.0,295.496002
4196413.0,0.43147746,1.0,295.496002
4196491.0,0.41202387,1.0,295.839996
4196569.0,0.41796666,1.0,3.44
4196647.0,0.44712171,1.0,2.064
4196725.0,0.44681698,1.0,2.064
4196803.0,0.44762963,1.0,1.376
4196881.0,0.43300125,1.0,2.064
4196959.0,0.4093827,1.0,1.72
4197037.0,0.42406178,1.0,294.119995
4197115.0,0.44757888,1.0,295.496002
4197194.0,0.40836686,1.0,295.496002
4197272.0,0.43289971,1.0,295.496002
4197350.0,0.43970594,1.0,295.496002
4197428.0,0.44265199,1.0,294.808014
4197506.0,0.43863934,1.0,295.152008
4197584.0,0.44321066,1.0,3.44
4197662.0,0.45042321,1.0,2.064
4197740.0,0.42919189,1.0,2.064
4197819.0,0.43929961,1.0,2.064
4197897.0,0.43543935,1.0,2.064
4197975.0,0.4275665,1.0,1.72
4198053.0,0.40801123,1.0,294.463989
4198131.0,0.42822686,1.0,295.496002
4198209.0,0.4164429,1.0,295.496002
4198287.0,0.43686152,1.0,295.152008
4198365.0,0.44493765,1.0,295.496002
4198443.0,0.43142676,1.0,295.496002
4198522.0,0.41512224,1.0,286.895996
4198600.0,0.42705849,1.0,3.44
4198678.0,0.44813755,1.0,2.064
4198756.0,0.45788974,1.0,2.408
4198834.0,0.44722322,1.0,1.72
4198912.0,0.4236047,1.0,1.72
4198990.0,0.4275665,1.0,0.688
4199068.0,0.43071565,1.0,294.119995
4199147.0,0.41273507,1.0,295.152008
4199225.0,0.44585198,1.0,295.496002
4199303.0,0.43025842,1.0,295.839996
4199381.0,0.44625822,1.0,295.152008
4199459.0,0.42304593,1.0,295.152008
4199537.0,0.44087425,1.0,37.495998
4199615.0,0.43863934,1.0,2.408
4199693.0,0.44778198,1.0,1.72
4199771.0,0.44752795,1.0,2.064
4199849.0,0.4379282,1.0,2.408
4199928.0,0.44478527,1.0,2.064
4200006.0,0.46362936,1.0,239.768005
4200084.0,0.43178219,1.0,295.152008
4200162.0,0.42482376,1.0,295.496002
4200240.0,0.4250268,1.0,295.839996
4200318.0,0.42807436,1.0,295.839996
4200396.0,0.43584582,1.0,295.496002
4200474.0,0.45636597,1.0,296.18399
4200553.0,0.42827755,1.0,2.752
4200631.0,0.4300046,1.0,1.72
4200709.0,0.43528706,1.0,2.408
4200787.0,0.43813142,1.0,2.064
4200865.0,0.42258886,1.0,2.064
4200943.0,0.43863934,1.0,1.72
4201021.0,0.43122366,1.0,293.432007
4201099.0,0.43731868,1.0,295.496002
4201177.0,0.43005535,1.0,295.496002
4201256.0,0.41908404,1.0,295.496002
4201334.0,0.44382012,1.0,295.496002
4201412.0,0.44432804,1.0,295.496002
4201490.0,0.44427735,1.0,295.496002
4201568.0,0.43498218,1.0,3.096
4201646.0,0.42396027,1.0,2.064
4201724.0,0.43940115,1.0,2.064
4201802.0,0.43660763,1.0,2.064
4201881.0,0.4442265,1.0,2.064
4201959.0,0.43635368,1.0,1.72
4202037.0,0.44006151,1.0,293.776001
4202115.0,0.44930577,1.0,295.496002
4202193.0,0.4131414,1.0,295.496002
4202271.0,0.44255039,1.0,295.496002
4202349.0,0.42649981,1.0,295.496002
4202427.0,0.4268553,1.0,295.496002
4202505.0,0.43762341,1.0,295.496002
4202583.0,0.42934424,1.0,3.096
4202662.0,0.44376943,1.0,2.064
4202740.0,0.43462676,1.0,2.064
4202818.0,0.42324913,1.0,2.064
4202896.0,0.42873472,1.0,2.064
4202974.0,0.45123595,1.0,2.064
4203052.0,0.42482376,1.0,293.776001
4203130.0,0.45585805,1.0,295.152008
4203209.0,0.44092491,1.0,295.496002
4203287.0,0.42385858,1.0,295.496002
4203365.0,0.44453132,1.0,295.496002
4203443.0,0.45240417,1.0,295.152008
4203521.0,0.429903,1.0,291.368011
4203599.0,0.41354764,1.0,2.752
4203677.0,0.43381396,1.0,1.376
4203755.0,0.45235333,1.0,2.064
4203833.0,0.43284896,1.0,2.064
4203911.0,0.44016311,1.0,1.376
4203990.0,0.42578876,1.0,0.688
4204068.0,0.45987067,1.0,293.776001
4204146.0,0.4171032,1.0,294.463989
4204224.0,0.40801123,1.0,295.152008
4204302.0,0.43706471,1.0,295.496002
4204380.0,0.44768047,1.0,295.496002
4204458.0,0.41060168,1.0,295.152008
4204536.0,0.44768047,1.0,42.312
4204615.0,0.42731252,1.0,2.064
4204693.0,0.42512846,1.0,2.064
4204771.0,0.43929961,1.0,1.72
4204849.0,0.43889329,1.0,2.064
4204927.0,0.41608733,1.0,2.064
4205005.0,0.4439218,1.0,233.576004
4205083.0,0.42070949,1.0,295.152008
4205161.0,0.42030311,1.0,295.496002
4205239.0,0.42492527,1.0,295.152008
4205318.0,0.41964281,1.0,295.152008
4205396.0,0.43990922,1.0,295.496002
4205474.0,0.42081103,1.0,295.496002
4205552.0,0.44082341,1.0,3.096
4205630.0,0.40003684,1.0,2.064
4205708.0,0.43752187,1.0,2.064
4205786.0,0.43335679,1.0,2.408
4205864.0,0.43472829,1.0,2.408
4205943.0,0.43472829,1.0,2.064
4206021.0,0.43894407,1.0,294.463989
4206099.0,0.43264577,1.0,295.839996
4206177.0,0.42208093,1.0,295.839996
4206255.0,0.40338904,1.0,295.496002
4206333.0,0.4171032,1.0,295.152008
4206411.0,0.43686152,1.0,295.839996
4206489.0,0.44478527,1.0,295.496002
4206567.0,0.43340772,1.0,3.784
4206645.0,0.43508378,1.0,2.064
4206724.0,0.43269652,1.0,2.408
4206802.0,0.43289971,1.0,1.376
4206880.0,0.44046792,1.0,2.064
4206958.0,0.4456487,1.0,2.064
4207036.0,0.4227412,1.0,293.776001
4207114.0,0.41283658,1.0,295.152008
4207192.0,0.42716008,1.0,294.808014
4207271.0,0.42101416,1.0,295.152008
4207349.0,0.42655057,1.0,295.496002
4207427.0,0.43604887,1.0,295.152008
4207505.0,0.39622733,1.0,296.18399
4207583.0,0.44346455,1.0,3.44
4207661.0,0.42644906,1.0,1.72
4207739.0,0.46012464,1.0,1.72
4207817.0,0.43686152,1.0,2.064
4207895.0,0.41065246,1.0,2.064
4207973.0,0.43630284,1.0,2.064
4208052.0,0.42822686,1.0,293.776001
4208130.0,0.40968743,1.0,295.152008
4208208.0,0.42492527,1.0,294.808014
4208286.0,0.43802989,1.0,294.808014
4208364.0,0.42451888,1.0,294.463989
4208442.0,0.43447432,1.0,295.496002
4208520.0,0.40917951,1.0,295.152008
4208598.0,0.42517915,1.0,3.096
4208677.0,0.44712171,1.0,2.752
4208755.0,0.44752795,1.0,2.064
4208833.0,0.43330613,1.0,2.064
4208911.0,0.42370623,1.0,2.064
4208989.0,0.42594111,1.0,0.688
4209067.0,0.41695076,1.0,294.119995
4209145.0,0.41750953,1.0,295.496002
4209223.0,0.42025226,1.0,295.496002
4209301.0,0.415681,1.0,295.496002
4209379.0,0.42258886,1.0,295.496002
4209458.0,0.42736337,1.0,295.152008
4209536.0,0.41857612,1.0,50.223999
4209614.0,0.44321066,1.0,2.064
4209692.0,0.426195,1.0,1.72
4209770.0,0.43457586,1.0,1.72
4209848.0,0.42004913,1.0,1.72
4209926.0,0.40785894,1.0,2.064
4210005.0,0.41832224,1.0,230.479996
4210083.0,0.41430959,1.0,295.839996
4210161.0,0.41309056,1.0,295.839996
4210239.0,0.42208093,1.0,295.496002
4210317.0,0.42258886,1.0,296.18399
4210395.0,0.44376943,1.0,296.18399
4210473.0,0.41989669,1.0,296.528015
4210551.0,0.43635368,1.0,2.752
4210629.0,0.42655057,1.0,1.376
4210707.0,0.43579492,1.0,2.064
4210786.0,0.44244885,1.0,1.376
4210864.0,0.44001076,1.0,2.064
4210942.0,0.43477905,1.0,2.064
4211020.0,0.42787129,1.0,294.808014
4211098.0,0.42142063,1.0,294.463989
4211176.0,0.43361086,1.0,295.152008
4211254.0,0.44178855,1.0,295.839996
4211332.0,0.43838531,1.0,295.839996
4211411.0,0.4219285,1.0,296.18399
4211489.0,0.42792207,1.0,295.496002
4211567.0,0.42599195,1.0,3.096
4211645.0,0.44635981,1.0,2.752
4211723.0,0.4550454,1.0,3.096
4211801.0,0.4227919,1.0,2.752
4211879.0,0.42030311,1.0,2.752
4211957.0,0.42578876,1.0,3.096
4212035.0,0.42289358,1.0,294.463989
4212113.0,0.42040479,1.0,296.18399
4212192.0,0.4069446,1.0,296.18399
4212270.0,0.42162368,1.0,296.18399
4212348.0,0.40796044,1.0,295.839996
4212426.0,0.42939508,1.0,295.152008
4212504.0,0.4211666,1.0,294.808014
4212582.0,0.43660763,1.0,2.752
4212660.0,0.43168068,1.0,1.72
4212739.0,0.43894407,1.0,1.72
4212817.0,0.4150714,1.0,1.72
4212895.0,0.44407415,1.0,1.72
4212973.0,0.44625822,1.0,1.72
4213051.0,0.43899488,1.0,294.119995
4213129.0,0.4045065,1.0,295.152008
4213207.0,0.41009384,1.0,295.152008
4213285.0,0.4235031,1.0,295.496002
4213363.0,0.44107744,1.0,295.496002
4213441.0,0.44676614,1.0,295.152008
4213520.0,0.44331235,1.0,295.839996
4213598.0,0.42949659,1.0,2.752
4213676.0,0.44884869,1.0,2.064
4213754.0,0.43401718,1.0,1.376
4213832.0,0.43112192,1.0,2.064
4213910.0,0.43752187,1.0,1.72
4213988.0,0.42258886,1.0,0.688
4214067.0,0.42985216,1.0,293.432007
4214145.0,0.39851308,1.0,294.463989
4214223.0,0.4229444,1.0,296.18399
4214301.0,0.40521762,1.0,295.839996
4214379.0,0.4338648,1.0,295.839996
4214457.0,0.45022011,1.0,296.18399
4214535.0,0.43584582,1.0,57.448002
4214613.0,0.41425884,1.0,2.752
4214691.0,0.44905189,1.0,2.408
4214769.0,0.43462676,1.0,2.752
4214848.0,0.44569945,1.0,2.064
4214926.0,0.41034773,1.0,2.408
4215004.0,0.41791576,1.0,223.600006
4215082.0,0.43579492,1.0,294.808014
4215160.0,0.40577638,1.0,294.119995
4215238.0,0.42045546,1.0,294.808014
4215316.0,0.43203622,1.0,294.808014
4215394.0,0.44082341,1.0,295.152008
4215473.0,0.42700782,1.0,295.496002
4215551.0,0.45098197,1.0,2.064
4215629.0,0.41339535,1.0,1.376
4215707.0,0.43391556,1.0,1.72
4215785.0,0.44773123,1.0,1.376
4215863.0,0.43117273,1.0,1.72
4215941.0,0.43269652,1.0,1.72
4216019.0,0.43036008,1.0,293.432007
4216097.0,0.43406799,1.0,295.152008
4216175.0,0.40364301,1.0,295.152008
4216254.0,0.44219482,1.0,295.152008
4216332.0,0.44569945,1.0,295.152008
4216410.0,0.44610587,1.0,294.808014
4216488.0,0.43543935,1.0,295.152008
4216566.0,0.42507765,1.0,2.752
4216644.0,0.43482989,1.0,1.72
4216722.0,0.44371858,1.0,2.064
4216800.0,0.43879169,1.0,1.72
4216879.0,0.43980753,1.0,2.408
4216957.0,0.43615055,1.0,3.096
4217035.0,0.4339664,1.0,294.463989
4217113.0,0.43533775,1.0,296.18399
4217191.0,0.42787129,1.0,295.496002
4217269.0,0.43091878,1.0,295.839996
4217347.0,0.41065246,1.0,295.839996
4217425.0,0.43025842,1.0,296.18399
4217503.0,0.45143914,1.0,296.18399
4217582.0,0.4300046,1.0,3.44
4217660.0,0.42010006,1.0,2.408
4217738.0,0.44549641,1.0,2.408
4217816.0,0.44529322,1.0,1.72
4217894.0,0.43955365,1.0,2.408
4217972.0,0.42964897,1.0,1.72
4218050.0,0.42289358,1.0,293.432007
4218128.0,0.44173771,1.0,295.152008
4218207.0,0.42517915,1.0,295.152008
4218285.0,0.43797898,1.0,294.808014
4218363.0,0.42980132,1.0,294.808014
4218441.0,0.42208093,1.0,295.152008
4218519.0,0.4131414,1.0,296.872009
4218597.0,0.42462054,1.0,2.752
4218675.0,0.43300125,1.0,1.72
4218753.0,0.43929961,1.0,1.72
4218831.0,0.44463292,1.0,2.064
4218910.0,0.44072181,1.0,1.72
4218988.0,0.42776963,1.0,1.72
4219066.0,0.43168068,1.0,293.776001
4219144.0,0.41557941,1.0,295.152008
4219222.0,0.43107122,1.0,295.152008
4219300.0,0.42045546,1.0,295.152008
4219378.0,0.42634752,1.0,295.152008
4219456.0,0.43676001,1.0,295.152008
4219534.0,0.41999838,1.0,65.360001
4219613.0,0.4150714,1.0,3.096
4219691.0,0.44986454,1.0,2.064
4219769.0,0.43401718,1.0,2.408
4219847.0,0.42644906,1.0,2.064
4219925.0,0.43249339,1.0,1.72
4220003.0,0.42131895,1.0,215.688004
4220081.0,0.41842377,1.0,295.152008
4220159.0,0.42710933,1.0,295.496002
4220237.0,0.42390943,1.0,295.152008
4220316.0,0.44635981,1.0,295.839996
4220394.0,0.42817602,1.0,295.496002
4220472.0,0.43330613,1.0,294.808014
4220550.0,0.42208093,1.0,3.096
4220628.0,0.45738181,1.0,2.064
4220706.0,0.42863312,1.0,1.72
4220784.0,0.44031549,1.0,1.72
4220862.0,0.43010613,1.0,1.72
4220941.0,0.4552485,1.0,1.72
4221019.0,0.42848074,1.0,293.432007
4221097.0,0.40638584,1.0,294.808014
4221175.0,0.42370623,1.0,294.808014
4221253.0,0.43970594,1.0,295.496002
4221331.0,0.42304593,1.0,295.152008
4221409.0,0.43533775,1.0,295.496002
4221487.0,0.44046792,1.0,295.496002
4221566.0,0.43107122,1.0,2.408
4221644.0,0.43488058,1.0,1.72
4221722.0,0.43655679,1.0,2.064
4221800.0,0.4379282,1.0,2.064
4221878.0,0.42055708,1.0,1.72
4221956.0,0.42700782,1.0,1.72
4222034.0,0.41496989,1.0,293.776001
4222112.0,0.42832839,1.0,295.152008
4222190.0,0.41593489,1.0,295.152008
4222268.0,0.42624584,1.0,295.152008
4222347.0,0.41949046,1.0,295.839996
4222425.0,0.42523,1.0,295.152008
4222503.0,0.43554094,1.0,295.152008
4222581.0,0.4339664,1.0,3.096
4222659.0,0.43137595,1.0,2.064
4222737.0,0.43427113,1.0,1.72
4222815.0,0.42482376,1.0,2.064
4222894.0,0.43213782,1.0,2.064
4222972.0,0.43091878,1.0,2.064
4223050.0,0.42319828,1.0,294.119995
4223128.0,0.4171032,1.0,295.152008
4223206.0,0.41527462,1.0,295.152008
4223284.0,0.42111576,1.0,295.496002
4223362.0,0.41654444,1.0,295.496002
4223440.0,0.43076649,1.0,295.496002
4223518.0,0.42329997,1.0,297.216003
4223596.0,0.42045546,1.0,3.096
4223675.0,0.42837909,1.0,2.064
4223753.0,0.44681698,1.0,2.064
4223831.0,0.43503302,1.0,2.064
4223909.0,0.42289358,1.0,1.72
4223987.0,0.4205063,1.0,0.688
4224065.0,0.44437888,1.0,294.119995
4224143.0,0.40338904,1.0,295.152008
4224221.0,0.42157292,1.0,295.496002
4224300.0,0.42228413,1.0,295.496002
4224378.0,0.42126819,1.0,295.152008
4224456.0,0.4316299,1.0,295.839996
4224534.0,0.44371858,1.0,73.959999
4224612.0,0.42258886,1.0,1.376
4224690.0,0.4584485,1.0,1.72
4224768.0,0.41933808,1.0,2.064
4224846.0,0.41390321,1.0,2.064
4224924.0,0.41943961,1.0,2.064
4225003.0,0.43686152,1.0,207.776001
4225081.0,0.42909026,1.0,295.496002
4225159.0,0.4163413,1.0,295.839996
4225237.0,0.4134461,1.0,295.496002
4225315.0,0.41070327,1.0,295.839996
4225393.0,0.42807436,1.0,295.496002
4225471.0,0.42030311,1.0,296.18399
4225549.0,0.4141064,1.0,2.752
4225628.0,0.44026464,1.0,2.064
4225706.0,0.43828371,1.0,2.064
4225784.0,0.44707096,1.0,2.064
4225862.0,0.42700782,1.0,2.408
4225940.0,0.43076649,1.0,2.064
4226018.0,0.42208093,1.0,294.119995
4226096.0,0.42969981,1.0,295.496002
4226174.0,0.41029695,1.0,295.496002
4226252.0,0.42497602,1.0,295.152008
4226330.0,0.42751575,1.0,295.496002
4226409.0,0.42797282,1.0,295.152008
4226487.0,0.46301991,1.0,295.496002
4226565.0,0.42299509,1.0,3.096
4226643.0,0.42548403,1.0,2.064
4226721.0,0.44569945,1.0,1.72
4226799.0,0.44321066,1.0,2.064
4226877.0,0.42736337,1.0,2.064
4226955.0,0.4154779,1.0,2.064
4227034.0,0.4188301,1.0,293.776001
4227112.0,0.42609349,1.0,295.152008
4227190.0,0.41385236,1.0,295.152008
4227268.0,0.41598573,1.0,295.496002
4227346.0,0.42832839,1.0,295.496002
4227424.0,0.43919802,1.0,295.839996
4227502.0,0.43264577,1.0,295.839996
4227580.0,0.42055708,1.0,3.096
4227658.0,0.4338648,1.0,1.72
4227736.0,0.43584582,1.0,2.064
4227815.0,0.43736953,1.0,2.064
4227893.0,0.43564254,1.0,2.064
4227971.0,0.40790963,1.0,2.064
4228049.0,0.41898254,1.0,293.776001
4228127.0,0.40481138,1.0,295.496002
4228205.0,0.44996607,1.0,295.496002
4228283.0,0.43721709,1.0,295.496002
4228361.0,0.43432188,1.0,295.152008
4228440.0,0.43523622,1.0,295.496002
4228518.0,0.43259498,1.0,297.559998
4228596.0,0.4245697,1.0,3.096
4228674.0,0.44321066,1.0,2.064
4228752.0,0.46591502,1.0,2.064
4228830.0,0.42406178,1.0,2.064
4228908.0,0.45098197,1.0,2.752
4228986.0,0.42817602,1.0,1.376
4229064.0,0.43127435,1.0,293.776001
4229143.0,0.41903329,1.0,296.18399
4229221.0,0.43102038,1.0,295.496002
4229299.0,0.43574408,1.0,296.18399
4229377.0,0.44122979,1.0,296.18399
4229455.0,0.43203622,1.0,296.18399
4229533.0,0.40699545,1.0,79.463997
4229611.0,0.42548403,1.0,2.408
4229689.0,0.4568232,1.0,2.408
4229768.0,0.44133133,1.0,2.408
4229846.0,0.42365539,1.0,2.408
4229924.0,0.42538244,1.0,2.408
4230002.0,0.4576866,1.0,200.895996
4230080.0,0.42736337,1.0,295.496002
4230158.0,0.41065246,1.0,295.839996
4230236.0,0.43010613,1.0,295.839996
4230314.0,0.43020773,1.0,295.839996
4230392.0,0.42929339,1.0,295.839996
4230471.0,0.44122979,1.0,295.839996
4230549.0,0.43295056,1.0,3.096
4230627.0,0.42782047,1.0,2.064
4230705.0,0.44361708,1.0,2.064
4230783.0,0.43731868,1.0,2.408
4230861.0,0.43477905,1.0,2.064
4230939.0,0.42609349,1.0,2.064
4231017.0,0.44473445,1.0,294.119995
4231095.0,0.44204244,1.0,295.496002
4231174.0,0.42365539,1.0,295.496002
4231252.0,0.43371245,1.0,295.496002
4231330.0,0.45113435,1.0,295.496002
4231408.0,0.41659519,1.0,295.152008
4231486.0,0.41375083,1.0,295.152008
4231564.0,0.43411878,1.0,2.752
4231642.0,0.42594111,1.0,2.752
4231721.0,0.44295678,1.0,2.752
4231799.0,0.43767425,1.0,2.752
4231877.0,0.42761725,1.0,2.752
4231955.0,0.42462054,1.0,2.752
4232033.0,0.44630897,1.0,293.432007
4232111.0,0.43213782,1.0,295.839996
4232189.0,0.44768047,1.0,295.496002
4232267.0,0.41999838,1.0,296.18399
4232345.0,0.43071565,1.0,295.839996
4232423.0,0.43345848,1.0,295.152008
4232502.0,0.42020157,1.0,296.18399
4232580.0,0.44600418,1.0,3.096
4232658.0,0.45037255,1.0,2.408
4232736.0,0.43518546,1.0,2.408
4232814.0,0.43229026,1.0,2.408
4232892.0,0.44371858,1.0,2.408
4232970.0,0.44981378,1.0,2.064
4233048.0,0.43305215,1.0,294.119995
4233126.0,0.42929339,1.0,294.808014
4233205.0,0.40567487,1.0,295.496002
4233283.0,0.43091878,1.0,295.496002
4233361.0,0.44727415,1.0,295.152008
4233439.0,0.44315982,1.0,295.496002
4233517.0,0.42533159,1.0,297.216003
4233595.0,0.429903,1.0,3.096
4233673.0,0.45306444,1.0,1.376
4233751.0,0.43863934,1.0,2.064
4233830.0,0.42329997,1.0,2.064
4233908.0,0.43640435,1.0,1.72
4233986.0,0.41248101,1.0,0.688
4234064.0,0.45011848,1.0,294.119995
4234142.0,0.40933186,1.0,295.496002
4234220.0,0.43670917,1.0,295.496002
4234298.0,0.42523,1.0,296.18399
4234376.0,0.41441113,1.0,296.872009
4234454.0,0.42624584,1.0,295.839996
4234533.0,0.43696311,1.0,88.064003
4234611.0,0.41542697,1.0,2.408
4234689.0,0.46068341,1.0,3.096
4234767.0,0.43300125,1.0,2.408
4234845.0,0.43493149,1.0,2.752
4234923.0,0.42401093,1.0,2.408
4235001.0,0.4678452,1.0,189.199997
4235079.0,0.42705849,1.0,295.839996
4235158.0,0.40542084,1.0,295.839996
4235236.0,0.41141441,1.0,295.496002
4235314.0,0.42548403,1.0,295.839996
4235392.0,0.42837909,1.0,296.18399
4235470.0,0.42533159,1.0,295.496002
4235548.0,0.43315369,1.0,3.44
4235626.0,0.42716008,1.0,2.408
4235704.0,0.45946434,1.0,2.064
4235782.0,0.42248717,1.0,2.408
4235860.0,0.44178855,1.0,2.408
4235939.0,0.43533775,1.0,2.064
4236017.0,0.42065868,1.0,294.463989
4236095.0,0.44067103,1.0,295.496002
4236173.0,0.43376321,1.0,295.496002
4236251.0,0.44036624,1.0,295.152008
4236329.0,0.42187765,1.0,295.496002
4236407.0,0.43462676,1.0,295.496002
4236485.0,0.42766809,1.0,295.496002
4236564.0,0.4345251,1.0,3.096
4236642.0,0.43244255,1.0,2.064
4236720.0,0.43879169,1.0,2.064
4236798.0,0.42004913,1.0,2.064
4236876.0,0.42081103,1.0,3.096
4236954.0,0.42380789,1.0,3.096
4237032.0,0.43432188,1.0,294.808014
4237110.0,0.41481751,1.0,296.528015
4237188.0,0.43366152,1.0,296.18399
4237267.0,0.42695698,1.0,296.18399
4237345.0,0.42776963,1.0,296.18399
4237423.0,0.43482989,1.0,296.18399
4237501.0,0.45580727,1.0,296.18399
4237579.0,0.43284896,1.0,3.784
4237657.0,0.41928726,1.0,2.752
4237735.0,0.43102038,1.0,2.408
4237813.0,0.45357236,1.0,2.408
4237892.0,0.43335679,1.0,2.408
4237970.0,0.45108357,1.0,2.408
4238048.0,0.43711555,1.0,293.776001
4238126.0,0.40516677,1.0,295.839996
4238204.0,0.42462054,1.0,295.496002
4238282.0,0.45667076,1.0,295.496002
4238360.0,0.44310915,1.0,295.839996
4238438.0,0.43625206,1.0,295.839996
4238516.0,0.43538859,1.0,297.903992
4238594.0,0.43787736,1.0,3.096
4238673.0,0.44239801,1.0,2.064
4238751.0,0.45209944,1.0,2.064
4238829.0,0.44442973,1.0,2.408
4238907.0,0.43132517,1.0,2.064
4238985.0,0.43213782,1.0,1.376
4239063.0,0.45245498,1.0,294.119995
4239141.0,0.42832839,1.0,295.496002
4239219.0,0.43076649,1.0,295.496002
4239298.0,0.41984603,1.0,295.496002
4239376.0,0.43533775,1.0,295.839996
4239454.0,0.42065868,1.0,295.496002
4239532.0,0.44478527,1.0,96.32
4239610.0,0.43422028,1.0,2.064
4239688.0,0.45880407,1.0,2.064
4239766.0,0.43518546,1.0,2.064
4239844.0,0.44463292,1.0,2.408
4239922.0,0.42401093,1.0,2.064
4240001.0,0.42355385,1.0,178.192001
4240079.0,0.43356001,1.0,295.152008
4240157.0,0.41253179,1.0,295.496002
4240235.0,0.39739555,1.0,295.496002
4240313.0,0.42954743,1.0,295.496002
4240391.0,0.42776963,1.0,295.496002
4240469.0,0.43929961,1.0,295.496002
4240547.0,0.42944583,1.0,2.752
4240626.0,0.41928726,1.0,2.064
4240704.0,0.46215636,1.0,2.064
4240782.0,0.43289971,1.0,2.064
4240860.0,0.44427735,1.0,2.064
4240938.0,0.44727415,1.0,2.064
4241016.0,0.42731252,1.0,294.119995
4241094.0,0.42507765,1.0,295.152008
4241172.0,0.42807436,1.0,295.496002
4241251.0,0.39409402,1.0,295.839996
4241329.0,0.4205063,1.0,295.496002
4241407.0,0.43249339,1.0,295.839996
4241485.0,0.43198547,1.0,295.839996
4241563.0,0.43985838,1.0,3.096
4241641.0,0.42370623,1.0,2.064
4241719.0,0.44310915,1.0,2.064
4241797.0,0.44549641,1.0,2.752
4241875.0,0.43305215,1.0,2.064
4241953.0,0.44224557,1.0,1.72
4242032.0,0.43630284,1.0,293.776001
4242110.0,0.44189009,1.0,294.808014
4242188.0,0.40333828,1.0,295.152008
4242266.0,0.43533775,1.0,295.496002
4242344.0,0.45606124,1.0,295.496002
4242422.0,0.41994753,1.0,294.463989
4242500.0,0.40582716,1.0,295.496002
4242578.0,0.42568716,1.0,3.44
4242657.0,0.45072803,1.0,2.064
4242735.0,0.4292427,1.0,2.064
4242813.0,0.41065246,1.0,2.408
4242891.0,0.43274742,1.0,2.064
4242969.0,0.44783282,1.0,2.064
4243047.0,0.42929339,1.0,294.119995
4243125.0,0.43361086,1.0,295.152008
4243203.0,0.41471592,1.0,295.496002
4243281.0,0.4292427,1.0,295.496002
4243360.0,0.42893785,1.0,295.496002
4243438.0,0.43015689,1.0,295.496002
4243516.0,0.41207477,1.0,297.903992
4243594.0,0.43249339,1.0,3.096
4243672.0,0.44971216,1.0,2.064
4243750.0,0.43589652,1.0,2.064
4243828.0,0.41959199,1.0,2.064
4243906.0,0.42101416,1.0,2.064
4243984.0,0.41288733,1.0,1.376
4244063.0,0.43442351,1.0,294.119995
4244141.0,0.39836064,1.0,295.152008
4244219.0,0.42548403,1.0,295.496002
4244297.0,0.4553501,1.0,295.496002
4244375.0,0.42705849,1.0,295.496002
4244453.0,0.41623971,1.0,295.496002
4244531.0,0.42944583,1.0,110.767998
4244609.0,0.4133445,1.0,2.064
4244688.0,0.45814377,1.0,2.064
4244766.0,0.44163606,1.0,2.064
4244844.0,0.42776963,1.0,2.064
4244922.0,0.42497602,1.0,2.064
4245000.0,0.44244885,1.0,166.151993
4245078.0,0.45743266,1.0,295.152008
4245156.0,0.40897632,1.0,295.496002
4245234.0,0.43528706,1.0,294.463989
4245312.0,0.43676001,1.0,294.808014
4245391.0,0.44056952,1.0,295.152008
4245469.0,0.43472829,1.0,295.152008
4245547.0,0.42396027,1.0,2.064
4245625.0,0.44448057,1.0,2.064
4245703.0,0.44122979,1.0,2.064
4245781.0,0.44305831,1.0,2.064
4245859.0,0.42797282,1.0,2.064
4245937.0,0.42304593,1.0,2.064
4246016.0,0.41522384,1.0,294.119995
4246094.0,0.43523622,1.0,295.152008
4246172.0,0.41898254,1.0,295.496002
4246250.0,0.42599195,1.0,295.496002
4246328.0,0.43401718,1.0,295.496002
4246406.0,0.4173063,1.0,295.496002
4246484.0,0.43269652,1.0,295.496002
4246562.0,0.4164429,1.0,3.096
4246640.0,0.42599195,1.0,2.064
4246718.0,0.41232857,1.0,2.064
4246797.0,0.45494378,1.0,1.72
4246875.0,0.41771263,1.0,1.72
4246953.0,0.42980132,1.0,2.064
4247031.0,0.43274742,1.0,293.776001
4247109.0,0.4187285,1.0,295.152008
4247187.0,0.4046081,1.0,295.152008
4247265.0,0.42258886,1.0,295.496002
4247343.0,0.38688141,1.0,295.839996
4247422.0,0.44331235,1.0,295.496002
4247500.0,0.41705236,1.0,295.839996
4247578.0,0.44544557,1.0,3.096
4247656.0,0.43879169,1.0,2.064
4247734.0,0.44153452,1.0,2.064
4247812.0,0.44310915,1.0,2.064
4247890.0,0.44646141,1.0,2.064
4247968.0,0.42015076,1.0,2.064
4248046.0,0.42629668,1.0,294.119995
4248125.0,0.43061405,1.0,295.496002
4248203.0,0.4141064,1.0,295.152008
4248281.0,0.41471592,1.0,295.496002
4248359.0,0.40633515,1.0,296.18399
4248437.0,0.42716008,1.0,296.18399
4248515.0,0.41222706,1.0,298.247986
4248593.0,0.42649981,1.0,3.784
4248671.0,0.43630284,1.0,2.752
4248749.0,0.44768047,1.0,2.408
4248828.0,0.42751575,1.0,2.408
4248906.0,0.43935046,1.0,2.408
4248984.0,0.44387102,1.0,1.376
4249062.0,0.44097576,1.0,294.463989
4249140.0,0.39683685,1.0,295.839996
4249218.0,0.42380789,1.0,295.496002
4249296.0,0.42096341,1.0,295.152008
4249374.0,0.43305215,1.0,295.496002
4249453.0,0.42060784,1.0,295.496002
4249531.0,0.42655057,1.0,118.68
4249609.0,0.41029695,1.0,2.064
4249687.0,0.4292427,1.0,2.408
4249765.0,0.42995369,1.0,2.064
4249843.0,0.41095725,1.0,1.72
4249921.0,0.42583945,1.0,2.064
4249999.0,0.46586427,1.0,160.992004
4250077.0,0.42985216,1.0,295.496002
4250156.0,0.40653828,1.0,295.496002
4250234.0,0.40719864,1.0,294.808014
4250312.0,0.43599811,1.0,295.496002
4250390.0,0.40252563,1.0,295.839996
4250468.0,0.426195,1.0,295.839996
4250546.0,0.44686767,1.0,2.752
4250624.0,0.44503915,1.0,2.408
4250702.0,0.46022633,1.0,1.72
4250781.0,0.43757266,1.0,2.064
4250859.0,0.44498834,1.0,2.064
4250937.0,0.43025842,1.0,2.408
4251015.0,0.45011848,1.0,294.463989
4251093.0,0.44635981,1.0,295.496002
4251171.0,0.44006151,1.0,294.808014
4251249.0,0.43472829,1.0,295.496002
4251327.0,0.44224557,1.0,295.496002
4251405.0,0.4227412,1.0,295.152008
4251484.0,0.43467745,1.0,295.496002
4251562.0,0.43183312,1.0,2.752
4251640.0,0.42563632,1.0,2.064
4251718.0,0.44575036,1.0,1.72
4251796.0,0.45072803,1.0,1.72
4251874.0,0.41964281,1.0,1.72
4251952.0,0.4300046,1.0,2.064
4252030.0,0.43630284,1.0,293.776001
4252108.0,0.43919802,1.0,294.463989
4252187.0,0.42030311,1.0,294.808014
4252265.0,0.43442351,1.0,294.808014
4252343.0,0.42309669,1.0,295.152008
4252421.0,0.44950897,1.0,294.808014
4252499.0,0.43122366,1.0,294.808014
4252577.0,0.44569945,1.0,2.752
4252655.0,0.44955981,1.0,1.72
4252733.0,0.46063256,1.0,1.72
4252811.0,0.44133133,1.0,2.064
4252890.0,0.4455471,1.0,1.72
4252968.0,0.42964897,1.0,1.72
4253046.0,0.42853159,1.0,293.776001
4253124.0,0.44519159,1.0,295.152008
4253202.0,0.42954743,1.0,295.496002
4253280.0,0.43589652,1.0,294.808014
4253358.0,0.43218866,1.0,295.496002
4253436.0,0.44498834,1.0,295.152008
4253515.0,0.42324913,1.0,294.119995
4253593.0,0.45072803,1.0,3.096
4253671.0,0.43869019,1.0,2.064
4253749.0,0.44229633,1.0,2.064
4253827.0,0.42761725,1.0,2.064
4253905.0,0.43696311,1.0,2.064
4253983.0,0.42959812,1.0,1.376
4254061.0,0.42822686,1.0,293.776001
4254139.0,0.41197303,1.0,295.152008
4254218.0,0.40643668,1.0,295.496002
4254296.0,0.41959199,1.0,295.496002
4254374.0,0.43701395,1.0,295.496002
4254452.0,0.42919189,1.0,295.496002
4254530.0,0.43787736,1.0,127.279999
4254608.0,0.43564254,1.0,2.064
4254686.0,0.48643538,1.0,2.064
4254764.0,0.43909642,1.0,2.064
4254842.0,0.43320453,1.0,2.064
4254921.0,0.44712171,1.0,1.72
4254999.0,0.44620737,1.0,154.455994
4255077.0,0.44458207,1.0,295.152008
4255155.0,0.40978897,1.0,295.152008
4255233.0,0.4553501,1.0,295.152008
4255311.0,0.44762963,1.0,295.839996
4255389.0,0.43107122,1.0,295.152008
4255467.0,0.43701395,1.0,295.496002
4255546.0,0.43371245,1.0,2.752
4255624.0,0.44585198,1.0,2.064
4255702.0,0.44234717,1.0,2.064
4255780.0,0.44493765,1.0,2.064
4255858.0,0.43183312,1.0,2.064
4255936.0,0.45433426,1.0,2.064
4256014.0,0.4456487,1.0,294.808014
4256092.0,0.42837909,1.0,295.152008
4256170.0,0.41070327,1.0,295.496002
4256248.0,0.42370623,1.0,295.496002
4256327.0,0.44310915,1.0,295.496002
4256405.0,0.44351539,1.0,295.496002
4256483.0,0.45001689,1.0,295.839996
4256561.0,0.40816367,1.0,3.44
4256639.0,0.43051246,1.0,2.064
4256717.0,0.43356001,1.0,2.064
4256795.0,0.43279812,1.0,2.064
4256873.0,0.426195,1.0,2.064
4256952.0,0.42903951,1.0,2.064
4257030.0,0.43584582,1.0,293.432007
4257108.0,0.42980132,1.0,295.496002
4257186.0,0.41781422,1.0,295.152008
4257264.0,0.44092491,1.0,295.152008
4257342.0,0.44315982,1.0,295.152008
4257420.0,0.4269062,1.0,295.496002
4257498.0,0.43813142,1.0,295.839996
4257577.0,0.42507765,1.0,3.096
4257655.0,0.44011226,1.0,1.72
4257733.0,0.44539481,1.0,2.064
4257811.0,0.43955365,1.0,2.064
4257889.0,0.42726177,1.0,1.72
4257967.0,0.42218244,1.0,2.064
4258045.0,0.42995369,1.0,294.119995
4258123.0,0.40989056,1.0,295.496002
4258201.0,0.44112819,1.0,295.152008
4258279.0,0.42695698,1.0,295.839996
4258358.0,0.43010613,1.0,295.152008
4258436.0,0.45255661,1.0,295.496002
4258514.0,0.41055092,1.0,294.808014
4258592.0,0.44402331,1.0,2.752
4258670.0,0.44229633,1.0,2.064
4258748.0,0.42741406,1.0,2.408
4258826.0,0.44097576,1.0,2.064
4258905.0,0.45209944,1.0,2.064
4258983.0,0.42771879,1.0,2.064
4259061.0,0.42086187,1.0,294.119995
4259139.0,0.40603027,1.0,295.496002
4259217.0,0.44336304,1.0,295.839996
4259295.0,0.44026464,1.0,294.808014
4259373.0,0.40328753,1.0,295.496002
4259451.0,0.43183312,1.0,295.839996
4259529.0,0.40887478,1.0,134.848007
4259607.0,0.43091878,1.0,1.72
4259686.0,0.42705849,1.0,2.064
4259764.0,0.43325529,1.0,2.064
4259842.0,0.41796666,1.0,2.064
4259920.0,0.43706471,1.0,1.72
4259998.0,0.44041708,1.0,147.919998
4260076.0,0.41928726,1.0,295.152008
4260154.0,0.41324291,1.0,295.496002
4260232.0,0.43142676,1.0,295.839996
4260310.0,0.42893785,1.0,295.496002
4260389.0,0.43579492,1.0,295.496002
4260467.0,0.43244255,1.0,295.496002
4260545.0,0.43010613,1.0,2.752
4260623.0,0.45382634,1.0,2.064
4260701.0,0.4496105,1.0,2.064
4260779.0,0.42314747,1.0,1.72
4260857.0,0.44056952,1.0,2.064
4260935.0,0.43965518,1.0,2.064
4261014.0,0.42416346,1.0,295.496002
4261092.0,0.4197444,1.0,295.496002
4261170.0,0.4269062,1.0,295.496002
4261248.0,0.44437888,1.0,295.496002
4261326.0,0.4157317,1.0,295.496002
4261404.0,0.42939508,1.0,295.496002
4261482.0,0.4385885,1.0,295.152008
4261560.0,0.41928726,1.0,3.096
4261638.0,0.45082954,1.0,2.064
4261717.0,0.43366152,1.0,2.064
4261795.0,0.44691852,1.0,2.064
4261873.0,0.42761725,1.0,2.064
4261951.0,0.43345848,1.0,2.064
4262029.0,0.42837909,1.0,293.776001
4262107.0,0.4439218,1.0,295.152008
4262185.0,0.42832839,1.0,295.496002
4262263.0,0.4234015,1.0,294.463989
4262341.0,0.43213782,1.0,295.496002
4262420.0,0.42121735,1.0,295.496002
4262498.0,0.44630897,1.0,295.496002
4262576.0,0.41354764,1.0,3.784
4262654.0,0.43594736,1.0,2.064
4262732.0,0.43427113,1.0,2.752
4262810.0,0.43076649,1.0,2.752
4262888.0,0.43091878,1.0,2.752
4262966.0,0.41832224,1.0,2.752
4263045.0,0.42441735,1.0,294.463989
4263123.0,0.42863312,1.0,295.152008
4263201.0,0.41684923,1.0,295.839996
4263279.0,0.43289971,1.0,295.839996
4263357.0,0.41491914,1.0,295.839996
4263435.0,0.44026464,1.0,295.839996
4263513.0,0.42208093,1.0,295.839996
4263591.0,0.41989669,1.0,3.44
4263669.0,0.44549641,1.0,2.064
4263748.0,0.47251806,1.0,2.408
4263826.0,0.42766809,1.0,2.064
4263904.0,0.41822064,1.0,2.408
4263982.0,0.4141064,1.0,1.72
4264060.0,0.43122366,1.0,293.776001
4264138.0,0.41441113,1.0,295.152008
4264216.0,0.43249339,1.0,295.152008
4264294.0,0.41761103,1.0,295.152008
4264373.0,0.43488058,1.0,295.152008
4264451.0,0.42822686,1.0,295.496002
4264529.0,0.43096963,1.0,142.759995
4264607.0,0.42441735,1.0,1.376
4264685.0,0.43975672,1.0,1.72
4264763.0,0.43615055,1.0,1.72
4264841.0,0.4473249,1.0,1.72
4264919.0,0.42548403,1.0,1.72
4264997.0,0.43726793,1.0,141.727997
4265076.0,0.44300747,1.0,295.152008
4265154.0,0.4163413,1.0,294.463989
4265232.0,0.43615055,1.0,295.152008
4265310.0,0.41405565,1.0,296.18399
4265388.0,0.42792207,1.0,295.839996
4265466.0,0.42766809,1.0,295.839996
4265544.0,0.41969359,1.0,2.064
4265622.0,0.43147746,1.0,2.752
4265700.0,0.42568716,1.0,2.064
4265779.0,0.44290587,1.0,2.408
4265857.0,0.42761725,1.0,2.064
4265935.0,0.42162368,1.0,1.72
4266013.0,0.45306444,1.0,295.152008
4266091.0,0.41847453,1.0,295.496002
4266169.0,0.42487442,1.0,295.152008
4266247.0,0.42954743,1.0,294.808014
4266325.0,0.44006151,1.0,295.496002
4266404.0,0.43345848,1.0,294.808014
4266482.0,0.4211666,1.0,295.152008
4266560.0,0.424265,1.0,2.408
4266638.0,0.45159143,1.0,2.064
4266716.0,0.44305831,1.0,1.376
4266794.0,0.45001689,1.0,1.72
4266872.0,0.43716639,1.0,1.72
4266950.0,0.42152217,1.0,1.72
4267028.0,0.418881,1.0,293.432007
4267107.0,0.41298887,1.0,295.839996
4267185.0,0.39825904,1.0,295.152008
4267263.0,0.41867781,1.0,295.496002
4267341.0,0.4013066,1.0,295.839996
4267419.0,0.41705236,1.0,295.152008
4267497.0,0.4157826,1.0,295.839996
4267575.0,0.41684923,1.0,3.096
4267653.0,0.4037447,1.0,2.064
4267731.0,0.4172048,1.0,2.064
4267809.0,0.40724933,1.0,1.72
4267888.0,0.38860837,1.0,2.064
4267966.0,0.39003062,1.0,2.752
4268044.0,0.39292583,1.0,294.808014
4268122.0,0.3872878,1.0,296.18399
4268200.0,0.36910394,1.0,295.839996
4268278.0,0.38231006,1.0,295.839996
4268356.0,0.37296429,1.0,296.18399
4268435.0,0.40257648,1.0,295.839996
4268513.0,0.37626573,1.0,295.496002
4268591.0,0.37357372,1.0,3.096
4268669.0,0.38804975,1.0,2.752
4268747.0,0.39267185,1.0,2.408
4268825.0,0.38810045,1.0,2.408
4268903.0,0.38931951,1.0,2.408
4268981.0,0.4140048,1.0,1.032
4269059.0,0.38698307,1.0,294.463989
4269137.0,0.37078023,1.0,295.839996
4269216.0,0.36610723,1.0,296.18399
4269294.0,0.42004913,1.0,294.808014
4269372.0,0.38317356,1.0,294.119995
4269450.0,0.37844986,1.0,294.463989
4269528.0,0.39394167,1.0,136.223999
4269606.0,0.37301496,1.0,1.376
4269684.0,0.40283045,1.0,1.376
4269763.0,0.38017675,1.0,1.72
4269841.0,0.37204996,1.0,1.376
4269919.0,0.36138344,1.0,1.376
4269997.0,0.38317356,1.0,149.639999
4270075.0,0.38281798,1.0,294.119995
4270153.0,0.35066625,1.0,294.808014
4270231.0,0.37626573,1.0,295.152008
4270309.0,0.35452637,1.0,295.152008
4270387.0,0.36981514,1.0,294.463989
4270465.0,0.34050766,1.0,295.496002
4270544.0,0.38291958,1.0,1.376
4270622.0,0.34137109,1.0,1.032
4270700.0,0.38144666,1.0,1.376
4270778.0,0.3673771,1.0,1.72
4270856.0,0.36559927,1.0,1.72
4270934.0,0.37098327,1.0,1.376
4271012.0,0.3833259,1.0,295.496002
4271090.0,0.38271639,1.0,295.152008
4271169.0,0.34883767,1.0,295.496002
4271247.0,0.34594241,1.0,295.839996
4271325.0,0.35371372,1.0,296.18399
4271403.0,0.37392929,1.0,296.18399
4271481.0,0.3658025,1.0,296.18399
4271559.0,0.37651977,1.0,3.44
4271637.0,0.36397398,1.0,2.408
4271715.0,0.3807863,1.0,2.752
4271793.0,0.3667675,1.0,2.752
4271871.0,0.38683072,1.0,2.408
4271950.0,0.36118034,1.0,2.408
4272028.0,0.36245012,1.0,292.743988
4272106.0,0.36189145,1.0,294.463989
4272184.0,0.35112327,1.0,295.152008
4272262.0,0.3642787,1.0,294.808014
4272340.0,0.35442486,1.0,294.808014
4272418.0,0.38926873,1.0,295.152008
4272497.0,0.34929475,1.0,294.808014
4272575.0,0.3696627,1.0,2.752
4272653.0,0.36610723,1.0,2.064
4272731.0,0.38073552,1.0,2.064
4272809.0,0.36448184,1.0,1.72
4272887.0,0.36062157,1.0,2.064
4272965.0,0.37093243,1.0,1.72
4273043.0,0.37179607,1.0,293.776001
4273121.0,0.34700918,1.0,295.496002
4273199.0,0.34360605,1.0,295.152008
4273278.0,0.35975814,1.0,295.152008
4273356.0,0.38611951,1.0,295.152008
4273434.0,0.37824667,1.0,295.152008
4273512.0,0.35655814,1.0,295.496002
4273590.0,0.36087561,1.0,3.096
4273668.0,0.3667168,1.0,1.72
4273746.0,0.33939022,1.0,2.064
4273824.0,0.36290723,1.0,2.064
4273903.0,0.37403083,1.0,2.064
4273981.0,0.35681212,1.0,2.064
4274059.0,0.35996127,1.0,293.432007
4274137.0,0.35747248,1.0,295.152008
4274215.0,0.37154204,1.0,295.152008
4274293.0,0.379161,1.0,295.496002
4274371.0,0.36849448,1.0,295.152008
4274449.0,0.34807572,1.0,295.152008
4274527.0,0.37865299,1.0,145.856003
4274605.0,0.34843126,1.0,2.064
4274684.0,0.37794194,1.0,2.064
4274762.0,0.36920559,1.0,1.72
4274840.0,0.37057701,1.0,2.408
4274918.0,0.37108496,1.0,1.72
4274996.0,0.36153588,1.0,143.447998
4275074.0,0.36768183,1.0,294.808014
4275152.0,0.34939635,1.0,294.463989
4275231.0,0.34995505,1.0,295.496002
4275309.0,0.36625957,1.0,295.496002
4275387.0,0.35467881,1.0,296.18399
4275465.0,0.36021525,1.0,295.496002
4275543.0,0.36234847,1.0,2.408
4275621.0,0.36407551,1.0,2.064
4275699.0,0.37992287,1.0,2.064
4275777.0,0.40465894,1.0,2.408
4275855.0,0.35437408,1.0,2.064
4275934.0,0.36239937,1.0,2.064
4276012.0,0.36128193,1.0,295.839996
4276090.0,0.36331362,1.0,295.496002
4276168.0,0.34726298,1.0,295.152008
4276246.0,0.35808194,1.0,295.496002
4276324.0,0.35173285,1.0,295.496002
4276402.0,0.365904,1.0,295.839996
4276480.0,0.37347206,1.0,295.496002
4276558.0,0.37580863,1.0,3.096
4276636.0,0.37946573,1.0,2.064
4276715.0,0.380126,1.0,2.064
4276793.0,0.37362456,1.0,2.064
4276871.0,0.38139582,1.0,2.064
4276949.0,0.3706277,1.0,2.064
4277027.0,0.36062157,1.0,294.119995
4277105.0,0.35665974,1.0,295.152008
4277183.0,0.36976421,1.0,295.496002
4277261.0,0.36636117,1.0,295.496002
4277340.0,0.34619644,1.0,295.496002
4277418.0,0.37362456,1.0,295.496002
4277496.0,0.35914853,1.0,295.496002
4277574.0,0.37697685,1.0,3.096
4277652.0,0.38327515,1.0,2.064
4277730.0,0.39150357,1.0,2.064
4277808.0,0.38048157,1.0,2.064
4277886.0,0.38454497,1.0,2.064
4277965.0,0.36554846,1.0,1.72
4278043.0,0.36686903,1.0,294.119995
4278121.0,0.3768245,1.0,295.496002
4278199.0,0.34192985,1.0,295.496002
4278277.0,0.36773252,1.0,295.496002
4278355.0,0.36768183,1.0,295.496002
4278433.0,0.36651361,1.0,295.152008
4278511.0,0.34970108,1.0,295.496002
4278589.0,0.37895772,1.0,3.096
4278668.0,0.3848497,1.0,2.064
4278746.0,0.39830986,1.0,2.064
4278824.0,0.37194836,1.0,2.064
4278902.0,0.37240553,1.0,2.064
4278980.0,0.37245637,1.0,2.064
4279058.0,0.37509757,1.0,294.119995
4279136.0,0.37149119,1.0,295.496002
4279214.0,0.37006903,1.0,295.496002
4279292.0,0.36377072,1.0,295.496002
4279371.0,0.37149119,1.0,295.496002
4279449.0,0.36854523,1.0,295.496002
4279527.0,0.37337053,1.0,153.768005
4279605.0,0.37900856,1.0,2.064
4279683.0,0.37961799,1.0,2.064
4279761.0,0.39485592,1.0,2.064
4279839.0,0.37220231,1.0,2.064
4279917.0,0.35554224,1.0,2.064
4279995.0,0.36305967,1.0,137.600006
4280074.0,0.37570703,1.0,295.152008
4280152.0,0.34929475,1.0,295.496002
4280230.0,0.37398013,1.0,295.496002
4280308.0,0.36488816,1.0,295.496002
4280386.0,0.3879481,1.0,295.496002
4280464.0,0.365904,1.0,296.872009
4280542.0,0.36686903,1.0,2.752
4280620.0,0.37123731,1.0,2.408
4280699.0,0.38413864,1.0,2.408
4280777.0,0.39312902,1.0,2.408
4280855.0,0.3896243,1.0,2.408
4280933.0,0.3597073,1.0,2.752
4281011.0,0.37804353,1.0,296.872009
4281089.0,0.36483741,1.0,295.839996
4281167.0,0.35218996,1.0,295.839996
4281245.0,0.38251325,1.0,295.496002
4281323.0,0.37286261,1.0,295.839996
4281402.0,0.36768183,1.0,295.839996
4281480.0,0.37108496,1.0,295.839996
4281558.0,0.37184677,1.0,3.44
4281636.0,0.3683421,1.0,2.064
4281714.0,0.38388467,1.0,2.408
4281792.0,0.38677987,1.0,2.064
4281870.0,0.34269172,1.0,2.064
4281948.0,0.38038003,1.0,2.408
4282026.0,0.35980883,1.0,293.776001
4282105.0,0.36123115,1.0,295.496002
4282183.0,0.36397398,1.0,295.839996
4282261.0,0.36361834,1.0,295.839996
4282339.0,0.37799269,1.0,295.496002
4282417.0,0.37890702,1.0,295.496002
4282495.0,0.3768245,1.0,295.839996
4282573.0,0.36925644,1.0,3.096
4282651.0,0.37535146,1.0,2.408
4282729.0,0.38515449,1.0,2.064
4282808.0,0.37545308,1.0,2.064
4282886.0,0.37276107,1.0,2.408
4282964.0,0.3672246,1.0,1.72
4283042.0,0.37458959,1.0,294.119995
4283120.0,0.36504051,1.0,296.18399
4283198.0,0.37052619,1.0,296.18399
4283276.0,0.38434193,1.0,295.839996
4283354.0,0.36539608,1.0,295.839996
4283433.0,0.37636733,1.0,296.18399
4283511.0,0.37489432,1.0,296.18399
4283589.0,0.37164354,1.0,3.096
4283667.0,0.38804975,1.0,2.064
4283745.0,0.36483741,1.0,2.408
4283823.0,0.36438024,1.0,2.752
4283901.0,0.38104033,1.0,2.064
4283979.0,0.37367526,1.0,2.064
4284057.0,0.38231006,1.0,294.808014
4284136.0,0.36895156,1.0,295.839996
4284214.0,0.34802502,1.0,295.839996
4284292.0,0.3848497,1.0,296.18399
4284370.0,0.371288,1.0,295.839996
4284448.0,0.3746911,1.0,295.839996
4284526.0,0.38469732,1.0,164.776001
4284604.0,0.36895156,1.0,2.064
4284682.0,0.36641192,1.0,2.408
4284761.0,0.3848497,1.0,2.064
4284839.0,0.38459572,1.0,2.408
4284917.0,0.37159279,1.0,2.408
4284995.0,0.36234847,1.0,132.783997
4285073.0,0.36991674,1.0,295.496002
4285151.0,0.35945335,1.0,295.496002
4285229.0,0.37438637,1.0,295.839996
4285307.0,0.38855752,1.0,295.496002
4285386.0,0.37575787,1.0,295.496002
4285464.0,0.39038619,1.0,295.152008
4285542.0,0.37154204,1.0,2.064
4285620.0,0.37255788,1.0,2.064
4285698.0,0.3719992,1.0,2.064
4285776.0,0.3872878,1.0,2.064
4285854.0,0.37123731,1.0,3.096
4285932.0,0.38698307,1.0,2.752
4286010.0,0.38129422,1.0,297.216003
4286088.0,0.37255788,1.0,295.839996
4286167.0,0.37697685,1.0,295.839996
4286245.0,0.36504051,1.0,295.839996
4286323.0,0.39820835,1.0,295.839996
4286401.0,0.3802276,1.0,295.839996
4286479.0,0.37631655,1.0,295.839996
4286557.0,0.37189761,1.0,3.096
4286635.0,0.37428486,1.0,2.064
4286713.0,0.36991674,1.0,2.064
4286791.0,0.37011987,1.0,2.064
4286870.0,0.36118034,1.0,2.064
4286948.0,0.37220231,1.0,2.064
4287026.0,0.36097711,1.0,293.776001
4287104.0,0.37662137,1.0,294.808014
4287182.0,0.3636691,1.0,295.496002
4287260.0,0.36559927,1.0,294.808014
4287338.0,0.35681212,1.0,295.152008
4287416.0,0.36407551,1.0,295.152008
4287495.0,0.39973211,1.0,295.152008
4287573.0,0.36661515,1.0,2.752
4287651.0,0.37621489,1.0,1.72
4287729.0,0.38246259,1.0,1.72
4287807.0,0.39216384,1.0,1.72
4287885.0,0.36686903,1.0,2.064
4287963.0,0.36468497,1.0,1.72
4288041.0,0.39698929,1.0,293.776001
4288119.0,0.36884996,1.0,295.152008
4288198.0,0.35777721,1.0,295.496002
4288276.0,0.37164354,1.0,295.496002
4288354.0,0.37946573,1.0,295.496002
4288432.0,0.36615804,1.0,295.152008
4288510.0,0.3777895,1.0,296.18399
4288588.0,0.37022147,1.0,3.784
4288666.0,0.36092636,1.0,2.408
4288744.0,0.39003062,1.0,2.408
4288822.0,0.36707222,1.0,2.408
4288901.0,0.37575787,1.0,2.064
4288979.0,0.35544071,1.0,1.72
4289057.0,0.37956733,1.0,294.463989
4289135.0,0.35031062,1.0,295.152008
4289213.0,0.38144666,1.0,296.18399
4289291.0,0.37464043,1.0,295.496002
4289369.0,0.37809423,1.0,295.839996
4289447.0,0.37763715,1.0,295.839996
4289526.0,0.35569474,1.0,166.496002
4289604.0,0.37834826,1.0,2.064
4289682.0,0.39795431,1.0,2.408
4289760.0,0.39150357,1.0,1.72
4289838.0,0.37814513,1.0,1.72
4289916.0,0.3683928,1.0,1.72
4289994.0,0.38784656,1.0,119.711998
4290072.0,0.39190996,1.0,295.152008
4290150.0,0.35838673,1.0,295.152008
4290229.0,0.37794194,1.0,295.152008
4290307.0,0.37966892,1.0,295.839996
4290385.0,0.36686903,1.0,295.839996
4290463.0,0.38317356,1.0,295.496002
4290541.0,0.3760626,1.0,2.064
4290619.0,0.38312286,1.0,3.096
4290697.0,0.41192234,1.0,2.408
4290775.0,0.38972589,1.0,1.72
4290853.0,0.38474816,1.0,3.096
4290932.0,0.39439875,1.0,3.096
4291010.0,0.41705236,1.0,297.216003
4291088.0,0.38317356,1.0,295.839996
4291166.0,0.38688141,1.0,295.839996
4291244.0,0.39338291,1.0,296.18399
4291322.0,0.38185298,1.0,295.152008
4291400.0,0.37692609,1.0,295.496002
4291478.0,0.38281798,1.0,295.496002
4291557.0,0.37941489,1.0,4.128
4291635.0,0.38109109,1.0,1.72
4291713.0,0.40404943,1.0,3.096
4291791.0,0.3974463,1.0,2.064
4291869.0,0.40816367,1.0,2.408
4291947.0,0.39023381,1.0,2.064
4292025.0,0.39114809,1.0,293.432007
4292103.0,0.38185298,1.0,295.152008
4292181.0,0.37225309,1.0,294.119995
4292259.0,0.40181452,1.0,296.528015
4292338.0,0.38220856,1.0,296.872009
4292416.0,0.39602414,1.0,296.18399
4292494.0,0.39891931,1.0,295.496002
4292572.0,0.39663365,1.0,3.096
4292650.0,0.40074784,1.0,2.064
4292728.0,0.40435421,1.0,2.752
4292806.0,0.40074784,1.0,2.408
4292884.0,0.39160523,1.0,2.408
4292963.0,0.39353526,1.0,1.72
4293041.0,0.39851308,1.0,294.808014
4293119.0,0.38225931,1.0,295.496002
4293197.0,0.37006903,1.0,295.839996
4293275.0,0.4013066,1.0,295.152008
4293353.0,0.39881781,1.0,295.496002
4293431.0,0.37428486,1.0,295.839996
4293509.0,0.39937648,1.0,296.18399
4293587.0,0.39383999,1.0,3.44
4293666.0,0.39185911,1.0,2.408
4293744.0,0.38967505,1.0,3.096
4293822.0,0.40669057,1.0,2.752
4293900.0,0.37951648,1.0,1.72
4293978.0,0.39119884,1.0,2.064
4294056.0,0.38159895,1.0,294.808014
4294134.0,0.37631655,1.0,296.528015
4294212.0,0.38627195,1.0,296.528015
4294291.0,0.38987827,1.0,295.496002
4294369.0,0.38576403,1.0,295.496002
4294447.0,0.37636733,1.0,296.18399
4294525.0,0.37560543,1.0,176.128006
4294603.0,0.36996743,1.0,2.064
4294681.0,0.40359232,1.0,2.064
4294759.0,0.40267801,1.0,2.752
4294837.0,0.39556703,1.0,2.064
4294915.0,0.39394167,1.0,2.408
4294994.0,0.40105268,1.0,104.575996
4295072.0,0.38611951,1.0,295.496002
4295150.0,0.37387854,1.0,296.18399
4295228.0,0.37890702,1.0,296.18399
4295306.0,0.3879481,1.0,295.496002
4295384.0,0.38281798,1.0,295.839996
4295462.0,0.38083705,1.0,295.839996
4295540.0,0.39719242,1.0,2.064
4295618.0,0.38987827,1.0,2.064
4295697.0,0.42147133,1.0,2.064
4295775.0,0.40333828,1.0,2.752
4295853.0,0.35985968,1.0,3.096
4295931.0,0.40227175,1.0,2.064
4296009.0,0.3951607,1.0,298.247986
4296087.0,0.37052619,1.0,295.839996
4296165.0,0.36945948,1.0,295.496002
4296243.0,0.42309669,1.0,295.496002
4296321.0,0.37895772,1.0,295.496002
4296400.0,0.39323053,1.0,295.152008
4296478.0,0.40699545,1.0,294.463989
4296556.0,0.40770641,1.0,3.096
4296634.0,0.38845602,1.0,2.064
4296712.0,0.42040479,1.0,2.064
4296790.0,0.39643052,1.0,2.064
4296868.0,0.39043689,1.0,2.064
4296946.0,0.39846215,1.0,2.064
4297025.0,0.39109731,1.0,293.776001
4297103.0,0.36387232,1.0,294.463989
4297181.0,0.3866275,1.0,295.496002
4297259.0,0.39800507,1.0,294.463989
4297337.0,0.35767561,1.0,295.496002
4297415.0,0.40069714,1.0,295.152008
4297493.0,0.38937032,1.0,295.496002
4297571.0,0.39190996,1.0,2.752
4297650.0,0.39500836,1.0,2.064
4297728.0,0.41771263,1.0,1.72
4297806.0,0.3802276,1.0,1.72
4297884.0,0.38073552,1.0,2.064
4297962.0,0.38657668,1.0,2.064
4298040.0,0.39891931,1.0,294.119995
4298118.0,0.39008132,1.0,295.496002
4298196.0,0.38520527,1.0,295.496002
4298274.0,0.38520527,1.0,296.18399
4298352.0,0.38357988,1.0,295.496002
4298431.0,0.39399251,1.0,295.496002
4298509.0,0.39170685,1.0,295.496002
4298587.0,0.37342137,1.0,3.096
4298665.0,0.39790347,1.0,2.064
4298743.0,0.38581479,1.0,2.064
4298821.0,0.39881781,1.0,2.064
4298899.0,0.38515449,1.0,2.064
4298977.0,0.38891309,1.0,2.064
4299056.0,0.37748477,1.0,294.119995
4299134.0,0.34005049,1.0,295.496002
4299212.0,0.39074168,1.0,295.496002
4299290.0,0.39140204,1.0,295.496002
4299368.0,0.39983365,1.0,295.152008
4299446.0,0.40323678,1.0,295.152008
4299524.0,0.39439875,1.0,185.759995
4299602.0,0.37392929,1.0,2.064
4299680.0,0.41243026,1.0,2.064
4299759.0,0.39470348,1.0,2.064
4299837.0,0.38388467,1.0,1.72
4299915.0,0.38992909,1.0,2.064
4299993.0,0.37718004,1.0,92.192001
4300071.0,0.39099565,1.0,295.152008
4300149.0,0.37093243,1.0,295.496002
4300227.0,0.39262095,1.0,295.496002
4300305.0,0.37926251,1.0,295.839996
4300384.0,0.36945948,1.0,294.808014
4300462.0,0.38576403,1.0,295.496002
4300540.0,0.37621489,1.0,1.72
4300618.0,0.38723695,1.0,2.064
4300696.0,0.3778404,1.0,2.064
4300774.0,0.39119884,1.0,2.064
4300852.0,0.37611336,1.0,2.064
4300930.0,0.38439262,1.0,2.064
4301008.0,0.36346599,1.0,298.936005
4301086.0,0.38947186,1.0,295.496002
4301165.0,0.36824045,1.0,295.496002
4301243.0,0.37057701,1.0,295.496002
4301321.0,0.38104033,1.0,294.808014
4301399.0,0.38881159,1.0,295.496002
4301477.0,0.364939,1.0,295.496002
4301555.0,0.39927489,1.0,3.096
4301633.0,0.39561781,1.0,2.064
4301711.0,0.38571319,1.0,2.064
4301790.0,0.37367526,1.0,2.064
4301868.0,0.38967505,1.0,2.064
4301946.0,0.38591638,1.0,2.064
4302024.0,0.39409402,1.0,294.119995
4302102.0,0.37702769,1.0,295.152008
4302180.0,0.38073552,1.0,295.496002
4302258.0,0.37138966,1.0,295.496002
4302336.0,0.38657668,1.0,295.496002
4302414.0,0.36849448,1.0,295.496002
4302493.0,0.40257648,1.0,295.496002
4302571.0,0.39069092,1.0,3.096
4302649.0,0.42258886,1.0,2.064
4302727.0,0.40623355,1.0,1.72
4302805.0,0.39185911,1.0,2.064
4302883.0,0.40110338,1.0,1.72
4302961.0,0.39135119,1.0,2.064
4303039.0,0.36874837,1.0,293.776001
4303118.0,0.37514836,1.0,295.496002
4303196.0,0.40013838,1.0,295.496002
4303274.0,0.38043073,1.0,295.496002
4303352.0,0.37281176,1.0,295.152008
4303430.0,0.39571941,1.0,295.496002
4303508.0,0.40562403,1.0,295.152008
4303586.0,0.3832244,1.0,3.096
4303664.0,0.39317971,1.0,2.064
4303742.0,0.38439262,1.0,2.064
4303820.0,0.37657046,1.0,1.72
4303899.0,0.371288,1.0,1.72
4303977.0,0.39521149,1.0,1.72
4304055.0,0.39251941,1.0,293.776001
4304133.0,0.38413864,1.0,294.808014
4304211.0,0.37748477,1.0,294.463989
4304289.0,0.38876075,1.0,295.152008
4304367.0,0.38606873,1.0,295.152008
4304445.0,0.38053232,1.0,295.152008
4304524.0,0.38586569,1.0,194.703995
4304602.0,0.38825282,1.0,2.064
4304680.0,0.39003062,1.0,1.376
4304758.0,0.39820835,1.0,1.72
4304836.0,0.3864243,1.0,1.72
4304914.0,0.3777388,1.0,2.064
4304992.0,0.37032297,1.0,85.311996
4305070.0,0.38043073,1.0,295.152008
4305149.0,0.35996127,1.0,295.152008
4305227.0,0.39409402,1.0,295.152008
4305305.0,0.37585947,1.0,295.152008
4305383.0,0.38525608,1.0,295.152008
4305461.0,0.39780188,1.0,295.152008
4305539.0,0.37763715,1.0,1.376
4305617.0,0.39297658,1.0,2.064
4305695.0,0.40389705,1.0,2.064
4305773.0,0.38408789,1.0,2.408
4305852.0,0.3863228,1.0,2.752
4305930.0,0.38571319,1.0,2.752
4306008.0,0.39114809,1.0,299.623993
4306086.0,0.38454497,1.0,295.496002
4306164.0,0.36610723,1.0,295.839996
4306242.0,0.41370007,1.0,295.839996
4306320.0,0.37926251,1.0,295.496002
4306398.0,0.3896243,1.0,295.839996
4306476.0,0.38464665,1.0,295.839996
4306555.0,0.40211931,1.0,3.096
4306633.0,0.38855752,1.0,2.408
4306711.0,0.39709082,1.0,2.752
4306789.0,0.36808807,1.0,2.752
4306867.0,0.4116683,1.0,2.752
4306945.0,0.388964,1.0,2.408
4307023.0,0.38540846,1.0,294.119995
4307101.0,0.39155442,1.0,295.152008
4307180.0,0.37977043,1.0,295.152008
4307258.0,0.37296429,1.0,294.808014
4307336.0,0.38124353,1.0,295.496002
4307414.0,0.37763715,1.0,295.496002
4307492.0,0.36940867,1.0,296.528015
4307570.0,0.38271639,1.0,3.096
4307648.0,0.39775109,1.0,2.752
4307726.0,0.37844986,1.0,2.064
4307804.0,0.37494513,1.0,2.064
4307882.0,0.38241166,1.0,2.064
4307961.0,0.37474203,1.0,2.752
4308039.0,0.40008754,1.0,294.119995
4308117.0,0.40730017,1.0,295.496002
4308195.0,0.39190996,1.0,294.808014
4308273.0,0.3713389,1.0,294.808014
4308351.0,0.4069446,1.0,294.808014
4308429.0,0.36986589,1.0,295.496002
4308507.0,0.39099565,1.0,295.496002
4308586.0,0.37098327,1.0,2.752
4308664.0,0.40714779,1.0,1.72
4308742.0,0.39013216,1.0,1.376
4308820.0,0.39485592,1.0,1.72
4308898.0,0.38718626,1.0,2.064
4308976.0,0.37987205,1.0,2.408
4309054.0,0.38982743,1.0,294.119995
4309132.0,0.36798656,1.0,296.18399
4309210.0,0.388964,1.0,295.839996
4309289.0,0.37692609,1.0,295.496002
4309367.0,0.37357372,1.0,295.496002
4309445.0,0.38804975,1.0,295.152008
4309523.0,0.37484363,1.0,202.272003
4309601.0,0.38104033,1.0,2.064
4309679.0,0.38236091,1.0,2.064
4309757.0,0.3981066,1.0,2.408
4309835.0,0.41283658,1.0,2.408
4309914.0,0.38027829,1.0,2.408
4309992.0,0.41243026,1.0,80.839996
4310070.0,0.38515449,1.0,295.152008
4310148.0,0.3491424,1.0,295.496002
4310226.0,0.38647515,1.0,295.496002
4310304.0,0.37921175,1.0,295.496002
4310382.0,0.37204996,1.0,295.496002
4310460.0,0.37113571,1.0,295.839996
4310538.0,0.38906562,1.0,1.376
4310617.0,0.38144666,1.0,2.752
4310695.0,0.40252563,1.0,2.408
4310773.0,0.39282414,1.0,2.408
4310851.0,0.39470348,1.0,2.064
4310929.0,0.38876075,1.0,2.064
4311007.0,0.39922413,1.0,300.312012
4311085.0,0.38972589,1.0,296.18399
4311163.0,0.3721008,1.0,295.496002
4311242.0,0.39485592,1.0,295.496002
4311320.0,0.39109731,1.0,295.496002
4311398.0,0.37545308,1.0,295.152008
4311476.0,0.36763093,1.0,295.839996
4311554.0,0.3856625,1.0,3.096
4311632.0,0.3833259,1.0,2.064
4311710.0,0.41232857,1.0,2.064
4311788.0,0.38688141,1.0,2.064
4311866.0,0.37032297,1.0,2.064
4311945.0,0.38601792,1.0,2.064
4312023.0,0.37895772,1.0,293.776001
4312101.0,0.37453881,1.0,295.496002
4312179.0,0.34502822,1.0,295.152008
4312257.0,0.37291345,1.0,295.496002
4312335.0,0.41847453,1.0,295.496002
4312413.0,0.38200533,1.0,295.496002
4312491.0,0.40267801,1.0,295.496002
4312569.0,0.40349081,1.0,2.752
4312648.0,0.37733242,1.0,1.72
4312726.0,0.38652599,1.0,1.72
4312804.0,0.38291958,1.0,1.72
4312882.0,0.39262095,1.0,1.72
4312960.0,0.39251941,1.0,2.064
4313038.0,0.40008754,1.0,293.776001
4313116.0,0.36575156,1.0,294.808014
4313194.0,0.35828507,1.0,295.152008
4313273.0,0.36092636,1.0,295.152008
4313351.0,0.38134506,1.0,295.152008
4313429.0,0.38368157,1.0,294.808014
4313507.0,0.38703382,1.0,295.839996
4313585.0,0.39653212,1.0,3.44
4313663.0,0.4154779,1.0,1.72
4313741.0,0.40618271,1.0,2.064
4313819.0,0.37011987,1.0,1.376
4313897.0,0.38190383,1.0,2.064
4313975.0,0.37987205,1.0,1.72
4314054.0,0.38515449,1.0,294.119995
4314132.0,0.37611336,1.0,294.808014
4314210.0,0.37413248,1.0,295.152008
4314288.0,0.38657668,1.0,295.152008
4314366.0,0.37489432,1.0,294.808014
4314444.0,0.394348,1.0,295.152008
4314522.0,0.37712923,1.0,212.591995
4314601.0,0.36951032,1.0,2.064
4314679.0,0.38403705,1.0,1.72
4314757.0,0.39175761,1.0,2.064
4314835.0,0.38231006,1.0,2.064
4314913.0,0.37509757,1.0,1.72
4314991.0,0.3690024,1.0,71.896004
4315069.0,0.39353526,1.0,294.808014
4315147.0,0.36641192,1.0,295.496002
4315225.0,0.36920559,1.0,295.496002
4315303.0,0.39521149,1.0,295.496002
4315382.0,0.38413864,1.0,295.152008
4315460.0,0.37392929,1.0,294.808014
4315538.0,0.38987827,1.0,0.688
4315616.0,0.3936877,1.0,1.376
4315694.0,0.4052684,1.0,1.032
4315772.0,0.38754168,1.0,1.376
4315850.0,0.40201771,1.0,1.376
4315928.0,0.37240553,1.0,1.376
4316006.0,0.36986589,1.0,300.656006
4316085.0,0.37712923,1.0,294.808014
4316163.0,0.37631655,1.0,295.152008
4316241.0,0.364939,1.0,295.152008
4316319.0,0.38723695,1.0,295.496002
4316397.0,0.38281798,1.0,295.496002
4316475.0,0.38982743,1.0,295.496002
4316553.0,0.38799885,1.0,3.096
4316632.0,0.38830364,1.0,2.408
4316710.0,0.3683421,1.0,0.688
4316788.0,0.40663987,1.0,1.72
4316866.0,0.38276732,1.0,1.72
4316944.0,0.37017062,1.0,2.064
4317022.0,0.39206234,1.0,293.088013
4317100.0,0.37977043,1.0,295.496002
4317178.0,0.36478657,1.0,295.152008
4317256.0,0.38327515,1.0,295.496002
4317334.0,0.39378929,1.0,295.496002
4317412.0,0.38601792,1.0,295.496002
4317491.0,0.37138966,1.0,295.839996
4317569.0,0.38586569,1.0,2.752
4317647.0,0.38017675,1.0,2.752
4317725.0,0.3981066,1.0,2.408
4317803.0,0.38307202,1.0,2.408
4317881.0,0.3981066,1.0,2.064
4317959.0,0.37565619,1.0,2.408
4318037.0,0.37001824,1.0,294.119995
4318116.0,0.37829742,1.0,294.808014
4318194.0,0.3469075,1.0,294.463989
4318272.0,0.3850022,1.0,294.463989
4318350.0,0.38119262,1.0,294.808014
4318428.0,0.37408167,1.0,294.808014
4318506.0,0.38520527,1.0,294.808014
4318584.0,0.36905316,1.0,2.408
4318662.0,0.39617658,1.0,1.376
4318740.0,0.39373848,1.0,1.72
4318819.0,0.38225931,1.0,1.376
4318897.0,0.3754023,1.0,1.72
4318975.0,0.39190996,1.0,1.72
4319053.0,0.3738277,1.0,293.776001
4319131.0,0.36158666,1.0,295.152008
4319209.0,0.37768796,1.0,295.152008
4319287.0,0.37626573,1.0,295.152008
4319365.0,0.36864683,1.0,295.152008
4319444.0,0.39566866,1.0,294.463989
4319522.0,0.39876688,1.0,218.783997
4319600.0,0.38104033,1.0,2.064
4319678.0,0.40227175,1.0,1.72
4319756.0,0.39160523,1.0,1.72
4319834.0,0.38840532,1.0,1.72
4319912.0,0.35305345,1.0,1.72
4319990.0,0.3719992,1.0,67.424004
4320068.0,0.39688769,1.0,294.808014
4320147.0,0.36565006,1.0,295.152008
4320225.0,0.35594872,1.0,295.496002
4320303.0,0.37514836,1.0,294.808014
4320381.0,0.35483125,1.0,295.152008
4320459.0,0.36189145,1.0,294.808014
4320537.0,0.40989056,1.0,1.032
4320615.0,0.35904703,1.0,1.72
4320693.0,0.39703998,1.0,2.064
4320772.0,0.39861459,1.0,1.376
4320850.0,0.38002446,1.0,1.376
4320928.0,0.37108496,1.0,1.376
4321006.0,0.38312286,1.0,301.0
4321084.0,0.36534524,1.0,294.808014
4321162.0,0.36412627,1.0,294.808014
4321240.0,0.3667675,1.0,294.808014
4321318.0,0.36559927,1.0,295.152008
4321396.0,0.37331983,1.0,294.808014
4321474.0,0.37387854,1.0,295.496002
4321553.0,0.36118034,1.0,2.752
4321631.0,0.37565619,1.0,1.376
4321709.0,0.39043689,1.0,1.376
4321787.0,0.3879481,1.0,1.72
4321865.0,0.38124353,1.0,1.72
4321943.0,0.37667212,1.0,1.72
4322021.0,0.3778404,1.0,293.088013
4322099.0,0.3768245,1.0,294.808014
4322178.0,0.35330749,1.0,295.839996
4322256.0,0.38104033,1.0,295.496002
4322334.0,0.37362456,1.0,295.839996
4322412.0,0.39963046,1.0,294.808014
4322490.0,0.38647515,1.0,295.839996
4322568.0,0.36128193,1.0,3.096
4322646.0,0.39450034,1.0,2.408
4322724.0,0.3848497,1.0,2.408
4322803.0,0.37484363,1.0,2.408
4322881.0,0.36290723,1.0,2.408
4322959.0,0.37961799,1.0,2.408
4323037.0,0.3754023,1.0,294.119995
4323115.0,0.39460194,1.0,295.839996
4323193.0,0.35046297,1.0,295.496002
4323271.0,0.38749099,1.0,295.839996
4323349.0,0.38398629,1.0,295.839996
4323427.0,0.38505289,1.0,295.152008
4323506.0,0.38931951,1.0,294.808014
4323584.0,0.37646893,1.0,2.408
4323662.0,0.39155442,1.0,2.064
4323740.0,0.40730017,1.0,2.064
4323818.0,0.388964,1.0,2.064
4323896.0,0.3635675,1.0,2.064
4323974.0,0.38520527,1.0,1.72
4324052.0,0.38815129,1.0,293.776001
4324131.0,0.35975814,1.0,295.152008
4324209.0,0.37377694,1.0,295.152008
4324287.0,0.36514214,1.0,295.152008
4324365.0,0.38916713,1.0,295.152008
4324443.0,0.38982743,1.0,295.152008
4324521.0,0.37006903,1.0,226.007996
4324599.0,0.37900856,1.0,2.408
4324677.0,0.39038619,1.0,2.064
4324755.0,0.37484363,1.0,2.752
4324833.0,0.38129422,1.0,2.064
4324912.0,0.36859608,1.0,1.72
4324990.0,0.38114184,1.0,62.608002
4325068.0,0.37123731,1.0,294.808014
4325146.0,0.37377694,1.0,295.152008
4325224.0,0.36107871,1.0,295.496002
4325302.0,0.37728164,1.0,295.152008
4325380.0,0.365904,1.0,295.496002
4325458.0,0.37250704,1.0,295.152008
4325537.0,0.37296429,1.0,1.032
4325615.0,0.37423402,1.0,1.376
4325693.0,0.41811904,1.0,2.064
4325771.0,0.39043689,1.0,1.376
4325849.0,0.37646893,1.0,1.72
4325927.0,0.38703382,1.0,2.408
4326005.0,0.38225931,1.0,301.687988
4326083.0,0.37367526,1.0,295.496002
4326161.0,0.35711685,1.0,295.152008
4326240.0,0.37179607,1.0,295.152008
4326318.0,0.36534524,1.0,295.496002
4326396.0,0.37946573,1.0,295.496002
4326474.0,0.38454497,1.0,295.496002
4326552.0,0.38190383,1.0,3.096
4326630.0,0.39013216,1.0,2.064
4326708.0,0.39231622,1.0,2.064
4326786.0,0.3902846,1.0,2.064
4326865.0,0.35442486,1.0,2.064
4326943.0,0.37829742,1.0,2.064
4327021.0,0.37992287,1.0,294.119995
4327099.0,0.3802276,1.0,295.496002
4327177.0,0.34492663,1.0,295.496002
4327255.0,0.37438637,1.0,295.152008
4327333.0,0.37032297,1.0,295.496002
4327411.0,0.37352297,1.0,295.496002
4327489.0,0.37814513,1.0,295.496002
4327567.0,0.37494513,1.0,3.096
4327646.0,0.38561165,1.0,2.064
4327724.0,0.38032919,1.0,2.064
4327802.0,0.39922413,1.0,2.064
4327880.0,0.37880543,1.0,2.064
4327958.0,0.39561781,1.0,2.064
4328036.0,0.36971346,1.0,294.119995
4328114.0,0.38997978,1.0,295.152008
4328193.0,0.37337053,1.0,295.496002
4328271.0,0.37799269,1.0,295.496002
4328349.0,0.37880543,1.0,295.496002
4328427.0,0.39206234,1.0,295.496002
4328505.0,0.37819591,1.0,295.496002
4328583.0,0.38246259,1.0,3.096
4328661.0,0.39536378,1.0,2.064
4328739.0,0.39424646,1.0,2.064
4328817.0,0.39064008,1.0,2.064
4328895.0,0.38083705,1.0,2.064
4328974.0,0.39688769,1.0,2.064
4329052.0,0.39709082,1.0,294.119995
4329130.0,0.38388467,1.0,295.496002
4329208.0,0.37560543,1.0,295.496002
4329286.0,0.394348,1.0,295.496002
4329364.0,0.35650733,1.0,295.496002
4329442.0,0.37342137,1.0,295.496002
4329520.0,0.39668441,1.0,235.983994
4329599.0,0.37499583,1.0,2.408
4329677.0,0.36981514,1.0,2.064
4329755.0,0.40343997,1.0,1.72
4329833.0,0.38942102,1.0,2.064
4329911.0,0.39226553,1.0,2.064
4329989.0,0.37250704,1.0,54.352001
4330067.0,0.37138966,1.0,295.152008
4330145.0,0.35488194,1.0,295.839996
4330223.0,0.37189761,1.0,295.496002
4330301.0,0.38261488,1.0,295.496002
4330380.0,0.38713545,1.0,295.496002
4330458.0,0.39190996,1.0,295.152008
4330536.0,0.38764337,1.0,1.376
4330614.0,0.39973211,1.0,1.72
4330692.0,0.40877318,1.0,2.064
4330770.0,0.40796044,1.0,2.064
4330848.0,0.41192234,1.0,2.064
4330927.0,0.39719242,1.0,2.064
4331005.0,0.39663365,1.0,302.376007
4331083.0,0.39317971,1.0,294.808014
4331161.0,0.37601185,1.0,295.152008
4331239.0,0.40933186,1.0,294.808014
4331317.0,0.40928105,1.0,295.152008
4331395.0,0.39592254,1.0,295.152008
4331473.0,0.39709082,1.0,295.496002
4331551.0,0.38170061,1.0,2.752
4331629.0,0.38754168,1.0,2.064
4331708.0,0.41517302,1.0,2.064
4331786.0,0.39871618,1.0,1.72
4331864.0,0.3896243,1.0,1.72
4331942.0,0.40684307,1.0,2.408
4332020.0,0.38124353,1.0,294.463989
4332098.0,0.40404943,1.0,295.839996
4332176.0,0.38490045,1.0,295.839996
4332254.0,0.38398629,1.0,295.839996
4332333.0,0.37743393,1.0,295.496002
4332411.0,0.40059555,1.0,295.496002
4332489.0,0.38474816,1.0,295.839996
4332567.0,0.39394167,1.0,3.096
4332645.0,0.41791576,1.0,2.064
4332723.0,0.37824667,1.0,2.064
4332801.0,0.39272261,1.0,2.064
4332879.0,0.38835448,1.0,2.064
4332957.0,0.39968121,1.0,2.064
4333036.0,0.41136357,1.0,294.463989
4333114.0,0.39495751,1.0,295.152008
4333192.0,0.3642278,1.0,295.839996
4333270.0,0.38916713,1.0,295.839996
4333348.0,0.39663365,1.0,295.839996
4333426.0,0.38835448,1.0,295.496002
4333504.0,0.38901478,1.0,295.152008
4333582.0,0.38002446,1.0,3.096
4333660.0,0.38383386,1.0,2.064
4333739.0,0.40887478,1.0,2.064
4333817.0,0.40999216,1.0,2.064
4333895.0,0.39099565,1.0,2.064
4333973.0,0.38596722,1.0,1.72
4334051.0,0.40389705,1.0,293.776001
4334129.0,0.35980883,1.0,295.496002
4334207.0,0.39236712,1.0,295.496002
4334285.0,0.39455119,1.0,295.152008
4334364.0,0.40252563,1.0,295.152008
4334442.0,0.39480516,1.0,295.839996
4334520.0,0.39089411,1.0,244.240005
4334598.0,0.39333215,1.0,2.752
4334676.0,0.41898254,1.0,2.752
4334754.0,0.40755421,1.0,2.752
4334832.0,0.40999216,1.0,2.752
4334910.0,0.3974463,1.0,2.752
4334988.0,0.37570703,1.0,39.903999
4335067.0,0.40074784,1.0,295.152008
4335145.0,0.38129422,1.0,295.839996
4335223.0,0.36915478,1.0,295.496002
4335301.0,0.37067854,1.0,295.839996
4335379.0,0.38327515,1.0,295.839996
4335457.0,0.38840532,1.0,295.839996
4335535.0,0.41339535,1.0,1.376
4335613.0,0.38886234,1.0,2.408
4335691.0,0.38876075,1.0,2.408
4335770.0,0.39048779,1.0,2.064
4335848.0,0.40095109,1.0,2.064
4335926.0,0.39307818,1.0,2.064
4336004.0,0.39957961,1.0,303.063995
4336082.0,0.37692609,1.0,295.496002
4336160.0,0.36377072,1.0,295.152008
4336238.0,0.39155442,1.0,295.496002
4336316.0,0.40267801,1.0,295.496002
4336395.0,0.39231622,1.0,295.496002
4336473.0,0.39079252,1.0,295.496002
4336551.0,0.39267185,1.0,3.096
4336629.0,0.38083705,1.0,2.064
4336707.0,0.40323678,1.0,2.408
4336785.0,0.38297042,1.0,2.064
4336863.0,0.37585947,1.0,2.064
4336941.0,0.40186527,1.0,2.064
4337020.0,0.38241166,1.0,293.776001
4337098.0,0.39058939,1.0,295.496002
4337176.0,0.37870383,1.0,295.496002
4337254.0,0.38246259,1.0,295.496002
4337332.0,0.38901478,1.0,296.528015
4337410.0,0.38479894,1.0,296.18399
4337488.0,0.40105268,1.0,296.18399
4337566.0,0.39084327,1.0,3.44
4337644.0,0.394348,1.0,2.752
4337722.0,0.38403705,1.0,2.752
4337801.0,0.41679847,1.0,2.752
4337879.0,0.38850686,1.0,2.408
4337957.0,0.40562403,1.0,2.408
4338035.0,0.39246872,1.0,294.463989
4338113.0,0.39465278,1.0,295.839996
4338191.0,0.36930713,1.0,295.496002
4338269.0,0.37037376,1.0,295.496002
4338347.0,0.41441113,1.0,295.839996
4338426.0,0.3902846,1.0,295.496002
4338504.0,0.38383386,1.0,295.152008
4338582.0,0.3896243,1.0,3.44
4338660.0,0.40333828,1.0,2.064
4338738.0,0.38281798,1.0,2.064
4338816.0,0.3902846,1.0,2.064
4338894.0,0.38490045,1.0,2.064
4338972.0,0.39190996,1.0,2.064
4339050.0,0.40719864,1.0,294.463989
4339129.0,0.38495138,1.0,295.839996
4339207.0,0.38185298,1.0,295.496002
4339285.0,0.3848497,1.0,295.839996
4339363.0,0.39353526,1.0,295.496002
4339441.0,0.40684307,1.0,295.496002
4339519.0,0.38830364,1.0,252.496002
4339597.0,0.37342137,1.0,2.752
4339675.0,0.39688769,1.0,2.064
4339753.0,0.38759252,1.0,1.72
4339832.0,0.39399251,1.0,2.408
4339910.0,0.3856625,1.0,2.064
4339988.0,0.37977043,1.0,25.112
4340066.0,0.37138966,1.0,295.496002
4340144.0,0.38073552,1.0,296.18399
4340222.0,0.3850022,1.0,295.839996
4340300.0,0.39902091,1.0,295.839996
4340378.0,0.39622733,1.0,296.18399
4340456.0,0.38342759,1.0,295.839996
4340535.0,0.3777895,1.0,3.096
4340613.0,0.39800507,1.0,2.408
4340691.0,0.40486208,1.0,2.408
4340769.0,0.38693222,1.0,2.408
4340847.0,0.39145279,1.0,2.408
4340925.0,0.41593489,1.0,2.064
4341003.0,0.38672903,1.0,302.720001
4341081.0,0.39856377,1.0,295.839996
4341160.0,0.37530071,1.0,295.839996
4341238.0,0.3879481,1.0,295.839996
4341316.0,0.38977659,1.0,295.496002
4341394.0,0.39622733,1.0,295.496002
4341472.0,0.38281798,1.0,296.18399
4341550.0,0.39109731,1.0,3.44
4341628.0,0.39983365,1.0,2.064
4341706.0,0.38576403,1.0,2.408
4341784.0,0.38444343,1.0,1.72
4341863.0,0.38479894,1.0,2.752
4341941.0,0.40023997,1.0,2.408
4342019.0,0.38627195,1.0,294.119995
4342097.0,0.37997356,1.0,295.839996
4342175.0,0.37083089,1.0,295.152008
4342253.0,0.40272877,1.0,295.152008
4342331.0,0.38368157,1.0,295.839996
4342409.0,0.39993519,1.0,295.839996
4342488.0,0.39490676,1.0,295.496002
4342566.0,0.38053232,1.0,3.784
4342644.0,0.39561781,1.0,2.408
4342722.0,0.40978897,1.0,2.408
4342800.0,0.39729401,1.0,2.408
4342878.0,0.3802276,1.0,2.408
4342956.0,0.4047097,1.0,2.064
4343034.0,0.37758636,1.0,294.119995
4343112.0,0.39140204,1.0,295.496002
4343190.0,0.37479278,1.0,295.496002
4343269.0,0.39450034,1.0,295.496002
4343347.0,0.39358619,1.0,295.496002
4343425.0,0.37987205,1.0,295.496002
4343503.0,0.39099565,1.0,295.496002
4343581.0,0.37646893,1.0,3.096
4343659.0,0.4052684,1.0,2.064
4343737.0,0.39597335,1.0,2.064
4343816.0,0.39495751,1.0,1.72
4343894.0,0.38469732,1.0,2.064
4343972.0,0.37723082,1.0,2.408
4344050.0,0.39226553,1.0,294.119995
4344128.0,0.37535146,1.0,295.496002
4344206.0,0.3665643,1.0,295.496002
4344284.0,0.38231006,1.0,295.496002
4344362.0,0.38744015,1.0,295.496002
4344440.0,0.40537,1.0,295.152008
4344518.0,0.38261488,1.0,259.376007
4344597.0,0.39648131,1.0,2.752
4344675.0,0.39693838,1.0,2.064
4344753.0,0.39754799,1.0,2.064
4344831.0,0.39856377,1.0,2.064
4344909.0,0.39658281,1.0,2.064
4344987.0,0.40191618,1.0,16.167999
4345065.0,0.37321824,1.0,294.463989
4345143.0,0.35691372,1.0,295.496002
4345222.0,0.38525608,1.0,295.496002
4345300.0,0.38170061,1.0,295.496002
4345378.0,0.37474203,1.0,295.496002
4345456.0,0.38002446,1.0,295.152008
4345534.0,0.38754168,1.0,5.848
4345612.0,0.39175761,1.0,2.064
4345690.0,0.38515449,1.0,1.72
4345768.0,0.36234847,1.0,1.72
4345846.0,0.39109731,1.0,1.72
4345925.0,0.38388467,1.0,1.72
4346003.0,0.38398629,1.0,301.687988
4346081.0,0.37154204,1.0,295.496002
4346159.0,0.35432324,1.0,295.496002
4346237.0,0.38835448,1.0,294.808014
4346315.0,0.38266563,1.0,294.808014
4346393.0,0.36824045,1.0,295.152008
4346471.0,0.36173901,1.0,295.152008
4346549.0,0.38723695,1.0,2.752
4346628.0,0.38357988,1.0,2.408
4346706.0,0.39937648,1.0,2.064
4346784.0,0.37565619,1.0,2.064
4346862.0,0.39180836,1.0,2.064
4346940.0,0.38276732,1.0,2.064
4347018.0,0.37204996,1.0,293.432007
4347096.0,0.3863228,1.0,295.496002
4347174.0,0.37489432,1.0,295.496002
4347252.0,0.38220856,1.0,295.496002
4347331.0,0.38429099,1.0,295.496002
4347409.0,0.39561781,1.0,295.496002
4347487.0,0.38952261,1.0,295.496002
4347565.0,0.35884383,1.0,3.096
4347643.0,0.39571941,1.0,2.064
4347721.0,0.39668441,1.0,2.064
4347799.0,0.38317356,1.0,2.064
4347878.0,0.40846837,1.0,2.064
4347956.0,0.41090649,1.0,2.064
4348034.0,0.39038619,1.0,294.119995
4348112.0,0.36717391,1.0,295.152008
4348190.0,0.37464043,1.0,295.496002
4348268.0,0.37519911,1.0,295.496002
4348346.0,0.36732626,1.0,295.496002
4348424.0,0.39683685,1.0,295.496002
4348502.0,0.37093243,1.0,295.496002
4348580.0,0.37992287,1.0,3.096
4348658.0,0.39292583,1.0,2.064
4348737.0,0.37367526,1.0,2.064
4348815.0,0.39216384,1.0,2.064
4348893.0,0.3719992,1.0,2.064
4348971.0,0.38723695,1.0,2.408
4349049.0,0.37403083,1.0,294.119995
4349127.0,0.35660899,1.0,295.496002
4349205.0,0.36763093,1.0,295.496002
4349283.0,0.37733242,1.0,295.496002
4349362.0,0.38906562,1.0,295.496002
4349440.0,0.38038003,1.0,295.496002
4349518.0,0.37646893,1.0,264.536011
4349596.0,0.38708466,1.0,2.064
4349674.0,0.3856625,1.0,1.72
4349752.0,0.40547165,1.0,1.72
4349830.0,0.38251325,1.0,1.72
4349908.0,0.390183,1.0,1.72
4349986.0,0.38215771,1.0,10.664
4350065.0,0.37789109,1.0,293.776001
4350143.0,0.37103412,1.0,294.808014
4350221.0,0.38571319,1.0,295.496002
4350299.0,0.36245012,1.0,295.839996
4350377.0,0.38246259,1.0,294.808014
4350455.0,0.39338291,1.0,295.496002
4350533.0,0.36229777,1.0,7.912
4350611.0,0.40643668,1.0,2.064
4350690.0,0.38926873,1.0,2.408
4350768.0,0.40603027,1.0,2.064
4350846.0,0.39292583,1.0,2.064
4350924.0,0.39277345,1.0,2.064
4351002.0,0.3785007,1.0,299.967987
4351080.0,0.38154826,1.0,294.808014
4351158.0,0.37387854,1.0,294.808014
4351236.0,0.3777895,1.0,296.18399
4351314.0,0.38144666,1.0,295.152008
4351393.0,0.38571319,1.0,294.808014
4351471.0,0.37758636,1.0,294.808014
4351549.0,0.37413248,1.0,3.096
4351627.0,0.39226553,1.0,2.064
4351705.0,0.37113571,1.0,2.408
4351783.0,0.410043,1.0,2.064
4351861.0,0.39612573,1.0,2.752
4351939.0,0.3785007,1.0,2.408
4352018.0,0.36605638,1.0,294.119995
4352096.0,0.38073552,1.0,295.496002
4352174.0,0.36981514,1.0,296.18399
4352252.0,0.3808879,1.0,295.839996
4352330.0,0.36082467,1.0,295.496002
4352408.0,0.3832244,1.0,296.18399
4352486.0,0.43615055,1.0,296.18399
4352564.0,0.38947186,1.0,3.784
4352642.0,0.36011362,1.0,2.408
4352721.0,0.38276732,1.0,2.408
4352799.0,0.38881159,1.0,2.064
4352877.0,0.37667212,1.0,2.408
4352955.0,0.40150979,1.0,2.064
4353033.0,0.4013066,1.0,294.119995
4353111.0,0.38804975,1.0,295.496002
4353189.0,0.38718626,1.0,295.839996
4353267.0,0.36407551,1.0,295.839996
4353346.0,0.4022209,1.0,296.18399
4353424.0,0.3936877,1.0,295.839996
4353502.0,0.39282414,1.0,295.839996
4353580.0,0.4046081,1.0,3.44
4353658.0,0.40338904,1.0,2.752
4353736.0,0.39135119,1.0,2.408
4353814.0,0.38231006,1.0,2.064
4353892.0,0.41253179,1.0,2.064
4353970.0,0.38967505,1.0,2.752
4354048.0,0.3863228,1.0,294.119995
4354127.0,0.37286261,1.0,296.18399
4354205.0,0.39729401,1.0,295.496002
4354283.0,0.38007525,1.0,295.496002
4354361.0,0.3998844,1.0,295.839996
4354439.0,0.35894534,1.0,295.496002
4354517.0,0.38840532,1.0,269.35199
4354595.0,0.38398629,1.0,3.096
4354673.0,0.4300046,1.0,2.064
4354752.0,0.38698307,1.0,2.064
4354830.0,0.40430337,1.0,2.408
4354908.0,0.3832244,1.0,2.064
4354986.0,0.39185911,1.0,6.88
4355064.0,0.38251325,1.0,293.776001
4355142.0,0.37748477,1.0,295.496002
4355220.0,0.38713545,1.0,295.496002
4355298.0,0.37667212,1.0,295.496002
4355376.0,0.39064008,1.0,296.18399
4355455.0,0.39424646,1.0,295.496002
4355533.0,0.39231622,1.0,13.416
4355611.0,0.37697685,1.0,2.064
4355689.0,0.40897632,1.0,2.064
4355767.0,0.39358619,1.0,2.064
4355845.0,0.39272261,1.0,2.408
4355923.0,0.39079252,1.0,2.408
4356001.0,0.38459572,1.0,297.559998
4356079.0,0.38820204,1.0,295.496002
4356158.0,0.35173285,1.0,294.808014
4356236.0,0.39622733,1.0,295.152008
4356314.0,0.37423402,1.0,295.496002
4356392.0,0.39287499,1.0,295.496002
4356470.0,0.37799269,1.0,295.496002
4356548.0,0.37895772,1.0,2.408
4356626.0,0.39815745,1.0,2.064
4356704.0,0.40283045,1.0,1.72
4356783.0,0.40105268,1.0,2.064
4356861.0,0.38815129,1.0,2.064
4356939.0,0.40206847,1.0,1.72
4357017.0,0.38368157,1.0,293.432007
4357095.0,0.38891309,1.0,294.808014
4357173.0,0.37591016,1.0,294.808014
4357251.0,0.36158666,1.0,295.496002
4357329.0,0.38479894,1.0,295.839996
4357407.0,0.36879921,1.0,294.808014
4357486.0,0.37392929,1.0,295.152008
4357564.0,0.396786,1.0,3.096
4357642.0,0.39546543,1.0,2.064
4357720.0,0.40709695,1.0,1.72
4357798.0,0.38611951,1.0,2.064
4357876.0,0.39526224,1.0,1.376
4357954.0,0.3896243,1.0,2.064
4358032.0,0.37824667,1.0,293.776001
4358111.0,0.38114184,1.0,295.152008
4358189.0,0.40313524,1.0,295.496002
4358267.0,0.37398013,1.0,295.496002
4358345.0,0.36915478,1.0,295.839996
4358423.0,0.38891309,1.0,296.18399
4358501.0,0.41141441,1.0,295.152008
4358579.0,0.37763715,1.0,3.44
4358657.0,0.41679847,1.0,2.064
4358735.0,0.41095725,1.0,1.72
4358813.0,0.37316734,1.0,1.72
4358892.0,0.388964,1.0,2.064
4358970.0,0.3778404,1.0,2.064
4359048.0,0.37804353,1.0,294.119995
4359126.0,0.38713545,1.0,295.496002
4359204.0,0.36691988,1.0,294.808014
4359282.0,0.38627195,1.0,295.152008
4359360.0,0.39226553,1.0,296.18399
4359438.0,0.39404318,1.0,295.839996
4359517.0,0.37194836,1.0,273.824005
4359595.0,0.3850022,1.0,2.752
4359673.0,0.39389092,1.0,2.064
4359751.0,0.39617658,1.0,2.064
4359829.0,0.3833259,1.0,2.064
4359907.0,0.38068476,1.0,2.064
4359985.0,0.36133268,1.0,3.784
4360063.0,0.39739555,1.0,294.119995
4360141.0,0.36570081,1.0,295.496002
4360220.0,0.38561165,1.0,295.839996
4360298.0,0.37748477,1.0,295.496002
4360376.0,0.39190996,1.0,295.839996
4360454.0,0.37961799,1.0,295.839996
4360532.0,0.38495138,1.0,16.856001
4360610.0,0.37982127,1.0,2.064
4360688.0,0.40537,1.0,2.064
4360766.0,0.40018922,1.0,2.064
4360845.0,0.39932564,1.0,2.064
4360923.0,0.39089411,1.0,2.064
4361001.0,0.38545921,1.0,293.432007
4361079.0,0.37799269,1.0,295.496002
4361157.0,0.34838051,1.0,295.496002
4361235.0,0.36793572,1.0,295.496002
4361313.0,0.37560543,1.0,295.496002
4361391.0,0.3768245,1.0,295.496002
4361469.0,0.37347206,1.0,295.496002
4361547.0,0.37956733,1.0,3.44
4361626.0,0.3785007,1.0,2.064
4361704.0,0.40313524,1.0,2.064
4361782.0,0.37464043,1.0,2.064
4361860.0,0.35559306,1.0,2.064
4361938.0,0.38871005,1.0,2.064
4362016.0,0.39003062,1.0,293.088013
4362094.0,0.39023381,1.0,295.496002
4362172.0,0.3601644,1.0,294.808014
4362251.0,0.3863228,1.0,294.808014
4362329.0,0.36691988,1.0,295.152008
4362407.0,0.37326902,1.0,295.152008
4362485.0,0.371288,1.0,295.496002
4362563.0,0.37702769,1.0,2.408
4362641.0,0.38611951,1.0,2.064
4362719.0,0.39236712,1.0,1.72
4362797.0,0.36468497,1.0,1.376
4362876.0,0.38815129,1.0,1.376
4362954.0,0.36448184,1.0,1.72
4363032.0,0.36265334,1.0,293.776001
4363110.0,0.39297658,1.0,295.152008
4363188.0,0.36305967,1.0,295.152008
4363266.0,0.37103412,1.0,295.496002
4363344.0,0.37860224,1.0,295.152008
4363422.0,0.39003062,1.0,295.152008
4363500.0,0.37646893,1.0,295.496002
4363578.0,0.37875459,1.0,3.096
4363657.0,0.39302742,1.0,2.064
4363735.0,0.40796044,1.0,2.064
4363813.0,0.39373848,1.0,2.064
4363891.0,0.36595485,1.0,2.064
4363969.0,0.37926251,1.0,2.064
4364047.0,0.38515449,1.0,294.119995
4364125.0,0.37570703,1.0,295.496002
4364203.0,0.38048157,1.0,295.152008
4364282.0,0.37184677,1.0,295.496002
4364360.0,0.39643052,1.0,295.496002
4364438.0,0.3667168,1.0,295.496002
4364516.0,0.36697063,1.0,278.29599
4364594.0,0.36519304,1.0,3.096
4364672.0,0.38997978,1.0,2.064
4364750.0,0.41050008,1.0,2.064
4364828.0,0.37982127,1.0,2.064
4364906.0,0.36884996,1.0,2.064
4364985.0,0.37982127,1.0,1.376
4365063.0,0.37992287,1.0,294.463989
4365141.0,0.35427248,1.0,295.496002
4365219.0,0.3674278,1.0,296.18399
4365297.0,0.37677366,1.0,295.839996
4365375.0,0.37204996,1.0,295.496002
4365453.0,0.37758636,1.0,295.839996
4365531.0,0.38444343,1.0,19.608
4365609.0,0.36153588,1.0,2.064
4365688.0,0.40699545,1.0,2.752
4365766.0,0.38164979,1.0,1.72
4365844.0,0.38175139,1.0,2.408
4365922.0,0.40242404,1.0,3.44
4366000.0,0.39912254,1.0,289.64801
4366078.0,0.390183,1.0,295.496002
4366156.0,0.38266563,1.0,296.18399
4366234.0,0.40181452,1.0,296.18399
4366312.0,0.3777388,1.0,295.839996
4366391.0,0.39048779,1.0,296.18399
4366469.0,0.38271639,1.0,296.18399
4366547.0,0.39033535,1.0,3.44
4366625.0,0.38952261,1.0,2.064
4366703.0,0.39632893,1.0,2.064
4366781.0,0.38444343,1.0,2.064
4366859.0,0.38368157,1.0,2.408
4366937.0,0.38251325,1.0,2.064
4367016.0,0.40069714,1.0,293.432007
4367094.0,0.38677987,1.0,295.152008
4367172.0,0.38576403,1.0,295.496002
4367250.0,0.37555459,1.0,295.152008
4367328.0,0.39287499,1.0,295.839996
4367406.0,0.39612573,1.0,295.839996
4367484.0,0.38068476,1.0,295.152008
4367562.0,0.39170685,1.0,2.752
4367641.0,0.38307202,1.0,2.408
4367719.0,0.40079865,1.0,2.408
4367797.0,0.40608111,1.0,2.064
4367875.0,0.3783991,1.0,2.064
4367953.0,0.38738939,1.0,2.064
4368031.0,0.38236091,1.0,294.119995
4368109.0,0.38093865,1.0,295.496002
4368187.0,0.38535762,1.0,295.152008
4368265.0,0.37875459,1.0,295.496002
4368343.0,0.37514836,1.0,295.496002
4368422.0,0.3594026,1.0,296.528015
4368500.0,0.38977659,1.0,296.872009
4368578.0,0.38185298,1.0,3.784
4368656.0,0.38551006,1.0,2.752
4368734.0,0.38718626,1.0,2.752
4368812.0,0.38957354,1.0,2.752
4368890.0,0.39876688,1.0,2.408
4368968.0,0.38916713,1.0,2.408
4369047.0,0.39089411,1.0,294.463989
4369125.0,0.36773252,1.0,296.18399
4369203.0,0.38083705,1.0,295.152008
4369281.0,0.37865299,1.0,295.839996
4369359.0,0.40445581,1.0,295.839996
4369437.0,0.39404318,1.0,295.839996
4369515.0,0.38434193,1.0,284.144012
4369593.0,0.38413864,1.0,2.408
4369671.0,0.39800507,1.0,1.72
4369749.0,0.39790347,1.0,1.72
4369828.0,0.39668441,1.0,1.72
4369906.0,0.40079865,1.0,1.72
4369984.0,0.39612573,1.0,0.344
4370062.0,0.39541468,1.0,292.743988
4370140.0,0.37392929,1.0,295.152008
4370218.0,0.36417705,1.0,294.119995
4370296.0,0.39165592,1.0,294.808014
4370375.0,0.38596722,1.0,294.463989
4370453.0,0.37580863,1.0,294.463989
4370531.0,0.3864243,1.0,24.768
4370609.0,0.4150714,1.0,1.376
4370687.0,0.39886862,1.0,1.72
4370765.0,0.40206847,1.0,1.032
4370843.0,0.36763093,1.0,1.032
4370921.0,0.4013066,1.0,0.688
4370999.0,0.37804353,1.0,278.640015
4371077.0,0.39282414,1.0,295.496002
4371156.0,0.37545308,1.0,295.839996
4371234.0,0.40892547,1.0,295.152008
4371312.0,0.38596722,1.0,295.496002
4371390.0,0.40537,1.0,295.152008
4371468.0,0.39856377,1.0,296.528015
4371546.0,0.38601792,1.0,4.128
4371624.0,0.40084949,1.0,2.752
4371703.0,0.40917951,1.0,3.096
4371781.0,0.38850686,1.0,2.752
4371859.0,0.38164979,1.0,3.44
4371937.0,0.3713389,1.0,2.752
4372015.0,0.39094496,1.0,294.463989
4372093.0,0.38703382,1.0,296.18399
4372171.0,0.36498976,1.0,296.18399
4372249.0,0.40120497,1.0,295.152008
4372327.0,0.38114184,1.0,295.152008
4372405.0,0.37758636,1.0,295.496002
4372484.0,0.40618271,1.0,295.152008
4372562.0,0.4005447,1.0,2.752
4372640.0,0.38459572,1.0,1.72
4372718.0,0.40125582,1.0,1.376
4372796.0,0.39150357,1.0,1.72
4372874.0,0.39119884,1.0,1.72
4372952.0,0.40181452,1.0,2.064
4373030.0,0.38871005,1.0,294.119995
4373109.0,0.39429724,1.0,295.152008
4373187.0,0.38007525,1.0,295.152008
4373265.0,0.37758636,1.0,295.496002
4373343.0,0.39378929,1.0,295.496002
4373421.0,0.39094496,1.0,295.496002
4373499.0,0.39627808,1.0,295.496002
4373577.0,0.37966892,1.0,2.408
4373655.0,0.38840532,1.0,2.064
4373733.0,0.38865921,1.0,2.064
4373811.0,0.38185298,1.0,2.064
4373890.0,0.39856377,1.0,1.72
4373968.0,0.38479894,1.0,2.064
4374046.0,0.3863228,1.0,294.119995
4374124.0,0.38215771,1.0,296.18399
4374202.0,0.39277345,1.0,296.528015
4374280.0,0.36448184,1.0,296.18399
4374358.0,0.38942102,1.0,296.18399
4374437.0,0.39094496,1.0,296.18399
4374515.0,0.3783991,1.0,287.928009
4374593.0,0.38749099,1.0,4.128
4374671.0,0.39145279,1.0,2.752
4374749.0,0.40029073,1.0,2.408
4374827.0,0.39531308,1.0,2.408
4374905.0,0.36793572,1.0,2.752
4374983.0,0.40836686,1.0,1.032
4375061.0,0.38180223,1.0,294.119995
4375139.0,0.36620873,1.0,293.776001
4375218.0,0.37083089,1.0,295.152008
4375296.0,0.38413864,1.0,295.152008
4375374.0,0.37601185,1.0,294.808014
4375452.0,0.37997356,1.0,295.496002
4375530.0,0.39267185,1.0,28.208
4375608.0,0.3673771,1.0,2.408
4375686.0,0.42111576,1.0,1.72
4375764.0,0.38454497,1.0,2.064
4375843.0,0.38937032,1.0,2.408
4375921.0,0.4076049,1.0,1.376
4375999.0,0.39292583,1.0,262.471985
4376077.0,0.40283045,1.0,295.496002
4376155.0,0.35229161,1.0,295.152008
4376233.0,0.390183,1.0,295.152008
4376311.0,0.40506527,1.0,295.496002
4376389.0,0.39206234,1.0,295.496002
4376467.0,0.35838673,1.0,295.496002
4376546.0,0.38713545,1.0,3.096
4376624.0,0.38363072,1.0,2.064
4376702.0,0.3951607,1.0,2.064
4376780.0,0.38926873,1.0,2.064
4376858.0,0.37768796,1.0,2.408
4376936.0,0.39653212,1.0,2.064
4377014.0,0.39658281,1.0,293.776001
4377092.0,0.38733855,1.0,295.496002
4377171.0,0.37814513,1.0,295.496002
4377249.0,0.38038003,1.0,295.152008
4377327.0,0.38271639,1.0,295.496002
4377405.0,0.38291958,1.0,295.496002
4377483.0,0.39993519,1.0,295.496002
4377561.0,0.38576403,1.0,3.096
4377639.0,0.39856377,1.0,1.72
4377717.0,0.39505905,1.0,2.064
4377795.0,0.39612573,1.0,2.064
4377873.0,0.39135119,1.0,2.064
4377952.0,0.40577638,1.0,2.064
4378030.0,0.39632893,1.0,294.119995
4378108.0,0.37829742,1.0,295.496002
4378186.0,0.37458959,1.0,295.496002
4378264.0,0.36849448,1.0,295.496002
4378342.0,0.38454497,1.0,295.496002
4378420.0,0.40100187,1.0,295.496002
4378499.0,0.3690024,1.0,295.152008
4378577.0,0.38957354,1.0,3.096
4378655.0,0.39785272,1.0,2.064
4378733.0,0.39221469,1.0,2.064
4378811.0,0.39709082,1.0,1.72
4378889.0,0.39302742,1.0,2.064
4378967.0,0.38860837,1.0,2.064
4379045.0,0.39409402,1.0,294.119995
4379123.0,0.39541468,1.0,295.496002
4379201.0,0.3730658,1.0,295.152008
4379280.0,0.40978897,1.0,295.496002
4379358.0,0.39323053,1.0,295.496002
4379436.0,0.37235469,1.0,295.839996
4379514.0,0.4141064,1.0,292.399994
4379592.0,0.38200533,1.0,3.096
4379670.0,0.39429724,1.0,1.72
4379748.0,0.39490676,1.0,1.72
4379826.0,0.39546543,1.0,2.064
4379905.0,0.40785894,1.0,1.72
4379983.0,0.40709695,1.0,0.688
4380061.0,0.39871618,1.0,294.119995
4380139.0,0.37621489,1.0,295.496002
4380217.0,0.39058939,1.0,295.496002
4380295.0,0.38754168,1.0,295.496002
4380373.0,0.38302121,1.0,295.839996
4380451.0,0.40476054,1.0,295.152008
4380529.0,0.37905946,1.0,33.712002
4380607.0,0.38515449,1.0,2.064
4380686.0,0.42329997,1.0,1.72
4380764.0,0.41197303,1.0,1.72
4380842.0,0.38698307,1.0,2.064
4380920.0,0.38845602,1.0,2.408
4380998.0,0.380126,1.0,250.776001
4381076.0,0.37697685,1.0,295.152008
4381154.0,0.38241166,1.0,295.496002
4381233.0,0.37697685,1.0,295.496002
4381311.0,0.39211318,1.0,295.496002
4381389.0,0.37738326,1.0,295.496002
4381467.0,0.3833259,1.0,295.496002
4381545.0,0.3863228,1.0,3.096
4381623.0,0.39190996,1.0,2.064
4381701.0,0.39637968,1.0,2.064
4381779.0,0.38744015,1.0,2.064
4381857.0,0.40206847,1.0,2.064
4381936.0,0.38911629,1.0,2.064
4382014.0,0.39383999,1.0,293.776001
4382092.0,0.38571319,1.0,295.496002
4382170.0,0.37123731,1.0,295.496002
4382248.0,0.38068476,1.0,295.496002
4382326.0,0.38378316,1.0,295.496002
4382404.0,0.38429099,1.0,295.496002
4382482.0,0.39455119,1.0,295.496002
4382560.0,0.38434193,1.0,3.096
4382638.0,0.39267185,1.0,1.72
4382717.0,0.41085571,1.0,2.064
4382795.0,0.39739555,1.0,2.064
4382873.0,0.40907797,1.0,2.064
4382951.0,0.38373232,1.0,1.72
4383029.0,0.40785894,1.0,294.463989
4383107.0,0.37392929,1.0,295.496002
4383185.0,0.37271026,1.0,295.496002
4383264.0,0.38098949,1.0,295.496002
4383342.0,0.39058939,1.0,295.152008
4383420.0,0.38515449,1.0,295.839996
4383498.0,0.4211666,1.0,296.18399
4383576.0,0.37860224,1.0,3.44
4383654.0,0.38683072,1.0,2.408
4383732.0,0.39409402,1.0,2.408
4383810.0,0.37535146,1.0,2.408
4383888.0,0.39561781,1.0,2.408
4383966.0,0.39338291,1.0,2.408
4384045.0,0.38901478,1.0,294.808014
4384123.0,0.38236091,1.0,295.839996
4384201.0,0.37052619,1.0,295.839996
4384279.0,0.38693222,1.0,295.839996
4384357.0,0.38073552,1.0,295.839996
4384435.0,0.39033535,1.0,295.839996
4384513.0,0.3951607,1.0,295.839996
4384591.0,0.38190383,1.0,3.44
4384670.0,0.40008754,1.0,2.408
4384748.0,0.41202387,1.0,2.408
4384826.0,0.38327515,1.0,2.408
4384904.0,0.38627195,1.0,2.064
4384982.0,0.38429099,1.0,0.688
4385060.0,0.38784656,1.0,294.463989
4385138.0,0.3872878,1.0,295.839996
4385216.0,0.37921175,1.0,295.839996
4385294.0,0.38454497,1.0,295.839996
4385373.0,0.36473581,1.0,295.496002
4385451.0,0.3783991,1.0,295.496002
4385529.0,0.38393545,1.0,38.183998
4385607.0,0.39749715,1.0,2.064
4385685.0,0.40897632,1.0,2.064
4385763.0,0.38474816,1.0,2.064
4385841.0,0.3737261,1.0,1.72
4385919.0,0.38413864,1.0,2.064
4385998.0,0.39170685,1.0,244.584
4386076.0,0.40699545,1.0,295.839996
4386154.0,0.37245637,1.0,296.18399
4386232.0,0.396786,1.0,296.18399
4386310.0,0.37301496,1.0,296.18399
4386388.0,0.38657668,1.0,296.18399
4386466.0,0.39404318,1.0,296.18399
4386544.0,0.39455119,1.0,3.44
4386622.0,0.37524986,1.0,2.752
4386701.0,0.37951648,1.0,2.408
4386779.0,0.40161145,1.0,2.408
4386857.0,0.37936419,1.0,2.408
4386935.0,0.36163741,1.0,2.408
4387013.0,0.38789725,1.0,294.119995
4387091.0,0.38652599,1.0,295.496002
4387169.0,0.38373232,1.0,295.839996
4387247.0,0.38576403,1.0,295.839996
4387326.0,0.37220231,1.0,295.839996
4387404.0,0.38363072,1.0,294.808014
4387482.0,0.37697685,1.0,295.839996
4387560.0,0.39124969,1.0,2.752
4387638.0,0.37672287,1.0,1.72
4387716.0,0.40587792,1.0,2.064
4387794.0,0.37743393,1.0,1.72
4387872.0,0.38449413,1.0,2.064
4387950.0,0.38246259,1.0,1.72
4388029.0,0.38672903,1.0,294.119995
4388107.0,0.40354148,1.0,295.152008
4388185.0,0.36118034,1.0,295.496002
4388263.0,0.37377694,1.0,295.496002
4388341.0,0.40211931,1.0,295.152008
4388419.0,0.38027829,1.0,295.496002
4388497.0,0.38759252,1.0,295.496002
4388575.0,0.39521149,1.0,2.408
4388653.0,0.39734477,1.0,1.376
4388732.0,0.4148683,1.0,1.72
4388810.0,0.39363694,1.0,2.752
4388888.0,0.39592254,1.0,2.408
4388966.0,0.39358619,1.0,2.064
4389044.0,0.37946573,1.0,294.463989
4389122.0,0.39023381,1.0,295.496002
4389200.0,0.38159895,1.0,296.528015
4389278.0,0.37555459,1.0,295.839996
4389357.0,0.40389705,1.0,296.872009
4389435.0,0.39312902,1.0,296.18399
4389513.0,0.38424018,1.0,298.247986
4389591.0,0.37687516,1.0,3.44
4389669.0,0.40542084,1.0,2.752
4389747.0,0.39968121,1.0,2.752
4389825.0,0.38098949,1.0,2.752
4389903.0,0.40232244,1.0,2.752
4389981.0,0.38708466,1.0,1.032
4390059.0,0.39775109,1.0,294.463989
4390138.0,0.36168817,1.0,296.18399
4390216.0,0.37987205,1.0,295.839996
4390294.0,0.37890702,1.0,295.839996
4390372.0,0.37321824,1.0,296.18399
4390450.0,0.39358619,1.0,295.839996
4390528.0,0.39627808,1.0,47.127998
4390606.0,0.39607498,1.0,2.408
4390684.0,0.43579492,1.0,2.064
4390763.0,0.40008754,1.0,2.408
4390841.0,0.39851308,1.0,2.408
4390919.0,0.3872878,1.0,2.752
4390997.0,0.3850022,1.0,238.048004
4391075.0,0.39886862,1.0,295.839996
4391153.0,0.3760626,1.0,295.496002
4391231.0,0.40415108,1.0,294.808014
4391309.0,0.38601792,1.0,295.496002
4391387.0,0.39714158,1.0,295.839996
4391466.0,0.38942102,1.0,296.18399
4391544.0,0.39490676,1.0,4.472
4391622.0,0.39876688,1.0,3.096
4391700.0,0.41207477,1.0,3.096
4391778.0,0.38266563,1.0,3.784
4391856.0,0.37692609,1.0,3.096
4391934.0,0.39307818,1.0,2.752
4392012.0,0.38784656,1.0,294.463989
4392090.0,0.39622733,1.0,295.839996
4392169.0,0.38759252,1.0,296.18399
4392247.0,0.38637346,1.0,295.839996
4392325.0,0.38937032,1.0,295.839996
4392403.0,0.39058939,1.0,295.839996
4392481.0,0.40557319,1.0,296.528015
4392559.0,0.40491289,1.0,3.44
4392637.0,0.39378929,1.0,2.408
4392716.0,0.40785894,1.0,2.408
4392794.0,0.41131273,1.0,2.064
4392872.0,0.39226553,1.0,2.408
4392950.0,0.41319206,1.0,2.408
4393028.0,0.40511611,1.0,294.119995
4393106.0,0.40247479,1.0,295.839996
4393184.0,0.38469732,1.0,295.839996
4393262.0,0.40171298,1.0,295.839996
4393340.0,0.38398629,1.0,295.496002
4393418.0,0.38911629,1.0,295.839996
4393496.0,0.3833259,1.0,295.839996
4393575.0,0.38972589,1.0,2.752
4393653.0,0.39673525,1.0,2.064
4393731.0,0.40577638,1.0,2.408
4393809.0,0.39373848,1.0,2.064
4393887.0,0.39089411,1.0,2.064
4393965.0,0.39978281,1.0,2.064
4394043.0,0.38327515,1.0,294.119995
4394121.0,0.38672903,1.0,295.496002
4394200.0,0.38830364,1.0,295.496002
4394278.0,0.39942724,1.0,295.496002
4394356.0,0.37565619,1.0,295.496002
4394434.0,0.41141441,1.0,295.496002
4394512.0,0.39119884,1.0,297.903992
4394590.0,0.40196687,1.0,3.096
4394668.0,0.40537,1.0,2.064
4394746.0,0.4123795,1.0,2.408
4394825.0,0.39861459,1.0,2.064
4394903.0,0.40963668,1.0,3.096
4394981.0,0.37570703,1.0,1.72
4395059.0,0.39902091,1.0,294.808014
4395137.0,0.36605638,1.0,295.496002
4395215.0,0.40928105,1.0,295.839996
4395293.0,0.39190996,1.0,295.496002
4395371.0,0.38210693,1.0,295.496002
4395449.0,0.40110338,1.0,295.839996
4395528.0,0.38464665,1.0,55.728001
4395606.0,0.39419562,1.0,2.064
4395684.0,0.4245697,1.0,2.752
4395762.0,0.40907797,1.0,2.064
4395840.0,0.38901478,1.0,2.064
4395918.0,0.39577025,1.0,2.064
4395996.0,0.39830986,1.0,231.511993
4396074.0,0.40851921,1.0,294.808014
4396152.0,0.37992287,1.0,295.496002
4396230.0,0.35904703,1.0,295.496002
4396309.0,0.40648744,1.0,295.496002
4396387.0,0.39566866,1.0,295.496002
4396465.0,0.39734477,1.0,295.496002
4396543.0,0.40846837,1.0,3.096
4396621.0,0.41689998,1.0,2.064
4396699.0,0.3998844,1.0,2.064
4396777.0,0.39912254,1.0,2.064
4396856.0,0.38723695,1.0,2.064
4396934.0,0.40613195,1.0,1.72
4397012.0,0.40445581,1.0,294.119995
4397090.0,0.39257026,1.0,295.496002
4397168.0,0.38083705,1.0,295.496002
4397246.0,0.37667212,1.0,295.496002
4397324.0,0.37997356,1.0,295.839996
4397402.0,0.40440497,1.0,295.496002
4397480.0,0.38886234,1.0,295.496002
4397558.0,0.41664603,1.0,2.752
4397637.0,0.40237328,1.0,2.064
4397715.0,0.4086715,1.0,2.064
4397793.0,0.38545921,1.0,2.408
4397871.0,0.3850022,1.0,2.064
4397949.0,0.38119262,1.0,2.064
4398027.0,0.40709695,1.0,294.119995
4398105.0,0.38835448,1.0,295.496002
4398183.0,0.38195449,1.0,295.496002
4398262.0,0.37474203,1.0,295.496002
4398340.0,0.38982743,1.0,295.496002
4398418.0,0.3713389,1.0,295.496002
4398496.0,0.39551622,1.0,295.496002
4398574.0,0.39582101,1.0,2.752
4398652.0,0.38926873,1.0,2.064
4398730.0,0.37611336,1.0,2.064
4398808.0,0.39587176,1.0,1.72
4398886.0,0.40283045,1.0,1.72
4398965.0,0.39221469,1.0,2.064
4399043.0,0.38266563,1.0,294.119995
4399121.0,0.39541468,1.0,295.496002
4399199.0,0.38840532,1.0,295.496002
4399277.0,0.38855752,1.0,295.496002
4399355.0,0.40242404,1.0,294.808014
4399433.0,0.39444959,1.0,295.496002
4399511.0,0.39973211,1.0,298.247986
4399590.0,0.39790347,1.0,3.44
4399668.0,0.39008132,1.0,2.064
4399746.0,0.40247479,1.0,2.064
4399824.0,0.39307818,1.0,2.064
4399902.0,0.38429099,1.0,2.064
4399980.0,0.3850022,1.0,1.376
4400058.0,0.41349688,1.0,294.119995
4400136.0,0.36280563,1.0,295.496002
4400214.0,0.37961799,1.0,294.808014
4400293.0,0.38327515,1.0,295.839996
4400371.0,0.38540846,1.0,295.496002
4400449.0,0.39510995,1.0,295.152008
4400527.0,0.36250091,1.0,66.047997
4400605.0,0.39536378,1.0,1.72
4400683.0,0.40887478,1.0,2.064
4400761.0,0.38241166,1.0,2.408
4400839.0,0.41964281,1.0,1.72
4400917.0,0.39754799,1.0,1.376
4400996.0,0.38413864,1.0,224.287994
4401074.0,0.37885618,1.0,295.496002
4401152.0,0.3674278,1.0,295.152008
4401230.0,0.39135119,1.0,295.839996
4401308.0,0.39582101,1.0,295.496002
4401386.0,0.38185298,1.0,295.496002
4401464.0,0.37286261,1.0,295.496002
4401542.0,0.3936877,1.0,3.096
4401621.0,0.3768245,1.0,2.064
4401699.0,0.38967505,1.0,2.064
4401777.0,0.39429724,1.0,2.064
4401855.0,0.38225931,1.0,2.064
4401933.0,0.37718004,1.0,2.408
4402011.0,0.38378316,1.0,294.119995
4402089.0,0.37768796,1.0,295.496002
4402167.0,0.36625957,1.0,295.496002
4402245.0,0.37723082,1.0,295.496002
4402324.0,0.40100187,1.0,295.496002
4402402.0,0.38190383,1.0,295.496002
4402480.0,0.40572554,1.0,295.496002
4402558.0,0.38231006,1.0,2.752
4402636.0,0.37423402,1.0,2.064
4402714.0,0.38911629,1.0,2.064
4402792.0,0.38200533,1.0,2.408
4402870.0,0.39170685,1.0,2.064
4402949.0,0.40410024,1.0,2.064
4403027.0,0.39226553,1.0,294.119995
4403105.0,0.35777721,1.0,295.496002
4403183.0,0.38469732,1.0,295.496002
4403261.0,0.37956733,1.0,295.496002
4403339.0,0.3706277,1.0,295.152008
4403417.0,0.39104646,1.0,295.496002
4403495.0,0.38622111,1.0,295.496002
4403573.0,0.36844364,1.0,3.096
4403651.0,0.39180836,1.0,2.064
4403730.0,0.38119262,1.0,1.72
4403808.0,0.39886862,1.0,1.376
4403886.0,0.37631655,1.0,2.064
4403964.0,0.38027829,1.0,1.376
4404042.0,0.37900856,1.0,293.776001
4404120.0,0.38053232,1.0,294.808014
4404198.0,0.3667168,1.0,295.152008
4404276.0,0.34137109,1.0,295.152008
4404355.0,0.37677366,1.0,294.808014
4404433.0,0.35945335,1.0,294.808014
4404511.0,0.38921791,1.0,297.559998
4404589.0,0.38535762,1.0,2.408
4404667.0,0.39053854,1.0,1.72
4404745.0,0.39536378,1.0,1.72
4404823.0,0.38820204,1.0,1.72
4404901.0,0.40125582,1.0,1.72
4404979.0,0.39389092,1.0,1.032
4405057.0,0.38764337,1.0,293.432007
4405136.0,0.35620251,1.0,294.808014
4405214.0,0.37347206,1.0,295.152008
4405292.0,0.36895156,1.0,294.808014
4405370.0,0.388964,1.0,295.496002
4405448.0,0.37789109,1.0,295.152008
4405526.0,0.39500836,1.0,72.928001
4405604.0,0.35046297,1.0,2.064
4405683.0,0.39724311,1.0,1.72
4405761.0,0.3879481,1.0,1.72
4405839.0,0.39033535,1.0,2.064
4405917.0,0.3841894,1.0,2.064
4405995.0,0.37225309,1.0,221.535995
4406073.0,0.37992287,1.0,295.496002
4406151.0,0.36651361,1.0,295.152008
4406229.0,0.36920559,1.0,295.496002
4406307.0,0.38886234,1.0,295.152008
4406385.0,0.38469732,1.0,296.528015
4406464.0,0.38596722,1.0,295.496002
4406542.0,0.36890087,1.0,3.096
4406620.0,0.36661515,1.0,2.752
4406698.0,0.38931951,1.0,2.752
4406776.0,0.38286883,1.0,2.064
4406854.0,0.37834826,1.0,2.408
4406932.0,0.38479894,1.0,2.408
4407011.0,0.37870383,1.0,294.463989
4407089.0,0.40069714,1.0,295.496002
4407167.0,0.38530692,1.0,295.496002
4407245.0,0.38083705,1.0,295.839996
4407323.0,0.38454497,1.0,296.18399
4407401.0,0.38886234,1.0,295.496002
4407479.0,0.40679225,1.0,295.496002
4407557.0,0.38540846,1.0,3.096
4407635.0,0.38591638,1.0,2.408
4407713.0,0.39373848,1.0,2.064
4407792.0,0.3863228,1.0,1.72
4407870.0,0.38109109,1.0,2.408
4407948.0,0.39907175,1.0,2.064
4408026.0,0.39190996,1.0,294.808014
4408104.0,0.36844364,1.0,296.18399
4408182.0,0.37636733,1.0,296.18399
4408260.0,0.36204374,1.0,296.18399
4408338.0,0.36417705,1.0,296.18399
4408417.0,0.37164354,1.0,296.18399
4408495.0,0.37687516,1.0,296.18399
4408573.0,0.39846215,1.0,3.44
4408651.0,0.38144666,1.0,2.408
4408729.0,0.37905946,1.0,2.064
4408807.0,0.38109109,1.0,2.408
4408885.0,0.37743393,1.0,2.408
4408963.0,0.37103412,1.0,1.72
4409041.0,0.38891309,1.0,294.119995
4409120.0,0.37326902,1.0,295.839996
4409198.0,0.37255788,1.0,295.839996
4409276.0,0.37875459,1.0,295.839996
4409354.0,0.35549155,1.0,295.839996
4409432.0,0.3683421,1.0,296.528015
4409510.0,0.37575787,1.0,297.903992
4409588.0,0.36615804,1.0,3.44
4409666.0,0.36849448,1.0,1.72
4409744.0,0.37971976,1.0,1.72
4409823.0,0.38281798,1.0,2.064
4409901.0,0.3807863,1.0,2.064
4409979.0,0.38413864,1.0,1.376
4410057.0,0.36935797,1.0,294.119995
4410135.0,0.35955495,1.0,295.496002
4410213.0,0.36717391,1.0,295.496002
4410291.0,0.37331983,1.0,295.496002
4410369.0,0.38835448,1.0,295.496002
4410447.0,0.38139582,1.0,295.496002
4410526.0,0.37966892,1.0,83.592003
4410604.0,0.36544684,1.0,2.064
4410682.0,0.38408789,1.0,2.752
4410760.0,0.38723695,1.0,2.064
4410838.0,0.39206234,1.0,2.064
4410916.0,0.39891931,1.0,2.064
4410994.0,0.39993519,1.0,215.343994
4411072.0,0.38241166,1.0,295.152008
4411151.0,0.36961186,1.0,295.496002
4411229.0,0.3850022,1.0,295.152008
4411307.0,0.3696627,1.0,295.152008
4411385.0,0.38855752,1.0,294.808014
4411463.0,0.38601792,1.0,294.808014
4411541.0,0.39627808,1.0,2.752
4411619.0,0.37377694,1.0,2.064
4411697.0,0.37352297,1.0,2.064
4411775.0,0.37895772,1.0,2.064
4411854.0,0.39714158,1.0,2.064
4411932.0,0.37723082,1.0,1.72
4412010.0,0.38652599,1.0,294.119995
4412088.0,0.35615182,1.0,295.152008
4412166.0,0.36752939,1.0,295.496002
4412244.0,0.37138966,1.0,295.152008
4412322.0,0.39607498,1.0,295.152008
4412400.0,0.37931329,1.0,295.496002
4412479.0,0.37545308,1.0,295.496002
4412557.0,0.38225931,1.0,2.752
4412635.0,0.37636733,1.0,1.72
4412713.0,0.40455735,1.0,1.72
4412791.0,0.40090027,1.0,1.376
4412869.0,0.38840532,1.0,1.72
4412947.0,0.38774496,1.0,1.72
4413025.0,0.34137109,1.0,293.776001
4413103.0,0.38581479,1.0,294.808014
4413181.0,0.37291345,1.0,294.808014
4413260.0,0.37692609,1.0,295.496002
4413338.0,0.37621489,1.0,295.496002
4413416.0,0.37118647,1.0,295.496002
4413494.0,0.37651977,1.0,295.152008
4413572.0,0.37702769,1.0,2.752
4413650.0,0.36864683,1.0,2.064
4413728.0,0.38576403,1.0,2.064
4413807.0,0.38119262,1.0,1.72
4413885.0,0.38977659,1.0,1.72
4413963.0,0.4022209,1.0,1.376
4414041.0,0.38007525,1.0,293.776001
4414119.0,0.37047541,1.0,295.152008
4414197.0,0.34462184,1.0,295.496002
4414275.0,0.37809423,1.0,295.152008
4414353.0,0.37961799,1.0,295.152008
4414431.0,0.3744373,1.0,295.152008
4414509.0,0.38576403,1.0,292.399994
4414588.0,0.40404943,1.0,2.752
4414666.0,0.38383386,1.0,2.408
4414744.0,0.39917335,1.0,1.376
4414822.0,0.38164979,1.0,2.064
4414900.0,0.38038003,1.0,2.064
4414978.0,0.35980883,1.0,1.72
4415056.0,0.37088174,1.0,294.119995
4415134.0,0.37707844,1.0,295.496002
4415213.0,0.36829129,1.0,295.152008
4415291.0,0.37250704,1.0,295.152008
4415369.0,0.38515449,1.0,295.496002
4415447.0,0.38718626,1.0,295.496002
4415525.0,0.36417705,1.0,93.912003
4415603.0,0.38368157,1.0,2.064
4415681.0,0.39587176,1.0,2.064
4415759.0,0.38820204,1.0,2.064
4415837.0,0.38149735,1.0,2.064
4415916.0,0.38053232,1.0,2.064
4415994.0,0.36534524,1.0,203.992004
4416072.0,0.38388467,1.0,295.496002
4416150.0,0.33537748,1.0,295.496002
4416228.0,0.38530692,1.0,295.839996
4416306.0,0.38434193,1.0,295.839996
4416384.0,0.36824045,1.0,295.496002
4416462.0,0.39064008,1.0,295.839996
4416540.0,0.39460194,1.0,3.096
4416619.0,0.37154204,1.0,2.064
4416697.0,0.38413864,1.0,2.064
4416775.0,0.3755039,1.0,1.032
4416853.0,0.39632893,1.0,2.064
4416931.0,0.4005447,1.0,2.064
4417009.0,0.37585947,1.0,293.776001
4417087.0,0.38449413,1.0,294.808014
4417165.0,0.36397398,1.0,295.152008
4417243.0,0.35823438,1.0,294.808014
4417322.0,0.35874221,1.0,296.18399
4417400.0,0.37844986,1.0,295.496002
4417478.0,0.37189761,1.0,295.496002
4417556.0,0.38972589,1.0,3.784
4417634.0,0.37844986,1.0,2.064
4417712.0,0.39551622,1.0,2.064
4417790.0,0.38606873,1.0,2.752
4417868.0,0.39069092,1.0,2.064
4417947.0,0.37326902,1.0,2.408
4418025.0,0.39846215,1.0,294.119995
4418103.0,0.37093243,1.0,295.839996
4418181.0,0.37367526,1.0,295.496002
4418259.0,0.40765572,1.0,295.496002
4418337.0,0.3768245,1.0,295.496002
4418415.0,0.38830364,1.0,295.496002
4418493.0,0.36996743,1.0,294.808014
4418572.0,0.37047541,1.0,2.752
4418650.0,0.39886862,1.0,1.376
4418728.0,0.40983981,1.0,1.376
4418806.0,0.37977043,1.0,1.376
4418884.0,0.38698307,1.0,1.72
4418962.0,0.39170685,1.0,1.376
4419040.0,0.39307818,1.0,293.776001
4419118.0,0.37824667,1.0,294.808014
4419196.0,0.371288,1.0,295.152008
4419274.0,0.35696447,1.0,295.152008
4419353.0,0.41222706,1.0,294.808014
4419431.0,0.3832244,1.0,295.152008
4419509.0,0.38200533,1.0,295.152008
4419587.0,0.38469732,1.0,2.752
4419665.0,0.38738939,1.0,1.72
4419743.0,0.36945948,1.0,1.376
4419821.0,0.38611951,1.0,1.72
4419899.0,0.37997356,1.0,2.408
4419978.0,0.39155442,1.0,1.72
4420056.0,0.38957354,1.0,294.119995
4420134.0,0.36798656,1.0,295.152008
4420212.0,0.36488816,1.0,295.496002
4420290.0,0.39003062,1.0,295.496002
4420368.0,0.39643052,1.0,295.152008
4420446.0,0.37011987,1.0,295.496002
4420524.0,0.38845602,1.0,102.512001
4420602.0,0.37474203,1.0,2.408
4420681.0,0.40029073,1.0,1.72
4420759.0,0.38185298,1.0,2.064
4420837.0,0.38551006,1.0,2.408
4420915.0,0.37342137,1.0,2.064
4420993.0,0.38845602,1.0,187.479996
4421071.0,0.38205612,1.0,295.839996
4421149.0,0.35620251,1.0,294.808014
4421227.0,0.37367526,1.0,294.463989
4421306.0,0.38388467,1.0,294.808014
4421384.0,0.39135119,1.0,295.152008
4421462.0,0.35696447,1.0,294.808014
4421540.0,0.38195449,1.0,2.064
4421618.0,0.38449413,1.0,1.72
4421696.0,0.38865921,1.0,1.376
4421774.0,0.38647515,1.0,1.72
4421852.0,0.38774496,1.0,1.376
4421930.0,0.37184677,1.0,1.376
4422009.0,0.38789725,1.0,294.119995
4422087.0,0.38200533,1.0,294.808014
4422165.0,0.39287499,1.0,294.808014
4422243.0,0.36295807,1.0,295.152008
4422321.0,0.37987205,1.0,294.808014
4422399.0,0.36752939,1.0,295.152008
4422477.0,0.3879481,1.0,295.152008
4422555.0,0.37728164,1.0,3.784
4422634.0,0.35681212,1.0,2.064
4422712.0,0.38627195,1.0,2.752
4422790.0,0.35594872,1.0,2.408
4422868.0,0.38490045,1.0,2.408
4422946.0,0.36930713,1.0,2.408
4423024.0,0.36686903,1.0,294.119995
4423102.0,0.37215149,1.0,295.839996
4423180.0,0.3658025,1.0,295.839996
4423258.0,0.35589778,1.0,295.839996
4423336.0,0.37946573,1.0,295.839996
4423415.0,0.38403705,1.0,295.839996
4423493.0,0.37174523,1.0,295.839996
4423571.0,0.35259634,1.0,3.096
4423649.0,0.38942102,1.0,2.408
4423727.0,0.39292583,1.0,2.408
4423805.0,0.39348441,1.0,1.72
4423883.0,0.39180836,1.0,1.376
4423961.0,0.38063392,1.0,1.72
4424040.0,0.37829742,1.0,293.776001
4424118.0,0.40323678,1.0,295.152008
4424196.0,0.36890087,1.0,295.152008
4424274.0,0.35442486,1.0,294.808014
4424352.0,0.39307818,1.0,295.152008
4424430.0,0.37646893,1.0,295.152008
4424508.0,0.39328137,1.0,295.152008
4424586.0,0.36874837,1.0,2.752
4424664.0,0.40709695,1.0,1.032
4424742.0,0.37316734,1.0,1.72
4424821.0,0.40826517,1.0,1.376
4424899.0,0.38246259,1.0,1.72
4424977.0,0.36920559,1.0,1.72
4425055.0,0.3760626,1.0,294.119995
4425133.0,0.34863448,1.0,295.839996
4425211.0,0.36783418,1.0,295.839996
4425289.0,0.3674278,1.0,295.839996
4425368.0,0.38576403,1.0,295.496002
4425446.0,0.37555459,1.0,295.152008
4425524.0,0.364939,1.0,109.736
4425602.0,0.35193607,1.0,2.064
4425680.0,0.38464665,1.0,2.752
4425758.0,0.37758636,1.0,2.064
4425836.0,0.37392929,1.0,1.376
4425914.0,0.38469732,1.0,1.72
4425992.0,0.37555459,1.0,175.095993
4426070.0,0.36661515,1.0,295.152008
4426149.0,0.36371994,1.0,295.152008
4426227.0,0.36849448,1.0,295.152008
4426305.0,0.38286883,1.0,295.496002
4426383.0,0.37509757,1.0,295.496002
4426461.0,0.35975814,1.0,295.496002
4426539.0,0.37423402,1.0,2.752
4426617.0,0.37860224,1.0,2.064
4426695.0,0.4134461,1.0,2.064
4426774.0,0.37316734,1.0,2.064
4426852.0,0.37458959,1.0,1.72
4426930.0,0.38175139,1.0,2.064
4427008.0,0.36326277,1.0,294.463989
4427086.0,0.38606873,1.0,295.496002
4427164.0,0.35706601,1.0,295.496002
4427242.0,0.36631033,1.0,295.496002
4427320.0,0.37316734,1.0,295.496002
4427398.0,0.36412627,1.0,295.496002
4427477.0,0.37900856,1.0,295.496002
4427555.0,0.36686903,1.0,3.096
4427633.0,0.38205612,1.0,2.064
4427711.0,0.39495751,1.0,1.72
4427789.0,0.39048779,1.0,1.72
4427867.0,0.39175761,1.0,1.72
4427945.0,0.40125582,1.0,1.72
4428023.0,0.37220231,1.0,293.776001
4428102.0,0.36697063,1.0,295.152008
4428180.0,0.3642278,1.0,295.152008
4428258.0,0.38225931,1.0,295.152008
4428336.0,0.39267185,1.0,294.808014
4428414.0,0.39587176,1.0,295.496002
4428492.0,0.37164354,1.0,295.152008
4428570.0,0.37748477,1.0,3.096
4428648.0,0.37022147,1.0,1.72
4428726.0,0.42451888,1.0,2.064
4428804.0,0.37174523,1.0,2.064
4428883.0,0.38246259,1.0,2.064
4428961.0,0.38271639,1.0,2.064
4429039.0,0.36620873,1.0,294.119995
4429117.0,0.3719992,1.0,294.808014
4429195.0,0.3719992,1.0,294.808014
4429273.0,0.3666659,1.0,294.808014
4429351.0,0.38307202,1.0,295.496002
4429430.0,0.37011987,1.0,295.152008
4429508.0,0.39084327,1.0,295.496002
4429586.0,0.37987205,1.0,2.752
4429664.0,0.40044311,1.0,1.72
4429742.0,0.40232244,1.0,2.064
4429820.0,0.39206234,1.0,2.064
4429898.0,0.38525608,1.0,1.72
4429976.0,0.38972589,1.0,1.032
4430054.0,0.36829129,1.0,293.088013
4430132.0,0.35300261,1.0,295.152008
4430211.0,0.36631033,1.0,295.152008
4430289.0,0.39373848,1.0,294.808014
4430367.0,0.3896243,1.0,295.496002
4430445.0,0.38647515,1.0,295.496002
4430523.0,0.37032297,1.0,115.928001
4430601.0,0.38977659,1.0,2.064
4430679.0,0.41598573,1.0,2.064
4430757.0,0.40049395,1.0,2.064
4430836.0,0.38840532,1.0,1.72
4430914.0,0.38373232,1.0,1.72
4430992.0,0.40191618,1.0,168.216003
4431070.0,0.39099565,1.0,295.152008
4431148.0,0.36747864,1.0,295.152008
4431226.0,0.38297042,1.0,294.463989
4431304.0,0.36453259,1.0,295.496002
4431382.0,0.39952892,1.0,295.496002
4431460.0,0.38357988,1.0,295.152008
4431539.0,0.38251325,1.0,2.752
4431617.0,0.38586569,1.0,1.72
4431695.0,0.39724311,1.0,1.376
4431773.0,0.38815129,1.0,1.032
4431851.0,0.38124353,1.0,2.064
4431929.0,0.38479894,1.0,1.376
4432007.0,0.39241788,1.0,294.463989
4432085.0,0.39236712,1.0,295.152008
4432164.0,0.37316734,1.0,294.463989
4432242.0,0.38865921,1.0,295.152008
4432320.0,0.36849448,1.0,295.496002
4432398.0,0.38434193,1.0,294.463989
4432476.0,0.38231006,1.0,295.496002
4432554.0,0.37281176,1.0,2.752
4432632.0,0.38291958,1.0,1.72
4432710.0,0.39571941,1.0,1.376
4432788.0,0.38347828,1.0,1.72
4432866.0,0.37458959,1.0,1.376
4432945.0,0.39353526,1.0,1.72
4433023.0,0.40018922,1.0,294.119995
4433101.0,0.36636117,1.0,295.496002
4433179.0,0.4078081,1.0,295.496002
4433257.0,0.38190383,1.0,295.496002
4433335.0,0.39363694,1.0,295.496002
4433413.0,0.38424018,1.0,295.152008
4433491.0,0.38840532,1.0,295.152008
4433570.0,0.3841894,1.0,2.408
4433648.0,0.3825641,1.0,1.72
4433726.0,0.43543935,1.0,2.064
4433804.0,0.39069092,1.0,1.72
4433882.0,0.39180836,1.0,1.032
4433960.0,0.39353526,1.0,1.72
4434038.0,0.38601792,1.0,294.463989
4434116.0,0.38683072,1.0,294.119995
4434194.0,0.37951648,1.0,294.463989
4434272.0,0.37738326,1.0,295.496002
4434351.0,0.38190383,1.0,294.808014
4434429.0,0.40161145,1.0,295.496002
4434507.0,0.40272877,1.0,295.152008
4434585.0,0.38215771,1.0,2.408
4434663.0,0.39637968,1.0,1.72
4434741.0,0.40638584,1.0,1.72
4434819.0,0.38627195,1.0,1.376
4434898.0,0.40542084,1.0,2.752
4434976.0,0.39719242,1.0,2.752
4435054.0,0.37977043,1.0,294.463989
4435132.0,0.3690024,1.0,295.839996
4435210.0,0.35991052,1.0,296.528015
4435288.0,0.39292583,1.0,295.152008
4435366.0,0.3601644,1.0,295.496002
4435444.0,0.388964,1.0,295.496002
4435522.0,0.38337675,1.0,125.903999
4435601.0,0.38738939,1.0,2.064
4435679.0,0.39500836,1.0,1.72
4435757.0,0.37733242,1.0,2.408
4435835.0,0.3744373,1.0,2.408
4435913.0,0.39871618,1.0,2.408
4435991.0,0.4045065,1.0,161.335999
4436069.0,0.38535762,1.0,295.496002
4436147.0,0.3714405,1.0,295.496002
4436225.0,0.36717391,1.0,295.839996
4436304.0,0.37204996,1.0,295.496002
4436382.0,0.40105268,1.0,295.496002
4436460.0,0.39460194,1.0,295.839996
4436538.0,0.36945948,1.0,2.752
4436616.0,0.38561165,1.0,2.064
4436694.0,0.40537,1.0,2.064
4436772.0,0.38195449,1.0,2.408
4436850.0,0.38723695,1.0,2.064
4436928.0,0.37286261,1.0,2.064
4437007.0,0.38190383,1.0,295.496002
4437085.0,0.38154826,1.0,295.496002
4437163.0,0.36087561,1.0,295.496002
4437241.0,0.37596101,1.0,295.839996
4437319.0,0.37641817,1.0,295.496002
4437397.0,0.39617658,1.0,295.496002
4437475.0,0.37936419,1.0,295.496002
4437553.0,0.3841894,1.0,3.096
4437632.0,0.39749715,1.0,2.752
4437710.0,0.38276732,1.0,3.096
4437788.0,0.37712923,1.0,2.752
4437866.0,0.38977659,1.0,2.752
4437944.0,0.39003062,1.0,2.752
4438022.0,0.38104033,1.0,294.463989
4438100.0,0.39693838,1.0,295.496002
4438178.0,0.37865299,1.0,295.839996
4438256.0,0.37961799,1.0,295.839996
4438335.0,0.38378316,1.0,295.839996
4438413.0,0.37509757,1.0,295.496002
4438491.0,0.38337675,1.0,295.839996
4438569.0,0.3872878,1.0,3.44
4438647.0,0.38652599,1.0,2.064
4438725.0,0.38627195,1.0,2.064
4438803.0,0.40171298,1.0,2.064
4438881.0,0.36077401,1.0,2.064
4438959.0,0.37946573,1.0,2.408
4439038.0,0.39378929,1.0,294.463989
4439116.0,0.35158041,1.0,295.839996
4439194.0,0.36879921,1.0,295.839996
4439272.0,0.37687516,1.0,295.496002
4439350.0,0.38276732,1.0,295.839996
4439428.0,0.39775109,1.0,295.839996
4439506.0,0.36864683,1.0,295.839996
4439584.0,0.39937648,1.0,3.096
4439663.0,0.40262717,1.0,2.064
4439741.0,0.39460194,1.0,2.064
4439819.0,0.38393545,1.0,2.064
4439897.0,0.39505905,1.0,2.064
4439975.0,0.38931951,1.0,2.064
4440053.0,0.38063392,1.0,294.119995
4440131.0,0.36504051,1.0,295.496002
4440209.0,0.38027829,1.0,295.152008
4440287.0,0.39439875,1.0,295.496002
4440365.0,0.39277345,1.0,296.18399
4440444.0,0.39343375,1.0,296.528015
4440522.0,0.37281176,1.0,133.472
4440600.0,0.38540846,1.0,2.408
4440678.0,0.40724933,1.0,2.752
4440756.0,0.39577025,1.0,2.408
4440834.0,0.39739555,1.0,2.408
4440912.0,0.38459572,1.0,2.408
4440991.0,0.38713545,1.0,157.552002
4441069.0,0.4005447,1.0,295.839996
4441147.0,0.37357372,1.0,295.496002
4441225.0,0.38759252,1.0,295.496002
4441303.0,0.36534524,1.0,295.839996
4441381.0,0.39262095,1.0,295.839996
4441459.0,0.37047541,1.0,295.496002
4441537.0,0.37596101,1.0,2.408
4441615.0,0.3713389,1.0,2.408
4441693.0,0.3974463,1.0,2.408
4441772.0,0.39500836,1.0,3.096
4441850.0,0.39637968,1.0,2.408
4441928.0,0.39622733,1.0,2.064
4442006.0,0.38703382,1.0,295.839996
4442084.0,0.3706277,1.0,294.463989
4442162.0,0.37438637,1.0,295.496002
4442240.0,0.34873608,1.0,295.496002
4442318.0,0.37418327,1.0,295.839996
4442397.0,0.38251325,1.0,295.839996
4442475.0,0.39983365,1.0,295.152008
4442553.0,0.37519911,1.0,3.096
4442631.0,0.38038003,1.0,2.064
4442709.0,0.3879481,1.0,2.064
4442787.0,0.38027829,1.0,2.064
4442865.0,0.39013216,1.0,2.064
4442943.0,0.39429724,1.0,2.752
4443021.0,0.39155442,1.0,294.808014
4443100.0,0.40338904,1.0,296.18399
4443178.0,0.3610279,1.0,296.18399
4443256.0,0.37768796,1.0,296.18399
4443334.0,0.37271026,1.0,296.18399
4443412.0,0.39450034,1.0,295.839996
4443490.0,0.4117699,1.0,296.18399
4443568.0,0.38840532,1.0,3.44
4443646.0,0.39358619,1.0,2.752
4443725.0,0.39510995,1.0,2.752
4443803.0,0.41557941,1.0,2.408
4443881.0,0.38931951,1.0,2.408
4443959.0,0.38058317,1.0,2.064
4444037.0,0.37824667,1.0,294.463989
4444115.0,0.3808879,1.0,295.496002
4444193.0,0.38291958,1.0,295.839996
4444271.0,0.38505289,1.0,295.839996
4444349.0,0.37941489,1.0,295.839996
4444427.0,0.38495138,1.0,295.839996
4444506.0,0.39683685,1.0,295.839996
4444584.0,0.39119884,1.0,3.096
4444662.0,0.40699545,1.0,2.064
4444740.0,0.39800507,1.0,2.064
4444818.0,0.39206234,1.0,2.064
4444896.0,0.39079252,1.0,2.064
4444974.0,0.40567487,1.0,2.064
4445053.0,0.38048157,1.0,294.463989
4445131.0,0.40851921,1.0,295.496002
4445209.0,0.3833259,1.0,295.496002
4445287.0,0.38495138,1.0,295.496002
4445365.0,0.38871005,1.0,295.152008
4445443.0,0.36006287,1.0,294.808014
4445521.0,0.38098949,1.0,143.447998
4445599.0,0.35813278,1.0,1.376
4445677.0,0.39389092,1.0,1.72
4445755.0,0.38738939,1.0,1.376
4445834.0,0.38657668,1.0,1.72
4445912.0,0.39190996,1.0,2.064
4445990.0,0.38104033,1.0,149.983994
4446068.0,0.39114809,1.0,295.496002
4446146.0,0.37494513,1.0,295.496002
4446224.0,0.37992287,1.0,295.496002
4446302.0,0.37585947,1.0,295.496002
4446380.0,0.38810045,1.0,295.152008
4446459.0,0.39734477,1.0,295.152008
4446537.0,0.37245637,1.0,2.064
4446615.0,0.37230393,1.0,1.72
4446693.0,0.4014082,1.0,2.064
4446771.0,0.40242404,1.0,2.064
4446849.0,0.42258886,1.0,2.064
4446927.0,0.39607498,1.0,2.064
4447005.0,0.39968121,1.0,296.18399
4447083.0,0.39495751,1.0,295.496002
4447162.0,0.36097711,1.0,294.808014
4447240.0,0.38073552,1.0,295.152008
4447318.0,0.38556081,1.0,295.152008
4447396.0,0.37545308,1.0,295.152008
4447474.0,0.3525455,1.0,295.496002
4447552.0,0.37941489,1.0,3.096
4447630.0,0.39444959,1.0,1.72
4447708.0,0.39399251,1.0,1.72
4447787.0,0.38901478,1.0,2.064
4447865.0,0.40110338,1.0,2.064
4447943.0,0.40973827,1.0,2.064
4448021.0,0.39729401,1.0,293.776001
4448099.0,0.37758636,1.0,295.496002
4448177.0,0.35290107,1.0,295.496002
4448255.0,0.38789725,1.0,295.496002
4448333.0,0.36575156,1.0,295.496002
4448411.0,0.38530692,1.0,295.496002
4448489.0,0.37672287,1.0,295.496002
4448568.0,0.38119262,1.0,3.096
4448646.0,0.40816367,1.0,2.064
4448724.0,0.3850022,1.0,2.064
4448802.0,0.4163413,1.0,2.064
4448880.0,0.37626573,1.0,2.408
4448958.0,0.38647515,1.0,2.064
4449036.0,0.36168817,1.0,293.776001
4449114.0,0.39597335,1.0,295.496002
4449193.0,0.3636691,1.0,295.152008
4449271.0,0.39119884,1.0,295.839996
4449349.0,0.37987205,1.0,295.152008
4449427.0,0.36798656,1.0,294.808014
4449505.0,0.39510995,1.0,295.496002
4449583.0,0.39150357,1.0,2.408
4449661.0,0.3902846,1.0,1.72
4449739.0,0.39450034,1.0,2.064
4449817.0,0.38901478,1.0,1.032
4449895.0,0.40415108,1.0,2.064
4449974.0,0.38850686,1.0,1.376
4450052.0,0.39262095,1.0,294.463989
4450130.0,0.36849448,1.0,294.808014
4450208.0,0.39424646,1.0,295.839996
4450286.0,0.39825904,1.0,294.463989
4450364.0,0.41044924,1.0,295.496002
4450442.0,0.39658281,1.0,295.496002
4450521.0,0.40989056,1.0,150.328003
4450599.0,0.39272261,1.0,2.408
4450677.0,0.40318593,1.0,2.064
4450755.0,0.39124969,1.0,2.064
4450833.0,0.37936419,1.0,1.72
4450911.0,0.39790347,1.0,2.752
4450989.0,0.38154826,1.0,144.479996
4451067.0,0.39150357,1.0,295.496002
4451145.0,0.36935797,1.0,295.496002
4451223.0,0.36514214,1.0,295.839996
4451302.0,0.39688769,1.0,295.496002
4451380.0,0.365904,1.0,295.839996
4451458.0,0.39820835,1.0,295.496002
4451536.0,0.38185298,1.0,2.408
4451614.0,0.36884996,1.0,2.064
4451692.0,0.39739555,1.0,2.408
4451770.0,0.37794194,1.0,2.752
4451849.0,0.37931329,1.0,2.408
4451927.0,0.38393545,1.0,2.408
4452005.0,0.38972589,1.0,296.528015
4452083.0,0.38393545,1.0,295.496002
4452161.0,0.35594872,1.0,296.528015
4452239.0,0.37524986,1.0,295.839996
4452317.0,0.39495751,1.0,296.528015
4452395.0,0.394348,1.0,295.839996
4452473.0,0.39069092,1.0,295.496002
4452551.0,0.396786,1.0,4.128
4452630.0,0.37408167,1.0,2.752
4452708.0,0.39541468,1.0,2.064
4452786.0,0.40354148,1.0,2.064
4452864.0,0.38281798,1.0,3.096
4452942.0,0.40831602,1.0,2.064
4453020.0,0.37331983,1.0,294.463989
4453098.0,0.38759252,1.0,295.839996
4453177.0,0.39119884,1.0,296.18399
4453255.0,0.38952261,1.0,296.18399
4453333.0,0.40572554,1.0,295.839996
4453411.0,0.39312902,1.0,295.839996
4453489.0,0.38982743,1.0,295.839996
4453567.0,0.39795431,1.0,3.096
4453645.0,0.38657668,1.0,2.408
4453723.0,0.40161145,1.0,2.408
4453801.0,0.39780188,1.0,3.096
4453879.0,0.39135119,1.0,2.752
4453957.0,0.38327515,1.0,2.752
4454036.0,0.3746911,1.0,294.119995
4454114.0,0.38830364,1.0,295.496002
4454192.0,0.38124353,1.0,295.496002
4454270.0,0.38058317,1.0,295.839996
4454348.0,0.40227175,1.0,296.18399
4454426.0,0.38246259,1.0,295.496002
4454504.0,0.39363694,1.0,295.839996
4454582.0,0.38490045,1.0,3.44
4454661.0,0.38617042,1.0,2.064
4454739.0,0.40267801,1.0,2.408
4454817.0,0.38043073,1.0,2.408
4454895.0,0.40877318,1.0,2.064
4454973.0,0.36752939,1.0,3.096
4455051.0,0.40044311,1.0,294.119995
4455129.0,0.35625342,1.0,295.839996
4455207.0,0.37296429,1.0,295.496002
4455285.0,0.39922413,1.0,295.496002
4455364.0,0.39048779,1.0,295.496002
4455442.0,0.39378929,1.0,295.839996
4455520.0,0.37103412,1.0,162.024002
4455598.0,0.38251325,1.0,2.408
4455676.0,0.39907175,1.0,2.752
4455754.0,0.39866537,1.0,3.096
4455832.0,0.40999216,1.0,2.064
4455910.0,0.39378929,1.0,2.752
4455989.0,0.39536378,1.0,136.567993
4456067.0,0.37504676,1.0,295.496002
4456145.0,0.39119884,1.0,295.496002
4456223.0,0.38789725,1.0,294.119995
4456301.0,0.39947808,1.0,295.152008
4456379.0,0.4014082,1.0,295.496002
4456457.0,0.40704614,1.0,295.152008
4456535.0,0.36864683,1.0,1.72
4456613.0,0.39058939,1.0,2.064
4456692.0,0.37809423,1.0,2.064
4456770.0,0.39587176,1.0,1.72
4456848.0,0.42568716,1.0,2.408
4456926.0,0.39536378,1.0,2.064
4457004.0,0.37403083,1.0,297.216003
4457082.0,0.37997356,1.0,295.496002
4457160.0,0.3777895,1.0,295.152008
4457238.0,0.36651361,1.0,295.496002
4457317.0,0.37408167,1.0,295.496002
4457395.0,0.40958574,1.0,294.119995
4457473.0,0.36519304,1.0,295.496002
4457551.0,0.38545921,1.0,3.096
4457629.0,0.39135119,1.0,2.064
4457707.0,0.42187765,1.0,2.064
4457785.0,0.38744015,1.0,2.064
4457863.0,0.38586569,1.0,2.752
4457941.0,0.3841894,1.0,2.064
4458020.0,0.38032919,1.0,293.776001
4458098.0,0.39536378,1.0,295.152008
4458176.0,0.38520527,1.0,295.496002
4458254.0,0.39053854,1.0,295.839996
4458332.0,0.36697063,1.0,295.839996
4458410.0,0.38357988,1.0,296.18399
4458488.0,0.38302121,1.0,295.496002
4458566.0,0.37204996,1.0,3.096
4458644.0,0.38937032,1.0,2.064
4458723.0,0.40262717,1.0,1.72
4458801.0,0.3981066,1.0,2.064
4458879.0,0.39307818,1.0,1.72
4458957.0,0.39124969,1.0,1.72
4459035.0,0.40090027,1.0,294.119995
4459113.0,0.38967505,1.0,295.496002
4459191.0,0.38464665,1.0,295.496002
4459269.0,0.3601644,1.0,294.808014
4459348.0,0.37225309,1.0,295.496002
4459426.0,0.39084327,1.0,295.496002
4459504.0,0.40288121,1.0,295.496002
4459582.0,0.41014451,1.0,3.44
4459660.0,0.42380789,1.0,2.064
4459738.0,0.39282414,1.0,2.064
4459816.0,0.40765572,1.0,1.72
4459894.0,0.38043073,1.0,2.064
4459972.0,0.38744015,1.0,2.064
4460050.0,0.39658281,1.0,294.463989
4460129.0,0.37824667,1.0,295.496002
4460207.0,0.39307818,1.0,295.496002
4460285.0,0.38815129,1.0,295.496002
4460363.0,0.36747864,1.0,295.496002
4460441.0,0.38931951,1.0,295.496002
4460519.0,0.40806204,1.0,172.343994
4460597.0,0.39922413,1.0,1.72
4460675.0,0.4069446,1.0,2.064
4460754.0,0.39632893,1.0,2.064
4460832.0,0.39612573,1.0,1.72
4460910.0,0.36453259,1.0,2.064
4460988.0,0.37738326,1.0,120.056
4461066.0,0.40897632,1.0,295.496002
4461144.0,0.36570081,1.0,295.496002
4461222.0,0.37499583,1.0,295.496002
4461300.0,0.39825904,1.0,295.839996
4461378.0,0.39241788,1.0,295.496002
4461457.0,0.39526224,1.0,295.496002
4461535.0,0.39785272,1.0,1.72
4461613.0,0.37413248,1.0,2.064
4461691.0,0.39216384,1.0,2.064
4461769.0,0.36727542,1.0,2.064
4461847.0,0.3850022,1.0,2.064
4461925.0,0.38850686,1.0,2.064
4462003.0,0.3746911,1.0,297.903992
4462082.0,0.38479894,1.0,295.496002
4462160.0,0.37184677,1.0,295.496002
4462238.0,0.36097711,1.0,295.496002
4462316.0,0.38043073,1.0,295.496002
4462394.0,0.38886234,1.0,295.152008
4462472.0,0.3778404,1.0,295.496002
4462550.0,0.360266,1.0,2.752
4462628.0,0.39607498,1.0,1.376
4462706.0,0.39226553,1.0,2.064
4462785.0,0.39632893,1.0,2.064
4462863.0,0.39109731,1.0,1.72
4462941.0,0.37240553,1.0,2.064
4463019.0,0.37342137,1.0,293.776001
4463097.0,0.37611336,1.0,295.496002
4463175.0,0.37804353,1.0,294.808014
4463253.0,0.37154204,1.0,294.463989
4463331.0,0.38373232,1.0,295.496002
4463410.0,0.38490045,1.0,294.808014
4463488.0,0.38744015,1.0,295.152008
4463566.0,0.39048779,1.0,3.096
4463644.0,0.38977659,1.0,1.72
4463722.0,0.37621489,1.0,2.064
4463800.0,0.39160523,1.0,2.064
4463878.0,0.36595485,1.0,1.72
4463956.0,0.38530692,1.0,2.064
4464034.0,0.38383386,1.0,293.776001
4464112.0,0.38647515,1.0,295.152008
4464191.0,0.3658025,1.0,295.839996
4464269.0,0.39211318,1.0,295.152008
4464347.0,0.38408789,1.0,295.496002
4464425.0,0.3856625,1.0,295.496002
4464503.0,0.38357988,1.0,295.496002
4464581.0,0.37484363,1.0,3.096
4464659.0,0.38764337,1.0,2.408
4464737.0,0.38561165,1.0,2.064
4464816.0,0.38744015,1.0,1.72
4464894.0,0.40206847,1.0,2.064
4464972.0,0.40537,1.0,1.72
4465050.0,0.36539608,1.0,294.119995
4465128.0,0.38154826,1.0,295.152008
4465206.0,0.3611294,1.0,295.496002
4465284.0,0.37352297,1.0,295.496002
4465362.0,0.37255788,1.0,295.496002
4465440.0,0.39196065,1.0,295.839996
4465519.0,0.37504676,1.0,180.944
4465597.0,0.37966892,1.0,1.72
4465675.0,0.40023997,1.0,2.408
4465753.0,0.40171298,1.0,2.064
4465831.0,0.38926873,1.0,2.408
4465909.0,0.3856625,1.0,2.408
4465987.0,0.40023997,1.0,102.512001
4466065.0,0.39912254,1.0,295.152008
4466144.0,0.36956117,1.0,295.152008
4466222.0,0.36173901,1.0,295.496002
4466300.0,0.39048779,1.0,295.496002
4466378.0,0.38413864,1.0,295.496002
4466456.0,0.38139582,1.0,294.808014
4466534.0,0.3755039,1.0,2.064
4466612.0,0.37509757,1.0,2.064
4466690.0,0.42324913,1.0,2.408
4466768.0,0.39526224,1.0,2.408
4466847.0,0.38881159,1.0,2.064
4466925.0,0.37250704,1.0,2.064
4467003.0,0.38744015,1.0,298.247986
4467081.0,0.39551622,1.0,295.496002
4467159.0,0.37017062,1.0,295.152008
4467237.0,0.37702769,1.0,295.152008
4467315.0,0.39297658,1.0,295.496002
4467393.0,0.37560543,1.0,295.152008
4467471.0,0.36229777,1.0,295.152008
4467549.0,0.37255788,1.0,2.408
4467628.0,0.3714405,1.0,2.064
4467706.0,0.39815745,1.0,1.72
4467784.0,0.40018922,1.0,1.72
4467862.0,0.39246872,1.0,2.064
4467940.0,0.39302742,1.0,2.064
4468018.0,0.36864683,1.0,293.776001
4468096.0,0.34812656,1.0,295.496002
4468175.0,0.37667212,1.0,295.496002
4468253.0,0.38723695,1.0,295.496002
4468331.0,0.37123731,1.0,295.496002
4468409.0,0.38236091,1.0,295.152008
4468487.0,0.39729401,1.0,295.496002
4468565.0,0.40435421,1.0,3.096
4468643.0,0.4052684,1.0,2.408
4468721.0,0.41268414,1.0,2.408
4468799.0,0.40389705,1.0,2.408
4468878.0,0.37204996,1.0,2.408
4468956.0,0.39363694,1.0,1.72
4469034.0,0.38754168,1.0,294.808014
4469112.0,0.38454497,1.0,296.18399
4469190.0,0.37768796,1.0,295.839996
4469268.0,0.36285645,1.0,296.18399
4469346.0,0.38947186,1.0,295.839996
4469424.0,0.40404943,1.0,296.528015
4469502.0,0.39038619,1.0,296.528015
4469581.0,0.39424646,1.0,4.128
4469659.0,0.38967505,1.0,2.064
4469737.0,0.40349081,1.0,2.408
4469815.0,0.39394167,1.0,2.408
4469893.0,0.39724311,1.0,1.376
4469971.0,0.41151601,1.0,1.376
4470049.0,0.38439262,1.0,293.776001
4470127.0,0.38871005,1.0,294.808014
4470206.0,0.38236091,1.0,294.463989
4470284.0,0.38576403,1.0,295.152008
4470362.0,0.37621489,1.0,294.463989
4470440.0,0.39185911,1.0,295.152008
4470518.0,0.39866537,1.0,186.792007
4470596.0,0.36620873,1.0,1.376
4470674.0,0.40775734,1.0,2.064
4470752.0,0.39394167,1.0,2.408
4470830.0,0.40775734,1.0,1.72
4470908.0,0.37458959,1.0,1.72
4470987.0,0.39033535,1.0,95.975998
4471065.0,0.41009384,1.0,295.152008
4471143.0,0.36915478,1.0,295.152008
4471221.0,0.37408167,1.0,294.119995
4471299.0,0.37271026,1.0,294.808014
4471377.0,0.38683072,1.0,295.152008
4471455.0,0.37311664,1.0,295.152008
4471534.0,0.38916713,1.0,1.376
4471612.0,0.37824667,1.0,1.72
4471690.0,0.41420794,1.0,1.72
4471768.0,0.40079865,1.0,2.408
4471846.0,0.40201771,1.0,2.752
4471924.0,0.39160523,1.0,2.064
4472002.0,0.39307818,1.0,299.623993
4472080.0,0.38815129,1.0,295.839996
4472158.0,0.379161,1.0,295.839996
4472236.0,0.36585334,1.0,295.839996
4472315.0,0.4132936,1.0,295.839996
4472393.0,0.38784656,1.0,295.496002
4472471.0,0.40206847,1.0,295.839996
4472549.0,0.39836064,1.0,2.752
4472627.0,0.371288,1.0,1.376
4472705.0,0.41502064,1.0,1.376
4472783.0,0.39485592,1.0,1.72
4472861.0,0.4123795,1.0,1.72
4472940.0,0.40105268,1.0,1.72
4473018.0,0.40369385,1.0,293.088013
4473096.0,0.39927489,1.0,295.152008
4473174.0,0.37138966,1.0,295.152008
4473252.0,0.39693838,1.0,295.496002
4473330.0,0.37895772,1.0,295.152008
4473408.0,0.39709082,1.0,295.152008
4473486.0,0.39450034,1.0,295.152008
4473564.0,0.40669057,1.0,2.752
4473642.0,0.39571941,1.0,1.72
4473721.0,0.39277345,1.0,1.72
4473799.0,0.40323678,1.0,1.72
4473877.0,0.38825282,1.0,1.032
4473955.0,0.39348441,1.0,1.376
4474033.0,0.38804975,1.0,293.776001
4474111.0,0.37489432,1.0,295.152008
4474189.0,0.37977043,1.0,294.463989
4474268.0,0.38454497,1.0,295.152008
4474346.0,0.40379554,1.0,295.496002
4474424.0,0.39770034,1.0,295.496002
4474502.0,0.40186527,1.0,295.839996
4474580.0,0.38891309,1.0,3.44
4474658.0,0.40074784,1.0,1.376
4474736.0,0.39409402,1.0,2.408
4474814.0,0.40557319,1.0,2.064
4474892.0,0.39617658,1.0,1.032
4474970.0,0.38972589,1.0,2.064
4475049.0,0.38373232,1.0,293.432007
4475127.0,0.37723082,1.0,295.496002
4475205.0,0.37789109,1.0,294.808014
4475283.0,0.36407551,1.0,294.808014
4475361.0,0.39378929,1.0,295.152008
4475439.0,0.36118034,1.0,295.496002
4475517.0,0.39643052,1.0,191.264008
4475595.0,0.37103412,1.0,1.376
4475674.0,0.40821448,1.0,1.376
4475752.0,0.41649365,1.0,1.376
4475830.0,0.4053193,1.0,1.376
4475908.0,0.39378929,1.0,1.032
4475986.0,0.3832244,1.0,89.783997
4476064.0,0.40562403,1.0,295.152008
4476142.0,0.37027213,1.0,295.152008
4476220.0,0.38784656,1.0,295.496002
4476298.0,0.38881159,1.0,295.496002
4476377.0,0.38672903,1.0,295.496002
4476455.0,0.3802276,1.0,295.496002
4476533.0,0.39846215,1.0,1.376
4476611.0,0.39424646,1.0,1.72
4476689.0,0.40313524,1.0,1.72
4476767.0,0.41786507,1.0,1.72
4476845.0,0.37585947,1.0,1.72
4476923.0,0.36443099,1.0,1.72
4477001.0,0.3760626,1.0,299.967987
4477080.0,0.38388467,1.0,296.18399
4477158.0,0.36138344,1.0,295.839996
4477236.0,0.37641817,1.0,295.496002
4477314.0,0.37438637,1.0,295.839996
4477392.0,0.3863228,1.0,295.152008
4477470.0,0.38403705,1.0,295.839996
4477548.0,0.40064621,1.0,2.752
4477626.0,0.38119262,1.0,2.408
4477705.0,0.40689385,1.0,2.064
4477783.0,0.38810045,1.0,2.064
4477861.0,0.38810045,1.0,2.064
4477939.0,0.38611951,1.0,1.72
4478017.0,0.36859608,1.0,293.088013
4478095.0,0.36453259,1.0,294.808014
4478173.0,0.37794194,1.0,294.808014
4478251.0,0.36940867,1.0,294.808014
4478329.0,0.37032297,1.0,294.808014
4478408.0,0.38043073,1.0,294.808014
4478486.0,0.39876688,1.0,295.496002
4478564.0,0.39790347,1.0,2.408
4478642.0,0.38667828,1.0,2.064
4478720.0,0.39952892,1.0,1.72
4478798.0,0.40003684,1.0,1.72
4478876.0,0.39841139,1.0,1.72
4478954.0,0.39825904,1.0,1.72
4479032.0,0.38784656,1.0,293.776001
4479111.0,0.36605638,1.0,295.152008
4479189.0,0.37743393,1.0,295.152008
4479267.0,0.38825282,1.0,295.152008
4479345.0,0.40181452,1.0,295.152008
4479423.0,0.38114184,1.0,295.496002
4479501.0,0.39130035,1.0,295.496002
4479579.0,0.37509757,1.0,2.752
4479657.0,0.40643668,1.0,2.064
4479736.0,0.39079252,1.0,2.064
4479814.0,0.3832244,1.0,2.064
4479892.0,0.38449413,1.0,2.064
4479970.0,0.39546543,1.0,1.72
4480048.0,0.39150357,1.0,294.119995
4480126.0,0.38093865,1.0,295.496002
4480204.0,0.37088174,1.0,295.496002
4480282.0,0.39323053,1.0,295.496002
4480360.0,0.38215771,1.0,295.496002
4480438.0,0.38104033,1.0,295.839996
4480517.0,0.37001824,1.0,200.552002
4480595.0,0.39693838,1.0,1.72
4480673.0,0.39886862,1.0,2.064
4480751.0,0.39185911,1.0,2.064
4480829.0,0.38159895,1.0,2.064
4480907.0,0.39399251,1.0,2.064
4480985.0,0.39637968,1.0,82.903999
4481064.0,0.40455735,1.0,295.496002
4481142.0,0.3453837,1.0,295.496002
4481220.0,0.379161,1.0,295.152008
4481298.0,0.36879921,1.0,295.496002
4481376.0,0.37865299,1.0,295.496002
4481454.0,0.37108496,1.0,295.496002
4481532.0,0.38657668,1.0,1.376
4481610.0,0.39709082,1.0,1.72
4481688.0,0.3866275,1.0,2.064
4481766.0,0.39800507,1.0,1.72
4481845.0,0.4046081,1.0,2.064
4481923.0,0.37926251,1.0,2.408
4482001.0,0.38561165,1.0,301.343994
4482079.0,0.40044311,1.0,295.496002
4482157.0,0.37530071,1.0,295.496002
4482235.0,0.37794194,1.0,295.496002
4482313.0,0.37718004,1.0,295.839996
4482391.0,0.39282414,1.0,295.496002
4482469.0,0.35894534,1.0,295.496002
4482548.0,0.37337053,1.0,2.752
4482626.0,0.3737261,1.0,2.064
4482704.0,0.39023381,1.0,2.064
4482782.0,0.38464665,1.0,2.064
4482860.0,0.37987205,1.0,2.064
4482938.0,0.38490045,1.0,2.064
4483016.0,0.38134506,1.0,294.463989
4483094.0,0.39003062,1.0,295.839996
4483173.0,0.3896243,1.0,295.496002
4483251.0,0.39130035,1.0,295.839996
4483329.0,0.39927489,1.0,295.152008
4483407.0,0.37931329,1.0,295.496002
4483485.0,0.36747864,1.0,295.839996
4483563.0,0.37367526,1.0,3.44
4483641.0,0.38693222,1.0,2.408
4483719.0,0.39140204,1.0,2.064
4483797.0,0.38744015,1.0,2.408
4483876.0,0.37651977,1.0,2.064
4483954.0,0.39495751,1.0,1.72
4484032.0,0.39830986,1.0,293.776001
4484110.0,0.39541468,1.0,295.496002
4484188.0,0.37331983,1.0,295.152008
4484266.0,0.38347828,1.0,295.152008
4484344.0,0.38622111,1.0,295.839996
4484422.0,0.37799269,1.0,295.152008
4484501.0,0.39383999,1.0,295.496002
4484579.0,0.39348441,1.0,3.44
4484657.0,0.4037447,1.0,2.064
4484735.0,0.39556703,1.0,2.064
4484813.0,0.39124969,1.0,2.064
4484891.0,0.37672287,1.0,2.064
4484969.0,0.4013066,1.0,2.064
4485047.0,0.39663365,1.0,294.119995
4485125.0,0.36636117,1.0,295.496002
4485203.0,0.38357988,1.0,295.496002
4485282.0,0.37108496,1.0,295.496002
4485360.0,0.37804353,1.0,295.496002
4485438.0,0.40440497,1.0,295.496002
4485516.0,0.38434193,1.0,210.184006
4485594.0,0.3635675,1.0,2.064
4485672.0,0.39394167,1.0,1.72
4485750.0,0.39155442,1.0,2.064
4485829.0,0.40674141,1.0,1.72
4485907.0,0.37789109,1.0,2.064
4485985.0,0.38342759,1.0,76.711998
4486063.0,0.38307202,1.0,295.496002
4486141.0,0.35848826,1.0,295.496002
4486219.0,0.37428486,1.0,295.496002
4486297.0,0.40796044,1.0,295.496002
4486375.0,0.38525608,1.0,295.496002
4486453.0,0.37987205,1.0,296.528015
4486531.0,0.41034773,1.0,2.408
4486610.0,0.3866275,1.0,2.752
4486688.0,0.38611951,1.0,3.096
4486766.0,0.3848497,1.0,2.752
4486844.0,0.35193607,1.0,2.752
4486922.0,0.38693222,1.0,2.752
4487000.0,0.41441113,1.0,303.40799
4487078.0,0.37931329,1.0,295.839996
4487157.0,0.36280563,1.0,295.839996
4487235.0,0.36163741,1.0,296.18399
4487313.0,0.38058317,1.0,295.839996
4487391.0,0.38530692,1.0,295.839996
4487469.0,0.37926251,1.0,296.18399
4487547.0,0.38388467,1.0,3.44
4487625.0,0.39201155,1.0,2.408
4487703.0,0.39109731,1.0,2.408
4487781.0,0.39048779,1.0,2.408
4487859.0,0.39094496,1.0,1.376
4487938.0,0.37326902,1.0,1.72
4488016.0,0.38053232,1.0,293.432007
4488094.0,0.40684307,1.0,295.152008
4488172.0,0.3864243,1.0,295.152008
4488250.0,0.38815129,1.0,295.152008
4488328.0,0.38733855,1.0,295.152008
4488406.0,0.38815129,1.0,295.152008
4488484.0,0.38769421,1.0,295.152008
4488562.0,0.37997356,1.0,2.752
4488641.0,0.39348441,1.0,1.72
4488719.0,0.41197303,1.0,1.72
4488797.0,0.38698307,1.0,2.064
4488875.0,0.39902091,1.0,2.064
4488953.0,0.39429724,1.0,2.064
4489031.0,0.38774496,1.0,294.463989
4489109.0,0.3981066,1.0,295.152008
4489188.0,0.35777721,1.0,296.528015
4489266.0,0.38241166,1.0,296.528015
4489344.0,0.36509129,1.0,296.18399
4489422.0,0.36006287,1.0,295.496002
4489500.0,0.37733242,1.0,296.18399
4489578.0,0.40379554,1.0,3.44
4489656.0,0.40079865,1.0,2.408
4489734.0,0.3866275,1.0,2.408
4489812.0,0.39185911,1.0,2.408
4489890.0,0.38124353,1.0,2.408
4489968.0,0.38718626,1.0,2.752
4490047.0,0.37362456,1.0,294.463989
4490125.0,0.38876075,1.0,295.839996
4490203.0,0.38119262,1.0,295.839996
4490281.0,0.39272261,1.0,295.496002
4490359.0,0.39312902,1.0,295.839996
4490437.0,0.38952261,1.0,296.18399
4490515.0,0.38195449,1.0,218.095993
4490594.0,0.39389092,1.0,2.752
4490672.0,0.40079865,1.0,2.408
4490750.0,0.4172048,1.0,2.408
4490828.0,0.39323053,1.0,2.064
4490906.0,0.37474203,1.0,2.408
4490984.0,0.40349081,1.0,71.896004
4491062.0,0.37037376,1.0,295.496002
4491140.0,0.37017062,1.0,295.496002
4491218.0,0.38449413,1.0,295.496002
4491296.0,0.38652599,1.0,295.496002
4491375.0,0.39607498,1.0,295.496002
4491453.0,0.38982743,1.0,295.839996
4491531.0,0.39703998,1.0,1.376
4491609.0,0.40399858,1.0,2.408
4491687.0,0.39287499,1.0,1.376
4491765.0,0.38774496,1.0,2.064
4491843.0,0.39114809,1.0,2.752
4491921.0,0.39251941,1.0,2.408
4492000.0,0.38759252,1.0,305.127991
4492078.0,0.39180836,1.0,296.18399
4492156.0,0.36168817,1.0,295.839996
4492234.0,0.37834826,1.0,295.839996
4492312.0,0.37286261,1.0,296.18399
4492390.0,0.37535146,1.0,295.839996
4492468.0,0.38205612,1.0,295.839996
4492546.0,0.38967505,1.0,3.784
4492624.0,0.39150357,1.0,2.408
4492703.0,0.415681,1.0,2.752
4492781.0,0.42827755,1.0,2.408
4492859.0,0.39130035,1.0,2.752
4492937.0,0.39714158,1.0,2.408
4493015.0,0.38871005,1.0,294.119995
4493093.0,0.364939,1.0,295.839996
4493171.0,0.38459572,1.0,295.839996
4493249.0,0.3777388,1.0,295.839996
4493327.0,0.38520527,1.0,295.496002
4493406.0,0.37524986,1.0,295.839996
4493484.0,0.39693838,1.0,295.839996
4493562.0,0.3841894,1.0,3.096
4493640.0,0.37103412,1.0,2.064
4493718.0,0.41217631,1.0,2.064
4493796.0,0.40181452,1.0,2.064
4493874.0,0.37458959,1.0,2.064
4493952.0,0.41227791,1.0,2.064
4494031.0,0.40572554,1.0,294.119995
4494109.0,0.39637968,1.0,295.496002
4494187.0,0.37946573,1.0,295.496002
4494265.0,0.38327515,1.0,295.496002
4494343.0,0.40171298,1.0,295.496002
4494421.0,0.40034151,1.0,295.839996
4494499.0,0.39272261,1.0,296.528015
4494577.0,0.39998594,1.0,3.784
4494655.0,0.41121122,1.0,2.752
4494733.0,0.40171298,1.0,2.408
4494812.0,0.40613195,1.0,2.752
4494890.0,0.40648744,1.0,2.408
4494968.0,0.39505905,1.0,2.752
4495046.0,0.38667828,1.0,294.808014
4495124.0,0.38891309,1.0,296.18399
4495202.0,0.39394167,1.0,295.839996
4495280.0,0.39881781,1.0,295.839996
4495358.0,0.39973211,1.0,295.839996
4495437.0,0.40034151,1.0,296.528015
4495515.0,0.38718626,1.0,229.447998
4495593.0,0.4069446,1.0,3.096
4495671.0,0.40277961,1.0,2.408
4495749.0,0.40785894,1.0,2.064
4495827.0,0.40415108,1.0,2.408
4495905.0,0.38987827,1.0,2.064
4495983.0,0.38865921,1.0,63.639999
4496061.0,0.38200533,1.0,295.152008
4496140.0,0.39424646,1.0,295.839996
4496218.0,0.4197444,1.0,295.839996
4496296.0,0.39450034,1.0,295.496002
4496374.0,0.39089411,1.0,295.496002
4496452.0,0.39851308,1.0,295.839996
4496530.0,0.40425262,1.0,1.032
4496608.0,0.38236091,1.0,2.064
4496686.0,0.41705236,1.0,2.064
4496765.0,0.39902091,1.0,2.064
4496843.0,0.39414471,1.0,2.064
4496921.0,0.37184677,1.0,2.064
4496999.0,0.38677987,1.0,304.783997
4497077.0,0.38667828,1.0,295.496002
4497155.0,0.37321824,1.0,295.496002
4497233.0,0.39876688,1.0,295.496002
4497311.0,0.38810045,1.0,295.496002
4497389.0,0.390183,1.0,295.839996
4497468.0,0.38733855,1.0,295.839996
4497546.0,0.410043,1.0,3.096
4497624.0,0.38159895,1.0,2.064
4497702.0,0.40369385,1.0,2.064
4497780.0,0.40496367,1.0,2.064
4497858.0,0.40008754,1.0,2.064
4497936.0,0.38997978,1.0,1.72
4498014.0,0.40145895,1.0,294.119995
4498093.0,0.41105884,1.0,295.496002
4498171.0,0.37758636,1.0,295.496002
4498249.0,0.39764959,1.0,295.496002
4498327.0,0.38454497,1.0,295.496002
4498405.0,0.37809423,1.0,295.496002
4498483.0,0.39841139,1.0,295.839996
4498561.0,0.3864243,1.0,3.096
4498639.0,0.40181452,1.0,2.064
4498717.0,0.41664603,1.0,1.72
4498796.0,0.40389705,1.0,2.064
4498874.0,0.37286261,1.0,2.064
4498952.0,0.40039241,1.0,1.72
4499030.0,0.38551006,1.0,294.119995
4499108.0,0.3713389,1.0,295.496002
4499186.0,0.37108496,1.0,295.496002
4499264.0,0.38693222,1.0,295.496002
4499342.0,0.39429724,1.0,295.152008
4499420.0,0.3848497,1.0,295.152008
4499499.0,0.37347206,1.0,295.496002
4499577.0,0.38231006,1.0,3.096
4499655.0,0.38957354,1.0,2.064
4499733.0,0.39282414,1.0,2.064
4499811.0,0.39038619,1.0,2.408
4499889.0,0.39795431,1.0,2.064
4499967.0,0.36874837,1.0,2.064
4500045.0,0.39409402,1.0,294.119995
4500124.0,0.37067854,1.0,295.152008
4500202.0,0.38708466,1.0,295.152008
4500280.0,0.40704614,1.0,295.496002
4500358.0,0.39455119,1.0,295.496002
4500436.0,0.39246872,1.0,294.808014
4500514.0,0.38129422,1.0,238.391998
4500592.0,0.35757402,1.0,2.408
4500670.0,0.40237328,1.0,2.064
4500748.0,0.3864243,1.0,2.408
4500827.0,0.37651977,1.0,1.72
4500905.0,0.37687516,1.0,2.064
4500983.0,0.39703998,1.0,55.040001
4501061.0,0.38672903,1.0,295.496002
4501139.0,0.38977659,1.0,295.839996
4501217.0,0.37321824,1.0,295.496002
4501295.0,0.36549777,1.0,295.839996
4501373.0,0.39150357,1.0,295.496002
4501452.0,0.39897016,1.0,295.496002
4501530.0,0.38215771,1.0,1.376
4501608.0,0.3872878,1.0,2.064
4501686.0,0.39165592,1.0,2.064
4501764.0,0.40303355,1.0,2.064
4501842.0,0.38053232,1.0,2.064
4501920.0,0.36245012,1.0,2.064
4501998.0,0.38266563,1.0,305.471985
4502076.0,0.37413248,1.0,295.496002
4502154.0,0.38388467,1.0,295.496002
4502233.0,0.39983365,1.0,295.496002
4502311.0,0.39536378,1.0,295.496002
4502389.0,0.36448184,1.0,295.496002
4502467.0,0.37753555,1.0,295.496002
4502545.0,0.39114809,1.0,3.096
4502623.0,0.3760626,1.0,2.064
4502701.0,0.38876075,1.0,2.064
4502780.0,0.39023381,1.0,2.064
4502857.0,0.37352297,1.0,2.064
4502936.0,0.36082467,1.0,2.064
4503014.0,0.39439875,1.0,294.119995
4503092.0,0.34944719,1.0,295.152008
4503170.0,0.36199299,1.0,295.496002
4503248.0,0.35899624,1.0,295.496002
4503326.0,0.3626025,1.0,295.496002
4503404.0,0.37006903,1.0,295.496002
4503482.0,0.38413864,1.0,295.496002
4503561.0,0.38393545,1.0,3.096
4503639.0,0.39394167,1.0,2.064
4503717.0,0.39663365,1.0,2.064
4503795.0,0.39297658,1.0,2.064
4503873.0,0.37692609,1.0,2.064
4503951.0,0.37641817,1.0,2.408
4504029.0,0.39064008,1.0,294.119995
4504107.0,0.36239937,1.0,295.496002
4504186.0,0.38139582,1.0,295.496002
4504264.0,0.35706601,1.0,295.496002
4504342.0,0.35406935,1.0,295.496002
4504420.0,0.38093865,1.0,295.496002
4504498.0,0.37966892,1.0,295.496002
4504576.0,0.37936419,1.0,2.752
4504654.0,0.36971346,1.0,1.376
4504732.0,0.40303355,1.0,1.72
4504810.0,0.39333215,1.0,1.376
4504888.0,0.3719992,1.0,1.72
4504967.0,0.38241166,1.0,1.376
4505045.0,0.36326277,1.0,294.119995
4505123.0,0.35635504,1.0,295.496002
4505201.0,0.35838673,1.0,295.496002
4505279.0,0.36077401,1.0,295.152008
4505357.0,0.3807863,1.0,295.496002
4505435.0,0.36250091,1.0,295.496002
4505514.0,0.38388467,1.0,248.024002
4505592.0,0.39251941,1.0,2.408
4505670.0,0.39231622,1.0,2.064
4505748.0,0.38672903,1.0,2.064
4505826.0,0.38977659,1.0,2.064
4505904.0,0.38048157,1.0,2.064
4505982.0,0.38774496,1.0,37.84
4506060.0,0.38754168,1.0,295.496002
4506138.0,0.36057088,1.0,295.839996
4506216.0,0.36239937,1.0,295.496002
4506295.0,0.38220856,1.0,295.496002
4506373.0,0.37255788,1.0,295.496002
4506451.0,0.38027829,1.0,295.152008
4506529.0,0.36976421,1.0,1.032
4506607.0,0.38424018,1.0,2.064
4506685.0,0.40059555,1.0,1.72
4506763.0,0.38403705,1.0,2.064
4506841.0,0.35208842,1.0,2.064
4506920.0,0.37641817,1.0,1.72
4506998.0,0.41613817,1.0,306.160004
4507076.0,0.37560543,1.0,295.496002
4507154.0,0.36925644,1.0,295.496002
4507232.0,0.37641817,1.0,295.496002
4507310.0,0.35168204,1.0,295.496002
4507388.0,0.39074168,1.0,295.152008
4507466.0,0.3802276,1.0,295.496002
4507544.0,0.37011987,1.0,3.096
4507623.0,0.39617658,1.0,2.752
4507701.0,0.39231622,1.0,2.064
4507779.0,0.39424646,1.0,3.096
4507857.0,0.39064008,1.0,2.752
4507935.0,0.39485592,1.0,2.064
4508013.0,0.37418327,1.0,294.119995
4508091.0,0.37844986,1.0,296.528015
4508169.0,0.35112327,1.0,295.839996
4508247.0,0.38815129,1.0,295.496002
4508325.0,0.39404318,1.0,295.496002
4508404.0,0.37941489,1.0,295.496002
4508482.0,0.37819591,1.0,296.528015
4508560.0,0.37768796,1.0,3.096
4508638.0,0.37555459,1.0,2.408
4508716.0,0.37123731,1.0,1.72
4508794.0,0.39942724,1.0,1.72
4508872.0,0.37900856,1.0,2.064
4508950.0,0.39876688,1.0,2.408
4509029.0,0.3856625,1.0,294.119995
4509107.0,0.38215771,1.0,296.18399
4509185.0,0.37017062,1.0,294.808014
4509263.0,0.39907175,1.0,295.839996
4509341.0,0.38185298,1.0,295.496002
4509419.0,0.39008132,1.0,295.496002
4509497.0,0.39353526,1.0,295.496002
4509576.0,0.37037376,1.0,3.096
4509654.0,0.415681,1.0,2.064
4509732.0,0.39683685,1.0,2.064
4509810.0,0.39165592,1.0,2.064
4509888.0,0.38891309,1.0,2.064
4509966.0,0.38947186,1.0,2.064
4510044.0,0.39383999,1.0,294.119995
4510122.0,0.39048779,1.0,295.496002
4510200.0,0.39881781,1.0,295.496002
4510278.0,0.38490045,1.0,295.496002
4510357.0,0.40272877,1.0,295.496002
4510435.0,0.3974463,1.0,295.496002
4510513.0,0.38510373,1.0,255.591995
4510591.0,0.38312286,1.0,2.752
4510669.0,0.4047097,1.0,2.064
4510747.0,0.39475432,1.0,2.064
4510825.0,0.38881159,1.0,2.064
4510903.0,0.39140204,1.0,2.064
4510982.0,0.390183,1.0,22.360001
4511060.0,0.40095109,1.0,294.808014
4511138.0,0.36945948,1.0,295.152008
4511216.0,0.37677366,1.0,295.496002
4511294.0,0.39734477,1.0,294.808014
4511372.0,0.38703382,1.0,295.152008
4511450.0,0.396786,1.0,294.808014
4511528.0,0.38581479,1.0,1.032
4511606.0,0.39053854,1.0,2.064
4511684.0,0.43025842,1.0,2.064
4511763.0,0.4045065,1.0,1.72
4511841.0,0.3556439,1.0,1.72
4511919.0,0.39135119,1.0,1.376
4511997.0,0.38251325,1.0,305.81601
4512075.0,0.38464665,1.0,295.152008
4512153.0,0.35747248,1.0,295.152008
4512231.0,0.3856625,1.0,295.152008
4512310.0,0.3974463,1.0,295.496002
4512388.0,0.38393545,1.0,294.808014
4512466.0,0.39846215,1.0,295.496002
4512544.0,0.38876075,1.0,2.752
4512622.0,0.38170061,1.0,2.064
4512700.0,0.38291958,1.0,1.72
4512778.0,0.39495751,1.0,1.72
4512856.0,0.37956733,1.0,1.376
4512934.0,0.40638584,1.0,1.72
4513012.0,0.40699545,1.0,293.432007
4513091.0,0.37946573,1.0,295.496002
4513169.0,0.37032297,1.0,295.152008
4513247.0,0.39841139,1.0,295.496002
4513325.0,0.39343375,1.0,294.808014
4513403.0,0.38657668,1.0,295.496002
4513481.0,0.36829129,1.0,295.496002
4513559.0,0.39805591,1.0,3.096
4513638.0,0.38672903,1.0,2.064
4513716.0,0.39566866,1.0,2.064
4513794.0,0.37286261,1.0,2.408
4513872.0,0.39566866,1.0,2.064
4513950.0,0.39378929,1.0,2.064
4514028.0,0.38454497,1.0,294.119995
4514106.0,0.39541468,1.0,295.496002
4514184.0,0.39236712,1.0,295.496002
4514262.0,0.38439262,1.0,295.496002
4514340.0,0.40806204,1.0,295.496002
4514418.0,0.37337053,1.0,295.496002
4514497.0,0.39978281,1.0,295.496002
4514575.0,0.38317356,1.0,3.44
4514653.0,0.38789725,1.0,1.72
4514731.0,0.39190996,1.0,2.408
4514809.0,0.41055092,1.0,2.064
4514887.0,0.38302121,1.0,2.064
4514965.0,0.41979519,1.0,2.064
4515044.0,0.38647515,1.0,294.463989
4515122.0,0.38464665,1.0,295.496002
4515200.0,0.37042466,1.0,295.496002
4515278.0,0.38363072,1.0,295.496002
4515356.0,0.39841139,1.0,295.152008
4515434.0,0.38266563,1.0,295.496002
4515512.0,0.39963046,1.0,262.127991
4515590.0,0.40196687,1.0,3.096
4515668.0,0.4134461,1.0,2.064
4515746.0,0.38911629,1.0,1.72
4515825.0,0.39394167,1.0,2.064
4515903.0,0.38891309,1.0,2.064
4515981.0,0.38916713,1.0,14.792
4516059.0,0.38693222,1.0,294.463989
4516137.0,0.36377072,1.0,295.496002
4516215.0,0.40389705,1.0,295.496002
4516293.0,0.39363694,1.0,295.839996
4516372.0,0.38723695,1.0,295.152008
4516450.0,0.38820204,1.0,295.839996
4516528.0,0.39109731,1.0,4.472
4516606.0,0.38820204,1.0,2.408
4516684.0,0.38388467,1.0,1.376
4516762.0,0.37956733,1.0,2.752
4516840.0,0.39648131,1.0,1.72
4516918.0,0.39485592,1.0,1.72
4516996.0,0.37900856,1.0,304.783997
4517074.0,0.38383386,1.0,295.152008
4517153.0,0.37423402,1.0,295.839996
4517231.0,0.37885618,1.0,296.18399
4517309.0,0.37987205,1.0,295.496002
4517387.0,0.4046081,1.0,295.152008
4517465.0,0.38556081,1.0,295.496002
4517543.0,0.36539608,1.0,3.096
4517621.0,0.40003684,1.0,2.064
4517699.0,0.40349081,1.0,2.752
4517778.0,0.38144666,1.0,2.064
4517856.0,0.39922413,1.0,1.72
4517934.0,0.39140204,1.0,2.064
4518012.0,0.38759252,1.0,294.119995
4518090.0,0.39145279,1.0,295.496002
4518168.0,0.36778337,1.0,295.496002
4518246.0,0.38749099,1.0,295.496002
4518324.0,0.36717391,1.0,295.496002
4518402.0,0.38241166,1.0,295.496002
4518480.0,0.38881159,1.0,295.496002
4518559.0,0.39130035,1.0,3.096
4518637.0,0.38576403,1.0,2.064
4518715.0,0.40069714,1.0,2.064
4518793.0,0.37865299,1.0,1.72
4518871.0,0.38129422,1.0,2.064
4518949.0,0.3690024,1.0,2.408
4519027.0,0.40095109,1.0,294.119995
4519105.0,0.38129422,1.0,295.496002
4519184.0,0.38058317,1.0,295.496002
4519262.0,0.38114184,1.0,295.496002
4519340.0,0.40943345,1.0,295.496002
4519418.0,0.37829742,1.0,295.152008
4519496.0,0.38383386,1.0,295.496002
4519574.0,0.37844986,1.0,3.096
4519652.0,0.40064621,1.0,2.064
4519730.0,0.41725549,1.0,2.064
4519808.0,0.40730017,1.0,2.064
4519887.0,0.38154826,1.0,2.064
4519965.0,0.39023381,1.0,2.064
4520043.0,0.40663987,1.0,293.776001
4520121.0,0.37580863,1.0,295.839996
4520199.0,0.38297042,1.0,295.839996
4520277.0,0.40277961,1.0,295.839996
4520355.0,0.37479278,1.0,295.839996
4520433.0,0.40257648,1.0,295.496002
4520511.0,0.40211931,1.0,268.320007
4520590.0,0.3850022,1.0,3.096
4520668.0,0.380126,1.0,2.064
4520746.0,0.41273507,1.0,2.064
4520824.0,0.39759874,1.0,2.064
4520902.0,0.37718004,1.0,2.408
4520980.0,0.39582101,1.0,8.6
4521058.0,0.40095109,1.0,294.463989
4521137.0,0.36565006,1.0,295.496002
4521215.0,0.38830364,1.0,295.496002
4521293.0,0.3730658,1.0,295.496002
4521371.0,0.37768796,1.0,295.839996
4521449.0,0.38124353,1.0,295.839996
4521527.0,0.37204996,1.0,8.944
4521605.0,0.37367526,1.0,2.064
4521683.0,0.43168068,1.0,1.376
4521761.0,0.40389705,1.0,1.032
4521839.0,0.40831602,1.0,1.032
4521918.0,0.39917335,1.0,1.376
4521996.0,0.40115422,1.0,301.343994
4522074.0,0.38967505,1.0,294.808014
4522152.0,0.37687516,1.0,294.808014
4522230.0,0.38688141,1.0,295.152008
4522308.0,0.39221469,1.0,294.463989
4522386.0,0.4132936,1.0,295.152008
4522464.0,0.38759252,1.0,295.152008
4522543.0,0.38657668,1.0,2.752
4522621.0,0.41893169,1.0,1.72
4522699.0,0.38952261,1.0,2.064
4522777.0,0.38464665,1.0,1.72
4522855.0,0.37748477,1.0,3.096
4522933.0,0.38749099,1.0,3.096
4523011.0,0.39897016,1.0,294.808014
4523089.0,0.40511611,1.0,295.839996
4523167.0,0.379161,1.0,296.18399
4523246.0,0.38865921,1.0,295.839996
4523324.0,0.40973827,1.0,296.18399
4523402.0,0.40978897,1.0,296.18399
4523480.0,0.39267185,1.0,295.839996
4523558.0,0.39703998,1.0,3.44
4523636.0,0.40308434,1.0,2.064
4523714.0,0.39409402,1.0,2.064
4523792.0,0.39627808,1.0,2.408
4523870.0,0.39587176,1.0,2.408
4523949.0,0.40115422,1.0,2.064
4524027.0,0.39719242,1.0,294.119995
4524105.0,0.38225931,1.0,294.808014
4524183.0,0.37677366,1.0,294.808014
4524261.0,0.40196687,1.0,294.808014
4524339.0,0.39216384,1.0,294.808014
4524417.0,0.38307202,1.0,294.808014
4524495.0,0.38505289,1.0,295.152008
4524574.0,0.42020157,1.0,2.752
4524652.0,0.4038462,1.0,1.032
4524730.0,0.39780188,1.0,1.376
4524808.0,0.38454497,1.0,1.376
4524886.0,0.38825282,1.0,2.064
4524964.0,0.41055092,1.0,1.032
4525042.0,0.40572554,1.0,294.808014
4525120.0,0.38784656,1.0,295.152008
4525198.0,0.38469732,1.0,295.496002
4525277.0,0.38617042,1.0,295.496002
4525355.0,0.39703998,1.0,294.808014
4525433.0,0.39429724,1.0,295.152008
4525511.0,0.39323053,1.0,273.480011
4525589.0,0.39881781,1.0,3.784
4525667.0,0.4005447,1.0,2.408
4525745.0,0.40364301,1.0,2.064
4525823.0,0.39912254,1.0,1.72
4525901.0,0.39013216,1.0,2.408
4525980.0,0.38957354,1.0,4.128
4526058.0,0.38987827,1.0,293.432007
4526136.0,0.38134506,1.0,295.839996
4526214.0,0.35777721,1.0,295.496002
4526292.0,0.39221469,1.0,295.839996
4526370.0,0.39450034,1.0,295.496002
4526448.0,0.37956733,1.0,295.839996
4526526.0,0.37961799,1.0,14.104
4526605.0,0.37997356,1.0,2.064
4526683.0,0.39587176,1.0,2.064
4526761.0,0.38342759,1.0,1.72
4526839.0,0.3981066,1.0,1.72
4526917.0,0.4148683,1.0,2.064
4526995.0,0.40135741,1.0,298.247986
4527073.0,0.39851308,1.0,295.496002
4527151.0,0.38190383,1.0,295.496002
4527229.0,0.39246872,1.0,295.496002
4527307.0,0.39480516,1.0,295.496002
4527386.0,0.40242404,1.0,295.496002
4527464.0,0.40516677,1.0,295.839996
4527542.0,0.39165592,1.0,2.752
4527620.0,0.39328137,1.0,2.064
4527698.0,0.40003684,1.0,1.72
4527776.0,0.39505905,1.0,1.72
4527854.0,0.38840532,1.0,1.72
4527932.0,0.40105268,1.0,1.72
4528011.0,0.40486208,1.0,293.776001
4528089.0,0.38114184,1.0,295.152008
4528167.0,0.3832244,1.0,295.839996
4528245.0,0.38540846,1.0,295.839996
4528323.0,0.39175761,1.0,296.18399
4528401.0,0.40567487,1.0,296.528015
4528479.0,0.37982127,1.0,296.18399
4528557.0,0.40217006,1.0,3.784
4528635.0,0.38876075,1.0,2.752
4528714.0,0.38459572,1.0,2.752
4528792.0,0.40252563,1.0,2.752
4528870.0,0.36661515,1.0,2.752
4528948.0,0.38637346,1.0,2.408
4529026.0,0.39475432,1.0,294.808014
4529104.0,0.39226553,1.0,296.18399
4529182.0,0.37169439,1.0,295.839996
4529260.0,0.39592254,1.0,295.839996
4529339.0,0.4180682,1.0,295.839996
4529417.0,0.40095109,1.0,295.496002
4529495.0,0.38459572,1.0,295.496002
4529573.0,0.38408789,1.0,2.064
4529651.0,0.41182074,1.0,1.72
4529729.0,0.40735093,1.0,1.72
4529807.0,0.39038619,1.0,1.72
4529885.0,0.39998594,1.0,1.376
4529963.0,0.41080481,1.0,1.72
4530041.0,0.39201155,1.0,293.776001
4530120.0,0.39764959,1.0,295.152008
4530198.0,0.39170685,1.0,295.152008
4530276.0,0.40115422,1.0,295.152008
4530354.0,0.39455119,1.0,295.152008
4530432.0,0.37804353,1.0,294.463989
4530510.0,0.40430337,1.0,278.640015
4530588.0,0.36829129,1.0,2.752
4530667.0,0.40679225,1.0,2.064
4530745.0,0.41014451,1.0,1.376
4530823.0,0.40277961,1.0,1.376
4530901.0,0.39856377,1.0,2.064
4530979.0,0.38571319,1.0,0.688
4531057.0,0.39165592,1.0,294.119995
4531135.0,0.38652599,1.0,295.496002
4531213.0,0.37977043,1.0,295.496002
4531291.0,0.40897632,1.0,295.496002
4531369.0,0.39221469,1.0,295.496002
4531448.0,0.3825641,1.0,295.496002
4531526.0,0.39795431,1.0,16.511999
4531604.0,0.37159279,1.0,2.408
4531682.0,0.40293205,1.0,2.064
4531760.0,0.39973211,1.0,2.064
4531838.0,0.40145895,1.0,2.064
4531916.0,0.39079252,1.0,1.72
4531994.0,0.39130035,1.0,293.776001
4532073.0,0.39262095,1.0,295.152008
4532151.0,0.38551006,1.0,295.152008
4532229.0,0.40247479,1.0,295.496002
4532307.0,0.39170685,1.0,295.152008
4532385.0,0.39947808,1.0,295.496002
4532463.0,0.38865921,1.0,295.839996
4532541.0,0.39754799,1.0,2.752
4532619.0,0.4117699,1.0,2.064
4532697.0,0.41481751,1.0,1.376
4532776.0,0.39465278,1.0,1.376
4532854.0,0.38479894,1.0,1.032
4532932.0,0.37560543,1.0,1.376
4533010.0,0.39851308,1.0,293.776001
4533088.0,0.41877931,1.0,295.152008
4533166.0,0.38860837,1.0,295.152008
4533244.0,0.38352913,1.0,295.152008
4533322.0,0.37977043,1.0,295.496002
4533401.0,0.39404318,1.0,295.496002
4533479.0,0.37905946,1.0,295.839996
4533557.0,0.40354148,1.0,3.096
4533635.0,0.38759252,1.0,1.72
4533713.0,0.41949046,1.0,2.408
4533791.0,0.40516677,1.0,2.064
4533869.0,0.39521149,1.0,2.408
4533947.0,0.42771879,1.0,2.064
4534025.0,0.40049395,1.0,293.776001
4534103.0,0.39043689,1.0,295.496002
4534182.0,0.39937648,1.0,294.463989
4534260.0,0.38413864,1.0,295.152008
4534338.0,0.40613195,1.0,295.839996
4534416.0,0.4014082,1.0,295.496002
4534494.0,0.40689385,1.0,294.808014
4534572.0,0.42528084,1.0,3.096
4534650.0,0.41136357,1.0,1.376
4534728.0,0.40481138,1.0,1.72
4534807.0,0.39292583,1.0,2.064
4534885.0,0.39795431,1.0,1.72
4534963.0,0.40826517,1.0,1.376
4535041.0,0.40506527,1.0,293.432007
4535119.0,0.38825282,1.0,294.808014
4535197.0,0.36971346,1.0,294.463989
4535275.0,0.40039241,1.0,295.496002
4535353.0,0.38038003,1.0,295.152008
4535431.0,0.38535762,1.0,295.839996
4535510.0,0.39658281,1.0,280.015991
4535588.0,0.37997356,1.0,2.408
4535666.0,0.41258264,1.0,1.72
4535744.0,0.39170685,1.0,1.376
4535822.0,0.39439875,1.0,2.064
4535900.0,0.40603027,1.0,2.064
4535978.0,0.39627808,1.0,0.688
4536056.0,0.40018922,1.0,294.119995
4536134.0,0.38225931,1.0,295.496002
4536213.0,0.38754168,1.0,295.496002
4536291.0,0.4132936,1.0,295.496002
4536369.0,0.39790347,1.0,295.839996
4536447.0,0.39490676,1.0,295.496002
4536525.0,0.39465278,1.0,22.016001
4536603.0,0.41243026,1.0,2.064
4536681.0,0.41771263,1.0,2.064
4536759.0,0.39241788,1.0,2.064
4536838.0,0.4059796,1.0,2.064
4536916.0,0.39267185,1.0,2.064
4536994.0,0.40623355,1.0,285.175995
4537072.0,0.39155442,1.0,295.496002
4537150.0,0.36890087,1.0,295.496002
4537228.0,0.38393545,1.0,295.496002
4537306.0,0.39033535,1.0,295.496002
4537384.0,0.4005447,1.0,295.152008
4537462.0,0.38164979,1.0,295.496002
4537541.0,0.39338291,1.0,3.096
4537619.0,0.39211318,1.0,1.72
4537697.0,0.42421415,1.0,2.064
4537775.0,0.40354148,1.0,2.064
4537853.0,0.41116044,1.0,2.752
4537931.0,0.40430337,1.0,3.096
4538009.0,0.38063392,1.0,294.808014
4538087.0,0.43015689,1.0,296.18399
4538165.0,0.37748477,1.0,295.496002
4538244.0,0.37204996,1.0,296.18399
4538322.0,0.38403705,1.0,295.496002
4538400.0,0.39521149,1.0,296.18399
4538478.0,0.39165592,1.0,295.839996
4538556.0,0.39272261,1.0,3.44
4538634.0,0.40613195,1.0,2.408
4538712.0,0.40806204,1.0,2.408
4538791.0,0.40933186,1.0,2.408
4538869.0,0.4045065,1.0,2.408
4538947.0,0.39490676,1.0,2.408
4539025.0,0.40211931,1.0,294.463989
4539103.0,0.39881781,1.0,295.839996
4539181.0,0.39968121,1.0,295.496002
4539259.0,0.3848497,1.0,295.839996
4539337.0,0.37621489,1.0,295.839996
4539415.0,0.41943961,1.0,295.496002
4539493.0,0.40445581,1.0,295.839996
4539571.0,0.40521762,1.0,3.096
4539650.0,0.4014082,1.0,2.064
4539728.0,0.39693838,1.0,2.064
4539806.0,0.39419562,1.0,2.064
4539884.0,0.40186527,1.0,2.064
4539962.0,0.38225931,1.0,2.064
4540040.0,0.41202387,1.0,294.463989
4540118.0,0.39323053,1.0,295.496002
4540197.0,0.38688141,1.0,295.496002
4540275.0,0.41339535,1.0,295.839996
4540353.0,0.39043689,1.0,295.496002
4540431.0,0.38835448,1.0,295.496002
4540509.0,0.39648131,1.0,287.584015
4540587.0,0.4053193,1.0,3.784
4540665.0,0.40308434,1.0,2.752
4540743.0,0.40044311,1.0,2.752
4540821.0,0.39612573,1.0,2.752
4540900.0,0.40547165,1.0,2.752
4540978.0,0.37733242,1.0,1.376
4541056.0,0.37692609,1.0,294.808014
4541134.0,0.37321824,1.0,295.839996
4541212.0,0.37392929,1.0,296.18399
4541290.0,0.38251325,1.0,296.18399
4541368.0,0.40105268,1.0,295.839996
4541446.0,0.39048779,1.0,295.839996
4541524.0,0.41146517,1.0,27.176001
4541603.0,0.38530692,1.0,2.064
4541681.0,0.40303355,1.0,3.096
4541759.0,0.38495138,1.0,2.408
4541837.0,0.3879481,1.0,2.064
4541915.0,0.40079865,1.0,2.064
4541993.0,0.38139582,1.0,266.944
4542071.0,0.38200533,1.0,295.496002
4542149.0,0.38017675,1.0,295.839996
4542228.0,0.37956733,1.0,295.496002
4542306.0,0.39470348,1.0,296.528015
4542384.0,0.3856625,1.0,295.152008
4542462.0,0.40318593,1.0,295.496002
4542540.0,0.39008132,1.0,2.408
4542618.0,0.40750337,1.0,2.064
4542696.0,0.40557319,1.0,2.064
4542774.0,0.38698307,1.0,2.064
4542852.0,0.39759874,1.0,2.064
4542931.0,0.4163413,1.0,1.72
4543009.0,0.39592254,1.0,294.119995
4543087.0,0.41029695,1.0,295.152008
4543165.0,0.37611336,1.0,295.496002
4543243.0,0.39912254,1.0,296.18399
4543321.0,0.38703382,1.0,296.18399
4543399.0,0.38759252,1.0,296.18399
4543477.0,0.39206234,1.0,296.18399
4543556.0,0.41121122,1.0,3.784
4543634.0,0.40349081,1.0,2.752
4543712.0,0.41095725,1.0,2.752
4543790.0,0.40648744,1.0,2.408
4543868.0,0.39587176,1.0,2.408
4543946.0,0.41156676,1.0,2.408
4544024.0,0.40364301,1.0,294.808014
4544102.0,0.40608111,1.0,295.839996
4544180.0,0.37301496,1.0,295.839996
4544258.0,0.39084327,1.0,295.839996
4544337.0,0.38444343,1.0,295.839996
4544415.0,0.38220856,1.0,295.839996
4544493.0,0.38434193,1.0,295.839996
4544571.0,0.4014082,1.0,3.44
4544649.0,0.39536378,1.0,2.408
4544727.0,0.39414471,1.0,2.064
4544805.0,0.41105884,1.0,2.064
4544883.0,0.4047097,1.0,2.408
4544962.0,0.38774496,1.0,2.064
4545040.0,0.38759252,1.0,294.463989
4545118.0,0.39394167,1.0,295.839996
4545196.0,0.40440497,1.0,295.496002
4545274.0,0.39470348,1.0,295.839996
4545352.0,0.39455119,1.0,295.152008
4545430.0,0.38388467,1.0,295.152008
4545508.0,0.41684923,1.0,294.119995
4545586.0,0.39963046,1.0,2.408
4545665.0,0.38261488,1.0,1.72
4545743.0,0.41121122,1.0,1.72
4545821.0,0.40313524,1.0,1.72
4545899.0,0.38535762,1.0,2.408
4545977.0,0.40135741,1.0,1.72
4546055.0,0.38749099,1.0,294.463989
4546133.0,0.38469732,1.0,296.18399
4546211.0,0.40826517,1.0,296.18399
4546289.0,0.40318593,1.0,295.839996
4546368.0,0.41070327,1.0,295.152008
4546446.0,0.37591016,1.0,295.496002
4546524.0,0.38744015,1.0,32.68
4546602.0,0.42096341,1.0,2.408
4546680.0,0.41029695,1.0,2.408
4546758.0,0.4069446,1.0,2.064
4546836.0,0.38520527,1.0,2.408
4546914.0,0.40227175,1.0,2.408
4546992.0,0.39180836,1.0,254.559998
4547071.0,0.41659519,1.0,295.839996
4547149.0,0.3674278,1.0,295.839996
4547227.0,0.38261488,1.0,295.839996
4547305.0,0.39775109,1.0,295.496002
4547383.0,0.39851308,1.0,295.152008
4547461.0,0.40069714,1.0,295.839996
4547539.0,0.40557319,1.0,2.752
4547617.0,0.39003062,1.0,1.72
4547696.0,0.41171914,1.0,2.064
4547774.0,0.39521149,1.0,2.064
4547852.0,0.40191618,1.0,1.72
4547930.0,0.39399251,1.0,2.064
4548008.0,0.40455735,1.0,294.119995
4548086.0,0.40156054,1.0,295.152008
4548164.0,0.39602414,1.0,295.496002
4548242.0,0.38236091,1.0,295.496002
4548320.0,0.38733855,1.0,294.808014
4548399.0,0.39800507,1.0,295.496002
4548477.0,0.40364301,1.0,295.496002
4548555.0,0.38876075,1.0,3.096
4548633.0,0.39571941,1.0,1.72
4548711.0,0.40201771,1.0,2.064
4548789.0,0.40135741,1.0,2.064
4548867.0,0.39907175,1.0,1.72
4548945.0,0.40105268,1.0,2.064
4549023.0,0.394348,1.0,294.463989
4549102.0,0.4062843,1.0,295.496002
4549180.0,0.38276732,1.0,295.839996
4549258.0,0.40648744,1.0,295.839996
4549336.0,0.39241788,1.0,295.839996
4549414.0,0.3737261,1.0,295.839996
4549492.0,0.41375083,1.0,295.839996
4549570.0,0.40953508,1.0,3.096
4549648.0,0.39825904,1.0,2.064
4549727.0,0.41187149,1.0,2.064
4549805.0,0.38718626,1.0,1.72
4549883.0,0.40714779,1.0,2.064
4549961.0,0.40506527,1.0,2.064
4550039.0,0.40166214,1.0,293.776001
4550117.0,0.38327515,1.0,295.496002
4550195.0,0.41248101,1.0,295.152008
4550273.0,0.4005447,1.0,295.496002
4550351.0,0.39556703,1.0,294.808014
4550430.0,0.39775109,1.0,295.839996
4550508.0,0.38703382,1.0,296.528015
4550586.0,0.40831602,1.0,2.752
4550664.0,0.40410024,1.0,2.408
4550742.0,0.39724311,1.0,2.752
4550820.0,0.40272877,1.0,1.72
4550898.0,0.37149119,1.0,2.408
4550976.0,0.40308434,1.0,1.376
4551055.0,0.41425884,1.0,294.463989
4551133.0,0.38784656,1.0,296.18399
4551211.0,0.3538661,1.0,295.839996
4551289.0,0.4092302,1.0,295.839996
4551367.0,0.3902846,1.0,295.839996
4551445.0,0.38840532,1.0,296.18399
4551523.0,0.39968121,1.0,37.495998
4551601.0,0.39003062,1.0,2.408
4551679.0,0.42289358,1.0,2.064
4551758.0,0.39998594,1.0,2.408
4551836.0,0.40770641,1.0,2.752
4551914.0,0.38119262,1.0,2.408
4551992.0,0.39927489,1.0,246.992004
4552070.0,0.39500836,1.0,295.496002
4552148.0,0.37398013,1.0,296.18399
4552226.0,0.39582101,1.0,296.528015
4552304.0,0.39216384,1.0,295.839996
4552382.0,0.41761103,1.0,295.839996
4552461.0,0.40425262,1.0,295.839996
4552539.0,0.4022209,1.0,3.784
4552617.0,0.41039854,1.0,2.408
4552695.0,0.42497602,1.0,2.408
4552773.0,0.41385236,1.0,2.408
4552851.0,0.41994753,1.0,2.064
4552929.0,0.41928726,1.0,2.064
4553007.0,0.40719864,1.0,294.119995
4553085.0,0.40176374,1.0,295.496002
4553163.0,0.40293205,1.0,295.496002
4553242.0,0.41491914,1.0,295.496002
4553320.0,0.4164429,1.0,295.839996
4553398.0,0.40557319,1.0,295.839996
4553476.0,0.40211931,1.0,295.839996
4553554.0,0.40389705,1.0,3.44
4553632.0,0.39703998,1.0,2.408
4553710.0,0.39836064,1.0,2.408
4553789.0,0.41039854,1.0,2.064
4553867.0,0.39698929,1.0,2.064
4553945.0,0.40714779,1.0,2.064
4554023.0,0.39450034,1.0,294.119995
4554101.0,0.40704614,1.0,295.496002
4554179.0,0.41441113,1.0,295.839996
4554257.0,0.39688769,1.0,296.18399
4554335.0,0.38286883,1.0,295.839996
4554413.0,0.38454497,1.0,295.496002
4554492.0,0.41791576,1.0,295.839996
4554570.0,0.39312902,1.0,3.096
4554648.0,0.40201771,1.0,2.064
4554726.0,0.40587792,1.0,2.752
4554804.0,0.40618271,1.0,2.408
4554882.0,0.40775734,1.0,2.064
4554960.0,0.4258903,1.0,2.408
4555038.0,0.40425262,1.0,294.463989
4555116.0,0.41232857,1.0,296.18399
4555195.0,0.38327515,1.0,295.839996
4555273.0,0.40145895,1.0,295.496002
4555351.0,0.41938886,1.0,296.18399
4555429.0,0.38459572,1.0,296.528015
4555507.0,0.40983981,1.0,298.247986
4555585.0,0.40023997,1.0,3.096
4555663.0,0.42629668,1.0,2.064
4555741.0,0.41303977,1.0,1.72
4555820.0,0.40084949,1.0,1.72
4555898.0,0.38464665,1.0,2.064
4555976.0,0.388964,1.0,1.376
4556054.0,0.40486208,1.0,294.463989
4556132.0,0.39079252,1.0,295.496002
4556210.0,0.37956733,1.0,295.496002
4556288.0,0.40156054,1.0,295.496002
4556366.0,0.39927489,1.0,295.496002
4556444.0,0.40486208,1.0,295.152008
4556522.0,0.38713545,1.0,44.032001
4556601.0,0.40150979,1.0,1.376
4556679.0,0.42771879,1.0,2.064
4556757.0,0.41268414,1.0,2.064
4556835.0,0.43543935,1.0,2.064
4556913.0,0.39251941,1.0,2.064
4556991.0,0.40186527,1.0,241.143997
4557069.0,0.39023381,1.0,295.496002
4557148.0,0.37905946,1.0,295.496002
4557226.0,0.3802276,1.0,295.496002
4557304.0,0.4076049,1.0,295.496002
4557382.0,0.39475432,1.0,295.839996
4557460.0,0.41496989,1.0,295.496002
4557538.0,0.39841139,1.0,3.096
4557616.0,0.40801123,1.0,2.064
4557694.0,0.41491914,1.0,2.064
4557772.0,0.39287499,1.0,1.72
4557851.0,0.40404943,1.0,2.064
4557929.0,0.41014451,1.0,2.064
4558007.0,0.40719864,1.0,294.119995
4558085.0,0.4069446,1.0,295.839996
4558163.0,0.3807863,1.0,296.528015
4558241.0,0.39775109,1.0,295.496002
4558319.0,0.40699545,1.0,295.496002
4558397.0,0.40674141,1.0,295.152008
4558475.0,0.40501457,1.0,295.496002
4558554.0,0.39739555,1.0,3.096
4558632.0,0.38992909,1.0,2.408
4558710.0,0.43046162,1.0,2.064
4558788.0,0.40095109,1.0,2.752
4558866.0,0.40227175,1.0,2.064
4558944.0,0.4126333,1.0,2.064
4559022.0,0.40765572,1.0,294.119995
4559100.0,0.39658281,1.0,294.808014
4559178.0,0.39521149,1.0,295.152008
4559256.0,0.39952892,1.0,295.496002
4559335.0,0.43422028,1.0,295.496002
4559413.0,0.39714158,1.0,295.496002
4559491.0,0.39363694,1.0,295.839996
4559569.0,0.40176374,1.0,3.096
4559647.0,0.40928105,1.0,2.064
4559725.0,0.40618271,1.0,2.408
4559803.0,0.40293205,1.0,1.72
4559882.0,0.39373848,1.0,2.064
4559960.0,0.4131414,1.0,2.064
4560038.0,0.40816367,1.0,293.776001
4560116.0,0.40084949,1.0,295.496002
4560194.0,0.3807863,1.0,295.496002
4560272.0,0.42716008,1.0,295.496002
4560350.0,0.4174079,1.0,295.496002
4560428.0,0.38871005,1.0,295.496002
4560506.0,0.410043,1.0,297.903992
4560584.0,0.40379554,1.0,3.096
4560663.0,0.40928105,1.0,2.064
4560741.0,0.39876688,1.0,2.064
4560819.0,0.39500836,1.0,2.064
4560897.0,0.39968121,1.0,2.064
4560975.0,0.37855145,1.0,1.376
4561053.0,0.38957354,1.0,294.119995
4561131.0,0.38871005,1.0,295.496002
4561209.0,0.3802276,1.0,295.496002
4561288.0,0.39886862,1.0,295.496002
4561366.0,0.40978897,1.0,295.496002
4561444.0,0.40288121,1.0,295.496002
4561522.0,0.39648131,1.0,50.568001
4561600.0,0.40293205,1.0,2.064
4561678.0,0.4005447,1.0,2.064
4561756.0,0.41050008,1.0,1.72
4561834.0,0.3825641,1.0,1.72
4561913.0,0.38749099,1.0,2.064
4561991.0,0.40171298,1.0,235.983994
4562069.0,0.39333215,1.0,295.496002
4562147.0,0.37489432,1.0,295.496002
4562225.0,0.40156054,1.0,295.496002
4562303.0,0.394348,1.0,294.808014
4562381.0,0.4039478,1.0,295.496002
4562459.0,0.40369385,1.0,295.496002
4562537.0,0.38520527,1.0,3.096
4562615.0,0.38647515,1.0,1.376
4562694.0,0.42655057,1.0,2.064
4562772.0,0.39033535,1.0,1.376
4562850.0,0.41309056,1.0,2.064
4562928.0,0.38997978,1.0,2.064
4563006.0,0.37987205,1.0,293.432007
4563084.0,0.40435421,1.0,295.152008
4563162.0,0.40242404,1.0,295.496002
4563240.0,0.38830364,1.0,295.152008
4563319.0,0.40145895,1.0,295.496002
4563397.0,0.38139582,1.0,295.496002
4563475.0,0.40338904,1.0,295.496002
4563553.0,0.39795431,1.0,3.096
4563631.0,0.40191618,1.0,1.72
4563709.0,0.37814513,1.0,1.376
4563787.0,0.40714779,1.0,1.72
4563865.0,0.40790963,1.0,2.064
4563943.0,0.40283045,1.0,2.064
4564021.0,0.38073552,1.0,293.432007
4564100.0,0.415681,1.0,295.496002
4564178.0,0.38347828,1.0,295.496002
4564256.0,0.38215771,1.0,295.152008
4564334.0,0.41253179,1.0,294.463989
4564412.0,0.39363694,1.0,295.152008
4564490.0,0.37911016,1.0,295.152008
4564568.0,0.39698929,1.0,2.752
4564647.0,0.40095109,1.0,2.064
4564725.0,0.39429724,1.0,2.064
4564803.0,0.39429724,1.0,2.064
4564881.0,0.40090027,1.0,2.408
4564959.0,0.42776963,1.0,2.064
4565037.0,0.3768245,1.0,294.119995
4565115.0,0.39190996,1.0,295.839996
4565193.0,0.37977043,1.0,295.496002
4565271.0,0.40186527,1.0,295.496002
4565349.0,0.38388467,1.0,295.496002
4565428.0,0.39094496,1.0,295.496002
4565506.0,0.40978897,1.0,298.936005
4565584.0,0.38891309,1.0,3.096
4565662.0,0.39790347,1.0,2.752
4565740.0,0.40684307,1.0,2.408
4565818.0,0.39729401,1.0,2.752
4565896.0,0.39968121,1.0,2.408
4565975.0,0.40567487,1.0,1.376
4566053.0,0.39790347,1.0,294.463989
4566131.0,0.40521762,1.0,296.528015
4566209.0,0.36991674,1.0,296.528015
4566287.0,0.40872243,1.0,294.808014
4566365.0,0.39480516,1.0,295.152008
4566443.0,0.39561781,1.0,296.18399
4566521.0,0.4164429,1.0,63.639999
4566599.0,0.39759874,1.0,2.408
4566677.0,0.43229026,1.0,2.064
4566756.0,0.38495138,1.0,2.064
4566834.0,0.39668441,1.0,1.72
4566912.0,0.38931951,1.0,1.376
4566990.0,0.37789109,1.0,229.447998
4567068.0,0.39287499,1.0,295.496002
4567146.0,0.38373232,1.0,295.152008
4567224.0,0.39643052,1.0,295.496002
4567302.0,0.38779572,1.0,295.496002
4567381.0,0.39196065,1.0,295.152008
4567459.0,0.41659519,1.0,295.496002
4567537.0,0.39531308,1.0,2.752
4567615.0,0.40156054,1.0,2.064
4567693.0,0.39698929,1.0,2.752
4567771.0,0.42385858,1.0,1.376
4567849.0,0.40369385,1.0,1.72
4567927.0,0.40491289,1.0,2.064
4568005.0,0.39541468,1.0,294.119995
4568084.0,0.38804975,1.0,295.152008
4568162.0,0.40806204,1.0,295.496002
4568240.0,0.40542084,1.0,295.496002
4568318.0,0.39485592,1.0,295.496002
4568396.0,0.40257648,1.0,295.496002
4568474.0,0.41319206,1.0,295.152008
4568552.0,0.41258264,1.0,3.096
4568630.0,0.40465894,1.0,2.064
4568709.0,0.3760626,1.0,2.064
4568787.0,0.41298887,1.0,2.064
4568865.0,0.40684307,1.0,2.408
4568943.0,0.41557941,1.0,2.064
4569021.0,0.38551006,1.0,294.463989
4569099.0,0.39302742,1.0,294.808014
4569177.0,0.41085571,1.0,295.496002
4569255.0,0.38109109,1.0,295.496002
4569333.0,0.41537622,1.0,295.496002
4569411.0,0.39592254,1.0,295.152008
4569490.0,0.39983365,1.0,295.496002
4569568.0,0.40232244,1.0,2.752
4569646.0,0.42863312,1.0,1.72
4569724.0,0.41913483,1.0,1.72
4569802.0,0.40567487,1.0,1.72
4569880.0,0.39262095,1.0,2.064
4569958.0,0.38398629,1.0,1.72
4570036.0,0.40745261,1.0,294.463989
4570115.0,0.40293205,1.0,295.496002
4570193.0,0.39317971,1.0,295.496002
4570271.0,0.40562403,1.0,295.496002
4570349.0,0.4266015,1.0,295.152008
4570427.0,0.38865921,1.0,295.496002
4570505.0,0.38464665,1.0,297.903992
4570583.0,0.35742158,1.0,3.784
4570661.0,0.42873472,1.0,2.064
4570739.0,0.40572554,1.0,2.064
4570817.0,0.40135741,1.0,2.064
4570896.0,0.40770641,1.0,2.064
4570974.0,0.40084949,1.0,1.376
4571052.0,0.40897632,1.0,294.119995
4571130.0,0.39805591,1.0,295.496002
4571208.0,0.39460194,1.0,295.496002
4571286.0,0.37890702,1.0,295.496002
4571364.0,0.39246872,1.0,295.496002
4571442.0,0.41893169,1.0,295.496002
4571521.0,0.39414471,1.0,74.304001
4571599.0,0.38688141,1.0,1.376
4571677.0,0.40476054,1.0,2.064
4571755.0,0.40029073,1.0,2.064
4571833.0,0.39668441,1.0,2.064
4571911.0,0.4052684,1.0,2.064
4571989.0,0.37626573,1.0,224.975998
4572067.0,0.40491289,1.0,296.18399
4572145.0,0.39460194,1.0,296.528015
4572224.0,0.40511611,1.0,296.18399
4572302.0,0.41689998,1.0,296.18399
4572380.0,0.40577638,1.0,296.18399
4572458.0,0.4059796,1.0,296.18399
4572536.0,0.40821448,1.0,3.44
4572614.0,0.39414471,1.0,2.408
4572692.0,0.41674763,1.0,2.408
4572770.0,0.41405565,1.0,2.408
4572849.0,0.39825904,1.0,2.408
4572927.0,0.40831602,1.0,1.72
4573005.0,0.40958574,1.0,293.088013
4573083.0,0.41039854,1.0,295.152008
4573161.0,0.39739555,1.0,294.119995
4573239.0,0.37646893,1.0,295.152008
4573317.0,0.39150357,1.0,295.496002
4573395.0,0.39282414,1.0,295.152008
4573473.0,0.39257026,1.0,294.808014
4573552.0,0.40333828,1.0,2.752
4573630.0,0.39673525,1.0,1.376
4573708.0,0.41050008,1.0,1.72
4573786.0,0.41649365,1.0,1.376
4573864.0,0.39526224,1.0,1.72
4573942.0,0.39577025,1.0,1.376
4574020.0,0.40379554,1.0,293.432007
4574098.0,0.41105884,1.0,295.152008
4574176.0,0.40415108,1.0,295.152008
4574255.0,0.39475432,1.0,294.463989
4574333.0,0.40084949,1.0,295.496002
4574411.0,0.40023997,1.0,295.496002
4574489.0,0.42797282,1.0,295.839996
4574567.0,0.40333828,1.0,2.752
4574645.0,0.42015076,1.0,1.72
4574723.0,0.41425884,1.0,1.376
4574801.0,0.42060784,1.0,1.376
4574880.0,0.41786507,1.0,2.408
4574958.0,0.40455735,1.0,2.064
4575036.0,0.40669057,1.0,293.088013
4575114.0,0.40323678,1.0,295.152008
4575192.0,0.39338291,1.0,295.496002
4575270.0,0.37311664,1.0,295.496002
4575348.0,0.40618271,1.0,295.839996
4575426.0,0.41674763,1.0,295.839996
4575504.0,0.40247479,1.0,296.18399
4575583.0,0.40821448,1.0,2.408
4575661.0,0.4045065,1.0,1.376
4575739.0,0.41156676,1.0,1.376
4575817.0,0.40288121,1.0,1.376
4575895.0,0.41436037,1.0,1.72
4575973.0,0.40994141,1.0,1.032
4576051.0,0.39729401,1.0,294.119995
4576129.0,0.38398629,1.0,295.152008
4576208.0,0.41309056,1.0,295.152008
4576286.0,0.40928105,1.0,294.808014
4576364.0,0.39292583,1.0,295.152008
4576442.0,0.38561165,1.0,295.152008
4576520.0,0.40841761,1.0,86.0
4576598.0,0.40333828,1.0,1.72
4576676.0,0.42634752,1.0,1.72
4576754.0,0.41588414,1.0,1.72
4576832.0,0.40912867,1.0,1.376
4576911.0,0.39531308,1.0,1.72
4576989.0,0.4053193,1.0,217.063995
4577067.0,0.38987827,1.0,295.152008
4577145.0,0.38413864,1.0,295.152008
4577223.0,0.40592876,1.0,295.496002
4577301.0,0.39424646,1.0,295.496002
4577379.0,0.39180836,1.0,295.496002
4577457.0,0.38383386,1.0,296.18399
4577536.0,0.4052684,1.0,3.44
4577614.0,0.39394167,1.0,2.064
4577692.0,0.40623355,1.0,2.064
4577770.0,0.42035386,1.0,2.064
4577848.0,0.39312902,1.0,2.408
4577926.0,0.39043689,1.0,2.408
4578004.0,0.39505905,1.0,294.119995
4578082.0,0.38134506,1.0,295.152008
4578160.0,0.39510995,1.0,295.496002
4578239.0,0.39444959,1.0,294.463989
4578317.0,0.39993519,1.0,294.463989
4578395.0,0.39226553,1.0,294.808014
4578473.0,0.40023997,1.0,294.808014
4578551.0,0.43508378,1.0,2.408
4578629.0,0.40328753,1.0,1.376
4578707.0,0.42182687,1.0,2.408
4578785.0,0.39053854,1.0,1.72
4578863.0,0.42218244,1.0,1.72
4578942.0,0.39201155,1.0,1.72
4579020.0,0.39038619,1.0,293.776001
4579098.0,0.39033535,1.0,295.152008
4579176.0,0.38073552,1.0,295.152008
4579254.0,0.39927489,1.0,295.152008
4579332.0,0.40156054,1.0,295.152008
4579410.0,0.40755421,1.0,295.152008
4579488.0,0.4134461,1.0,295.152008
4579566.0,0.40618271,1.0,3.096
4579645.0,0.39079252,1.0,1.72
4579723.0,0.4038462,1.0,1.72
4579801.0,0.41877931,1.0,2.064
4579879.0,0.41232857,1.0,2.064
4579957.0,0.38713545,1.0,2.064
4580035.0,0.394348,1.0,294.119995
4580113.0,0.38688141,1.0,295.152008
4580191.0,0.41024619,1.0,295.496002
4580270.0,0.37408167,1.0,295.496002
4580348.0,0.39683685,1.0,295.496002
4580426.0,0.39876688,1.0,295.496002
4580504.0,0.37900856,1.0,295.496002
4580582.0,0.38093865,1.0,3.44
4580660.0,0.39592254,1.0,1.72
4580738.0,0.39160523,1.0,1.72
4580816.0,0.39957961,1.0,2.064
4580894.0,0.39764959,1.0,1.72
4580972.0,0.39119884,1.0,1.376
4581051.0,0.39546543,1.0,293.432007
4581129.0,0.39399251,1.0,294.808014
4581207.0,0.37697685,1.0,294.808014
4581285.0,0.4005447,1.0,294.808014
4581363.0,0.38098949,1.0,295.152008
4581441.0,0.40090027,1.0,294.808014
4581519.0,0.40034151,1.0,95.632004
4581597.0,0.39038619,1.0,2.064
4581676.0,0.4173063,1.0,2.064
4581754.0,0.41390321,1.0,1.72
4581832.0,0.39048779,1.0,1.72
4581910.0,0.39145279,1.0,2.064
4581988.0,0.39973211,1.0,203.647995
4582066.0,0.40740168,1.0,295.152008
4582144.0,0.37890702,1.0,295.152008
4582222.0,0.37885618,1.0,295.496002
4582300.0,0.39627808,1.0,295.496002
4582379.0,0.39703998,1.0,295.496002
4582457.0,0.41517302,1.0,295.496002
4582535.0,0.38449413,1.0,2.752
4582613.0,0.4038462,1.0,1.72
4582691.0,0.40364301,1.0,2.064
4582769.0,0.4078081,1.0,1.72
4582847.0,0.38180223,1.0,2.064
4582925.0,0.38307202,1.0,2.064
4583004.0,0.39175761,1.0,294.119995
4583082.0,0.39104646,1.0,295.496002
4583160.0,0.37387854,1.0,295.152008
4583238.0,0.40704614,1.0,295.152008
4583316.0,0.40343997,1.0,295.152008
4583394.0,0.40704614,1.0,295.496002
4583472.0,0.39886862,1.0,295.496002
4583550.0,0.4078081,1.0,2.408
4583628.0,0.39709082,1.0,2.064
4583707.0,0.43691236,1.0,2.064
4583785.0,0.38764337,1.0,1.72
4583863.0,0.40608111,1.0,2.064
4583941.0,0.40902713,1.0,2.064
4584019.0,0.4045065,1.0,294.463989
4584097.0,0.37707844,1.0,295.152008
4584175.0,0.38810045,1.0,296.18399
4584253.0,0.40125582,1.0,295.152008
4584332.0,0.39719242,1.0,295.496002
4584410.0,0.4093827,1.0,296.18399
4584488.0,0.3825641,1.0,295.496002
4584566.0,0.3850022,1.0,3.096
4584644.0,0.38815129,1.0,2.064
4584722.0,0.39307818,1.0,2.064
4584800.0,0.40150979,1.0,2.064
4584878.0,0.41197303,1.0,2.064
4584956.0,0.3879481,1.0,2.064
4585034.0,0.41679847,1.0,294.119995
4585113.0,0.39729401,1.0,295.496002
4585191.0,0.39333215,1.0,295.496002
4585269.0,0.39531308,1.0,295.496002
4585347.0,0.40343997,1.0,295.496002
4585425.0,0.38713545,1.0,295.496002
4585503.0,0.40562403,1.0,295.496002
4585581.0,0.40816367,1.0,3.096
4585660.0,0.39942724,1.0,2.064
4585738.0,0.40440497,1.0,2.064
4585816.0,0.39683685,1.0,2.064
4585894.0,0.39571941,1.0,1.72
4585972.0,0.39851308,1.0,1.72
4586050.0,0.40948424,1.0,294.119995
4586128.0,0.37403083,1.0,295.496002
4586206.0,0.4221316,1.0,295.496002
4586284.0,0.39561781,1.0,295.496002
4586362.0,0.37860224,1.0,295.496002
4586441.0,0.37926251,1.0,295.496002
4586519.0,0.39790347,1.0,104.919998
4586597.0,0.39328137,1.0,1.72
4586675.0,0.41248101,1.0,2.064
4586753.0,0.4268553,1.0,2.064
4586831.0,0.39653212,1.0,2.064
4586909.0,0.3951607,1.0,2.064
4586987.0,0.3998844,1.0,185.072006
4587066.0,0.38606873,1.0,295.496002
4587144.0,0.37006903,1.0,295.496002
4587222.0,0.39216384,1.0,295.496002
4587300.0,0.40298271,1.0,295.839996
4587378.0,0.3998844,1.0,295.496002
4587456.0,0.38159895,1.0,295.496002
4587534.0,0.39363694,1.0,2.752
4587612.0,0.4093827,1.0,2.064
4587690.0,0.42182687,1.0,2.064
4587769.0,0.3974463,1.0,2.408
4587847.0,0.40796044,1.0,2.064
4587925.0,0.40349081,1.0,1.72
4588003.0,0.37900856,1.0,294.808014
4588081.0,0.4131414,1.0,295.496002
4588159.0,0.37860224,1.0,295.496002
4588237.0,0.39836064,1.0,295.496002
4588315.0,0.39399251,1.0,295.152008
4588393.0,0.41136357,1.0,295.152008
4588472.0,0.38825282,1.0,295.496002
4588550.0,0.39942724,1.0,2.408
4588628.0,0.38408789,1.0,2.064
4588706.0,0.39104646,1.0,2.064
4588784.0,0.41456357,1.0,1.72
4588862.0,0.42319828,1.0,2.064
4588940.0,0.40349081,1.0,2.064
4589018.0,0.38799885,1.0,294.119995
4589096.0,0.4117699,1.0,295.496002
4589175.0,0.40638584,1.0,295.496002
4589253.0,0.40608111,1.0,295.496002
4589331.0,0.39317971,1.0,295.496002
4589409.0,0.4140048,1.0,295.496002
4589487.0,0.40217006,1.0,296.18399
4589565.0,0.40785894,1.0,3.784
4589643.0,0.40349081,1.0,2.408
4589721.0,0.40999216,1.0,2.752
4589799.0,0.39917335,1.0,2.752
4589878.0,0.39424646,1.0,2.408
4589956.0,0.40735093,1.0,2.408
4590034.0,0.4037447,1.0,294.463989
4590112.0,0.39673525,1.0,295.839996
4590190.0,0.38611951,1.0,295.839996
4590268.0,0.3974463,1.0,295.839996
4590346.0,0.410043,1.0,296.18399
4590424.0,0.39764959,1.0,296.18399
4590503.0,0.40232244,1.0,296.18399
4590581.0,0.40846837,1.0,3.44
4590659.0,0.39617658,1.0,2.408
4590737.0,0.40978897,1.0,2.408
4590815.0,0.40816367,1.0,2.064
4590893.0,0.40735093,1.0,2.064
4590971.0,0.40633515,1.0,1.376
4591049.0,0.39749715,1.0,294.119995
4591127.0,0.39607498,1.0,295.152008
4591205.0,0.4188301,1.0,295.496002
4591284.0,0.4013066,1.0,294.808014
4591362.0,0.40237328,1.0,295.839996
4591440.0,0.40465894,1.0,295.496002
4591518.0,0.40430337,1.0,110.424004
4591596.0,0.40877318,1.0,1.72
4591674.0,0.43213782,1.0,2.408
4591752.0,0.4045065,1.0,1.72
4591831.0,0.41009384,1.0,1.72
4591909.0,0.39942724,1.0,2.064
4591987.0,0.41283658,1.0,177.160004
4592065.0,0.38286883,1.0,295.496002
4592143.0,0.3981066,1.0,295.496002
4592221.0,0.39607498,1.0,295.839996
4592299.0,0.40003684,1.0,295.839996
4592377.0,0.39241788,1.0,295.839996
4592455.0,0.40567487,1.0,295.496002
4592533.0,0.40790963,1.0,3.784
4592612.0,0.39155442,1.0,2.408
4592690.0,0.3841894,1.0,2.408
4592768.0,0.41293818,1.0,2.408
4592846.0,0.40663987,1.0,2.064
4592924.0,0.40516677,1.0,2.408
4593002.0,0.40333828,1.0,295.152008
4593080.0,0.39734477,1.0,295.496002
4593158.0,0.36829129,1.0,295.839996
4593237.0,0.42010006,1.0,295.152008
4593315.0,0.39617658,1.0,295.152008
4593393.0,0.3866275,1.0,295.496002
4593471.0,0.39663365,1.0,295.496002
4593549.0,0.40999216,1.0,3.096
4593627.0,0.40328753,1.0,2.064
4593705.0,0.42015076,1.0,2.064
4593783.0,0.40989056,1.0,2.064
4593861.0,0.40511611,1.0,2.064
4593940.0,0.40445581,1.0,2.064
4594018.0,0.38561165,1.0,294.119995
4594096.0,0.4022209,1.0,295.839996
4594174.0,0.39343375,1.0,295.496002
4594252.0,0.38901478,1.0,295.496002
4594330.0,0.40618271,1.0,295.152008
4594408.0,0.3902846,1.0,295.496002
4594486.0,0.41527462,1.0,295.152008
4594565.0,0.37865299,1.0,3.096
4594643.0,0.41801751,1.0,2.064
4594721.0,0.40023997,1.0,2.064
4594799.0,0.41588414,1.0,2.064
4594877.0,0.41623971,1.0,2.752
4594955.0,0.39790347,1.0,2.752
4595033.0,0.41248101,1.0,294.808014
4595111.0,0.4062843,1.0,296.18399
4595189.0,0.39993519,1.0,296.18399
4595267.0,0.40064621,1.0,296.18399
4595346.0,0.3825641,1.0,295.496002
4595424.0,0.40724933,1.0,295.152008
4595502.0,0.40217006,1.0,295.839996
4595580.0,0.40110338,1.0,2.752
4595658.0,0.39830986,1.0,2.408
4595736.0,0.4059796,1.0,2.408
4595814.0,0.41669694,1.0,2.064
4595893.0,0.41075411,1.0,2.064
4595971.0,0.40369385,1.0,2.408
4596049.0,0.410043,1.0,294.119995
4596127.0,0.3856625,1.0,295.839996
4596205.0,0.41512224,1.0,295.839996
4596283.0,0.39942724,1.0,295.839996
4596361.0,0.39947808,1.0,295.496002
4596439.0,0.40582716,1.0,295.839996
4596517.0,0.39841139,1.0,115.239998
4596595.0,0.39582101,1.0,2.064
4596674.0,0.40821448,1.0,1.72
4596752.0,0.39343375,1.0,2.064
4596830.0,0.43716639,1.0,2.064
4596908.0,0.41105884,1.0,2.408
4596986.0,0.39556703,1.0,172.0
4597064.0,0.40389705,1.0,295.496002
4597142.0,0.38093865,1.0,295.496002
4597220.0,0.40135741,1.0,295.496002
4597299.0,0.40750337,1.0,295.496002
4597377.0,0.39460194,1.0,295.152008
4597455.0,0.41319206,1.0,296.18399
4597533.0,0.40943345,1.0,3.784
4597611.0,0.40125582,1.0,2.752
4597689.0,0.40095109,1.0,2.752
4597767.0,0.4134461,1.0,3.096
4597845.0,0.40100187,1.0,2.064
4597923.0,0.39719242,1.0,2.752
4598002.0,0.39551622,1.0,295.496002
4598080.0,0.41761103,1.0,295.839996
4598158.0,0.38454497,1.0,295.839996
4598236.0,0.39643052,1.0,295.839996
4598314.0,0.41593489,1.0,295.496002
4598392.0,0.41928726,1.0,296.18399
4598470.0,0.39231622,1.0,295.496002
4598548.0,0.39876688,1.0,3.44
4598627.0,0.39302742,1.0,2.408
4598705.0,0.40917951,1.0,2.064
4598783.0,0.41822064,1.0,2.408
4598861.0,0.39160523,1.0,2.408
4598939.0,0.40084949,1.0,2.408
4599017.0,0.4022209,1.0,294.463989
4599095.0,0.40059555,1.0,295.496002
4599173.0,0.40191618,1.0,295.839996
4599251.0,0.38850686,1.0,295.496002
4599329.0,0.38799885,1.0,295.839996
4599408.0,0.40293205,1.0,295.496002
4599486.0,0.39790347,1.0,295.496002
4599564.0,0.40933186,1.0,3.096
4599642.0,0.43005535,1.0,2.064
4599720.0,0.4134461,1.0,2.064
4599798.0,0.39937648,1.0,2.064
4599876.0,0.40765572,1.0,2.408
4599955.0,0.37723082,1.0,2.408
4600033.0,0.41842377,1.0,294.463989
4600111.0,0.4078081,1.0,295.839996
4600189.0,0.40846837,1.0,295.839996
4600267.0,0.4195413,1.0,295.839996
4600345.0,0.4085699,1.0,295.839996
4600423.0,0.40796044,1.0,295.496002
4600501.0,0.41349688,1.0,295.496002
4600579.0,0.4022209,1.0,3.096
4600657.0,0.41156676,1.0,2.064
4600736.0,0.41979519,1.0,2.064
4600814.0,0.38647515,1.0,2.408
4600892.0,0.4132936,1.0,2.064
4600970.0,0.40059555,1.0,1.72
4601048.0,0.40542084,1.0,294.463989
4601126.0,0.39119884,1.0,295.152008
4601204.0,0.37281176,1.0,295.496002
4601282.0,0.39236712,1.0,295.496002
4601361.0,0.39297658,1.0,295.152008
4601439.0,0.39150357,1.0,295.496002
4601517.0,0.41110954,1.0,119.711998
4601595.0,0.40511611,1.0,2.064
4601673.0,0.41639206,1.0,2.408
4601751.0,0.3981066,1.0,2.064
4601829.0,0.40267801,1.0,2.064
4601907.0,0.39602414,1.0,2.064
4601985.0,0.40902713,1.0,167.871994
4602064.0,0.4164429,1.0,295.152008
4602142.0,0.40496367,1.0,295.496002
4602220.0,0.4022209,1.0,295.496002
4602298.0,0.38139582,1.0,295.496002
4602376.0,0.38672903,1.0,295.839996
4602454.0,0.39490676,1.0,295.496002
4602532.0,0.41293818,1.0,2.752
4602610.0,0.39470348,1.0,2.064
4602689.0,0.40953508,1.0,2.064
4602767.0,0.39998594,1.0,2.064
4602845.0,0.39851308,1.0,2.064
4602923.0,0.38754168,1.0,2.064
4603001.0,0.39246872,1.0,295.152008
4603079.0,0.4086715,1.0,295.496002
4603157.0,0.38393545,1.0,295.496002
4603235.0,0.39719242,1.0,295.496002
4603313.0,0.39703998,1.0,295.152008
4603391.0,0.39175761,1.0,295.496002
4603470.0,0.39602414,1.0,295.496002
4603548.0,0.36951032,1.0,2.752
4603626.0,0.39836064,1.0,2.064
4603704.0,0.39942724,1.0,2.064
4603782.0,0.41080481,1.0,2.064
4603860.0,0.39795431,1.0,2.064
4603938.0,0.39196065,1.0,2.064
4604016.0,0.38926873,1.0,294.119995
4604095.0,0.3951607,1.0,295.496002
4604173.0,0.38505289,1.0,295.496002
4604251.0,0.3785007,1.0,295.496002
4604329.0,0.40069714,1.0,295.496002
4604407.0,0.38876075,1.0,295.496002
4604485.0,0.38286883,1.0,295.496002
4604563.0,0.39566866,1.0,3.096
4604641.0,0.36884996,1.0,2.064
4604719.0,0.40862074,1.0,1.72
4604798.0,0.38774496,1.0,1.72
4604876.0,0.38053232,1.0,2.064
4604954.0,0.36636117,1.0,1.376
4605032.0,0.38124353,1.0,294.119995
4605110.0,0.36981514,1.0,295.152008
4605188.0,0.38490045,1.0,294.808014
4605266.0,0.35925022,1.0,295.496002
4605344.0,0.37362456,1.0,294.808014
4605423.0,0.37555459,1.0,295.152008
4605501.0,0.38337675,1.0,294.808014
4605579.0,0.37890702,1.0,2.752
4605657.0,0.37438637,1.0,2.064
4605735.0,0.40496367,1.0,2.064
4605813.0,0.38215771,1.0,2.064
4605891.0,0.3754023,1.0,2.064
4605969.0,0.38627195,1.0,2.064
4606047.0,0.37220231,1.0,294.119995
4606126.0,0.35899624,1.0,295.152008
4606204.0,0.3595041,1.0,295.152008
4606282.0,0.36636117,1.0,295.496002
4606360.0,0.3601644,1.0,295.496002
4606438.0,0.38551006,1.0,295.839996
4606516.0,0.37331983,1.0,130.720001
4606594.0,0.36915478,1.0,2.064
4606672.0,0.39328137,1.0,2.064
4606750.0,0.36884996,1.0,2.064
4606829.0,0.396786,1.0,2.064
4606907.0,0.37311664,1.0,2.064
4606985.0,0.388964,1.0,163.056
4607063.0,0.35671058,1.0,295.496002
4607141.0,0.35025984,1.0,295.152008
4607219.0,0.37316734,1.0,295.152008
4607297.0,0.35843751,1.0,295.496002
4607375.0,0.37265947,1.0,295.496002
4607454.0,0.37011987,1.0,295.152008
4607532.0,0.37428486,1.0,2.408
4607610.0,0.35528833,1.0,2.064
4607688.0,0.39079252,1.0,2.064
4607766.0,0.37179607,1.0,2.064
4607844.0,0.36275494,1.0,1.72
4607922.0,0.36940867,1.0,2.064
4608000.0,0.35061532,1.0,295.496002
4608078.0,0.36808807,1.0,295.839996
4608157.0,0.35152966,1.0,294.808014
4608235.0,0.34452024,1.0,295.152008
4608313.0,0.37006903,1.0,295.496002
4608391.0,0.36986589,1.0,295.496002
4608469.0,0.37235469,1.0,296.528015
4608547.0,0.35056457,1.0,3.784
4608625.0,0.36940867,1.0,2.064
4608703.0,0.40059555,1.0,1.72
4608781.0,0.38368157,1.0,1.72
4608860.0,0.36758015,1.0,2.408
4608938.0,0.36758015,1.0,2.064
4609016.0,0.34959948,1.0,294.463989
4609094.0,0.37326902,1.0,295.496002
4609172.0,0.34233618,1.0,295.496002
4609250.0,0.35955495,1.0,295.152008
4609328.0,0.38373232,1.0,295.152008
4609406.0,0.35980883,1.0,295.496002
4609484.0,0.35909778,1.0,294.808014
4609563.0,0.36986589,1.0,3.096
4609641.0,0.37225309,1.0,2.064
4609719.0,0.3658025,1.0,2.064
4609797.0,0.39653212,1.0,2.408
4609875.0,0.35462806,1.0,2.064
4609953.0,0.35914853,1.0,1.72
4610031.0,0.3665643,1.0,294.463989
4610109.0,0.36691988,1.0,295.496002
4610188.0,0.37250704,1.0,295.152008
4610266.0,0.36732626,1.0,295.152008
4610344.0,0.37011987,1.0,295.152008
4610422.0,0.36981514,1.0,295.152008
4610500.0,0.37667212,1.0,295.152008
4610578.0,0.36844364,1.0,2.752
4610656.0,0.38032919,1.0,1.376
4610734.0,0.40547165,1.0,1.72
4610812.0,0.36204374,1.0,1.376
4610891.0,0.38251325,1.0,1.376
4610969.0,0.36234847,1.0,2.064
4611047.0,0.35808194,1.0,293.432007
4611125.0,0.34401229,1.0,295.496002
4611203.0,0.37052619,1.0,295.152008
4611281.0,0.36565006,1.0,295.496002
4611359.0,0.37357372,1.0,295.496002
4611437.0,0.35798034,1.0,294.808014
4611516.0,0.35249469,1.0,137.944
4611594.0,0.35533917,1.0,2.752
4611672.0,0.38688141,1.0,1.376
4611750.0,0.35513598,1.0,2.408
4611828.0,0.39912254,1.0,2.064
4611906.0,0.36788496,1.0,1.72
4611984.0,0.37067854,1.0,155.832001
4612062.0,0.3643294,1.0,294.463989
4612140.0,0.34355515,1.0,295.152008
4612218.0,0.35925022,1.0,294.808014
4612297.0,0.37260872,1.0,295.496002
4612375.0,0.36361834,1.0,295.152008
4612453.0,0.34975201,1.0,295.839996
4612531.0,0.36417705,1.0,2.408
4612609.0,0.36509129,1.0,2.064
4612687.0,0.36930713,1.0,2.064
4612765.0,0.37103412,1.0,1.032
4612843.0,0.39089411,1.0,2.408
4612922.0,0.37855145,1.0,1.376
4613000.0,0.35285032,1.0,295.839996
4613078.0,0.35188514,1.0,295.496002
4613156.0,0.35508513,1.0,295.496002
4613234.0,0.37113571,1.0,295.496002
4613312.0,0.3556439,1.0,295.496002
4613390.0,0.3627041,1.0,295.496002
4613468.0,0.36265334,1.0,295.839996
4613546.0,0.36935797,1.0,3.096
4613625.0,0.36610723,1.0,2.408
4613703.0,0.38190383,1.0,2.408
4613781.0,0.3760626,1.0,2.064
4613859.0,0.36483741,1.0,2.064
4613937.0,0.38530692,1.0,2.064
4614015.0,0.38170061,1.0,294.119995
4614093.0,0.36539608,1.0,295.496002
4614171.0,0.36544684,1.0,295.496002
4614249.0,0.3524439,1.0,295.496002
4614328.0,0.36641192,1.0,295.496002
4614406.0,0.37189761,1.0,295.496002
4614484.0,0.3672246,1.0,295.496002
4614562.0,0.37961799,1.0,3.096
4614640.0,0.3833259,1.0,2.064
4614718.0,0.36178976,1.0,2.064
4614796.0,0.36392307,1.0,2.064
4614874.0,0.37565619,1.0,2.064
4614953.0,0.37453881,1.0,2.064
4615031.0,0.3777388,1.0,294.119995
4615109.0,0.35462806,1.0,295.496002
4615187.0,0.35025984,1.0,295.496002
4615265.0,0.35579628,1.0,295.496002
4615343.0,0.37057701,1.0,295.496002
4615421.0,0.35528833,1.0,295.496002
4615499.0,0.34929475,1.0,295.496002
4615577.0,0.3595041,1.0,3.096
4615656.0,0.36062157,1.0,2.064
4615734.0,0.38104033,1.0,2.064
4615812.0,0.36245012,1.0,2.408
4615890.0,0.35152966,1.0,2.752
4615968.0,0.36935797,1.0,2.064
4616046.0,0.3666659,1.0,294.119995
4616124.0,0.34995505,1.0,295.152008
4616202.0,0.39257026,1.0,295.496002
4616281.0,0.34731388,1.0,295.152008
4616359.0,0.34954879,1.0,295.496002
4616437.0,0.36290723,1.0,295.152008
4616515.0,0.35290107,1.0,151.703995
4616593.0,0.36295807,1.0,2.064
4616671.0,0.37179607,1.0,1.72
4616749.0,0.35838673,1.0,1.376
4616827.0,0.37174523,1.0,2.408
4616905.0,0.35569474,1.0,1.376
4616983.0,0.37204996,1.0,148.951996
4617062.0,0.3522408,1.0,295.152008
4617140.0,0.34330127,1.0,295.496002
4617218.0,0.34980267,1.0,295.152008
4617296.0,0.34502822,1.0,295.152008
4617374.0,0.35747248,1.0,295.152008
4617452.0,0.388964,1.0,295.496002
4617530.0,0.35808194,1.0,1.72
4617608.0,0.34020293,1.0,1.376
4617687.0,0.3755039,1.0,2.064
4617765.0,0.35975814,1.0,2.064
4617843.0,0.3754023,1.0,2.752
4617921.0,0.35930091,1.0,2.064
4617999.0,0.3643294,1.0,296.18399
4618077.0,0.3635675,1.0,295.152008
4618155.0,0.34385988,1.0,295.152008
4618233.0,0.35980883,1.0,295.496002
4618311.0,0.36788496,1.0,295.496002
4618390.0,0.36163741,1.0,295.496002
4618468.0,0.34441862,1.0,295.496002
4618546.0,0.36128193,1.0,2.064
4618624.0,0.35107258,1.0,2.064
4618702.0,0.38901478,1.0,2.064
4618780.0,0.36346599,1.0,2.064
4618858.0,0.36031684,1.0,1.72
4618936.0,0.3777388,1.0,1.72
4619015.0,0.35716769,1.0,294.463989
4619093.0,0.3538661,1.0,295.496002
4619171.0,0.34594241,1.0,295.839996
4619249.0,0.35864061,1.0,295.496002
4619327.0,0.34812656,1.0,295.496002
4619405.0,0.3721008,1.0,295.496002
4619483.0,0.3683421,1.0,295.496002
4619561.0,0.3524439,1.0,3.096
4619639.0,0.36991674,1.0,2.064
4619718.0,0.36849448,1.0,2.064
4619796.0,0.37103412,1.0,1.72
4619874.0,0.36387232,1.0,2.064
4619952.0,0.3381204,1.0,2.408
4620030.0,0.35955495,1.0,294.119995
4620108.0,0.3525455,1.0,295.496002
4620186.0,0.34731388,1.0,295.496002
4620264.0,0.35051382,1.0,295.496002
4620343.0,0.36778337,1.0,295.496002
4620421.0,0.3619422,1.0,295.496002
4620499.0,0.36544684,1.0,295.496002
4620577.0,0.37347206,1.0,3.096
4620655.0,0.36290723,1.0,2.064
4620733.0,0.35650733,1.0,2.064
4620811.0,0.37118647,1.0,2.064
4620889.0,0.3578788,1.0,2.064
4620967.0,0.3595041,1.0,2.064
4621045.0,0.36473581,1.0,294.119995
4621124.0,0.3491424,1.0,294.808014
4621202.0,0.36509129,1.0,295.496002
4621280.0,0.34949797,1.0,295.496002
4621358.0,0.33989814,1.0,295.839996
4621436.0,0.36514214,1.0,295.496002
4621514.0,0.33979645,1.0,161.335999
4621592.0,0.36148503,1.0,1.72
4621671.0,0.38876075,1.0,1.376
4621749.0,0.35351059,1.0,1.376
4621827.0,0.34812656,1.0,1.72
4621905.0,0.36392307,1.0,1.72
4621983.0,0.37900856,1.0,142.072006
4622061.0,0.35640571,1.0,295.152008
4622139.0,0.34934559,1.0,295.839996
4622217.0,0.36173901,1.0,295.152008
4622295.0,0.35909778,1.0,295.152008
4622373.0,0.38937032,1.0,295.152008
4622452.0,0.35676128,1.0,295.152008
4622530.0,0.3453837,1.0,1.72
4622608.0,0.35513598,1.0,1.72
4622686.0,0.3825641,1.0,2.064
4622764.0,0.36504051,1.0,1.72
4622842.0,0.3673771,1.0,2.064
4622920.0,0.37347206,1.0,2.064
4622998.0,0.37245637,1.0,296.872009
4623076.0,0.38505289,1.0,295.152008
4623155.0,0.34985352,1.0,295.839996
4623233.0,0.34980267,1.0,295.839996
4623311.0,0.36707222,1.0,295.839996
4623389.0,0.35488194,1.0,296.528015
4623467.0,0.36798656,1.0,296.18399
4623545.0,0.36057088,1.0,3.784
4623623.0,0.36768183,1.0,2.408
4623701.0,0.37169439,1.0,2.752
4623780.0,0.35351059,1.0,2.408
4623858.0,0.36565006,1.0,2.752
4623936.0,0.3713389,1.0,2.408
4624014.0,0.35381541,1.0,294.119995
4624092.0,0.35533917,1.0,295.496002
4624170.0,0.36199299,1.0,295.839996
4624248.0,0.34934559,1.0,295.839996
4624326.0,0.3683421,1.0,295.839996
4624404.0,0.37560543,1.0,294.808014
4624482.0,0.34787259,1.0,294.808014
4624561.0,0.36239937,1.0,2.752
4624639.0,0.37001824,1.0,2.408
4624717.0,0.36986589,1.0,2.064
4624795.0,0.35671058,1.0,1.72
4624873.0,0.3594026,1.0,2.064
4624951.0,0.38363072,1.0,1.72
4625029.0,0.34817731,1.0,294.463989
4625107.0,0.36864683,1.0,295.152008
4625186.0,0.36514214,1.0,295.152008
4625264.0,0.37321824,1.0,295.152008
4625342.0,0.36006287,1.0,295.152008
4625420.0,0.35249469,1.0,295.496002
4625498.0,0.34335202,1.0,295.839996
4625576.0,0.37204996,1.0,2.752
4625654.0,0.38906562,1.0,1.376
4625732.0,0.36046913,1.0,1.376
4625811.0,0.35574543,1.0,2.064
4625889.0,0.37011987,1.0,1.72
4625967.0,0.36549777,1.0,3.096
4626045.0,0.3706277,1.0,294.119995
4626123.0,0.36305967,1.0,295.839996
4626201.0,0.36290723,1.0,294.119995
4626279.0,0.37987205,1.0,294.463989
4626357.0,0.34919325,1.0,295.152008
4626435.0,0.35452637,1.0,295.496002
4626513.0,0.3737261,1.0,172.0
4626592.0,0.38352913,1.0,2.064
4626670.0,0.37646893,1.0,1.72
4626748.0,0.37123731,1.0,1.72
4626826.0,0.35488194,1.0,1.72
4626904.0,0.36925644,1.0,1.72
4626982.0,0.37296429,1.0,128.656006
4627060.0,0.37098327,1.0,295.152008
4627139.0,0.32618406,1.0,295.152008
4627217.0,0.37296429,1.0,295.152008
4627295.0,0.37474203,1.0,295.152008
4627373.0,0.35742158,1.0,295.152008
4627451.0,0.33740929,1.0,295.152008
4627529.0,0.36346599,1.0,1.376
4627607.0,0.35366288,1.0,2.064
4627685.0,0.38424018,1.0,1.72
4627763.0,0.36879921,1.0,1.376
4627842.0,0.35874221,1.0,2.064
4627920.0,0.36438024,1.0,2.064
4627998.0,0.35538995,1.0,297.903992
4628076.0,0.37651977,1.0,295.496002
4628154.0,0.36107871,1.0,295.496002
4628232.0,0.35681212,1.0,295.496002
4628310.0,0.35681212,1.0,295.496002
4628388.0,0.37519911,1.0,295.496002
4628466.0,0.37956733,1.0,295.496002
4628544.0,0.36326277,1.0,3.096
4628623.0,0.38027829,1.0,2.064
4628701.0,0.34711069,1.0,1.72
4628779.0,0.37154204,1.0,1.376
4628857.0,0.36224693,1.0,1.72
4628935.0,0.36890087,1.0,2.064
4629013.0,0.36300883,1.0,294.119995
4629091.0,0.36255175,1.0,295.839996
4629170.0,0.35803115,1.0,295.496002
4629248.0,0.35772631,1.0,295.839996
4629326.0,0.36107871,1.0,295.496002
4629404.0,0.37215149,1.0,295.496002
4629482.0,0.36361834,1.0,295.152008
4629560.0,0.37423402,1.0,3.096
4629638.0,0.36697063,1.0,2.064
4629716.0,0.38693222,1.0,2.064
4629794.0,0.38718626,1.0,1.376
4629872.0,0.39079252,1.0,1.376
4629951.0,0.35366288,1.0,1.032
4630029.0,0.3524439,1.0,292.399994
4630107.0,0.35833588,1.0,294.463989
4630185.0,0.37215149,1.0,294.808014
4630263.0,0.3658025,1.0,294.808014
4630341.0,0.39317971,1.0,295.152008
4630419.0,0.3643294,1.0,294.808014
4630498.0,0.36280563,1.0,294.808014
4630576.0,0.36829129,1.0,2.752
4630654.0,0.36956117,1.0,2.064
4630732.0,0.39389092,1.0,1.72
4630810.0,0.37088174,1.0,2.064
4630888.0,0.37296429,1.0,1.72
4630966.0,0.36407551,1.0,1.72
4631044.0,0.36910394,1.0,294.119995
4631122.0,0.3633644,1.0,294.808014
4631200.0,0.3832244,1.0,295.152008
4631279.0,0.37042466,1.0,295.152008
4631357.0,0.36732626,1.0,295.152008
4631435.0,0.37936419,1.0,295.152008
4631513.0,0.37636733,1.0,177.848007
4631591.0,0.36361834,1.0,2.408
4631669.0,0.39617658,1.0,2.752
4631747.0,0.37799269,1.0,2.408
4631825.0,0.37108496,1.0,2.408
4631904.0,0.36681834,1.0,2.408
4631982.0,0.38205612,1.0,112.832001
4632060.0,0.36859608,1.0,295.496002
4632138.0,0.3674278,1.0,296.18399
4632216.0,0.37997356,1.0,295.496002
4632294.0,0.37763715,1.0,295.839996
4632372.0,0.38200533,1.0,295.152008
4632450.0,0.37601185,1.0,294.808014
4632528.0,0.37524986,1.0,1.72
4632607.0,0.36072317,1.0,2.064
4632685.0,0.38312286,1.0,2.064
4632763.0,0.3879481,1.0,2.064
4632841.0,0.3783991,1.0,1.72
4632919.0,0.38810045,1.0,1.72
4632997.0,0.37977043,1.0,297.903992
4633075.0,0.37103412,1.0,295.152008
4633153.0,0.3856625,1.0,295.152008
4633231.0,0.36331362,1.0,295.496002
4633309.0,0.37651977,1.0,295.152008
4633388.0,0.36956117,1.0,295.152008
4633466.0,0.38210693,1.0,295.152008
4633544.0,0.37347206,1.0,3.096
4633622.0,0.37052619,1.0,1.72
4633700.0,0.40232244,1.0,1.72
4633778.0,0.38083705,1.0,2.408
4633856.0,0.37509757,1.0,1.72
4633935.0,0.36976421,1.0,2.064
4634013.0,0.36793572,1.0,293.432007
4634091.0,0.36138344,1.0,295.152008
4634169.0,0.35589778,1.0,295.152008
4634247.0,0.35584694,1.0,295.152008
4634325.0,0.37377694,1.0,295.152008
4634403.0,0.35858992,1.0,295.152008
4634481.0,0.37555459,1.0,295.839996
4634559.0,0.35340899,1.0,2.752
4634637.0,0.39709082,1.0,1.72
4634716.0,0.37555459,1.0,1.376
4634794.0,0.37575787,1.0,1.72
4634872.0,0.3721008,1.0,2.064
4634950.0,0.37718004,1.0,1.72
4635028.0,0.37631655,1.0,293.776001
4635106.0,0.36300883,1.0,295.152008
4635184.0,0.36544684,1.0,295.152008
4635262.0,0.38281798,1.0,295.152008
4635341.0,0.3713389,1.0,295.496002
4635419.0,0.3578788,1.0,295.496002
4635497.0,0.38317356,1.0,295.496002
4635575.0,0.37265947,1.0,3.096
4635653.0,0.36829129,1.0,2.064
4635731.0,0.40501457,1.0,2.064
4635809.0,0.37890702,1.0,2.064
4635887.0,0.38693222,1.0,2.064
4635965.0,0.39069092,1.0,2.064
4636044.0,0.39383999,1.0,294.119995
4636122.0,0.37215149,1.0,295.496002
4636200.0,0.37220231,1.0,295.496002
4636278.0,0.38434193,1.0,295.496002
4636356.0,0.3879481,1.0,295.496002
4636434.0,0.36371994,1.0,295.496002
4636512.0,0.36544684,1.0,183.695999
4636590.0,0.38185298,1.0,1.72
4636669.0,0.39891931,1.0,2.064
4636747.0,0.40206847,1.0,2.064
4636825.0,0.38992909,1.0,2.064
4636903.0,0.38845602,1.0,2.064
4636981.0,0.38754168,1.0,102.512001
4637059.0,0.380126,1.0,295.152008
4637137.0,0.35691372,1.0,295.496002
4637215.0,0.37179607,1.0,295.496002
4637293.0,0.37844986,1.0,295.496002
4637371.0,0.37347206,1.0,295.496002
4637450.0,0.37753555,1.0,295.496002
4637528.0,0.38124353,1.0,1.72
4637606.0,0.36697063,1.0,2.064
4637684.0,0.38393545,1.0,2.064
4637762.0,0.39541468,1.0,2.064
4637840.0,0.39622733,1.0,2.064
4637918.0,0.36829129,1.0,2.064
4637996.0,0.39201155,1.0,299.279999
4638075.0,0.39348441,1.0,295.496002
4638153.0,0.38185298,1.0,295.496002
4638231.0,0.37408167,1.0,295.152008
4638309.0,0.37971976,1.0,295.152008
4638387.0,0.36808807,1.0,295.496002
4638465.0,0.39648131,1.0,295.839996
4638543.0,0.37342137,1.0,3.096
4638621.0,0.3667168,1.0,2.064
4638699.0,0.36849448,1.0,1.72
4638778.0,0.39790347,1.0,2.064
4638856.0,0.34929475,1.0,2.064
4638934.0,0.37032297,1.0,2.064
4639012.0,0.38424018,1.0,293.776001
4639090.0,0.38576403,1.0,295.496002
4639168.0,0.36585334,1.0,295.839996
4639246.0,0.37347206,1.0,295.496002
4639324.0,0.39836064,1.0,295.496002
4639403.0,0.36133268,1.0,295.496002
4639481.0,0.38982743,1.0,295.152008
4639559.0,0.3683421,1.0,2.752
4639637.0,0.37738326,1.0,2.064
4639715.0,0.37215149,1.0,2.064
4639793.0,0.36631033,1.0,2.064
4639871.0,0.39688769,1.0,2.064
4639949.0,0.35533917,1.0,1.72
4640027.0,0.3738277,1.0,293.776001
4640105.0,0.37423402,1.0,295.496002
4640184.0,0.35097089,1.0,295.496002
4640262.0,0.38698307,1.0,295.839996
4640340.0,0.37011987,1.0,295.496002
4640418.0,0.38342759,1.0,295.152008
4640496.0,0.36570081,1.0,295.496002
4640574.0,0.37479278,1.0,3.096
4640652.0,0.39444959,1.0,1.72
4640731.0,0.3866275,1.0,1.72
4640809.0,0.37799269,1.0,2.064
4640887.0,0.37423402,1.0,2.064
4640965.0,0.38185298,1.0,3.44
4641043.0,0.36869767,1.0,295.152008
4641121.0,0.3563042,1.0,296.18399
4641199.0,0.3601644,1.0,296.18399
4641277.0,0.35965654,1.0,296.18399
4641355.0,0.36940867,1.0,295.839996
4641433.0,0.37321824,1.0,296.18399
4641512.0,0.36458343,1.0,189.544006
4641590.0,0.37707844,1.0,2.064
4641668.0,0.37662137,1.0,2.752
4641746.0,0.3667675,1.0,2.752
4641824.0,0.40252563,1.0,2.408
4641902.0,0.35467881,1.0,3.096
4641980.0,0.34665361,1.0,94.599998
4642058.0,0.36732626,1.0,295.152008
4642137.0,0.35610101,1.0,295.839996
4642215.0,0.36331362,1.0,294.808014
4642293.0,0.36534524,1.0,295.839996
4642371.0,0.37621489,1.0,295.496002
4642449.0,0.38444343,1.0,295.839996
4642527.0,0.36316118,1.0,1.72
4642605.0,0.37113571,1.0,2.064
4642683.0,0.38540846,1.0,2.408
4642761.0,0.37763715,1.0,2.064
4642840.0,0.37880543,1.0,2.064
4642918.0,0.38561165,1.0,1.72
4642996.0,0.37514836,1.0,301.0
4643074.0,0.38804975,1.0,295.496002
4643152.0,0.35579628,1.0,295.496002
4643230.0,0.37423402,1.0,295.496002
4643308.0,0.36229777,1.0,295.496002
4643386.0,0.37718004,1.0,295.496002
4643465.0,0.36057088,1.0,295.496002
4643543.0,0.35188514,1.0,3.096
4643621.0,0.37057701,1.0,3.096
4643699.0,0.35620251,1.0,3.096
4643777.0,0.34893921,1.0,3.096
4643855.0,0.40100187,1.0,2.752
4643933.0,0.36498976,1.0,2.752
4644011.0,0.36529458,1.0,294.808014
4644089.0,0.35762477,1.0,296.18399
4644168.0,0.37408167,1.0,296.18399
4644246.0,0.35864061,1.0,296.18399
4644324.0,0.35406935,1.0,296.18399
4644402.0,0.36747864,1.0,295.839996
4644480.0,0.37189761,1.0,295.839996
4644558.0,0.35071701,1.0,3.44
4644636.0,0.36905316,1.0,3.44
4644714.0,0.37591016,1.0,2.408
4644792.0,0.36067238,1.0,2.752
4644871.0,0.35498363,1.0,2.408
4644949.0,0.38363072,1.0,2.408
4645027.0,0.37844986,1.0,294.463989
4645105.0,0.35051382,1.0,295.496002
4645183.0,0.3531042,1.0,295.839996
4645261.0,0.379161,1.0,295.839996
4645339.0,0.35960564,1.0,295.496002
4645417.0,0.36468497,1.0,295.839996
4645495.0,0.36717391,1.0,295.839996
4645574.0,0.35681212,1.0,3.44
4645652.0,0.37560543,1.0,2.064
4645730.0,0.38881159,1.0,2.064
4645808.0,0.38276732,1.0,2.064
4645886.0,0.3746911,1.0,2.064
4645964.0,0.3538661,1.0,2.064
4646042.0,0.37474203,1.0,293.432007
4646121.0,0.35594872,1.0,295.496002
4646199.0,0.3595041,1.0,295.839996
4646277.0,0.34772015,1.0,295.839996
4646355.0,0.36087561,1.0,296.18399
4646433.0,0.34751701,1.0,296.528015
4646511.0,0.3585391,1.0,200.895996
4646589.0,0.38530692,1.0,2.752
4646667.0,0.3807863,1.0,2.408
4646745.0,0.3833259,1.0,2.752
4646823.0,0.34172672,1.0,2.408
4646902.0,0.35533917,1.0,2.408
4646980.0,0.35269788,1.0,84.279999
4647058.0,0.36168817,1.0,294.808014
4647136.0,0.33466652,1.0,295.152008
4647214.0,0.3626025,1.0,295.496002
4647292.0,0.3595041,1.0,295.496002
4647370.0,0.35290107,1.0,295.496002
4647448.0,0.36930713,1.0,295.152008
4647527.0,0.35076785,1.0,1.376
4647605.0,0.36534524,1.0,1.376
4647683.0,0.37570703,1.0,1.376
4647761.0,0.38855752,1.0,1.376
4647839.0,0.36829129,1.0,1.376
4647917.0,0.36118034,1.0,1.376
4647995.0,0.37245637,1.0,301.0
4648073.0,0.38002446,1.0,294.808014
4648151.0,0.3380188,1.0,294.808014
4648229.0,0.37367526,1.0,294.808014
4648308.0,0.35381541,1.0,295.152008
4648386.0,0.37342137,1.0,295.152008
4648464.0,0.37301496,1.0,295.152008
4648542.0,0.36636117,1.0,3.44
4648620.0,0.36691988,1.0,2.064
4648698.0,0.39079252,1.0,1.72
4648776.0,0.37113571,1.0,1.72
4648854.0,0.35300261,1.0,1.72
4648932.0,0.36691988,1.0,2.064
4649011.0,0.35381541,1.0,294.463989
4649089.0,0.37911016,1.0,295.839996
4649167.0,0.3642278,1.0,296.528015
4649245.0,0.35925022,1.0,296.528015
4649323.0,0.35528833,1.0,296.528015
4649401.0,0.36311042,1.0,296.18399
4649479.0,0.36351675,1.0,296.528015
4649558.0,0.36402467,1.0,3.784
4649636.0,0.34746626,1.0,3.096
4649714.0,0.36981514,1.0,2.752
4649792.0,0.37392929,1.0,2.752
4649870.0,0.36443099,1.0,2.752
4649948.0,0.36844364,1.0,2.064
4650026.0,0.37398013,1.0,294.463989
4650104.0,0.37555459,1.0,295.839996
4650182.0,0.36905316,1.0,295.152008
4650261.0,0.3491424,1.0,296.18399
4650339.0,0.37403083,1.0,295.496002
4650417.0,0.3690024,1.0,296.18399
4650495.0,0.39612573,1.0,296.18399
4650573.0,0.3594026,1.0,3.096
4650651.0,0.35579628,1.0,2.064
4650729.0,0.37758636,1.0,2.408
4650807.0,0.38388467,1.0,2.064
4650885.0,0.38540846,1.0,2.064
4650963.0,0.36793572,1.0,2.408
4651042.0,0.36316118,1.0,293.776001
4651120.0,0.36046913,1.0,295.839996
4651198.0,0.31480643,1.0,295.839996
4651276.0,0.35894534,1.0,295.496002
4651354.0,0.37657046,1.0,295.839996
4651432.0,0.37438637,1.0,295.496002
4651510.0,0.3635675,1.0,206.399994
4651588.0,0.36565006,1.0,2.064
4651667.0,0.38931951,1.0,2.064
4651745.0,0.37545308,1.0,2.752
4651823.0,0.36387232,1.0,2.064
4651901.0,0.38591638,1.0,2.064
4651979.0,0.36783418,1.0,80.496002
4652057.0,0.37966892,1.0,296.18399
4652135.0,0.35102174,1.0,295.496002
4652213.0,0.37895772,1.0,295.496002
4652291.0,0.364939,1.0,295.496002
4652370.0,0.37763715,1.0,295.496002
4652448.0,0.37184677,1.0,295.496002
4652526.0,0.3572185,1.0,1.376
4652604.0,0.36565006,1.0,2.064
4652682.0,0.39978281,1.0,2.064
4652760.0,0.3744373,1.0,2.064
4652838.0,0.38307202,1.0,2.064
4652916.0,0.3572185,1.0,2.064
4652995.0,0.36250091,1.0,302.720001
4653073.0,0.38200533,1.0,295.496002
4653151.0,0.3538661,1.0,295.839996
4653229.0,0.36732626,1.0,295.496002
4653307.0,0.37326902,1.0,295.496002
4653385.0,0.36412627,1.0,295.496002
4653463.0,0.37626573,1.0,295.839996
4653541.0,0.39424646,1.0,3.096
4653619.0,0.37235469,1.0,2.064
4653698.0,0.39805591,1.0,2.064
4653776.0,0.36321202,1.0,2.408
4653854.0,0.36686903,1.0,3.096
4653932.0,0.36504051,1.0,2.064
4654010.0,0.37768796,1.0,294.808014
4654088.0,0.3563042,1.0,295.839996
4654166.0,0.3556439,1.0,295.496002
4654244.0,0.35874221,1.0,295.839996
4654323.0,0.38510373,1.0,295.839996
4654401.0,0.36204374,1.0,295.152008
4654479.0,0.37296429,1.0,295.496002
4654557.0,0.37728164,1.0,3.44
4654635.0,0.37174523,1.0,2.408
4654713.0,0.37591016,1.0,2.064
4654791.0,0.37078023,1.0,2.408
4654869.0,0.36189145,1.0,2.064
4654947.0,0.35828507,1.0,2.064
4655025.0,0.35772631,1.0,294.119995
4655104.0,0.36940867,1.0,295.839996
4655182.0,0.34807572,1.0,295.839996
4655260.0,0.36854523,1.0,295.496002
4655338.0,0.33898389,1.0,295.839996
4655416.0,0.34213305,1.0,295.496002
4655494.0,0.36976421,1.0,295.839996
4655572.0,0.37184677,1.0,3.096
4655650.0,0.38688141,1.0,2.064
4655729.0,0.36849448,1.0,2.064
4655807.0,0.40445581,1.0,1.72
4655885.0,0.37052619,1.0,2.064
4655963.0,0.36504051,1.0,2.064
4656041.0,0.36245012,1.0,294.463989
4656119.0,0.35188514,1.0,295.496002
4656197.0,0.35198683,1.0,295.839996
4656275.0,0.36565006,1.0,295.496002
4656353.0,0.3642278,1.0,295.496002
4656432.0,0.37565619,1.0,295.496002
4656510.0,0.37042466,1.0,213.279999
4656588.0,0.36727542,1.0,2.408
4656666.0,0.3674278,1.0,2.064
4656744.0,0.37403083,1.0,2.064
4656822.0,0.37067854,1.0,2.064
4656900.0,0.36559927,1.0,2.064
4656978.0,0.3666659,1.0,73.272003
4657057.0,0.35269788,1.0,295.496002
4657135.0,0.35208842,1.0,295.152008
4657213.0,0.3491424,1.0,295.496002
4657291.0,0.3680374,1.0,295.496002
4657369.0,0.37408167,1.0,295.496002
4657447.0,0.35833588,1.0,295.152008
4657525.0,0.38236091,1.0,1.376
4657603.0,0.37027213,1.0,2.064
4657681.0,0.39861459,1.0,1.72
4657760.0,0.35828507,1.0,1.376
4657838.0,0.3856625,1.0,2.064
4657916.0,0.37032297,1.0,2.064
4657994.0,0.36905316,1.0,304.096008
4658072.0,0.39033535,1.0,295.152008
4658150.0,0.35381541,1.0,295.839996
4658228.0,0.3721008,1.0,295.496002
4658306.0,0.36646277,1.0,296.18399
4658384.0,0.37641817,1.0,295.496002
4658463.0,0.35864061,1.0,295.496002
4658541.0,0.37072939,1.0,3.096
4658619.0,0.36829129,1.0,2.064
4658697.0,0.390183,1.0,2.752
4658775.0,0.37931329,1.0,2.064
4658853.0,0.31907311,1.0,2.408
4658931.0,0.36986589,1.0,2.064
4659009.0,0.37311664,1.0,293.432007
4659087.0,0.35432324,1.0,295.152008
4659166.0,0.37575787,1.0,295.152008
4659244.0,0.34553608,1.0,295.152008
4659322.0,0.38032919,1.0,295.152008
4659400.0,0.37702769,1.0,296.528015
4659478.0,0.35498363,1.0,295.152008
4659556.0,0.37057701,1.0,2.752
4659634.0,0.36595485,1.0,1.72
4659712.0,0.37743393,1.0,2.064
4659791.0,0.37403083,1.0,2.064
4659869.0,0.37585947,1.0,1.72
4659947.0,0.36168817,1.0,2.064
4660025.0,0.35848826,1.0,294.119995
4660103.0,0.36011362,1.0,295.496002
4660181.0,0.36189145,1.0,295.496002
4660259.0,0.35874221,1.0,295.496002
4660337.0,0.35701531,1.0,295.496002
4660415.0,0.35457721,1.0,295.496002
4660494.0,0.36468497,1.0,295.496002
4660572.0,0.38185298,1.0,2.752
4660650.0,0.36168817,1.0,2.064
4660728.0,0.36397398,1.0,2.064
4660806.0,0.38002446,1.0,2.064
4660884.0,0.35894534,1.0,2.064
4660962.0,0.34995505,1.0,1.72
4661040.0,0.38357988,1.0,294.119995
4661119.0,0.36397398,1.0,295.496002
4661197.0,0.37337053,1.0,295.496002
4661275.0,0.36143428,1.0,295.496002
4661353.0,0.36371994,1.0,295.496002
4661431.0,0.36498976,1.0,295.496002
4661509.0,0.35975814,1.0,228.416
4661587.0,0.36895156,1.0,2.408
4661665.0,0.36869767,1.0,1.72
4661743.0,0.38180223,1.0,2.408
4661821.0,0.35462806,1.0,2.064
4661900.0,0.3578788,1.0,2.064
4661978.0,0.37006903,1.0,66.736
4662056.0,0.3522408,1.0,295.496002
4662134.0,0.33832359,1.0,295.496002
4662212.0,0.36641192,1.0,295.496002
4662290.0,0.37428486,1.0,295.496002
4662368.0,0.37575787,1.0,295.496002
4662446.0,0.380126,1.0,295.496002
4662525.0,0.36976421,1.0,1.376
4662603.0,0.32684436,1.0,2.064
4662681.0,0.38865921,1.0,2.408
4662759.0,0.37966892,1.0,2.064
4662837.0,0.3633644,1.0,2.064
4662915.0,0.3833259,1.0,2.064
4662993.0,0.37570703,1.0,305.81601
4663071.0,0.34680596,1.0,295.496002
4663149.0,0.37316734,1.0,295.496002
4663228.0,0.35808194,1.0,294.808014
4663306.0,0.37514836,1.0,295.496002
4663384.0,0.36458343,1.0,295.496002
4663462.0,0.36158666,1.0,295.496002
4663540.0,0.36732626,1.0,3.096
4663618.0,0.35960564,1.0,1.72
4663696.0,0.37855145,1.0,1.72
4663774.0,0.36509129,1.0,1.72
4663853.0,0.3601644,1.0,1.376
4663931.0,0.37377694,1.0,2.064
4664009.0,0.3578788,1.0,293.776001
4664087.0,0.36204374,1.0,295.496002
4664165.0,0.34868532,1.0,295.496002
4664243.0,0.35919937,1.0,295.496002
4664321.0,0.3611294,1.0,295.496002
4664399.0,0.3633644,1.0,295.152008
4664477.0,0.35300261,1.0,295.496002
4664556.0,0.36463428,1.0,2.752
4664634.0,0.36559927,1.0,2.064
4664712.0,0.3785007,1.0,1.376
4664790.0,0.36661515,1.0,1.72
4664868.0,0.34619644,1.0,1.72
4664946.0,0.35493279,1.0,2.064
4665024.0,0.35574543,1.0,294.463989
4665102.0,0.36097711,1.0,295.496002
4665181.0,0.34518051,1.0,295.496002
4665259.0,0.3721008,1.0,295.839996
4665337.0,0.37723082,1.0,295.839996
4665415.0,0.37123731,1.0,295.496002
4665493.0,0.3428441,1.0,295.496002
4665571.0,0.35655814,1.0,3.44
4665649.0,0.3680374,1.0,2.408
4665727.0,0.38540846,1.0,2.408
4665805.0,0.3643294,1.0,2.408
4665883.0,0.36869767,1.0,2.408
4665962.0,0.36498976,1.0,2.064
4666040.0,0.33431095,1.0,294.463989
4666118.0,0.36483741,1.0,295.839996
4666196.0,0.35218996,1.0,295.839996
4666274.0,0.36549777,1.0,295.496002
4666352.0,0.35889465,1.0,296.18399
4666430.0,0.36346599,1.0,295.839996
4666508.0,0.38241166,1.0,239.768005
4666587.0,0.38058317,1.0,2.752
4666665.0,0.38083705,1.0,2.408
4666743.0,0.3746911,1.0,2.408
4666821.0,0.38266563,1.0,2.408
4666899.0,0.33969495,1.0,2.064
4666977.0,0.36057088,1.0,57.104
4667055.0,0.37011987,1.0,295.152008
4667133.0,0.35858992,1.0,295.152008
4667211.0,0.35508513,1.0,295.839996
4667290.0,0.35452637,1.0,295.496002
4667368.0,0.35401845,1.0,295.152008
4667446.0,0.34573928,1.0,296.18399
4667524.0,0.37575787,1.0,0.688
4667602.0,0.37083089,1.0,2.408
4667680.0,0.38657668,1.0,2.752
4667758.0,0.3610279,1.0,2.408
4667836.0,0.3808879,1.0,2.408
4667914.0,0.37718004,1.0,2.408
4667993.0,0.37011987,1.0,307.191986
4668071.0,0.36712307,1.0,295.496002
4668149.0,0.35610101,1.0,294.808014
4668227.0,0.34782174,1.0,295.496002
4668305.0,0.36371994,1.0,295.496002
4668383.0,0.37347206,1.0,294.808014
4668461.0,0.36397398,1.0,295.839996
4668540.0,0.36874837,1.0,3.096
4668618.0,0.38154826,1.0,2.064
4668696.0,0.37271026,1.0,2.752
4668774.0,0.37265947,1.0,2.064
4668852.0,0.37692609,1.0,2.064
4668930.0,0.36961186,1.0,2.064
4669008.0,0.36758015,1.0,294.808014
4669086.0,0.35234231,1.0,295.496002
4669164.0,0.36290723,1.0,295.496002
4669242.0,0.38180223,1.0,295.496002
4669321.0,0.35742158,1.0,295.496002
4669399.0,0.37631655,1.0,295.839996
4669477.0,0.35960564,1.0,295.839996
4669555.0,0.38601792,1.0,3.096
4669633.0,0.37042466,1.0,2.408
4669711.0,0.37951648,1.0,2.064
4669789.0,0.3585391,1.0,2.408
4669867.0,0.37138966,1.0,2.408
4669946.0,0.35533917,1.0,2.064
4670024.0,0.37271026,1.0,294.463989
4670102.0,0.36559927,1.0,295.496002
4670180.0,0.35503438,1.0,296.528015
4670258.0,0.40008754,1.0,295.496002
4670336.0,0.36133268,1.0,295.839996
4670414.0,0.36214533,1.0,295.496002
4670492.0,0.37692609,1.0,295.496002
4670570.0,0.36397398,1.0,3.096
4670648.0,0.37697685,1.0,2.064
4670727.0,0.39246872,1.0,1.72
4670805.0,0.36905316,1.0,2.064
4670883.0,0.3833259,1.0,1.72
4670961.0,0.37098327,1.0,2.408
4671039.0,0.3721008,1.0,293.776001
4671117.0,0.38017675,1.0,295.496002
4671195.0,0.37022147,1.0,295.152008
4671273.0,0.3690024,1.0,295.496002
4671352.0,0.3636691,1.0,295.152008
4671430.0,0.38098949,1.0,295.496002
4671508.0,0.37499583,1.0,250.432007
4671586.0,0.37489432,1.0,2.408
4671664.0,0.39673525,1.0,2.064
4671742.0,0.38342759,1.0,1.72
4671820.0,0.36884996,1.0,1.72
4671898.0,0.36824045,1.0,1.376
4671977.0,0.38185298,1.0,43.0
4672055.0,0.38931951,1.0,294.808014
4672133.0,0.36920559,1.0,294.808014
4672211.0,0.36255175,1.0,294.808014
4672289.0,0.36686903,1.0,295.152008
4672367.0,0.35945335,1.0,295.496002
4672445.0,0.39907175,1.0,295.152008
4672523.0,0.36859608,1.0,1.032
4672601.0,0.37702769,1.0,2.064
4672679.0,0.40013838,1.0,2.064
4672758.0,0.37408167,1.0,1.72
4672836.0,0.35874221,1.0,1.376
4672914.0,0.37204996,1.0,1.72
4672992.0,0.38119262,1.0,307.536011
4673070.0,0.39074168,1.0,295.152008
4673148.0,0.34436786,1.0,295.152008
4673226.0,0.36305967,1.0,294.808014
4673304.0,0.37047541,1.0,295.496002
4673383.0,0.37895772,1.0,295.496002
4673461.0,0.38205612,1.0,295.152008
4673539.0,0.37164354,1.0,2.752
4673617.0,0.371288,1.0,1.72
4673695.0,0.39790347,1.0,2.064
4673773.0,0.38109109,1.0,2.064
4673851.0,0.38032919,1.0,1.72
4673929.0,0.35742158,1.0,2.064
4674007.0,0.38855752,1.0,293.776001
4674086.0,0.38373232,1.0,295.496002
4674164.0,0.37204996,1.0,295.152008
4674242.0,0.38611951,1.0,294.808014
4674320.0,0.38855752,1.0,295.496002
4674398.0,0.37585947,1.0,295.496002
4674476.0,0.40816367,1.0,295.152008
4674554.0,0.39973211,1.0,2.408
4674632.0,0.38871005,1.0,2.752
4674710.0,0.39871618,1.0,2.408
4674789.0,0.38830364,1.0,2.064
4674867.0,0.39231622,1.0,2.064
4674945.0,0.37621489,1.0,2.064
4675023.0,0.39221469,1.0,294.808014
4675101.0,0.36849448,1.0,295.839996
4675179.0,0.36747864,1.0,295.839996
4675257.0,0.39069092,1.0,295.152008
4675335.0,0.37169439,1.0,295.496002
4675414.0,0.36118034,1.0,295.839996
4675492.0,0.39658281,1.0,295.839996
4675570.0,0.37154204,1.0,3.784
4675648.0,0.38657668,1.0,2.408
4675726.0,0.36625957,1.0,2.752
4675804.0,0.38937032,1.0,2.408
4675882.0,0.41766196,1.0,2.752
4675960.0,0.36768183,1.0,1.032
4676038.0,0.38388467,1.0,293.432007
4676117.0,0.36524373,1.0,294.808014
4676195.0,0.39693838,1.0,295.496002
4676273.0,0.37535146,1.0,294.808014
4676351.0,0.38373232,1.0,295.152008
4676429.0,0.37032297,1.0,295.496002
4676507.0,0.37865299,1.0,256.279999
4676585.0,0.37692609,1.0,2.408
4676663.0,0.38302121,1.0,1.72
4676741.0,0.37829742,1.0,1.72
4676820.0,0.3872878,1.0,1.72
4676898.0,0.38083705,1.0,1.72
4676976.0,0.3832244,1.0,21.327999
4677054.0,0.36483741,1.0,293.776001
4677132.0,0.35716769,1.0,295.152008
4677210.0,0.3635675,1.0,294.119995
4677288.0,0.39064008,1.0,295.496002
4677366.0,0.3761642,1.0,294.808014
4677444.0,0.39277345,1.0,295.496002
4677523.0,0.38972589,1.0,1.032
4677601.0,0.38937032,1.0,2.064
4677679.0,0.39140204,1.0,1.72
4677757.0,0.37403083,1.0,2.408
4677835.0,0.37596101,1.0,2.408
4677913.0,0.38749099,1.0,2.064
4677991.0,0.37464043,1.0,307.880005
4678069.0,0.4227412,1.0,295.839996
4678148.0,0.3714405,1.0,295.496002
4678226.0,0.38114184,1.0,296.18399
4678304.0,0.37667212,1.0,295.496002
4678382.0,0.38017675,1.0,295.839996
4678460.0,0.37489432,1.0,295.839996
4678538.0,0.37215149,1.0,3.096
4678616.0,0.38891309,1.0,1.376
4678694.0,0.36798656,1.0,1.376
4678772.0,0.38617042,1.0,1.032
4678851.0,0.37748477,1.0,1.376
4678929.0,0.3601644,1.0,1.72
4679007.0,0.37154204,1.0,293.432007
4679085.0,0.37982127,1.0,294.808014
4679163.0,0.36453259,1.0,294.808014
4679241.0,0.38683072,1.0,295.152008
4679319.0,0.37580863,1.0,295.152008
4679397.0,0.38134506,1.0,295.152008
4679476.0,0.37022147,1.0,295.152008
4679554.0,0.37555459,1.0,2.752
4679632.0,0.37905946,1.0,1.72
4679710.0,0.36646277,1.0,1.72
4679788.0,0.3738277,1.0,1.376
4679866.0,0.3660056,1.0,1.376
4679944.0,0.37834826,1.0,1.376
4680022.0,0.36890087,1.0,294.463989
4680100.0,0.38957354,1.0,295.496002
4680179.0,0.37088174,1.0,295.839996
4680257.0,0.35874221,1.0,295.496002
4680335.0,0.36824045,1.0,295.496002
4680413.0,0.37987205,1.0,295.839996
4680491.0,0.36824045,1.0,295.496002
4680569.0,0.33187285,1.0,3.096
4680647.0,0.37977043,1.0,2.064
4680725.0,0.38032919,1.0,1.72
4680803.0,0.38713545,1.0,1.72
4680882.0,0.37895772,1.0,1.72
4680960.0,0.36935797,1.0,2.064
4681038.0,0.36341521,1.0,294.119995
4681116.0,0.3287237,1.0,295.496002
4681194.0,0.36250091,1.0,295.496002
4681272.0,0.37037376,1.0,295.839996
4681350.0,0.36717391,1.0,294.463989
4681428.0,0.36859608,1.0,294.463989
4681506.0,0.36996743,1.0,262.81601
4681585.0,0.38627195,1.0,2.064
4681663.0,0.38581479,1.0,1.376
4681741.0,0.38312286,1.0,1.376
4681819.0,0.37677366,1.0,1.376
4681897.0,0.37311664,1.0,1.376
4681975.0,0.35513598,1.0,13.072
4682053.0,0.36138344,1.0,294.119995
4682131.0,0.3626025,1.0,295.152008
4682210.0,0.36321202,1.0,295.496002
4682288.0,0.33436173,1.0,295.152008
4682366.0,0.37154204,1.0,295.152008
4682444.0,0.38200533,1.0,295.152008
4682522.0,0.34787259,1.0,1.032
4682600.0,0.37321824,1.0,2.064
4682678.0,0.38281798,1.0,3.096
4682756.0,0.37580863,1.0,2.752
4682834.0,0.37159279,1.0,2.752
4682913.0,0.37646893,1.0,2.752
4682991.0,0.3642787,1.0,308.567993
4683069.0,0.36250091,1.0,296.18399
4683147.0,0.33070463,1.0,296.18399
4683225.0,0.36956117,1.0,295.839996
4683303.0,0.37524986,1.0,295.839996
4683381.0,0.36986589,1.0,295.839996
4683459.0,0.38327515,1.0,295.839996
4683538.0,0.33588549,1.0,3.44
4683616.0,0.34477419,1.0,2.408
4683694.0,0.34934559,1.0,2.408
4683772.0,0.38738939,1.0,2.064
4683850.0,0.3603676,1.0,2.408
4683928.0,0.35528833,1.0,2.408
4684006.0,0.35097089,1.0,293.432007
4684084.0,0.3643294,1.0,294.808014
4684162.0,0.33116174,1.0,295.152008
4684241.0,0.35152966,1.0,295.152008
4684319.0,0.34782174,1.0,294.808014
4684397.0,0.36346599,1.0,295.152008
4684475.0,0.34883767,1.0,295.839996
4684553.0,0.36189145,1.0,3.096
4684631.0,0.34995505,1.0,1.72
4684709.0,0.36915478,1.0,1.72
4684787.0,0.3737261,1.0,1.72
4684866.0,0.36991674,1.0,1.72
4684944.0,0.35676128,1.0,2.064
4685022.0,0.34639958,1.0,293.776001
4685100.0,0.34736472,1.0,295.152008
4685178.0,0.3603676,1.0,294.808014
4685256.0,0.35945335,1.0,295.152008
4685334.0,0.35752323,1.0,295.152008
4685412.0,0.38231006,1.0,295.496002
4685490.0,0.34563768,1.0,294.463989
4685568.0,0.36991674,1.0,3.096
4685647.0,0.39404318,1.0,1.72
4685725.0,0.36615804,1.0,1.72
4685803.0,0.35417098,1.0,1.72
4685881.0,0.36768183,1.0,2.064
4685959.0,0.35376456,1.0,1.72
4686037.0,0.37631655,1.0,293.776001
4686115.0,0.34878683,1.0,295.152008
4686193.0,0.32435557,1.0,295.152008
4686272.0,0.35833588,1.0,294.808014
4686350.0,0.35285032,1.0,295.152008
4686428.0,0.36133268,1.0,295.152008
4686506.0,0.36062157,1.0,268.664001
4686584.0,0.34325042,1.0,2.752
4686662.0,0.38124353,1.0,2.064
4686740.0,0.36407551,1.0,1.72
4686818.0,0.38073552,1.0,1.72
4686896.0,0.36752939,1.0,1.72
4686974.0,0.36239937,1.0,8.256
4687053.0,0.36377072,1.0,294.119995
4687131.0,0.34822822,1.0,295.152008
4687209.0,0.35132653,1.0,295.152008
4687287.0,0.3491424,1.0,295.152008
4687365.0,0.35620251,1.0,295.152008
4687443.0,0.38210693,1.0,295.152008
4687521.0,0.36895156,1.0,7.224
4687600.0,0.35716769,1.0,2.064
4687678.0,0.38698307,1.0,2.064
4687756.0,0.35782796,1.0,2.064
4687834.0,0.36458343,1.0,2.064
4687912.0,0.3585391,1.0,2.064
4687990.0,0.36138344,1.0,306.847992
4688068.0,0.36250091,1.0,295.496002
4688146.0,0.36519304,1.0,295.152008
4688224.0,0.37631655,1.0,295.496002
4688302.0,0.35594872,1.0,295.496002
4688381.0,0.35828507,1.0,295.496002
4688459.0,0.3683928,1.0,295.496002
4688537.0,0.36021525,1.0,3.096
4688615.0,0.36844364,1.0,2.064
4688693.0,0.39277345,1.0,2.064
4688771.0,0.37220231,1.0,1.72
4688849.0,0.35894534,1.0,2.408
4688927.0,0.36717391,1.0,2.064
4689006.0,0.36504051,1.0,293.776001
4689084.0,0.37794194,1.0,295.152008
4689162.0,0.35305345,1.0,294.808014
4689240.0,0.35889465,1.0,294.808014
4689318.0,0.35005674,1.0,295.496002
4689396.0,0.35488194,1.0,295.152008
4689474.0,0.34975201,1.0,295.152008
4689552.0,0.36346599,1.0,3.096
4689630.0,0.38388467,1.0,2.064
4689709.0,0.3737261,1.0,2.064
4689787.0,0.35538995,1.0,2.064
4689865.0,0.36976421,1.0,1.72
4689943.0,0.36351675,1.0,2.064
4690021.0,0.37895772,1.0,293.432007
4690099.0,0.36275494,1.0,295.496002
4690177.0,0.36631033,1.0,295.152008
4690255.0,0.36107871,1.0,295.496002
4690334.0,0.37524986,1.0,295.152008
4690412.0,0.38383386,1.0,294.808014
4690490.0,0.38083705,1.0,294.463989
4690568.0,0.37174523,1.0,2.752
4690646.0,0.36986589,1.0,1.72
4690724.0,0.38957354,1.0,1.72
4690802.0,0.38053232,1.0,2.064
4690880.0,0.38718626,1.0,2.064
4690958.0,0.37154204,1.0,1.72
4691036.0,0.36153588,1.0,293.432007
4691115.0,0.34528211,1.0,295.152008
4691193.0,0.36763093,1.0,295.152008
4691271.0,0.37032297,1.0,294.463989
4691349.0,0.37956733,1.0,295.152008
4691427.0,0.35452637,1.0,294.119995
4691505.0,0.36077401,1.0,274.167999
4691583.0,0.38261488,1.0,3.096
4691661.0,0.38266563,1.0,2.064
4691740.0,0.37768796,1.0,1.376
4691818.0,0.40293205,1.0,1.72
4691896.0,0.36438024,1.0,1.72
4691974.0,0.38479894,1.0,2.752
4692052.0,0.37499583,1.0,294.463989
4692130.0,0.35335815,1.0,295.496002
4692208.0,0.38627195,1.0,294.808014
4692286.0,0.37083089,1.0,295.496002
4692364.0,0.37047541,1.0,295.152008
4692443.0,0.37621489,1.0,294.808014
4692521.0,0.37149119,1.0,10.664
4692599.0,0.36575156,1.0,2.408
4692677.0,0.4005447,1.0,1.72
4692755.0,0.36559927,1.0,1.72
4692833.0,0.35229161,1.0,2.064
4692911.0,0.37362456,1.0,2.408
4692989.0,0.36361834,1.0,303.40799
4693068.0,0.39455119,1.0,295.496002
4693146.0,0.36382154,1.0,295.839996
4693224.0,0.36849448,1.0,295.496002
4693302.0,0.36514214,1.0,295.152008
4693380.0,0.37225309,1.0,295.496002
4693458.0,0.37331983,1.0,295.152008
4693536.0,0.38134506,1.0,3.096
4693614.0,0.37103412,1.0,2.064
4693692.0,0.40018922,1.0,2.064
4693770.0,0.38784656,1.0,2.064
4693849.0,0.36976421,1.0,2.064
4693927.0,0.37982127,1.0,1.72
4694005.0,0.3744373,1.0,293.432007
4694083.0,0.39348441,1.0,294.808014
4694161.0,0.3737261,1.0,295.496002
4694239.0,0.36930713,1.0,295.152008
4694317.0,0.38688141,1.0,295.839996
4694396.0,0.34944719,1.0,295.496002
4694474.0,0.37215149,1.0,295.496002
4694552.0,0.38464665,1.0,3.096
4694630.0,0.38002446,1.0,2.064
4694708.0,0.38571319,1.0,2.064
4694786.0,0.37078023,1.0,1.72
4694864.0,0.35889465,1.0,1.72
4694942.0,0.34177747,1.0,2.064
4695020.0,0.36128193,1.0,294.119995
4695098.0,0.37138966,1.0,295.839996
4695177.0,0.36707222,1.0,296.18399
4695255.0,0.3825641,1.0,296.18399
4695333.0,0.37006903,1.0,296.18399
4695411.0,0.3667675,1.0,295.839996
4695489.0,0.36925644,1.0,296.18399
4695567.0,0.38312286,1.0,3.096
4695645.0,0.37316734,1.0,2.752
4695723.0,0.36118034,1.0,2.408
4695802.0,0.3755039,1.0,2.408
4695880.0,0.38241166,1.0,2.408
4695958.0,0.3572185,1.0,2.408
4696036.0,0.35899624,1.0,294.808014
4696114.0,0.34777099,1.0,295.839996
4696192.0,0.38916713,1.0,295.839996
4696270.0,0.36265334,1.0,295.496002
4696348.0,0.37575787,1.0,295.839996
4696426.0,0.36717391,1.0,295.839996
4696505.0,0.35478041,1.0,276.575989
4696583.0,0.37113571,1.0,3.44
4696661.0,0.38038003,1.0,2.408
4696739.0,0.37235469,1.0,2.408
4696817.0,0.38622111,1.0,2.064
4696895.0,0.35620251,1.0,2.064
4696973.0,0.37367526,1.0,1.032
4697051.0,0.36712307,1.0,294.119995
4697130.0,0.3730658,1.0,295.839996
4697208.0,0.35665974,1.0,295.496002
4697286.0,0.36570081,1.0,295.839996
4697364.0,0.35930091,1.0,295.496002
4697442.0,0.3667675,1.0,295.496002
4697520.0,0.37814513,1.0,15.136
4697598.0,0.35249469,1.0,2.064
4697676.0,0.39383999,1.0,2.064
4697754.0,0.37860224,1.0,1.72
4697832.0,0.380126,1.0,2.752
4697911.0,0.38032919,1.0,2.752
4697989.0,0.36123115,1.0,298.936005
4698067.0,0.36082467,1.0,296.18399
4698145.0,0.35076785,1.0,295.839996
4698223.0,0.34736472,1.0,296.18399
4698301.0,0.36280563,1.0,296.18399
4698379.0,0.3597073,1.0,295.839996
4698458.0,0.34807572,1.0,295.839996
4698536.0,0.36438024,1.0,3.44
4698614.0,0.36951032,1.0,2.408
4698692.0,0.36229777,1.0,2.408
4698770.0,0.35457721,1.0,2.064
4698848.0,0.36539608,1.0,2.408
4698926.0,0.37118647,1.0,2.408
4699004.0,0.36732626,1.0,294.119995
4699082.0,0.37651977,1.0,295.496002
4699160.0,0.33933938,1.0,295.839996
4699239.0,0.36879921,1.0,295.839996
4699317.0,0.35142815,1.0,295.496002
4699395.0,0.37159279,1.0,295.839996
4699473.0,0.3626025,1.0,295.839996
4699551.0,0.37149119,1.0,3.096
4699629.0,0.39038619,1.0,2.408
4699707.0,0.36854523,1.0,2.408
4699785.0,0.37245637,1.0,2.064
4699864.0,0.37011987,1.0,2.064
4699942.0,0.37001824,1.0,2.064
4700020.0,0.37931329,1.0,294.119995
4700098.0,0.37103412,1.0,295.496002
4700176.0,0.36148503,1.0,295.839996
4700254.0,0.36951032,1.0,295.496002
4700332.0,0.37398013,1.0,295.152008
4700410.0,0.37022147,1.0,295.839996
4700488.0,0.37072939,1.0,295.496002
4700567.0,0.38718626,1.0,3.44
4700645.0,0.37961799,1.0,3.096
4700723.0,0.37154204,1.0,2.752
4700801.0,0.35879305,1.0,2.408
4700879.0,0.35889465,1.0,2.752
4700957.0,0.36524373,1.0,2.752
4701035.0,0.36524373,1.0,294.808014
4701113.0,0.36879921,1.0,296.18399
4701191.0,0.38352913,1.0,296.18399
4701270.0,0.35559306,1.0,295.839996
4701348.0,0.35330749,1.0,295.839996
4701426.0,0.35869154,1.0,295.496002
4701504.0,0.35483125,1.0,283.799988
4701582.0,0.3469075,1.0,3.44
4701660.0,0.37088174,1.0,2.408
4701738.0,0.36808807,1.0,2.408
4701816.0,0.36453259,1.0,2.408
4701894.0,0.36239937,1.0,2.408
4701973.0,0.36519304,1.0,1.032
4702051.0,0.38276732,1.0,294.463989
4702129.0,0.35467881,1.0,295.496002
4702207.0,0.36407551,1.0,295.496002
4702285.0,0.3619422,1.0,295.839996
4702363.0,0.37204996,1.0,295.496002
4702441.0,0.3522408,1.0,295.496002
4702519.0,0.35092014,1.0,20.983999
4702598.0,0.37753555,1.0,2.408
4702676.0,0.38591638,1.0,2.064
4702754.0,0.36316118,1.0,2.064
4702832.0,0.3611294,1.0,2.064
4702910.0,0.3683928,1.0,2.064
4702988.0,0.36529458,1.0,289.64801
4703066.0,0.36707222,1.0,295.496002
4703144.0,0.35554224,1.0,295.496002
4703222.0,0.35676128,1.0,295.496002
4703300.0,0.36168817,1.0,295.839996
4703379.0,0.35462806,1.0,295.496002
4703457.0,0.37118647,1.0,295.496002
4703535.0,0.37418327,1.0,3.096
4703613.0,0.36473581,1.0,2.064
4703691.0,0.38652599,1.0,2.064
4703769.0,0.35848826,1.0,2.064
4703847.0,0.3706277,1.0,2.064
4703926.0,0.37504676,1.0,2.064
4704004.0,0.37626573,1.0,293.776001
4704082.0,0.36021525,1.0,295.152008
4704160.0,0.34497738,1.0,295.496002
4704238.0,0.35046297,1.0,295.496002
4704316.0,0.38393545,1.0,295.496002
4704394.0,0.34838051,1.0,295.496002
4704472.0,0.35381541,1.0,295.496002
4704550.0,0.34802502,1.0,3.096
4704628.0,0.37189761,1.0,2.064
4704707.0,0.36961186,1.0,2.064
4704785.0,0.37428486,1.0,2.064
4704863.0,0.36519304,1.0,1.72
4704941.0,0.3532058,1.0,2.064
4705019.0,0.35462806,1.0,293.776001
4705097.0,0.36072317,1.0,295.152008
4705175.0,0.34665361,1.0,294.808014
4705253.0,0.36874837,1.0,294.808014
4705332.0,0.379161,1.0,294.808014
4705410.0,0.3642278,1.0,295.152008
4705488.0,0.37316734,1.0,294.808014
4705566.0,0.34370759,1.0,2.752
4705644.0,0.36732626,1.0,1.72
4705722.0,0.37286261,1.0,1.72
4705800.0,0.35752323,1.0,2.064
4705878.0,0.35000589,1.0,2.064
4705956.0,0.3595041,1.0,1.72
4706035.0,0.3706277,1.0,293.432007
4706113.0,0.36184061,1.0,294.808014
4706191.0,0.32958719,1.0,295.152008
4706269.0,0.34787259,1.0,295.152008
4706347.0,0.36285645,1.0,295.152008
4706425.0,0.36483741,1.0,295.152008
4706503.0,0.37260872,1.0,289.64801
4706581.0,0.3597073,1.0,2.752
4706660.0,0.3802276,1.0,2.064
4706738.0,0.37524986,1.0,2.064
4706816.0,0.34020293,1.0,2.408
4706894.0,0.36575156,1.0,1.72
4706972.0,0.37509757,1.0,1.032
4707050.0,0.35660899,1.0,294.119995
4707128.0,0.35777721,1.0,295.496002
4707206.0,0.36783418,1.0,295.496002
4707285.0,0.34716147,1.0,295.496002
4707363.0,0.35665974,1.0,295.152008
4707441.0,0.34868532,1.0,295.496002
4707519.0,0.36001211,1.0,26.832001
4707597.0,0.37001824,1.0,2.064
4707675.0,0.38408789,1.0,1.72
4707753.0,0.3738277,1.0,2.064
4707831.0,0.34995505,1.0,2.064
4707909.0,0.36295807,1.0,2.064
4707987.0,0.36290723,1.0,270.384003
4708066.0,0.35833588,1.0,295.496002
4708144.0,0.35584694,1.0,295.152008
4708222.0,0.3611294,1.0,295.496002
4708300.0,0.34157428,1.0,295.152008
4708378.0,0.36686903,1.0,295.152008
4708456.0,0.36351675,1.0,295.496002
4708534.0,0.35183439,1.0,3.44
4708612.0,0.37245637,1.0,2.064
4708691.0,0.39495751,1.0,1.376
4708769.0,0.37240553,1.0,2.064
4708847.0,0.36326277,1.0,2.064
4708925.0,0.3563042,1.0,2.064
4709003.0,0.37591016,1.0,293.776001
4709081.0,0.36204374,1.0,295.839996
4709159.0,0.34685674,1.0,295.152008
4709237.0,0.37017062,1.0,294.463989
4709315.0,0.37098327,1.0,294.808014
4709394.0,0.35701531,1.0,294.808014
4709472.0,0.37753555,1.0,295.496002
4709550.0,0.3760626,1.0,2.752
4709628.0,0.3672246,1.0,1.72
4709706.0,0.37580863,1.0,1.72
4709784.0,0.36046913,1.0,1.72
4709862.0,0.37748477,1.0,2.064
4709940.0,0.39058939,1.0,1.72
4710019.0,0.39175761,1.0,294.119995
4710097.0,0.35828507,1.0,295.152008
4710175.0,0.38246259,1.0,295.152008
4710253.0,0.36001211,1.0,295.152008
4710331.0,0.36879921,1.0,295.152008
4710409.0,0.35991052,1.0,295.152008
4710487.0,0.3848497,1.0,295.496002
4710565.0,0.38505289,1.0,3.44
4710643.0,0.36498976,1.0,2.408
4710721.0,0.36646277,1.0,2.064
4710800.0,0.36702153,1.0,2.408
4710878.0,0.37250704,1.0,2.408
4710956.0,0.37291345,1.0,2.408
4711034.0,0.35508513,1.0,294.808014
4711112.0,0.35874221,1.0,295.496002
4711190.0,0.37946573,1.0,295.839996
4711268.0,0.35686296,1.0,295.839996
4711346.0,0.35452637,1.0,295.496002
4711425.0,0.4013066,1.0,295.839996
4711503.0,0.37448806,1.0,295.496002
4711581.0,0.37357372,1.0,3.44
4711659.0,0.37723082,1.0,2.064
4711737.0,0.37123731,1.0,2.408
4711815.0,0.38622111,1.0,2.064
4711893.0,0.35965654,1.0,2.064
4711971.0,0.35874221,1.0,0.688
4712049.0,0.37291345,1.0,294.463989
4712128.0,0.36011362,1.0,295.839996
4712206.0,0.37321824,1.0,295.839996
4712284.0,0.35503438,1.0,295.839996
4712362.0,0.38154826,1.0,295.839996
4712440.0,0.37733242,1.0,295.839996
4712518.0,0.37875459,1.0,32.335999
4712596.0,0.39160523,1.0,2.064
4712674.0,0.40765572,1.0,2.064
4712753.0,0.37718004,1.0,1.72
4712831.0,0.37118647,1.0,2.408
4712909.0,0.37545308,1.0,2.408
4712987.0,0.37977043,1.0,256.279999
4713065.0,0.38698307,1.0,295.839996
4713143.0,0.35163134,1.0,295.496002
4713221.0,0.36996743,1.0,295.839996
4713299.0,0.37362456,1.0,295.839996
4713377.0,0.37235469,1.0,295.839996
4713455.0,0.36864683,1.0,295.496002
4713534.0,0.35889465,1.0,3.44
4713612.0,0.39683685,1.0,2.408
4713690.0,0.39023381,1.0,2.408
4713768.0,0.39333215,1.0,1.72
4713846.0,0.37672287,1.0,2.408
4713924.0,0.38139582,1.0,1.72
4714002.0,0.3872878,1.0,294.808014
4714080.0,0.36798656,1.0,295.152008
4714158.0,0.34787259,1.0,295.839996
4714237.0,0.3673771,1.0,295.496002
4714315.0,0.34766945,1.0,295.496002
4714393.0,0.35655814,1.0,296.18399
4714471.0,0.39419562,1.0,296.18399
4714549.0,0.3760626,1.0,3.096
4714627.0,0.36625957,1.0,1.72
4714705.0,0.371288,1.0,1.72
4714784.0,0.37697685,1.0,2.064
4714862.0,0.36006287,1.0,2.064
4714940.0,0.37971976,1.0,2.064
4715018.0,0.36483741,1.0,294.463989
4715096.0,0.35137731,1.0,295.152008
4715174.0,0.33009505,1.0,295.496002
4715252.0,0.35752323,1.0,296.18399
4715330.0,0.36504051,1.0,295.839996
4715408.0,0.35513598,1.0,295.839996
4715487.0,0.3713389,1.0,295.496002
4715565.0,0.37260872,1.0,3.096
4715643.0,0.36874837,1.0,1.72
4715721.0,0.35930091,1.0,1.72
4715799.0,0.37017062,1.0,2.064
4715877.0,0.3807863,1.0,1.72
4715955.0,0.37331983,1.0,2.408
4716033.0,0.38241166,1.0,294.119995
4716111.0,0.37428486,1.0,295.496002
4716189.0,0.33405691,1.0,295.496002
4716268.0,0.36407551,1.0,295.496002
4716346.0,0.37580863,1.0,295.496002
4716424.0,0.35838673,1.0,295.839996
4716502.0,0.3683421,1.0,297.216003
4716580.0,0.37017062,1.0,3.096
4716658.0,0.36945948,1.0,2.752
4716736.0,0.40227175,1.0,2.064
4716815.0,0.34111711,1.0,2.064
4716893.0,0.38291958,1.0,1.72
4716971.0,0.36829129,1.0,1.376
4717049.0,0.37611336,1.0,294.119995
4717127.0,0.3531042,1.0,295.152008
4717205.0,0.3594026,1.0,295.496002
4717283.0,0.36097711,1.0,295.496002
4717361.0,0.3683928,1.0,295.496002
4717439.0,0.3572185,1.0,295.839996
4717517.0,0.3428441,1.0,37.84
4717596.0,0.36829129,1.0,1.72
4717674.0,0.36458343,1.0,2.408
4717752.0,0.37367526,1.0,2.752
4717830.0,0.36890087,1.0,2.408
4717908.0,0.33654585,1.0,2.064
4717986.0,0.3462472,1.0,248.367996
4718064.0,0.33634266,1.0,295.152008
4718143.0,0.34568852,1.0,295.496002
4718221.0,0.365904,1.0,295.152008
4718299.0,0.36971346,1.0,295.496002
4718377.0,0.35650733,1.0,295.496002
4718455.0,0.36285645,1.0,295.496002
4718533.0,0.36890087,1.0,2.752
4718611.0,0.3658025,1.0,2.064
4718689.0,0.37230393,1.0,2.064
4718767.0,0.37331983,1.0,2.064
4718845.0,0.33781561,1.0,2.064
4718924.0,0.37662137,1.0,2.064
4719002.0,0.36184061,1.0,293.776001
4719080.0,0.34939635,1.0,295.152008
4719158.0,0.35279948,1.0,295.496002
4719236.0,0.34832975,1.0,295.152008
4719314.0,0.32547295,1.0,295.496002
4719392.0,0.34746626,1.0,295.496002
4719470.0,0.35325664,1.0,295.496002
4719549.0,0.35955495,1.0,3.44
4719627.0,0.37108496,1.0,2.064
4719705.0,0.37499583,1.0,1.72
4719783.0,0.36717391,1.0,2.064
4719861.0,0.35315511,1.0,2.064
4719939.0,0.37347206,1.0,2.064
4720017.0,0.36234847,1.0,294.119995
4720095.0,0.36341521,1.0,295.152008
4720173.0,0.35234231,1.0,295.496002
4720251.0,0.38764337,1.0,295.496002
4720330.0,0.34954879,1.0,295.496002
4720408.0,0.36041844,1.0,295.496002
4720486.0,0.36331362,1.0,295.496002
4720564.0,0.34589165,1.0,3.096
4720642.0,0.3563042,1.0,2.064
4720720.0,0.35696447,1.0,2.064
4720798.0,0.36021525,1.0,1.72
4720876.0,0.34756786,1.0,2.064
4720955.0,0.34965032,1.0,2.064
4721033.0,0.36041844,1.0,294.119995
4721111.0,0.32775861,1.0,295.496002
4721189.0,0.34106636,1.0,295.496002
4721267.0,0.36077401,1.0,295.496002
4721345.0,0.35117409,1.0,295.152008
4721423.0,0.3556439,1.0,295.496002
4721501.0,0.34695825,1.0,297.216003
4721579.0,0.34604415,1.0,3.096
4721658.0,0.34751701,1.0,2.064
4721736.0,0.37057701,1.0,2.064
4721814.0,0.36448184,1.0,2.064
4721892.0,0.36402467,1.0,2.064
4721970.0,0.36448184,1.0,0.688
4722048.0,0.35285032,1.0,294.119995
4722126.0,0.33258399,1.0,295.496002
4722204.0,0.34772015,1.0,294.808014
4722283.0,0.35742158,1.0,295.152008
4722361.0,0.35457721,1.0,294.808014
4722439.0,0.35335815,1.0,295.152008
4722517.0,0.33832359,1.0,44.375999
4722595.0,0.36184061,1.0,1.72
4722673.0,0.36971346,1.0,1.72
4722751.0,0.35412014,1.0,1.72
4722829.0,0.35371372,1.0,2.408
4722907.0,0.34832975,1.0,2.064
4722985.0,0.34721228,1.0,240.800003
4723064.0,0.36382154,1.0,295.152008
4723142.0,0.32176509,1.0,295.496002
4723220.0,0.33273625,1.0,295.152008
4723298.0,0.35107258,1.0,295.152008
4723376.0,0.360266,1.0,295.152008
4723454.0,0.33370143,1.0,295.496002
4723532.0,0.36204374,1.0,3.096
4723611.0,0.34868532,1.0,1.72
4723689.0,0.3696627,1.0,1.72
4723767.0,0.34375834,1.0,1.72
4723845.0,0.3721008,1.0,2.064
4723923.0,0.35605022,1.0,2.064
4724001.0,0.3642787,1.0,294.119995
4724079.0,0.34975201,1.0,295.496002
4724157.0,0.35574543,1.0,295.496002
4724235.0,0.32902843,1.0,295.496002
4724314.0,0.36239937,1.0,295.496002
4724392.0,0.36412627,1.0,295.152008
4724470.0,0.33949172,1.0,295.152008
4724548.0,0.37438637,1.0,3.096
4724626.0,0.35315511,1.0,2.064
4724704.0,0.3672246,1.0,2.064
4724782.0,0.36504051,1.0,2.408
4724860.0,0.34055844,1.0,2.752
4724938.0,0.33710456,1.0,2.752
4725017.0,0.36534524,1.0,294.463989
4725095.0,0.35015824,1.0,294.808014
4725173.0,0.33842513,1.0,295.496002
4725251.0,0.35620251,1.0,295.496002
4725329.0,0.36818969,1.0,295.152008
4725407.0,0.33791712,1.0,295.839996
4725485.0,0.36199299,1.0,294.119995
4725563.0,0.3556439,1.0,2.752
4725641.0,0.35071701,1.0,1.72
4725720.0,0.36570081,1.0,2.064
4725798.0,0.36092636,1.0,1.376
4725876.0,0.3610279,1.0,2.408
4725954.0,0.36173901,1.0,1.72
4726032.0,0.34619644,1.0,293.776001
4726110.0,0.33954257,1.0,295.496002
4726188.0,0.33989814,1.0,295.152008
4726266.0,0.35081854,1.0,296.18399
4726344.0,0.3690024,1.0,295.839996
4726423.0,0.34629798,1.0,295.839996
4726501.0,0.34431711,1.0,297.559998
4726579.0,0.3626025,1.0,2.408
4726657.0,0.35554224,1.0,2.408
4726735.0,0.37260872,1.0,2.408
4726813.0,0.38083705,1.0,2.408
4726891.0,0.36133268,1.0,2.408
4726969.0,0.35686296,1.0,1.376
4727048.0,0.37154204,1.0,294.463989
4727126.0,0.33913618,1.0,295.839996
4727204.0,0.36844364,1.0,295.839996
4727282.0,0.36229777,1.0,295.839996
4727360.0,0.34101552,1.0,295.839996
4727438.0,0.35544071,1.0,295.839996
4727516.0,0.35412014,1.0,52.976002
4727594.0,0.35899624,1.0,2.064
4727672.0,0.39053854,1.0,1.72
4727750.0,0.3532058,1.0,1.72
4727829.0,0.35701531,1.0,1.72
4727907.0,0.36397398,1.0,2.064
4727985.0,0.35168204,1.0,235.983994
4728063.0,0.36285645,1.0,295.152008
4728141.0,0.35513598,1.0,295.152008
4728219.0,0.34655192,1.0,295.496002
4728297.0,0.36199299,1.0,295.152008
4728376.0,0.36681834,1.0,295.152008
4728454.0,0.36691988,1.0,295.152008
4728532.0,0.35285032,1.0,3.096
4728610.0,0.3595041,1.0,1.72
4728688.0,0.39891931,1.0,2.064
4728766.0,0.37027213,1.0,2.064
4728844.0,0.3531042,1.0,2.064
4728922.0,0.37428486,1.0,2.064
4729000.0,0.34741542,1.0,294.119995
4729079.0,0.36219618,1.0,295.496002
4729157.0,0.36417705,1.0,295.496002
4729235.0,0.3713389,1.0,295.496002
4729313.0,0.35427248,1.0,295.496002
4729391.0,0.36072317,1.0,296.18399
4729469.0,0.37895772,1.0,296.872009
4729547.0,0.37611336,1.0,3.44
4729625.0,0.35478041,1.0,3.096
4729704.0,0.38109109,1.0,2.408
4729782.0,0.36387232,1.0,2.064
4729860.0,0.34893921,1.0,2.408
4729938.0,0.35716769,1.0,2.408
4730016.0,0.3626025,1.0,294.808014
4730094.0,0.37951648,1.0,294.808014
4730172.0,0.38058317,1.0,294.808014
4730250.0,0.35833588,1.0,294.808014
4730328.0,0.36046913,1.0,294.808014
4730406.0,0.36006287,1.0,295.152008
4730485.0,0.37860224,1.0,295.152008
4730563.0,0.35396776,1.0,2.752
4730641.0,0.37961799,1.0,1.72
4730719.0,0.36402467,1.0,1.72
4730797.0,0.37453881,1.0,1.72
4730875.0,0.35980883,1.0,1.72
4730953.0,0.34711069,1.0,1.72
4731031.0,0.35645655,1.0,293.432007
4731110.0,0.33045059,1.0,295.152008
4731188.0,0.35376456,1.0,295.152008
4731266.0,0.35584694,1.0,295.152008
4731344.0,0.35168204,1.0,294.808014
4731422.0,0.38002446,1.0,295.152008
4731500.0,0.35498363,1.0,298.247986
4731578.0,0.34899002,1.0,3.096
4731656.0,0.36859608,1.0,2.064
4731734.0,0.38693222,1.0,2.064
4731813.0,0.37413248,1.0,2.064
4731891.0,0.35864061,1.0,2.752
4731969.0,0.35884383,1.0,2.064
4732047.0,0.36529458,1.0,294.808014
4732125.0,0.3563042,1.0,296.18399
4732203.0,0.37408167,1.0,296.18399
4732281.0,0.36295807,1.0,295.839996
4732359.0,0.36951032,1.0,295.839996
4732437.0,0.36884996,1.0,295.839996
4732516.0,0.37245637,1.0,66.391998
4732594.0,0.37692609,1.0,2.408
4732672.0,0.37641817,1.0,2.408
4732750.0,0.36585334,1.0,1.376
4732828.0,0.38698307,1.0,1.72
4732906.0,0.35610101,1.0,1.72
4732984.0,0.33994889,1.0,229.792007
4733062.0,0.35833588,1.0,295.152008
4733141.0,0.33994889,1.0,295.152008
4733219.0,0.35615182,1.0,295.496002
4733297.0,0.35996127,1.0,295.496002
4733375.0,0.35249469,1.0,295.152008
4733453.0,0.36976421,1.0,295.496002
4733531.0,0.36808807,1.0,2.752
4733609.0,0.34060925,1.0,1.72
4733687.0,0.38495138,1.0,1.72
4733765.0,0.39521149,1.0,2.064
4733844.0,0.36443099,1.0,1.72
4733922.0,0.37098327,1.0,1.72
4734000.0,0.3738277,1.0,293.088013
4734078.0,0.36935797,1.0,294.808014
4734156.0,0.37565619,1.0,295.496002
4734234.0,0.36859608,1.0,295.496002
4734312.0,0.35991052,1.0,294.119995
4734390.0,0.37154204,1.0,295.152008
4734469.0,0.36707222,1.0,295.152008
4734547.0,0.36189145,1.0,3.44
4734625.0,0.37829742,1.0,1.72
4734703.0,0.37662137,1.0,2.752
4734781.0,0.36544684,1.0,1.72
4734859.0,0.37037376,1.0,2.408
4734937.0,0.3627041,1.0,1.72
4735015.0,0.36717391,1.0,293.776001
4735093.0,0.3522408,1.0,294.808014
4735171.0,0.34634888,1.0,295.152008
4735250.0,0.37174523,1.0,295.496002
4735328.0,0.35691372,1.0,295.496002
4735406.0,0.36940867,1.0,294.463989
4735484.0,0.35584694,1.0,294.808014
4735562.0,0.37768796,1.0,2.064
4735640.0,0.38109109,1.0,2.064
4735718.0,0.36204374,1.0,2.064
4735796.0,0.38139582,1.0,1.72
4735875.0,0.38098949,1.0,2.064
4735953.0,0.37956733,1.0,2.064
4736031.0,0.38231006,1.0,293.776001
4736109.0,0.3672246,1.0,295.152008
4736187.0,0.34299645,1.0,295.152008
4736265.0,0.35935181,1.0,295.152008
4736343.0,0.36219618,1.0,295.152008
4736421.0,0.38058317,1.0,295.152008
4736499.0,0.34416473,1.0,296.528015
4736578.0,0.37017062,1.0,2.752
4736656.0,0.38601792,1.0,2.064
4736734.0,0.38119262,1.0,2.064
4736812.0,0.38647515,1.0,1.72
4736890.0,0.36905316,1.0,2.064
4736968.0,0.37098327,1.0,1.376
4737046.0,0.3667675,1.0,294.119995
4737124.0,0.35147882,1.0,295.496002
4737202.0,0.36087561,1.0,295.496002
4737281.0,0.36818969,1.0,295.496002
4737359.0,0.37022147,1.0,295.496002
4737437.0,0.37392929,1.0,295.152008
4737515.0,0.35554224,1.0,75.335999
4737593.0,0.36168817,1.0,2.064
4737671.0,0.37865299,1.0,2.064
4737749.0,0.37687516,1.0,2.064
4737827.0,0.39378929,1.0,1.72
4737906.0,0.36219618,1.0,2.064
4737984.0,0.37977043,1.0,226.352005
4738062.0,0.37027213,1.0,295.152008
4738140.0,0.35823438,1.0,295.496002
4738218.0,0.3754023,1.0,295.496002
4738296.0,0.37321824,1.0,295.496002
4738374.0,0.35462806,1.0,295.496002
4738452.0,0.3635675,1.0,295.496002
4738530.0,0.36138344,1.0,2.752
4738608.0,0.37946573,1.0,1.72
4738687.0,0.35803115,1.0,1.72
4738765.0,0.36818969,1.0,1.72
4738843.0,0.37707844,1.0,2.064
4738921.0,0.36509129,1.0,2.064
4738999.0,0.36326277,1.0,294.119995
4739077.0,0.37626573,1.0,295.152008
4739155.0,0.3680374,1.0,295.496002
4739234.0,0.38535762,1.0,295.152008
4739312.0,0.36559927,1.0,295.496002
4739390.0,0.36072317,1.0,295.839996
4739468.0,0.36239937,1.0,295.496002
4739546.0,0.36544684,1.0,3.096
4739624.0,0.36945948,1.0,1.72
4739702.0,0.38195449,1.0,2.064
4739780.0,0.37992287,1.0,2.064
4739858.0,0.37494513,1.0,2.408
4739937.0,0.34807572,1.0,2.064
4740015.0,0.36438024,1.0,293.776001
4740093.0,0.37855145,1.0,295.496002
4740171.0,0.35366288,1.0,295.496002
4740249.0,0.36341521,1.0,295.496002
4740327.0,0.36488816,1.0,295.496002
4740405.0,0.38434193,1.0,295.496002
4740483.0,0.35412014,1.0,295.152008
4740561.0,0.37357372,1.0,3.096
4740640.0,0.37611336,1.0,2.064
4740718.0,0.37357372,1.0,2.064
4740796.0,0.37712923,1.0,2.064
4740874.0,0.3666659,1.0,2.408
4740952.0,0.36986589,1.0,2.064
4741030.0,0.36610723,1.0,294.463989
4741108.0,0.34700918,1.0,295.496002
4741186.0,0.36910394,1.0,295.839996
4741264.0,0.36519304,1.0,295.496002
4741343.0,0.36879921,1.0,295.496002
4741421.0,0.35412014,1.0,295.152008
4741499.0,0.37154204,1.0,294.119995
4741577.0,0.36402467,1.0,2.752
4741655.0,0.40643668,1.0,2.064
4741733.0,0.38337675,1.0,2.064
4741811.0,0.38972589,1.0,2.064
4741889.0,0.36773252,1.0,2.064
4741968.0,0.34756786,1.0,1.376
4742046.0,0.35808194,1.0,294.119995
4742124.0,0.32836813,1.0,294.463989
4742202.0,0.36041844,1.0,295.496002
4742280.0,0.38068476,1.0,295.496002
4742358.0,0.38515449,1.0,295.496002
4742436.0,0.33461562,1.0,296.528015
4742514.0,0.35305345,1.0,86.688004
4742592.0,0.36371994,1.0,2.408
4742670.0,0.39013216,1.0,2.064
4742749.0,0.37677366,1.0,2.752
4742827.0,0.36331362,1.0,1.72
4742905.0,0.3674278,1.0,2.408
4742983.0,0.3760626,1.0,219.128006
4743061.0,0.35955495,1.0,295.496002
4743139.0,0.36107871,1.0,295.496002
4743217.0,0.3738277,1.0,295.496002
4743295.0,0.35274872,1.0,295.496002
4743374.0,0.3667168,1.0,295.496002
4743452.0,0.3635675,1.0,295.496002
4743530.0,0.38180223,1.0,2.752
4743608.0,0.37438637,1.0,2.064
4743686.0,0.38561165,1.0,2.064
4743764.0,0.36041844,1.0,2.064
4743842.0,0.37591016,1.0,2.064
4743920.0,0.37464043,1.0,2.752
4743998.0,0.37992287,1.0,295.152008
4744077.0,0.35925022,1.0,296.18399
4744155.0,0.34665361,1.0,296.18399
4744233.0,0.35925022,1.0,296.18399
4744311.0,0.3635675,1.0,295.839996
4744389.0,0.36245012,1.0,295.839996
4744467.0,0.36559927,1.0,295.839996
4744545.0,0.37001824,1.0,3.44
4744623.0,0.36184061,1.0,2.752
4744702.0,0.38444343,1.0,2.408
4744780.0,0.37631655,1.0,2.408
4744858.0,0.37067854,1.0,2.408
4744936.0,0.37011987,1.0,2.408
4745014.0,0.35356137,1.0,294.463989
4745092.0,0.36879921,1.0,295.496002
4745170.0,0.34213305,1.0,295.839996
4745248.0,0.3524439,1.0,295.496002
4745326.0,0.35488194,1.0,295.839996
4745405.0,0.3594026,1.0,295.839996
4745483.0,0.36331362,1.0,296.18399
4745561.0,0.35869154,1.0,3.096
4745639.0,0.37712923,1.0,2.408
4745717.0,0.38038003,1.0,2.408
4745795.0,0.36559927,1.0,2.064
4745873.0,0.37718004,1.0,2.408
4745951.0,0.37494513,1.0,2.064
4746030.0,0.36549777,1.0,294.463989
4746108.0,0.36041844,1.0,295.496002
4746186.0,0.3333458,1.0,295.496002
4746264.0,0.36158666,1.0,295.496002
4746342.0,0.3673771,1.0,295.496002
4746420.0,0.34568852,1.0,295.496002
4746498.0,0.35808194,1.0,295.496002
4746576.0,0.37428486,1.0,4.128
4746654.0,0.36697063,1.0,3.096
4746732.0,0.37926251,1.0,2.752
4746811.0,0.36138344,1.0,2.752
4746889.0,0.35772631,1.0,2.752
4746967.0,0.371288,1.0,2.064
4747045.0,0.36311042,1.0,294.808014
4747123.0,0.3524439,1.0,295.152008
4747201.0,0.32979032,1.0,295.839996
4747279.0,0.36209464,1.0,295.496002
4747357.0,0.35858992,1.0,295.152008
4747436.0,0.35335815,1.0,295.496002
4747514.0,0.35904703,1.0,98.040001
4747592.0,0.3680374,1.0,2.064
4747670.0,0.37413248,1.0,2.752
4747748.0,0.35945335,1.0,2.408
4747826.0,0.37657046,1.0,2.408
4747904.0,0.37662137,1.0,2.064
4747982.0,0.36392307,1.0,205.024002
4748060.0,0.37789109,1.0,295.496002
4748139.0,0.34573928,1.0,295.496002
4748217.0,0.37687516,1.0,295.152008
4748295.0,0.38073552,1.0,294.463989
4748373.0,0.36702153,1.0,295.496002
4748451.0,0.36163741,1.0,295.496002
4748529.0,0.36824045,1.0,2.408
4748607.0,0.34853294,1.0,2.408
4748685.0,0.39983365,1.0,2.408
4748764.0,0.35528833,1.0,2.752
4748842.0,0.37204996,1.0,2.064
4748920.0,0.36615804,1.0,2.064
4748998.0,0.3642787,1.0,294.463989
4749076.0,0.35584694,1.0,295.152008
4749154.0,0.35935181,1.0,295.496002
4749232.0,0.34970108,1.0,295.839996
4749310.0,0.37113571,1.0,296.18399
4749388.0,0.36077401,1.0,296.872009
4749466.0,0.36021525,1.0,296.18399
4749545.0,0.36641192,1.0,4.128
4749623.0,0.36691988,1.0,2.752
4749701.0,0.38347828,1.0,3.096
4749779.0,0.38098949,1.0,2.408
4749857.0,0.37631655,1.0,2.752
4749935.0,0.36925644,1.0,2.752
4750013.0,0.3603676,1.0,294.808014
4750091.0,0.36549777,1.0,296.528015
4750169.0,0.36001211,1.0,296.528015
4750248.0,0.36661515,1.0,296.528015
4750326.0,0.36488816,1.0,296.528015
4750404.0,0.3721008,1.0,295.839996
4750482.0,0.37977043,1.0,295.839996
4750560.0,0.37006903,1.0,3.784
4750638.0,0.37667212,1.0,2.064
4750716.0,0.36824045,1.0,2.064
4750795.0,0.35391691,1.0,2.408
4750873.0,0.3785007,1.0,1.72
4750951.0,0.37047541,1.0,2.064
4751029.0,0.38038003,1.0,294.808014
4751107.0,0.35132653,1.0,295.496002
4751185.0,0.37530071,1.0,295.839996
4751263.0,0.37494513,1.0,295.496002
4751341.0,0.36727542,1.0,295.496002
4751419.0,0.38043073,1.0,295.496002
4751498.0,0.3746911,1.0,295.496002
4751576.0,0.36859608,1.0,3.096
4751654.0,0.38972589,1.0,2.064
4751732.0,0.37331983,1.0,2.064
4751810.0,0.35503438,1.0,2.064
4751888.0,0.3696627,1.0,2.064
4751966.0,0.36453259,1.0,2.408
4752044.0,0.37900856,1.0,295.152008
4752122.0,0.34472343,1.0,296.18399
4752201.0,0.37291345,1.0,296.18399
4752279.0,0.3714405,1.0,296.18399
4752357.0,0.37657046,1.0,296.18399
4752435.0,0.3778404,1.0,296.18399
4752513.0,0.37403083,1.0,105.264
4752591.0,0.36239937,1.0,2.408
4752669.0,0.40252563,1.0,2.408
4752747.0,0.38368157,1.0,2.408
4752825.0,0.37596101,1.0,2.408
4752904.0,0.38307202,1.0,2.408
4752982.0,0.36585334,1.0,188.511993
4753060.0,0.39556703,1.0,295.496002
4753138.0,0.36077401,1.0,295.839996
4753216.0,0.38424018,1.0,295.839996
4753294.0,0.37621489,1.0,295.496002
4753372.0,0.37921175,1.0,295.839996
4753450.0,0.37296429,1.0,295.839996
4753528.0,0.36554846,1.0,3.096
4753607.0,0.37326902,1.0,2.064
4753685.0,0.36407551,1.0,2.408
4753763.0,0.39074168,1.0,2.064
4753841.0,0.38738939,1.0,2.064
4753919.0,0.37448806,1.0,2.064
4753997.0,0.38952261,1.0,295.496002
4754075.0,0.38068476,1.0,295.496002
4754153.0,0.38947186,1.0,295.496002
4754231.0,0.36519304,1.0,295.496002
4754310.0,0.37326902,1.0,295.839996
4754388.0,0.36468497,1.0,295.496002
4754466.0,0.3761642,1.0,296.18399
4754544.0,0.3556439,1.0,3.096
4754622.0,0.37768796,1.0,2.064
4754700.0,0.39358619,1.0,2.064
4754778.0,0.37763715,1.0,2.064
4754857.0,0.37992287,1.0,2.064
4754935.0,0.37926251,1.0,1.72
4755013.0,0.38038003,1.0,294.119995
4755091.0,0.37880543,1.0,295.496002
4755169.0,0.36138344,1.0,295.496002
4755247.0,0.38779572,1.0,295.152008
4755325.0,0.37499583,1.0,295.152008
4755403.0,0.37118647,1.0,295.839996
4755481.0,0.37067854,1.0,295.496002
4755559.0,0.37951648,1.0,2.752
4755638.0,0.37865299,1.0,2.064
4755716.0,0.41202387,1.0,2.064
4755794.0,0.38195449,1.0,2.064
4755872.0,0.37499583,1.0,2.064
4755950.0,0.3777388,1.0,2.408
4756028.0,0.37855145,1.0,294.119995
4756106.0,0.38154826,1.0,295.496002
4756184.0,0.35792956,1.0,295.496002
4756263.0,0.37636733,1.0,295.496002
4756341.0,0.35985968,1.0,295.496002
4756419.0,0.36300883,1.0,295.152008
4756497.0,0.38525608,1.0,295.496002
4756575.0,0.37585947,1.0,3.096
4756653.0,0.38749099,1.0,2.408
4756731.0,0.39226553,1.0,2.064
4756809.0,0.3730658,1.0,2.064
4756888.0,0.37413248,1.0,1.72
4756966.0,0.37194836,1.0,1.376
4757044.0,0.35213912,1.0,294.463989
4757122.0,0.37001824,1.0,295.496002
4757200.0,0.36468497,1.0,295.496002
4757278.0,0.37585947,1.0,295.496002
4757356.0,0.36524373,1.0,295.496002
4757434.0,0.3754023,1.0,295.152008
4757512.0,0.37418327,1.0,111.112
4757590.0,0.36204374,1.0,2.064
4757669.0,0.39079252,1.0,2.064
4757747.0,0.36229777,1.0,1.72
4757825.0,0.36488816,1.0,2.064
4757903.0,0.36763093,1.0,1.72
4757981.0,0.38693222,1.0,177.848007
4758059.0,0.36915478,1.0,295.496002
4758137.0,0.3719992,1.0,295.496002
4758215.0,0.35071701,1.0,294.463989
4758294.0,0.379161,1.0,295.839996
4758372.0,0.36245012,1.0,295.152008
4758450.0,0.38119262,1.0,295.152008
4758528.0,0.3683421,1.0,3.44
4758606.0,0.3783991,1.0,2.408
4758684.0,0.37078023,1.0,2.064
4758762.0,0.38403705,1.0,2.064
4758840.0,0.36158666,1.0,2.064
4758918.0,0.3761642,1.0,1.72
4758997.0,0.37768796,1.0,294.463989
4759075.0,0.36636117,1.0,295.152008
4759153.0,0.36625957,1.0,295.496002
4759231.0,0.3585391,1.0,295.152008
4759309.0,0.36011362,1.0,295.496002
4759387.0,0.3603676,1.0,296.18399
4759465.0,0.35559306,1.0,295.496002
4759543.0,0.35503438,1.0,2.752
4759622.0,0.37667212,1.0,2.408
4759700.0,0.37392929,1.0,2.408
4759778.0,0.3658025,1.0,2.064
4759856.0,0.37078023,1.0,2.064
4759934.0,0.35483125,1.0,2.064
4760012.0,0.3673771,1.0,294.119995
4760090.0,0.34192985,1.0,295.496002
4760168.0,0.33933938,1.0,295.496002
4760246.0,0.35660899,1.0,295.496002
4760325.0,0.37047541,1.0,295.496002
4760403.0,0.34949797,1.0,295.496002
4760481.0,0.37240553,1.0,295.496002
4760559.0,0.37936419,1.0,3.096
4760637.0,0.3768245,1.0,2.064
4760715.0,0.36341521,1.0,2.064
4760793.0,0.36290723,1.0,2.064
4760871.0,0.36158666,1.0,2.064
4760949.0,0.36458343,1.0,2.064
4761028.0,0.38159895,1.0,294.119995
4761106.0,0.36377072,1.0,295.496002
4761184.0,0.35163134,1.0,295.152008
4761262.0,0.36651361,1.0,295.496002
4761340.0,0.3719992,1.0,295.496002
4761418.0,0.37235469,1.0,295.496002
4761496.0,0.34406313,1.0,295.496002
4761574.0,0.36107871,1.0,3.096
4761653.0,0.38302121,1.0,2.064
4761731.0,0.3673771,1.0,2.064
4761809.0,0.36681834,1.0,2.408
4761887.0,0.3525455,1.0,2.064
4761965.0,0.36961186,1.0,2.064
4762043.0,0.3611294,1.0,294.463989
4762121.0,0.35960564,1.0,295.496002
4762199.0,0.36046913,1.0,295.496002
4762277.0,0.35193607,1.0,295.496002
4762355.0,0.35681212,1.0,295.839996
4762434.0,0.3556439,1.0,295.496002
4762512.0,0.36458343,1.0,116.272003
4762590.0,0.36184061,1.0,2.408
4762668.0,0.38251325,1.0,2.064
4762746.0,0.3611294,1.0,2.064
4762824.0,0.3531042,1.0,2.064
4762902.0,0.3738277,1.0,2.064
4762980.0,0.35869154,1.0,171.656006
4763059.0,0.37844986,1.0,295.496002
4763137.0,0.34167579,1.0,295.496002
4763215.0,0.36250091,1.0,295.496002
4763293.0,0.33669809,1.0,295.152008
4763371.0,0.34380919,1.0,295.496002
4763449.0,0.35279948,1.0,295.496002
4763527.0,0.36620873,1.0,2.064
4763605.0,0.37265947,1.0,2.064
4763683.0,0.34995505,1.0,2.064
4763761.0,0.36417705,1.0,1.72
4763840.0,0.34726298,1.0,2.064
4763918.0,0.36178976,1.0,1.72
4763996.0,0.37392929,1.0,294.463989
4764074.0,0.35864061,1.0,294.463989
4764152.0,0.36392307,1.0,294.808014
4764230.0,0.37662137,1.0,295.152008
4764308.0,0.35452637,1.0,295.152008
4764387.0,0.36118034,1.0,295.152008
4764465.0,0.33949172,1.0,295.152008
4764543.0,0.38459572,1.0,3.096
4764621.0,0.37458959,1.0,1.72
4764699.0,0.36732626,1.0,1.72
4764777.0,0.36890087,1.0,2.064
4764855.0,0.34812656,1.0,2.064
4764933.0,0.34614569,1.0,2.064
4765011.0,0.37047541,1.0,294.119995
4765090.0,0.33441249,1.0,295.839996
4765168.0,0.35645655,1.0,295.496002
4765246.0,0.36275494,1.0,295.496002
4765324.0,0.35808194,1.0,295.496002
4765402.0,0.36021525,1.0,295.152008
4765480.0,0.36006287,1.0,295.496002
4765558.0,0.35218996,1.0,3.096
4765636.0,0.36326277,1.0,2.064
4765715.0,0.37966892,1.0,2.064
4765793.0,0.38220856,1.0,2.408
4765871.0,0.37118647,1.0,1.72
4765949.0,0.35285032,1.0,2.064
4766027.0,0.35061532,1.0,294.119995
4766105.0,0.36305967,1.0,295.496002
4766183.0,0.34055844,1.0,295.496002
4766261.0,0.35691372,1.0,295.496002
4766339.0,0.35127571,1.0,295.839996
4766417.0,0.34106636,1.0,295.496002
4766495.0,0.36625957,1.0,296.18399
4766574.0,0.36681834,1.0,3.096
4766652.0,0.36199299,1.0,2.408
4766730.0,0.38551006,1.0,2.408
4766808.0,0.36890087,1.0,2.752
4766886.0,0.36534524,1.0,2.064
4766964.0,0.40008754,1.0,1.72
4767042.0,0.36001211,1.0,294.463989
4767121.0,0.36199299,1.0,295.496002
4767199.0,0.36143428,1.0,295.496002
4767277.0,0.34655192,1.0,295.496002
4767355.0,0.36752939,1.0,295.496002
4767433.0,0.36778337,1.0,295.839996
4767511.0,0.36153588,1.0,124.528
4767589.0,0.36107871,1.0,1.72
4767667.0,0.36265334,1.0,2.064
4767745.0,0.37809423,1.0,1.72
4767823.0,0.36783418,1.0,1.72
4767902.0,0.35401845,1.0,2.064
4767980.0,0.38373232,1.0,164.776001
4768058.0,0.34558693,1.0,295.152008
4768136.0,0.32811409,1.0,295.496002
4768214.0,0.34370759,1.0,295.152008
4768292.0,0.36092636,1.0,295.496002
4768370.0,0.36331362,1.0,295.496002
4768449.0,0.3738277,1.0,295.152008
4768527.0,0.3696627,1.0,2.752
4768605.0,0.36255175,1.0,3.096
4768683.0,0.39074168,1.0,2.752
4768761.0,0.36905316,1.0,2.064
4768839.0,0.37911016,1.0,2.064
4768917.0,0.34045675,1.0,2.064
4768995.0,0.3635675,1.0,295.152008
4769073.0,0.36321202,1.0,295.496002
4769151.0,0.34091398,1.0,295.496002
4769230.0,0.34934559,1.0,295.496002
4769308.0,0.36793572,1.0,295.496002
4769386.0,0.38038003,1.0,295.496002
4769464.0,0.35005674,1.0,295.152008
4769542.0,0.37194836,1.0,3.44
4769620.0,0.3713389,1.0,1.72
4769698.0,0.3667675,1.0,2.064
4769777.0,0.39089411,1.0,2.064
4769855.0,0.36879921,1.0,2.064
4769933.0,0.38027829,1.0,2.064
4770011.0,0.36219618,1.0,294.119995
4770089.0,0.38505289,1.0,295.496002
4770167.0,0.37154204,1.0,295.496002
4770245.0,0.36006287,1.0,295.496002
4770323.0,0.36128193,1.0,295.496002
4770401.0,0.37001824,1.0,295.496002
4770479.0,0.37403083,1.0,294.808014
4770558.0,0.37591016,1.0,2.752
4770636.0,0.37646893,1.0,1.72
4770714.0,0.37885618,1.0,1.72
4770792.0,0.37387854,1.0,1.72
4770870.0,0.37169439,1.0,2.064
4770948.0,0.36397398,1.0,2.064
4771026.0,0.360266,1.0,294.119995
4771104.0,0.36067238,1.0,295.152008
4771183.0,0.36153588,1.0,295.152008
4771261.0,0.37103412,1.0,295.152008
4771339.0,0.34436786,1.0,294.808014
4771417.0,0.3619422,1.0,295.496002
4771495.0,0.36905316,1.0,295.496002
4771573.0,0.35351059,1.0,2.064
4771651.0,0.38764337,1.0,1.72
4771729.0,0.36371994,1.0,1.72
4771807.0,0.38815129,1.0,1.72
4771885.0,0.35676128,1.0,1.376
4771964.0,0.36417705,1.0,2.064
4772042.0,0.36961186,1.0,294.119995
4772120.0,0.35229161,1.0,295.496002
4772198.0,0.36199299,1.0,295.152008
4772276.0,0.37458959,1.0,295.152008
4772354.0,0.36788496,1.0,295.152008
4772432.0,0.36062157,1.0,295.152008
4772511.0,0.3721008,1.0,133.815994
4772589.0,0.36864683,1.0,1.376
4772667.0,0.38368157,1.0,1.376
4772745.0,0.35599947,1.0,2.064
4772823.0,0.36747864,1.0,1.376
4772901.0,0.34086323,1.0,1.72
4772979.0,0.36610723,1.0,158.240005
4773057.0,0.35122487,1.0,294.119995
4773135.0,0.33248246,1.0,295.152008
4773213.0,0.37347206,1.0,295.152008
4773292.0,0.3674278,1.0,295.496002
4773370.0,0.38063392,1.0,295.496002
4773448.0,0.38698307,1.0,295.152008
4773526.0,0.36280563,1.0,2.408
4773604.0,0.3633644,1.0,1.72
4773682.0,0.36051995,1.0,1.72
4773760.0,0.38693222,1.0,2.064
4773838.0,0.36051995,1.0,2.064
4773917.0,0.39917335,1.0,1.72
4773995.0,0.3673771,1.0,294.808014
4774073.0,0.37387854,1.0,295.496002
4774151.0,0.3696627,1.0,295.839996
4774229.0,0.37022147,1.0,295.496002
4774307.0,0.37286261,1.0,295.496002
4774385.0,0.35259634,1.0,294.808014
4774463.0,0.39282414,1.0,295.496002
4774541.0,0.3642278,1.0,3.096
4774620.0,0.37672287,1.0,2.064
4774698.0,0.39008132,1.0,1.72
4774776.0,0.39048779,1.0,2.064
4774854.0,0.37875459,1.0,2.408
4774932.0,0.36504051,1.0,2.408
4775010.0,0.37657046,1.0,294.119995
4775088.0,0.3578788,1.0,295.496002
4775166.0,0.36717391,1.0,294.808014
4775244.0,0.36239937,1.0,295.496002
4775323.0,0.36615804,1.0,295.839996
4775401.0,0.35020909,1.0,295.839996
4775479.0,0.37032297,1.0,296.18399
4775557.0,0.3777388,1.0,3.096
4775635.0,0.37245637,1.0,2.064
4775713.0,0.37626573,1.0,2.064
4775791.0,0.36006287,1.0,2.064
4775869.0,0.3666659,1.0,2.752
4775948.0,0.37560543,1.0,1.376
4776026.0,0.37184677,1.0,294.119995
4776104.0,0.35889465,1.0,296.528015
4776182.0,0.35904703,1.0,295.496002
4776260.0,0.36371994,1.0,295.496002
4776338.0,0.36788496,1.0,295.839996
4776416.0,0.37113571,1.0,295.496002
4776494.0,0.36940867,1.0,294.808014
4776572.0,0.37585947,1.0,3.096
4776651.0,0.36844364,1.0,2.064
4776729.0,0.3755039,1.0,2.064
4776807.0,0.36483741,1.0,2.064
4776885.0,0.35371372,1.0,2.064
4776963.0,0.37545308,1.0,2.064
4777041.0,0.35422164,1.0,293.776001
4777119.0,0.35996127,1.0,296.18399
4777197.0,0.3635675,1.0,295.496002
4777275.0,0.36854523,1.0,295.152008
4777354.0,0.3673771,1.0,295.496002
4777432.0,0.36732626,1.0,295.152008
4777510.0,0.36539608,1.0,143.104004
4777588.0,0.37580863,1.0,1.72
4777666.0,0.39048779,1.0,2.408
4777744.0,0.37276107,1.0,2.064
4777822.0,0.38058317,1.0,1.72
4777900.0,0.37687516,1.0,2.064
4777979.0,0.37392929,1.0,153.768005
4778057.0,0.36351675,1.0,295.152008
4778135.0,0.35417098,1.0,295.496002
4778213.0,0.3594026,1.0,295.496002
4778291.0,0.36199299,1.0,295.839996
4778369.0,0.36681834,1.0,295.496002
4778447.0,0.36915478,1.0,295.839996
4778525.0,0.38530692,1.0,2.408
4778603.0,0.37138966,1.0,2.408
4778681.0,0.3672246,1.0,2.064
4778760.0,0.38164979,1.0,2.408
4778838.0,0.39297658,1.0,1.376
4778916.0,0.35173285,1.0,1.032
4778994.0,0.3777895,1.0,295.496002
4779072.0,0.37215149,1.0,294.808014
4779150.0,0.34406313,1.0,294.808014
4779228.0,0.37296429,1.0,294.808014
4779307.0,0.36082467,1.0,295.152008
4779385.0,0.38617042,1.0,295.496002
4779463.0,0.37728164,1.0,295.152008
4779541.0,0.37433556,1.0,2.752
4779619.0,0.35716769,1.0,1.032
4779697.0,0.38297042,1.0,1.72
4779775.0,0.37977043,1.0,1.72
4779853.0,0.37890702,1.0,1.72
4779931.0,0.365904,1.0,1.72
4780009.0,0.37088174,1.0,293.776001
4780088.0,0.39008132,1.0,295.152008
4780166.0,0.35676128,1.0,294.463989
4780244.0,0.37331983,1.0,295.152008
4780322.0,0.38190383,1.0,295.152008
4780400.0,0.35330749,1.0,295.152008
4780478.0,0.38835448,1.0,295.496002
4780556.0,0.36077401,1.0,3.096
4780634.0,0.37225309,1.0,1.72
4780713.0,0.36854523,1.0,1.72
4780791.0,0.35716769,1.0,1.72
4780869.0,0.37895772,1.0,2.064
4780947.0,0.35742158,1.0,2.408
4781025.0,0.36351675,1.0,294.119995
4781103.0,0.38210693,1.0,295.496002
4781181.0,0.36468497,1.0,295.496002
4781259.0,0.36778337,1.0,295.496002
4781337.0,0.36041844,1.0,295.839996
4781415.0,0.36884996,1.0,295.152008
4781494.0,0.36824045,1.0,295.152008
4781572.0,0.35168204,1.0,2.752
4781650.0,0.37428486,1.0,1.032
4781728.0,0.35742158,1.0,1.72
4781806.0,0.371288,1.0,1.032
4781884.0,0.37464043,1.0,1.72
4781962.0,0.35904703,1.0,1.72
4782041.0,0.35488194,1.0,294.119995
4782119.0,0.37504676,1.0,295.152008
4782197.0,0.34391078,1.0,295.152008
4782275.0,0.38286883,1.0,294.463989
4782353.0,0.37159279,1.0,295.152008
4782431.0,0.35935181,1.0,295.496002
4782509.0,0.364939,1.0,155.488007
4782587.0,0.34756786,1.0,1.376
4782665.0,0.3563042,1.0,1.72
4782743.0,0.38952261,1.0,1.72
4782822.0,0.3635675,1.0,1.72
4782900.0,0.34162512,1.0,2.408
4782978.0,0.380126,1.0,146.888
4783056.0,0.37037376,1.0,295.839996
4783134.0,0.36371994,1.0,295.839996
4783212.0,0.34883767,1.0,296.528015
4783290.0,0.36123115,1.0,295.839996
4783369.0,0.35462806,1.0,295.839996
4783447.0,0.35996127,1.0,295.839996
4783525.0,0.37824667,1.0,2.408
4783603.0,0.37718004,1.0,2.752
4783681.0,0.38180223,1.0,2.064
4783759.0,0.37408167,1.0,2.408
4783837.0,0.37184677,1.0,2.408
4783915.0,0.36905316,1.0,2.064
4783993.0,0.37022147,1.0,296.872009
4784071.0,0.36559927,1.0,295.496002
4784150.0,0.36224693,1.0,295.839996
4784228.0,0.37758636,1.0,295.152008
4784306.0,0.3672246,1.0,294.463989
4784384.0,0.37001824,1.0,294.808014
4784462.0,0.34843126,1.0,295.496002
4784540.0,0.35818353,1.0,2.752
4784618.0,0.37448806,1.0,1.72
4784696.0,0.36488816,1.0,1.72
4784775.0,0.37037376,1.0,2.064
4784853.0,0.35396776,1.0,1.72
4784931.0,0.35351059,1.0,1.72
4785009.0,0.34959948,1.0,293.776001
4785087.0,0.35798034,1.0,294.808014
4785165.0,0.35396776,1.0,294.119995
4785243.0,0.35081854,1.0,295.496002
4785321.0,0.36945948,1.0,295.152008
4785399.0,0.35925022,1.0,295.496002
4785477.0,0.35996127,1.0,295.152008
4785556.0,0.36610723,1.0,3.44
4785634.0,0.35401845,1.0,2.064
4785712.0,0.37992287,1.0,2.064
4785790.0,0.38510373,1.0,2.408
4785868.0,0.36768183,1.0,2.408
4785946.0,0.37321824,1.0,2.064
4786024.0,0.34259012,1.0,294.119995
4786102.0,0.35645655,1.0,295.496002
4786181.0,0.34223455,1.0,295.152008
4786259.0,0.35340899,1.0,295.152008
4786337.0,0.34391078,1.0,295.839996
4786415.0,0.35930091,1.0,295.152008
4786493.0,0.3683928,1.0,295.152008
4786571.0,0.35899624,1.0,3.096
4786649.0,0.380126,1.0,2.064
4786727.0,0.38236091,1.0,1.72
4786806.0,0.3783991,1.0,1.72
4786884.0,0.38200533,1.0,1.72
4786962.0,0.36752939,1.0,1.376
4787040.0,0.3556439,1.0,293.776001
4787118.0,0.34934559,1.0,294.808014
4787196.0,0.36859608,1.0,294.808014
4787274.0,0.37484363,1.0,295.152008
4787352.0,0.36829129,1.0,295.496002
4787430.0,0.36443099,1.0,294.808014
4787508.0,0.38027829,1.0,167.871994
4787587.0,0.33624107,1.0,2.064
4787665.0,0.38297042,1.0,1.72
4787743.0,0.33771408,1.0,2.064
4787821.0,0.36239937,1.0,2.064
4787899.0,0.37926251,1.0,2.064
4787977.0,0.3522408,1.0,135.192001
4788055.0,0.39429724,1.0,295.496002
4788134.0,0.33949172,1.0,295.496002
4788212.0,0.35259634,1.0,295.496002
4788290.0,0.35036144,1.0,295.496002
4788368.0,0.33151728,1.0,295.496002
4788446.0,0.39165592,1.0,295.152008
4788524.0,0.3721008,1.0,1.72
4788602.0,0.36981514,1.0,1.72
4788680.0,0.35996127,1.0,1.72
4788758.0,0.37819591,1.0,1.376
4788836.0,0.37433556,1.0,1.72
4788915.0,0.35869154,1.0,1.376
4788993.0,0.38027829,1.0,296.872009
4789071.0,0.34533295,1.0,294.463989
4789149.0,0.33273625,1.0,295.496002
4789227.0,0.35092014,1.0,294.463989
4789305.0,0.38210693,1.0,295.152008
4789383.0,0.36859608,1.0,295.152008
4789461.0,0.37083089,1.0,295.152008
4789540.0,0.35716769,1.0,2.752
4789618.0,0.34446946,1.0,1.72
4789696.0,0.39013216,1.0,2.064
4789774.0,0.37337053,1.0,1.376
4789852.0,0.379161,1.0,2.064
4789930.0,0.37865299,1.0,1.72
4790008.0,0.36168817,1.0,293.776001
4790086.0,0.3660056,1.0,295.152008
4790164.0,0.37971976,1.0,295.152008
4790243.0,0.37286261,1.0,295.152008
4790321.0,0.37245637,1.0,295.152008
4790399.0,0.38871005,1.0,295.152008
4790477.0,0.34944719,1.0,295.152008
4790555.0,0.37276107,1.0,2.752
4790633.0,0.34827891,1.0,2.064
4790711.0,0.37956733,1.0,2.064
4790789.0,0.36712307,1.0,1.72
4790868.0,0.38073552,1.0,1.72
4790946.0,0.36956117,1.0,1.72
4791024.0,0.35914853,1.0,294.119995
4791102.0,0.35808194,1.0,295.496002
4791180.0,0.37286261,1.0,295.152008
4791258.0,0.37245637,1.0,295.496002
4791336.0,0.35579628,1.0,294.808014
4791414.0,0.37169439,1.0,295.152008
4791492.0,0.36031684,1.0,295.152008
4791571.0,0.36239937,1.0,2.752
4791649.0,0.36199299,1.0,2.064
4791727.0,0.39099565,1.0,1.72
4791805.0,0.35732004,1.0,1.376
4791883.0,0.37215149,1.0,1.376
4791961.0,0.37570703,1.0,1.032
4792039.0,0.37524986,1.0,294.463989
4792117.0,0.3633644,1.0,294.119995
4792196.0,0.35798034,1.0,295.152008
4792274.0,0.35808194,1.0,295.839996
4792352.0,0.38647515,1.0,294.119995
4792430.0,0.34726298,1.0,295.839996
4792508.0,0.36595485,1.0,176.128006
4792586.0,0.37575787,1.0,1.72
4792664.0,0.36585334,1.0,2.408
4792742.0,0.38490045,1.0,1.376
4792820.0,0.36707222,1.0,2.408
4792898.0,0.36382154,1.0,1.376
4792977.0,0.38759252,1.0,118.335999
4793055.0,0.36295807,1.0,295.152008
4793133.0,0.34650117,1.0,295.496002
4793211.0,0.35528833,1.0,295.152008
4793289.0,0.3578788,1.0,294.808014
4793367.0,0.3721008,1.0,294.808014
4793445.0,0.38337675,1.0,294.808014
4793523.0,0.39180836,1.0,1.376
4793601.0,0.38515449,1.0,1.72
4793680.0,0.39622733,1.0,1.72
4793758.0,0.37961799,1.0,1.72
4793836.0,0.39556703,1.0,1.72
4793914.0,0.3761642,1.0,2.064
4793992.0,0.39505905,1.0,297.903992
4794070.0,0.38886234,1.0,295.496002
4794148.0,0.34462184,1.0,295.152008
4794226.0,0.37367526,1.0,295.496002
4794305.0,0.38738939,1.0,295.496002
4794383.0,0.36250091,1.0,294.808014
4794461.0,0.36925644,1.0,294.463989
4794539.0,0.3744373,1.0,2.408
4794617.0,0.37585947,1.0,2.064
4794695.0,0.38815129,1.0,1.376
4794773.0,0.38947186,1.0,1.376
4794851.0,0.37017062,1.0,1.72
4794929.0,0.36097711,1.0,1.72
4795008.0,0.36361834,1.0,293.776001
4795086.0,0.37519911,1.0,295.152008
4795164.0,0.37504676,1.0,295.152008
4795242.0,0.36118034,1.0,295.152008
4795320.0,0.38713545,1.0,295.496002
4795398.0,0.34863448,1.0,295.496002
4795476.0,0.37052619,1.0,296.528015
4795554.0,0.34035522,1.0,3.784
4795633.0,0.37494513,1.0,2.752
4795711.0,0.38205612,1.0,2.752
4795789.0,0.37591016,1.0,2.752
4795867.0,0.38982743,1.0,2.752
4795945.0,0.37286261,1.0,2.752
4796023.0,0.39551622,1.0,294.463989
4796101.0,0.35437408,1.0,295.839996
4796179.0,0.40039241,1.0,295.839996
4796257.0,0.36935797,1.0,296.18399
4796336.0,0.35330749,1.0,295.839996
4796414.0,0.36773252,1.0,295.839996
4796492.0,0.37337053,1.0,295.839996
4796570.0,0.36758015,1.0,3.44
4796648.0,0.39693838,1.0,2.408
4796726.0,0.38388467,1.0,2.408
4796804.0,0.37342137,1.0,2.408
4796882.0,0.390183,1.0,2.064
4796960.0,0.37565619,1.0,2.408
4797039.0,0.36849448,1.0,294.463989
4797117.0,0.3556439,1.0,295.152008
4797195.0,0.34198052,1.0,295.496002
4797273.0,0.36321202,1.0,295.839996
4797351.0,0.379161,1.0,295.496002
4797429.0,0.34670445,1.0,295.496002
4797507.0,0.35610101,1.0,183.352005
4797585.0,0.37921175,1.0,1.72
4797664.0,0.38850686,1.0,2.064
4797742.0,0.35747248,1.0,1.72
4797820.0,0.36702153,1.0,2.408
4797898.0,0.3714405,1.0,2.064
4797976.0,0.38825282,1.0,103.199997
4798054.0,0.37662137,1.0,296.18399
4798132.0,0.3364442,1.0,296.528015
4798210.0,0.35264719,1.0,296.872009
4798288.0,0.35147882,1.0,296.528015
4798366.0,0.37245637,1.0,296.528015
4798445.0,0.35838673,1.0,296.18399
4798523.0,0.37204996,1.0,2.408
4798601.0,0.36412627,1.0,2.408
4798679.0,0.38032919,1.0,2.752
4798757.0,0.36219618,1.0,2.752
4798835.0,0.37215149,1.0,2.408
4798913.0,0.38591638,1.0,2.408
4798992.0,0.3594026,1.0,299.279999
4799070.0,0.36595485,1.0,295.839996
4799148.0,0.35594872,1.0,296.18399
4799226.0,0.34868532,1.0,295.839996
4799304.0,0.38490045,1.0,295.839996
4799382.0,0.38002446,1.0,295.839996
4799460.0,0.36123115,1.0,295.839996
4799538.0,0.36565006,1.0,3.44
4799616.0,0.35747248,1.0,2.408
4799694.0,0.37260872,1.0,2.408
4799773.0,0.37392929,1.0,2.408
4799851.0,0.37027213,1.0,2.408
4799929.0,0.39008132,1.0,2.408
4800007.0,0.37753555,1.0,294.119995
4800085.0,0.35813278,1.0,294.808014
4800163.0,0.35808194,1.0,295.496002
4800241.0,0.35036144,1.0,295.496002
4800319.0,0.35513598,1.0,295.496002
4800398.0,0.35274872,1.0,295.839996
4800476.0,0.36615804,1.0,295.152008
4800554.0,0.35772631,1.0,3.096
4800632.0,0.37718004,1.0,2.064
4800710.0,0.38449413,1.0,1.72
4800788.0,0.36691988,1.0,1.72
4800866.0,0.37662137,1.0,3.44
4800944.0,0.34512982,1.0,3.096
4801022.0,0.34944719,1.0,294.808014
4801100.0,0.35945335,1.0,296.528015
4801179.0,0.35168204,1.0,296.528015
4801257.0,0.36382154,1.0,296.18399
4801335.0,0.35056457,1.0,296.18399
4801413.0,0.3610279,1.0,296.18399
4801491.0,0.35671058,1.0,296.18399
4801569.0,0.3696627,1.0,3.44
4801647.0,0.36219618,1.0,2.408
4801726.0,0.37331983,1.0,2.408
4801804.0,0.3936877,1.0,2.408
4801882.0,0.35792956,1.0,2.408
4801960.0,0.37413248,1.0,2.408
4802038.0,0.36057088,1.0,294.463989
4802116.0,0.36229777,1.0,295.839996
4802194.0,0.3666659,1.0,295.496002
4802272.0,0.35427248,1.0,295.839996
4802350.0,0.37453881,1.0,295.496002
4802428.0,0.37113571,1.0,295.839996
4802507.0,0.36879921,1.0,189.544006
4802585.0,0.3760626,1.0,2.064
4802663.0,0.37971976,1.0,2.064
4802741.0,0.38149735,1.0,2.064
4802819.0,0.36702153,1.0,2.408
4802897.0,0.36691988,1.0,2.064
4802975.0,0.37006903,1.0,94.944
4803053.0,0.38799885,1.0,295.496002
4803132.0,0.365904,1.0,295.496002
4803210.0,0.3594026,1.0,295.496002
4803288.0,0.37067854,1.0,295.496002
4803366.0,0.35985968,1.0,295.496002
4803444.0,0.36976421,1.0,295.496002
4803522.0,0.37006903,1.0,1.72
4803600.0,0.35066625,1.0,3.096
4803678.0,0.38357988,1.0,2.752
4803756.0,0.37154204,1.0,3.096
4803835.0,0.37326902,1.0,3.096
4803913.0,0.36087561,1.0,2.408
4803991.0,0.37921175,1.0,300.312012
4804069.0,0.3706277,1.0,296.18399
4804147.0,0.34700918,1.0,296.18399
4804225.0,0.37905946,1.0,296.18399
4804303.0,0.3672246,1.0,296.528015
4804381.0,0.37657046,1.0,295.839996
4804460.0,0.3633644,1.0,296.528015
4804538.0,0.38266563,1.0,3.44
4804616.0,0.35188514,1.0,2.408
4804694.0,0.36488816,1.0,2.408
4804772.0,0.36920559,1.0,2.408
4804850.0,0.37677366,1.0,2.408
4804928.0,0.34589165,1.0,2.064
4805006.0,0.38139582,1.0,293.088013
4805084.0,0.35488194,1.0,295.496002
4805163.0,0.35483125,1.0,294.808014
4805241.0,0.35447568,1.0,295.152008
4805319.0,0.36006287,1.0,295.152008
4805397.0,0.37585947,1.0,294.808014
4805475.0,0.37311664,1.0,295.152008
4805553.0,0.36818969,1.0,3.44
4805631.0,0.37220231,1.0,2.064
4805709.0,0.36874837,1.0,1.72
4805788.0,0.33121249,1.0,2.064
4805866.0,0.36890087,1.0,2.064
4805944.0,0.35681212,1.0,1.376
4806022.0,0.37342137,1.0,293.776001
4806100.0,0.35483125,1.0,295.152008
4806178.0,0.36549777,1.0,295.152008
4806256.0,0.36636117,1.0,295.496002
4806334.0,0.3719992,1.0,295.152008
4806412.0,0.35518667,1.0,295.152008
4806490.0,0.3680374,1.0,295.152008
4806569.0,0.35335815,1.0,3.096
4806647.0,0.38053232,1.0,1.72
4806725.0,0.36544684,1.0,2.064
4806803.0,0.36128193,1.0,1.72
4806881.0,0.364939,1.0,2.064
4806959.0,0.35737088,1.0,2.064
4807037.0,0.36610723,1.0,293.776001
4807115.0,0.36295807,1.0,294.808014
4807194.0,0.34243777,1.0,295.152008
4807272.0,0.36184061,1.0,295.496002
4807350.0,0.36001211,1.0,295.496002
4807428.0,0.37733242,1.0,295.152008
4807506.0,0.36443099,1.0,193.671997
4807584.0,0.36945948,1.0,2.064
4807662.0,0.38774496,1.0,2.064
4807740.0,0.35640571,1.0,2.064
4807818.0,0.36371994,1.0,2.064
4807896.0,0.37479278,1.0,2.064
4807975.0,0.38164979,1.0,89.783997
4808053.0,0.36402467,1.0,295.152008
4808131.0,0.34238699,1.0,295.496002
4808209.0,0.36778337,1.0,296.18399
4808287.0,0.36265334,1.0,295.496002
4808365.0,0.37479278,1.0,295.839996
4808443.0,0.3367489,1.0,295.152008
4808521.0,0.37453881,1.0,1.376
4808600.0,0.35701531,1.0,3.096
4808678.0,0.38581479,1.0,2.064
4808756.0,0.38393545,1.0,3.096
4808834.0,0.3680374,1.0,2.408
4808912.0,0.37281176,1.0,1.376
4808990.0,0.38073552,1.0,301.343994
4809068.0,0.35655814,1.0,295.496002
4809146.0,0.35935181,1.0,295.839996
4809224.0,0.36275494,1.0,294.808014
4809303.0,0.36143428,1.0,296.18399
4809381.0,0.35843751,1.0,295.152008
4809459.0,0.37230393,1.0,295.152008
4809537.0,0.39861459,1.0,3.096
4809615.0,0.37083089,1.0,2.752
4809693.0,0.38175139,1.0,2.408
4809771.0,0.39323053,1.0,1.72
4809850.0,0.37489432,1.0,1.72
4809928.0,0.3674278,1.0,1.376
4810006.0,0.35899624,1.0,293.776001
4810084.0,0.36818969,1.0,295.152008
4810162.0,0.3611294,1.0,294.808014
4810240.0,0.37718004,1.0,296.18399
4810318.0,0.34619644,1.0,295.839996
4810396.0,0.37179607,1.0,295.839996
4810474.0,0.35290107,1.0,295.496002
4810552.0,0.36087561,1.0,3.44
4810630.0,0.37387854,1.0,2.064
4810709.0,0.3714405,1.0,2.752
4810787.0,0.35315511,1.0,1.72
4810865.0,0.396786,1.0,2.408
4810943.0,0.3594026,1.0,2.064
4811021.0,0.3713389,1.0,294.808014
4811099.0,0.34848204,1.0,295.496002
4811177.0,0.32775861,1.0,295.496002
4811255.0,0.36585334,1.0,295.839996
4811334.0,0.37448806,1.0,295.839996
4811412.0,0.37113571,1.0,295.839996
4811490.0,0.37088174,1.0,296.18399
4811568.0,0.36864683,1.0,3.096
4811646.0,0.36824045,1.0,2.408
4811724.0,0.37519911,1.0,2.064
4811802.0,0.39170685,1.0,2.408
4811880.0,0.37149119,1.0,2.752
4811959.0,0.36072317,1.0,2.408
4812037.0,0.38017675,1.0,294.463989
4812115.0,0.36468497,1.0,295.839996
4812193.0,0.3672246,1.0,295.839996
4812271.0,0.35909778,1.0,296.18399
4812349.0,0.38388467,1.0,295.496002
4812427.0,0.3469075,1.0,295.496002
4812505.0,0.38266563,1.0,204.679993
4812583.0,0.36148503,1.0,2.408
4812662.0,0.38738939,1.0,2.408
4812740.0,0.37519911,1.0,2.752
4812818.0,0.37758636,1.0,2.408
4812896.0,0.37235469,1.0,2.408
4812974.0,0.36869767,1.0,82.216003
4813052.0,0.34944719,1.0,296.18399
4813130.0,0.34716147,1.0,295.496002
4813208.0,0.36143428,1.0,295.839996
4813287.0,0.35259634,1.0,296.18399
4813365.0,0.3746911,1.0,295.839996
4813443.0,0.38906562,1.0,295.496002
4813521.0,0.37347206,1.0,2.064
4813599.0,0.35711685,1.0,2.752
4813677.0,0.38413864,1.0,2.064
4813755.0,0.36783418,1.0,2.064
4813833.0,0.37291345,1.0,2.408
4813911.0,0.39597335,1.0,2.408
4813989.0,0.36173901,1.0,303.063995
4814068.0,0.38205612,1.0,295.839996
4814146.0,0.35610101,1.0,295.839996
4814224.0,0.36519304,1.0,295.496002
4814302.0,0.38144666,1.0,295.496002
4814380.0,0.37250704,1.0,295.839996
4814458.0,0.36585334,1.0,295.496002
4814536.0,0.38185298,1.0,3.44
4814615.0,0.38231006,1.0,2.408
4814693.0,0.37560543,1.0,2.064
4814771.0,0.3778404,1.0,2.408
4814849.0,0.37347206,1.0,2.064
4814927.0,0.39709082,1.0,2.408
4815005.0,0.37768796,1.0,294.463989
4815083.0,0.36697063,1.0,295.496002
4815161.0,0.37311664,1.0,295.839996
4815239.0,0.36681834,1.0,295.496002
4815318.0,0.37347206,1.0,296.528015
4815396.0,0.39124969,1.0,296.18399
4815474.0,0.38175139,1.0,295.496002
4815552.0,0.37697685,1.0,3.096
4815630.0,0.35726929,1.0,2.064
4815708.0,0.38352913,1.0,2.064
4815786.0,0.3683928,1.0,2.064
4815864.0,0.3807863,1.0,1.376
4815942.0,0.37951648,1.0,2.064
4816020.0,0.37768796,1.0,294.119995
4816099.0,0.37057701,1.0,295.496002
4816177.0,0.34985352,1.0,295.152008
4816255.0,0.379161,1.0,295.496002
4816333.0,0.38490045,1.0,295.152008
4816411.0,0.35747248,1.0,295.496002
4816489.0,0.36549777,1.0,295.496002
4816567.0,0.38058317,1.0,3.44
4816645.0,0.3674278,1.0,2.064
4816723.0,0.37255788,1.0,1.032
4816802.0,0.39196065,1.0,2.064
4816880.0,0.36305967,1.0,2.408
4816958.0,0.38276732,1.0,1.72
4817036.0,0.38134506,1.0,294.463989
4817114.0,0.35620251,1.0,295.496002
4817192.0,0.36631033,1.0,295.496002
4817270.0,0.37860224,1.0,295.152008
4817349.0,0.37250704,1.0,295.496002
4817427.0,0.38799885,1.0,295.496002
4817505.0,0.36382154,1.0,210.871994
4817583.0,0.36392307,1.0,2.752
4817661.0,0.38759252,1.0,2.408
4817739.0,0.3672246,1.0,2.064
4817817.0,0.39023381,1.0,1.72
4817895.0,0.379161,1.0,1.72
4817973.0,0.3896243,1.0,75.68
4818051.0,0.36864683,1.0,295.496002
4818130.0,0.35884383,1.0,295.496002
4818208.0,0.36189145,1.0,295.152008
4818286.0,0.37220231,1.0,295.496002
4818364.0,0.3672246,1.0,295.496002
4818442.0,0.3863228,1.0,295.839996
4818520.0,0.39424646,1.0,1.376
4818598.0,0.36930713,1.0,2.064
4818676.0,0.39033535,1.0,2.064
4818755.0,0.38581479,1.0,2.064
4818833.0,0.38357988,1.0,2.064
4818911.0,0.3754023,1.0,2.064
4818989.0,0.3896243,1.0,303.752014
4819067.0,0.35686296,1.0,295.152008
4819145.0,0.34431711,1.0,295.496002
4819223.0,0.35117409,1.0,295.496002
4819301.0,0.36402467,1.0,295.152008
4819379.0,0.38906562,1.0,295.496002
4819458.0,0.36636117,1.0,295.496002
4819536.0,0.37408167,1.0,3.096
4819614.0,0.38637346,1.0,1.72
4819692.0,0.37159279,1.0,2.064
4819770.0,0.3665643,1.0,2.064
4819848.0,0.36051995,1.0,2.064
4819926.0,0.38002446,1.0,2.064
4820004.0,0.38159895,1.0,293.776001
4820082.0,0.36245012,1.0,295.496002
4820161.0,0.36763093,1.0,295.496002
4820239.0,0.35752323,1.0,295.496002
4820317.0,0.36041844,1.0,295.496002
4820395.0,0.37281176,1.0,295.496002
4820473.0,0.34360605,1.0,295.839996
4820551.0,0.34081239,1.0,3.096
4820629.0,0.36940867,1.0,2.064
4820707.0,0.37712923,1.0,2.408
4820786.0,0.3683928,1.0,2.064
4820864.0,0.35671058,1.0,2.064
4820942.0,0.3808879,1.0,2.064
4821020.0,0.34863448,1.0,294.119995
4821098.0,0.38058317,1.0,295.496002
4821176.0,0.37870383,1.0,295.496002
4821254.0,0.34203145,1.0,295.496002
4821332.0,0.35335815,1.0,295.496002
4821410.0,0.37291345,1.0,295.496002
4821489.0,0.36448184,1.0,295.152008
4821567.0,0.3635675,1.0,2.408
4821645.0,0.37824667,1.0,2.064
4821723.0,0.36798656,1.0,2.064
4821801.0,0.39043689,1.0,2.064
4821879.0,0.37123731,1.0,1.72
4821957.0,0.35615182,1.0,1.72
4822035.0,0.37763715,1.0,294.119995
4822113.0,0.34721228,1.0,295.496002
4822192.0,0.36387232,1.0,294.808014
4822270.0,0.33293954,1.0,295.496002
4822348.0,0.3642278,1.0,295.152008
4822426.0,0.3672246,1.0,295.839996
4822504.0,0.36173901,1.0,225.320007
4822582.0,0.36189145,1.0,2.064
4822660.0,0.37712923,1.0,1.72
4822738.0,0.38363072,1.0,2.064
4822817.0,0.36407551,1.0,1.376
4822895.0,0.34766945,1.0,1.72
4822973.0,0.3610279,1.0,69.487999
4823051.0,0.36991674,1.0,295.152008
4823129.0,0.34711069,1.0,294.808014
4823207.0,0.35437408,1.0,295.152008
4823285.0,0.35818353,1.0,295.152008
4823363.0,0.35340899,1.0,295.839996
4823441.0,0.34670445,1.0,295.152008
4823520.0,0.35823438,1.0,1.032
4823598.0,0.34289485,1.0,1.72
4823676.0,0.36702153,1.0,1.376
4823754.0,0.3761642,1.0,1.72
4823832.0,0.35066625,1.0,2.064
4823910.0,0.35879305,1.0,2.064
4823988.0,0.35330749,1.0,305.127991
4824066.0,0.34645042,1.0,295.152008
4824145.0,0.3333458,1.0,295.496002
4824223.0,0.36133268,1.0,295.496002
4824301.0,0.36859608,1.0,295.496002
4824379.0,0.35117409,1.0,295.496002
4824457.0,0.38134506,1.0,295.496002
4824535.0,0.36239937,1.0,3.096
4824613.0,0.36768183,1.0,2.064
4824691.0,0.37585947,1.0,2.064
4824769.0,0.34716147,1.0,2.064
4824848.0,0.36361834,1.0,2.064
4824926.0,0.36727542,1.0,2.408
4825004.0,0.37631655,1.0,293.088013
4825082.0,0.37387854,1.0,295.496002
4825160.0,0.33664739,1.0,295.839996
4825238.0,0.36229777,1.0,295.496002
4825316.0,0.34553608,1.0,295.496002
4825394.0,0.36392307,1.0,295.839996
4825472.0,0.33979645,1.0,296.528015
4825550.0,0.36483741,1.0,2.752
4825629.0,0.35198683,1.0,2.408
4825707.0,0.37895772,1.0,2.408
4825785.0,0.36925644,1.0,2.064
4825863.0,0.37337053,1.0,2.064
4825941.0,0.36082467,1.0,2.064
4826019.0,0.35208842,1.0,293.432007
4826097.0,0.36463428,1.0,294.463989
4826175.0,0.34741542,1.0,295.152008
4826254.0,0.380126,1.0,295.839996
4826332.0,0.360266,1.0,295.839996
4826410.0,0.35528833,1.0,295.839996
4826488.0,0.35798034,1.0,295.839996
4826566.0,0.35371372,1.0,2.752
4826644.0,0.38170061,1.0,2.064
4826722.0,0.35290107,1.0,2.064
4826800.0,0.37758636,1.0,1.72
4826878.0,0.38043073,1.0,2.064
4826957.0,0.3364442,1.0,2.064
4827035.0,0.36915478,1.0,294.119995
4827113.0,0.34436786,1.0,295.496002
4827191.0,0.36062157,1.0,295.496002
4827269.0,0.34792334,1.0,295.152008
4827347.0,0.34863448,1.0,295.496002
4827425.0,0.37519911,1.0,295.496002
4827503.0,0.38149735,1.0,235.639999
4827582.0,0.37398013,1.0,2.064
4827660.0,0.36219618,1.0,2.064
4827738.0,0.37946573,1.0,2.408
4827816.0,0.35488194,1.0,2.064
4827894.0,0.35991052,1.0,2.064
4827972.0,0.36412627,1.0,61.576
4828050.0,0.35686296,1.0,295.496002
4828128.0,0.35660899,1.0,295.496002
4828206.0,0.35031062,1.0,295.496002
4828284.0,0.35640571,1.0,295.496002
4828363.0,0.35472965,1.0,295.496002
4828441.0,0.35533917,1.0,295.152008
4828519.0,0.36300883,1.0,1.032
4828597.0,0.36758015,1.0,2.064
4828675.0,0.36793572,1.0,2.064
4828753.0,0.39272261,1.0,1.72
4828831.0,0.37225309,1.0,2.064
4828910.0,0.36498976,1.0,2.064
4828988.0,0.37692609,1.0,306.503998
4829066.0,0.37377694,1.0,294.463989
4829144.0,0.34716147,1.0,295.496002
4829222.0,0.34335202,1.0,295.839996
4829300.0,0.37113571,1.0,296.18399
4829378.0,0.3428441,1.0,295.496002
4829456.0,0.36239937,1.0,295.839996
4829534.0,0.37789109,1.0,3.44
4829612.0,0.35102174,1.0,3.096
4829691.0,0.37651977,1.0,3.096
4829769.0,0.37067854,1.0,2.408
4829847.0,0.36859608,1.0,2.752
4829925.0,0.34553608,1.0,2.064
4830003.0,0.37509757,1.0,294.808014
4830081.0,0.37225309,1.0,295.839996
4830159.0,0.35142815,1.0,295.839996
4830237.0,0.36443099,1.0,296.18399
4830316.0,0.36854523,1.0,295.839996
4830394.0,0.35848826,1.0,295.152008
4830472.0,0.37895772,1.0,294.808014
4830550.0,0.36712307,1.0,2.408
4830628.0,0.38063392,1.0,1.72
4830706.0,0.39287499,1.0,1.72
4830784.0,0.37159279,1.0,1.72
4830862.0,0.36549777,1.0,1.72
4830940.0,0.37723082,1.0,1.376
4831018.0,0.39099565,1.0,294.119995
4831097.0,0.35396776,1.0,295.152008
4831175.0,0.33588549,1.0,295.152008
4831253.0,0.37428486,1.0,295.152008
4831331.0,0.38073552,1.0,295.496002
4831409.0,0.36173901,1.0,295.152008
4831487.0,0.3768245,1.0,295.152008
4831565.0,0.37103412,1.0,2.752
4831644.0,0.3690024,1.0,1.72
4831722.0,0.37291345,1.0,2.064
4831800.0,0.34411392,1.0,1.72
4831878.0,0.3672246,1.0,2.408
4831956.0,0.37728164,1.0,2.064
4832034.0,0.37057701,1.0,294.463989
4832112.0,0.37042466,1.0,295.839996
4832190.0,0.37225309,1.0,295.839996
4832268.0,0.36529458,1.0,295.839996
4832347.0,0.35711685,1.0,296.18399
4832425.0,0.36285645,1.0,296.18399
4832503.0,0.37880543,1.0,246.647995
4832581.0,0.37423402,1.0,3.096
4832659.0,0.39957961,1.0,2.752
4832737.0,0.37809423,1.0,2.408
4832815.0,0.36280563,1.0,2.752
4832893.0,0.37479278,1.0,2.408
4832971.0,0.35737088,1.0,46.784
4833050.0,0.38449413,1.0,295.496002
4833128.0,0.33720616,1.0,294.808014
4833206.0,0.37179607,1.0,294.808014
4833284.0,0.3674278,1.0,294.463989
4833362.0,0.37712923,1.0,294.808014
4833440.0,0.35975814,1.0,295.496002
4833518.0,0.37321824,1.0,0.688
4833596.0,0.36483741,1.0,1.376
4833675.0,0.38093865,1.0,1.72
4833753.0,0.38104033,1.0,1.72
4833831.0,0.38190383,1.0,1.72
4833909.0,0.38545921,1.0,1.376
4833987.0,0.37707844,1.0,307.191986
4834065.0,0.36636117,1.0,294.808014
4834143.0,0.34396154,1.0,294.808014
4834221.0,0.36001211,1.0,295.496002
4834299.0,0.35828507,1.0,295.496002
4834377.0,0.371288,1.0,295.152008
4834456.0,0.37621489,1.0,295.152008
4834534.0,0.37870383,1.0,3.096
4834612.0,0.3730658,1.0,1.376
4834690.0,0.37626573,1.0,2.064
4834768.0,0.38825282,1.0,2.064
4834846.0,0.35757402,1.0,2.064
4834924.0,0.36214533,1.0,2.408
4835002.0,0.37357372,1.0,294.119995
4835081.0,0.37718004,1.0,295.496002
4835159.0,0.37006903,1.0,295.496002
4835237.0,0.3672246,1.0,295.496002
4835315.0,0.36321202,1.0,295.839996
4835393.0,0.3730658,1.0,296.18399
4835471.0,0.38738939,1.0,295.839996
4835549.0,0.38733855,1.0,3.44
4835627.0,0.38774496,1.0,2.752
4835705.0,0.37398013,1.0,2.752
4835784.0,0.37011987,1.0,2.408
4835862.0,0.36752939,1.0,1.72
4835940.0,0.37687516,1.0,1.72
4836018.0,0.37337053,1.0,293.776001
4836096.0,0.34939635,1.0,294.808014
4836174.0,0.35518667,1.0,295.152008
4836252.0,0.35285032,1.0,294.808014
4836330.0,0.36625957,1.0,295.152008
4836409.0,0.34528211,1.0,294.808014
4836487.0,0.36920559,1.0,295.152008
4836565.0,0.360266,1.0,2.752
4836643.0,0.38261488,1.0,1.72
4836721.0,0.38952261,1.0,1.72
4836799.0,0.35843751,1.0,1.72
4836877.0,0.35417098,1.0,1.72
4836955.0,0.37316734,1.0,1.376
4837033.0,0.34396154,1.0,294.119995
4837112.0,0.35335815,1.0,295.496002
4837190.0,0.38007525,1.0,295.496002
4837268.0,0.35813278,1.0,295.496002
4837346.0,0.38586569,1.0,295.496002
4837424.0,0.33619028,1.0,295.496002
4837502.0,0.36072317,1.0,255.248001
4837580.0,0.35655814,1.0,2.752
4837658.0,0.38815129,1.0,2.064
4837736.0,0.38048157,1.0,2.064
4837815.0,0.37971976,1.0,2.064
4837893.0,0.36631033,1.0,2.752
4837971.0,0.36712307,1.0,33.023998
4838049.0,0.40389705,1.0,294.808014
4838127.0,0.34746626,1.0,295.496002
4838205.0,0.36412627,1.0,296.18399
4838283.0,0.365904,1.0,295.839996
4838361.0,0.36209464,1.0,295.496002
4838440.0,0.38464665,1.0,294.808014
4838518.0,0.36341521,1.0,1.376
4838596.0,0.37870383,1.0,2.064
4838674.0,0.37641817,1.0,2.064
4838752.0,0.37448806,1.0,2.064
4838830.0,0.37017062,1.0,1.72
4838908.0,0.36788496,1.0,2.064
4838986.0,0.37017062,1.0,307.880005
4839064.0,0.37758636,1.0,294.463989
4839142.0,0.35031062,1.0,295.152008
4839221.0,0.34726298,1.0,294.808014
4839299.0,0.35401845,1.0,294.808014
4839377.0,0.36326277,1.0,295.152008
4839455.0,0.39536378,1.0,295.152008
4839533.0,0.37433556,1.0,2.752
4839611.0,0.37321824,1.0,2.064
4839689.0,0.37524986,1.0,2.064
4839768.0,0.37662137,1.0,1.72
4839846.0,0.3666659,1.0,2.064
4839924.0,0.36549777,1.0,2.064
4840002.0,0.36636117,1.0,293.432007
4840080.0,0.34858364,1.0,295.152008
4840158.0,0.35102174,1.0,295.496002
4840236.0,0.36072317,1.0,295.152008
4840314.0,0.35610101,1.0,295.496002
4840392.0,0.38058317,1.0,295.152008
4840471.0,0.36483741,1.0,295.496002
4840549.0,0.37433556,1.0,3.096
4840627.0,0.33522514,1.0,2.064
4840705.0,0.37865299,1.0,1.72
4840783.0,0.36483741,1.0,2.064
4840861.0,0.3673771,1.0,2.064
4840939.0,0.37408167,1.0,2.064
4841017.0,0.35996127,1.0,293.776001
4841096.0,0.34995505,1.0,295.152008
4841174.0,0.3998844,1.0,295.152008
4841252.0,0.37667212,1.0,295.496002
4841330.0,0.38129422,1.0,295.496002
4841408.0,0.36798656,1.0,295.152008
4841486.0,0.35833588,1.0,295.152008
4841564.0,0.36387232,1.0,2.752
4841642.0,0.38429099,1.0,2.064
4841720.0,0.37530071,1.0,2.064
4841798.0,0.36199299,1.0,2.064
4841876.0,0.36412627,1.0,1.032
4841955.0,0.36214533,1.0,2.064
4842033.0,0.33806965,1.0,294.119995
4842111.0,0.36869767,1.0,295.496002
4842189.0,0.35183439,1.0,295.839996
4842267.0,0.36316118,1.0,295.152008
4842345.0,0.34325042,1.0,295.496002
4842423.0,0.36864683,1.0,295.839996
4842502.0,0.36351675,1.0,259.376007
4842580.0,0.35909778,1.0,2.752
4842658.0,0.3601644,1.0,2.064
4842736.0,0.36813891,1.0,2.064
4842814.0,0.37677366,1.0,2.064
4842892.0,0.37118647,1.0,2.064
4842970.0,0.36783418,1.0,18.92
4843048.0,0.38393545,1.0,294.808014
4843126.0,0.3398473,1.0,295.496002
4843204.0,0.35279948,1.0,295.496002
4843283.0,0.36239937,1.0,295.496002
4843361.0,0.34949797,1.0,295.496002
4843439.0,0.35523751,1.0,295.496002
4843517.0,0.37362456,1.0,1.032
4843595.0,0.34939635,1.0,2.064
4843673.0,0.3850022,1.0,1.72
4843751.0,0.37657046,1.0,2.064
4843829.0,0.36046913,1.0,2.064
4843908.0,0.37667212,1.0,2.064
4843986.0,0.36209464,1.0,308.223999
4844064.0,0.3777388,1.0,295.496002
4844142.0,0.35046297,1.0,295.496002
4844220.0,0.37875459,1.0,295.496002
4844298.0,0.33400622,1.0,295.496002
4844376.0,0.36209464,1.0,295.496002
4844454.0,0.36341521,1.0,295.496002
4844532.0,0.35544071,1.0,3.096
4844611.0,0.35076785,1.0,2.064
4844689.0,0.36163741,1.0,2.064
4844767.0,0.3531042,1.0,2.064
4844845.0,0.36392307,1.0,2.064
4844923.0,0.34228539,1.0,2.064
4845001.0,0.36326277,1.0,294.119995
4845079.0,0.37545308,1.0,295.496002
4845157.0,0.36331362,1.0,295.496002
4845236.0,0.35076785,1.0,295.496002
4845314.0,0.37281176,1.0,295.496002
4845392.0,0.39109731,1.0,295.496002
4845470.0,0.38109109,1.0,295.496002
4845548.0,0.37072939,1.0,3.096
4845626.0,0.36184061,1.0,2.064
4845704.0,0.36509129,1.0,2.064
4845782.0,0.36544684,1.0,2.064
4845860.0,0.35874221,1.0,2.064
4845939.0,0.36412627,1.0,1.72
4846017.0,0.3611294,1.0,294.119995
4846095.0,0.3578788,1.0,295.496002
4846173.0,0.35412014,1.0,295.496002
4846251.0,0.35259634,1.0,295.496002
4846329.0,0.35833588,1.0,295.496002
4846407.0,0.36168817,1.0,295.496002
4846485.0,0.37667212,1.0,295.496002
4846563.0,0.36483741,1.0,3.096
4846642.0,0.34858364,1.0,2.064
4846720.0,0.38454497,1.0,1.72
4846798.0,0.36463428,1.0,2.064
4846876.0,0.37499583,1.0,2.752
4846954.0,0.38109109,1.0,2.752
4847032.0,0.36849448,1.0,294.808014
4847110.0,0.35447568,1.0,295.839996
4847188.0,0.35467881,1.0,296.18399
4847266.0,0.34558693,1.0,296.528015
4847345.0,0.36128193,1.0,296.18399
4847423.0,0.39241788,1.0,295.839996
4847501.0,0.37870383,1.0,266.256012
4847579.0,0.35218996,1.0,3.44
4847657.0,0.38373232,1.0,2.408
4847735.0,0.36062157,1.0,1.72
4847813.0,0.38667828,1.0,2.408
4847891.0,0.36661515,1.0,2.408
4847970.0,0.33933938,1.0,11.352
4848048.0,0.37611336,1.0,295.152008
4848126.0,0.34863448,1.0,295.496002
4848204.0,0.35432324,1.0,295.496002
4848282.0,0.33385372,1.0,295.839996
4848360.0,0.36818969,1.0,295.839996
4848438.0,0.35335815,1.0,295.839996
4848516.0,0.38083705,1.0,5.16
4848595.0,0.36920559,1.0,2.064
4848673.0,0.36346599,1.0,2.064
4848751.0,0.3643294,1.0,1.72
4848829.0,0.3808879,1.0,1.72
4848907.0,0.36463428,1.0,1.72
4848985.0,0.35066625,1.0,307.191986
4849063.0,0.3636691,1.0,295.496002
4849141.0,0.34639958,1.0,295.496002
4849219.0,0.37357372,1.0,295.496002
4849297.0,0.3351236,1.0,295.496002
4849376.0,0.34832975,1.0,295.496002
4849454.0,0.36905316,1.0,295.496002
4849532.0,0.3667675,1.0,3.096
4849610.0,0.36625957,1.0,2.408
4849688.0,0.38246259,1.0,3.44
4849766.0,0.36509129,1.0,2.752
4849844.0,0.37662137,1.0,2.752
4849922.0,0.36702153,1.0,3.096
4850000.0,0.35650733,1.0,294.808014
4850079.0,0.36869767,1.0,296.18399
4850157.0,0.35086939,1.0,296.18399
4850235.0,0.3760626,1.0,296.18399
4850313.0,0.36778337,1.0,295.839996
4850391.0,0.37352297,1.0,295.496002
4850469.0,0.36295807,1.0,296.18399
4850547.0,0.37723082,1.0,3.096
4850625.0,0.36448184,1.0,2.064
4850704.0,0.37728164,1.0,2.752
4850782.0,0.38449413,1.0,2.064
4850860.0,0.35132653,1.0,2.408
4850938.0,0.365904,1.0,2.064
4851016.0,0.38474816,1.0,293.776001
4851094.0,0.36620873,1.0,295.152008
4851172.0,0.33629182,1.0,295.152008
4851250.0,0.3626025,1.0,295.152008
4851329.0,0.37174523,1.0,295.496002
4851407.0,0.3713389,1.0,295.496002
4851485.0,0.36884996,1.0,295.496002
4851563.0,0.35142815,1.0,3.44
4851641.0,0.37555459,1.0,2.064
4851719.0,0.38444343,1.0,2.064
4851797.0,0.35985968,1.0,2.064
4851875.0,0.3635675,1.0,2.064
4851953.0,0.36727542,1.0,2.064
4852031.0,0.37956733,1.0,294.119995
4852110.0,0.36991674,1.0,295.496002
4852188.0,0.36661515,1.0,295.496002
4852266.0,0.34167579,1.0,295.152008
4852344.0,0.35777721,1.0,296.18399
4852422.0,0.35894534,1.0,296.18399
4852500.0,0.36895156,1.0,271.415985
4852578.0,0.34655192,1.0,3.784
4852656.0,0.37113571,1.0,2.408
4852735.0,0.38317356,1.0,2.752
4852813.0,0.37982127,1.0,2.408
4852891.0,0.36895156,1.0,2.752
4852969.0,0.35432324,1.0,6.88
4853047.0,0.36051995,1.0,294.463989
4853125.0,0.36067238,1.0,295.839996
4853203.0,0.34192985,1.0,296.18399
4853281.0,0.37743393,1.0,295.839996
4853359.0,0.36067238,1.0,295.839996
4853438.0,0.38601792,1.0,294.808014
4853516.0,0.39043689,1.0,8.256
4853594.0,0.35884383,1.0,2.408
4853672.0,0.39292583,1.0,2.064
4853750.0,0.3658025,1.0,2.408
4853828.0,0.37027213,1.0,2.408
4853906.0,0.38119262,1.0,2.064
4853984.0,0.36981514,1.0,305.127991
4854062.0,0.39328137,1.0,295.496002
4854141.0,0.34096482,1.0,295.496002
4854219.0,0.37453881,1.0,295.496002
4854297.0,0.34126955,1.0,295.496002
4854375.0,0.37245637,1.0,295.496002
4854453.0,0.35097089,1.0,295.839996
4854531.0,0.36412627,1.0,3.096
4854609.0,0.36295807,1.0,2.064
4854688.0,0.37809423,1.0,2.064
4854766.0,0.360266,1.0,2.408
4854844.0,0.35330749,1.0,2.064
4854922.0,0.37789109,1.0,2.752
4855000.0,0.36443099,1.0,295.839996
4855078.0,0.36884996,1.0,297.216003
4855156.0,0.35457721,1.0,297.216003
4855234.0,0.34822822,1.0,296.18399
4855312.0,0.36275494,1.0,296.18399
4855390.0,0.36539608,1.0,295.839996
4855469.0,0.37931329,1.0,295.496002
4855547.0,0.36458343,1.0,3.096
4855625.0,0.37255788,1.0,2.408
4855703.0,0.37524986,1.0,2.408
4855781.0,0.39038619,1.0,2.408
4855859.0,0.36478657,1.0,2.408
4855937.0,0.36006287,1.0,2.408
4856015.0,0.35803115,1.0,294.463989
4856094.0,0.37037376,1.0,295.496002
4856172.0,0.38195449,1.0,295.496002
4856250.0,0.36239937,1.0,295.839996
4856328.0,0.35584694,1.0,295.839996
4856406.0,0.38749099,1.0,294.808014
4856484.0,0.34512982,1.0,295.839996
4856562.0,0.35351059,1.0,3.096
4856640.0,0.3768245,1.0,2.064
4856718.0,0.36067238,1.0,2.064
4856796.0,0.37611336,1.0,2.408
4856875.0,0.34736472,1.0,1.72
4856953.0,0.37423402,1.0,2.064
4857031.0,0.39190996,1.0,294.463989
4857109.0,0.37296429,1.0,295.496002
4857187.0,0.37215149,1.0,295.496002
4857265.0,0.38225931,1.0,295.152008
4857343.0,0.38164979,1.0,295.496002
4857421.0,0.37565619,1.0,295.839996
4857500.0,0.37662137,1.0,277.264008
4857578.0,0.36951032,1.0,2.408
4857656.0,0.37006903,1.0,1.72
4857734.0,0.38357988,1.0,1.376
4857812.0,0.35732004,1.0,2.408
4857890.0,0.3746911,1.0,2.064
4857968.0,0.36824045,1.0,1.376
4858046.0,0.34975201,1.0,293.776001
4858124.0,0.3578788,1.0,295.152008
4858203.0,0.37301496,1.0,295.496002
4858281.0,0.36824045,1.0,295.839996
4858359.0,0.34116796,1.0,295.496002
4858437.0,0.37362456,1.0,296.18399
4858515.0,0.34838051,1.0,14.104
4858593.0,0.36123115,1.0,2.064
4858671.0,0.3680374,1.0,2.064
4858749.0,0.36971346,1.0,2.064
4858828.0,0.36189145,1.0,3.096
4858906.0,0.36646277,1.0,2.408
4858984.0,0.36290723,1.0,301.0
4859062.0,0.37677366,1.0,295.496002
4859140.0,0.34452024,1.0,294.463989
4859218.0,0.36976421,1.0,295.496002
4859296.0,0.3768245,1.0,295.496002
4859374.0,0.35325664,1.0,295.496002
4859452.0,0.36869767,1.0,294.463989
4859530.0,0.36544684,1.0,3.096
4859609.0,0.34391078,1.0,1.72
4859687.0,0.40669057,1.0,1.72
4859765.0,0.36402467,1.0,2.064
4859843.0,0.35833588,1.0,1.72
4859921.0,0.35452637,1.0,2.064
4859999.0,0.35798034,1.0,294.119995
4860077.0,0.3672246,1.0,295.496002
4860156.0,0.34726298,1.0,295.496002
4860234.0,0.35086939,1.0,295.496002
4860312.0,0.3610279,1.0,295.496002
4860390.0,0.35351059,1.0,295.839996
4860468.0,0.36691988,1.0,295.496002
4860546.0,0.37387854,1.0,3.096
4860624.0,0.37667212,1.0,2.064
4860702.0,0.38789725,1.0,2.064
4860780.0,0.35610101,1.0,2.064
4860859.0,0.35544071,1.0,2.064
4860937.0,0.36752939,1.0,2.064
4861015.0,0.34934559,1.0,294.119995
4861093.0,0.35691372,1.0,295.496002
4861171.0,0.36519304,1.0,295.496002
4861249.0,0.34045675,1.0,295.496002
4861327.0,0.36646277,1.0,295.496002
4861405.0,0.37905946,1.0,295.496002
4861483.0,0.35919937,1.0,295.496002
4861562.0,0.34309804,1.0,3.096
4861640.0,0.35762477,1.0,2.064
4861718.0,0.37636733,1.0,1.72
4861796.0,0.35173285,1.0,2.064
4861874.0,0.36189145,1.0,2.064
4861952.0,0.35483125,1.0,2.408
4862030.0,0.34660271,1.0,294.119995
4862108.0,0.35742158,1.0,295.496002
4862186.0,0.3627041,1.0,295.496002
4862264.0,0.36402467,1.0,295.496002
4862343.0,0.34985352,1.0,295.496002
4862421.0,0.37530071,1.0,295.496002
4862499.0,0.34304729,1.0,281.735992
4862577.0,0.35269788,1.0,3.096
4862655.0,0.36245012,1.0,2.064
4862733.0,0.36311042,1.0,2.064
4862811.0,0.36712307,1.0,2.064
4862890.0,0.37057701,1.0,2.064
4862968.0,0.33426011,1.0,1.032
4863046.0,0.36300883,1.0,294.119995
4863124.0,0.3453837,1.0,295.496002
4863202.0,0.37265947,1.0,295.496002
4863280.0,0.35412014,1.0,295.496002
4863358.0,0.37342137,1.0,295.496002
4863436.0,0.35879305,1.0,295.496002
4863514.0,0.35533917,1.0,19.264
4863592.0,0.37159279,1.0,1.72
4863671.0,0.40826517,1.0,2.064
4863749.0,0.36118034,1.0,2.064
4863827.0,0.36691988,1.0,2.064
4863905.0,0.37591016,1.0,2.064
4863983.0,0.35645655,1.0,292.399994
4864061.0,0.35503438,1.0,295.152008
4864139.0,0.33060303,1.0,295.496002
4864217.0,0.36133268,1.0,295.152008
4864296.0,0.36473581,1.0,295.152008
4864374.0,0.35335815,1.0,295.152008
4864452.0,0.35737088,1.0,295.496002
4864530.0,0.37001824,1.0,2.408
4864608.0,0.34573928,1.0,1.72
4864686.0,0.36798656,1.0,1.72
4864764.0,0.35574543,1.0,2.064
4864842.0,0.35716769,1.0,2.064
4864920.0,0.37296429,1.0,2.064
4864999.0,0.35412014,1.0,294.119995
4865077.0,0.35178354,1.0,295.496002
4865155.0,0.33136493,1.0,295.496002
4865233.0,0.35285032,1.0,295.496002
4865311.0,0.36173901,1.0,295.152008
4865389.0,0.34426636,1.0,295.496002
4865467.0,0.36295807,1.0,295.839996
4865545.0,0.33862826,1.0,3.096
4865624.0,0.34822822,1.0,2.408
4865702.0,0.38789725,1.0,1.376
4865780.0,0.36874837,1.0,2.408
4865858.0,0.35544071,1.0,2.064
4865936.0,0.36209464,1.0,1.72
4866014.0,0.36173901,1.0,294.119995
4866092.0,0.34132025,1.0,295.496002
4866170.0,0.3642278,1.0,295.496002
4866248.0,0.34330127,1.0,295.496002
4866326.0,0.36285645,1.0,295.496002
4866405.0,0.35945335,1.0,295.496002
4866483.0,0.35488194,1.0,295.496002
4866561.0,0.35163134,1.0,2.752
4866639.0,0.3666659,1.0,2.064
4866717.0,0.38073552,1.0,2.408
4866795.0,0.39201155,1.0,2.064
4866873.0,0.35635504,1.0,1.72
4866952.0,0.34995505,1.0,2.064
4867030.0,0.3532058,1.0,294.119995
4867108.0,0.36021525,1.0,295.152008
4867186.0,0.36021525,1.0,295.152008
4867264.0,0.33517438,1.0,295.152008
4867342.0,0.36443099,1.0,295.839996
4867420.0,0.36504051,1.0,295.839996
4867498.0,0.35681212,1.0,288.615997
4867576.0,0.34238699,1.0,3.44
4867654.0,0.37966892,1.0,3.096
4867733.0,0.3665643,1.0,2.408
4867811.0,0.36758015,1.0,3.096
4867889.0,0.36158666,1.0,2.752
4867967.0,0.37875459,1.0,1.032
4868045.0,0.33095869,1.0,295.152008
4868123.0,0.32694596,1.0,295.839996
4868201.0,0.35574543,1.0,295.496002
4868279.0,0.34264088,1.0,295.496002
4868358.0,0.3499043,1.0,295.496002
4868436.0,0.34584087,1.0,295.496002
4868514.0,0.35315511,1.0,24.768
4868592.0,0.35879305,1.0,2.064
4868670.0,0.36707222,1.0,2.064
4868748.0,0.37758636,1.0,2.064
4868826.0,0.35635504,1.0,2.064
4868904.0,0.36895156,1.0,2.064
4868982.0,0.34731388,1.0,278.984009
4869061.0,0.35818353,1.0,295.496002
4869139.0,0.34441862,1.0,295.496002
4869217.0,0.36382154,1.0,295.496002
4869295.0,0.35574543,1.0,295.496002
4869373.0,0.37189761,1.0,295.496002
4869451.0,0.34319958,1.0,295.496002
4869529.0,0.37565619,1.0,3.096
4869607.0,0.37545308,1.0,2.064
4869685.0,0.36991674,1.0,2.064
4869764.0,0.37489432,1.0,2.064
4869842.0,0.37631655,1.0,2.064
4869920.0,0.38007525,1.0,2.064
4869998.0,0.36229777,1.0,293.776001
4870076.0,0.37855145,1.0,295.496002
4870154.0,0.34462184,1.0,295.152008
4870232.0,0.37448806,1.0,295.496002
4870310.0,0.36331362,1.0,295.496002
4870389.0,0.36300883,1.0,294.808014
4870467.0,0.37895772,1.0,295.496002
4870545.0,0.39790347,1.0,2.408
4870623.0,0.36001211,1.0,1.72
4870701.0,0.3635675,1.0,2.064
4870779.0,0.37189761,1.0,1.72
4870857.0,0.36255175,1.0,1.72
4870935.0,0.35533917,1.0,1.72
4871013.0,0.37291345,1.0,293.776001
4871091.0,0.3642787,1.0,295.152008
4871170.0,0.35879305,1.0,295.496002
4871248.0,0.36234847,1.0,295.152008
4871326.0,0.34050766,1.0,295.152008
4871404.0,0.35848826,1.0,295.496002
4871482.0,0.36453259,1.0,294.808014
4871560.0,0.33715531,1.0,2.752
4871638.0,0.37098327,1.0,1.376
4871717.0,0.36341521,1.0,1.72
4871795.0,0.37611336,1.0,2.064
4871873.0,0.37042466,1.0,2.064
4871951.0,0.37591016,1.0,1.72
4872029.0,0.36128193,1.0,293.432007
4872107.0,0.36107871,1.0,295.152008
4872185.0,0.35315511,1.0,295.839996
4872263.0,0.36331362,1.0,295.496002
4872341.0,0.38281798,1.0,295.496002
4872420.0,0.35620251,1.0,295.152008
4872498.0,0.38840532,1.0,293.776001
4872576.0,0.38886234,1.0,3.44
4872654.0,0.36824045,1.0,1.376
4872732.0,0.36661515,1.0,2.408
4872810.0,0.37921175,1.0,1.376
4872888.0,0.36976421,1.0,2.064
4872966.0,0.37220231,1.0,0.688
4873044.0,0.36382154,1.0,294.119995
4873123.0,0.33964416,1.0,295.152008
4873201.0,0.3597073,1.0,295.496002
4873279.0,0.36930713,1.0,294.808014
4873357.0,0.36651361,1.0,295.496002
4873435.0,0.36905316,1.0,295.839996
4873513.0,0.35818353,1.0,29.24
4873591.0,0.36062157,1.0,2.064
4873669.0,0.38170061,1.0,2.064
4873747.0,0.37926251,1.0,2.064
4873826.0,0.3667675,1.0,2.064
4873904.0,0.37337053,1.0,2.064
4873982.0,0.35843751,1.0,262.471985
4874060.0,0.36123115,1.0,295.496002
4874138.0,0.3381204,1.0,295.839996
4874216.0,0.34899002,1.0,295.152008
4874294.0,0.34441862,1.0,295.496002
4874372.0,0.36275494,1.0,295.839996
4874450.0,0.35843751,1.0,295.496002
4874529.0,0.36057088,1.0,3.096
4874607.0,0.33217767,1.0,2.064
4874685.0,0.37230393,1.0,1.72
4874763.0,0.34040606,1.0,2.064
4874841.0,0.35681212,1.0,2.064
4874919.0,0.37418327,1.0,1.72
4874997.0,0.35020909,1.0,294.119995
4875075.0,0.3627041,1.0,295.839996
4875154.0,0.33776483,1.0,296.18399
4875232.0,0.36707222,1.0,294.808014
4875310.0,0.36864683,1.0,296.528015
4875388.0,0.35574543,1.0,295.152008
4875466.0,0.34360605,1.0,294.808014
4875544.0,0.34716147,1.0,3.096
4875622.0,0.37474203,1.0,1.376
4875700.0,0.37596101,1.0,2.064
4875778.0,0.37240553,1.0,1.376
4875857.0,0.35960564,1.0,2.064
4875935.0,0.35000589,1.0,1.376
4876013.0,0.35752323,1.0,294.119995
4876091.0,0.3768245,1.0,294.808014
4876169.0,0.3578788,1.0,296.18399
4876247.0,0.35858992,1.0,295.152008
4876325.0,0.35691372,1.0,295.496002
4876403.0,0.36595485,1.0,295.496002
4876482.0,0.34883767,1.0,295.496002
4876560.0,0.36641192,1.0,2.752
4876638.0,0.34309804,1.0,1.72
4876716.0,0.35610101,1.0,2.064
4876794.0,0.33400622,1.0,2.064
4876872.0,0.35584694,1.0,2.064
4876950.0,0.35894534,1.0,1.376
4877028.0,0.36915478,1.0,294.119995
4877106.0,0.35315511,1.0,295.496002
4877184.0,0.34924391,1.0,295.839996
4877263.0,0.34492663,1.0,295.496002
4877341.0,0.3525455,1.0,295.839996
4877419.0,0.35188514,1.0,295.496002
4877497.0,0.35437408,1.0,296.872009
4877575.0,0.33959335,1.0,3.096
4877653.0,0.37352297,1.0,2.408
4877731.0,0.35330749,1.0,2.064
4877809.0,0.35691372,1.0,2.408
4877888.0,0.34639958,1.0,2.064
4877966.0,0.35935181,1.0,1.032
4878044.0,0.37712923,1.0,294.119995
4878122.0,0.32135877,1.0,295.839996
4878200.0,0.365904,1.0,295.496002
4878278.0,0.35036144,1.0,295.496002
4878356.0,0.35142815,1.0,295.839996
4878434.0,0.35036144,1.0,295.496002
4878512.0,0.35874221,1.0,36.119999
4878591.0,0.34736472,1.0,2.064
4878669.0,0.37057701,1.0,2.064
4878747.0,0.36915478,1.0,2.064
4878825.0,0.34528211,1.0,2.064
4878903.0,0.34756786,1.0,2.064
4878981.0,0.36285645,1.0,254.216003
4879059.0,0.3760626,1.0,295.152008
4879137.0,0.33126339,1.0,295.496002
4879216.0,0.36661515,1.0,295.496002
4879294.0,0.34502822,1.0,295.496002
4879372.0,0.37001824,1.0,295.496002
4879450.0,0.35229161,1.0,295.496002
4879528.0,0.34888852,1.0,3.096
4879606.0,0.36605638,1.0,2.064
4879684.0,0.3738277,1.0,2.064
4879762.0,0.36509129,1.0,2.064
4879840.0,0.36859608,1.0,2.064
4879918.0,0.37545308,1.0,2.064
4879997.0,0.34939635,1.0,294.119995
4880075.0,0.34452024,1.0,295.496002
4880153.0,0.35935181,1.0,295.496002
4880231.0,0.35340899,1.0,295.496002
4880309.0,0.35965654,1.0,295.839996
4880387.0,0.35808194,1.0,295.496002
4880465.0,0.33639336,1.0,295.496002
4880544.0,0.35056457,1.0,2.408
4880622.0,0.35046297,1.0,1.72
4880700.0,0.37118647,1.0,1.72
4880778.0,0.36311042,1.0,1.72
4880856.0,0.36844364,1.0,2.408
4880934.0,0.34233618,1.0,2.752
4881012.0,0.33293954,1.0,293.776001
4881090.0,0.34370759,1.0,295.839996
4881168.0,0.36046913,1.0,295.152008
4881247.0,0.35828507,1.0,295.496002
4881325.0,0.34071079,1.0,295.839996
4881403.0,0.35351059,1.0,295.839996
4881481.0,0.33410776,1.0,295.496002
4881559.0,0.35904703,1.0,3.096
4881637.0,0.37931329,1.0,1.72
4881715.0,0.35925022,1.0,2.408
4881793.0,0.3597073,1.0,1.72
4881872.0,0.35203758,1.0,1.376
4881950.0,0.35965654,1.0,1.376
4882028.0,0.33324426,1.0,293.776001
4882106.0,0.33700293,1.0,294.808014
4882184.0,0.32516822,1.0,294.808014
4882262.0,0.3387807,1.0,295.152008
4882340.0,0.35203758,1.0,295.152008
4882418.0,0.35234231,1.0,295.152008
4882496.0,0.36143428,1.0,297.559998
4882574.0,0.36377072,1.0,2.752
4882652.0,0.3690024,1.0,1.72
4882731.0,0.34868532,1.0,1.72
4882809.0,0.36067238,1.0,2.064
4882887.0,0.3754023,1.0,2.064
4882965.0,0.35579628,1.0,1.376
4883043.0,0.33116174,1.0,294.119995
4883121.0,0.34091398,1.0,295.152008
4883199.0,0.35401845,1.0,295.152008
4883278.0,0.36118034,1.0,296.18399
4883356.0,0.34995505,1.0,296.18399
4883434.0,0.34700918,1.0,296.18399
4883512.0,0.35884383,1.0,42.312
4883590.0,0.34319958,1.0,2.408
4883668.0,0.40943345,1.0,2.752
4883746.0,0.36123115,1.0,2.408
4883824.0,0.36813891,1.0,2.752
4883902.0,0.34319958,1.0,2.752
4883980.0,0.35737088,1.0,244.927994
4884059.0,0.34116796,1.0,295.496002
4884137.0,0.31902227,1.0,295.839996
4884215.0,0.36920559,1.0,296.18399
4884293.0,0.34370759,1.0,295.152008
4884371.0,0.36178976,1.0,295.152008
4884449.0,0.37596101,1.0,295.839996
4884527.0,0.34558693,1.0,2.752
4884605.0,0.35295191,1.0,1.72
4884684.0,0.3665643,1.0,1.376
4884762.0,0.36534524,1.0,2.064
4884840.0,0.34619644,1.0,1.72
4884918.0,0.34787259,1.0,2.064
4884996.0,0.35295191,1.0,293.432007
4885074.0,0.35513598,1.0,295.152008
4885152.0,0.35041228,1.0,294.808014
4885230.0,0.33522514,1.0,295.496002
4885308.0,0.34248853,1.0,295.496002
4885387.0,0.35884383,1.0,294.808014
4885465.0,0.33903465,1.0,294.463989
4885543.0,0.34970108,1.0,2.752
4885621.0,0.36062157,1.0,1.376
4885699.0,0.36529458,1.0,1.376
4885777.0,0.34888852,1.0,1.032
4885855.0,0.35985968,1.0,1.72
4885933.0,0.34035522,1.0,1.72
4886012.0,0.35508513,1.0,294.463989
4886090.0,0.36148503,1.0,295.839996
4886168.0,0.3364442,1.0,295.839996
4886246.0,0.33055219,1.0,295.496002
4886324.0,0.34695825,1.0,295.496002
4886402.0,0.34965032,1.0,295.839996
4886480.0,0.37646893,1.0,295.839996
4886558.0,0.3522408,1.0,3.096
4886636.0,0.34406313,1.0,2.064
4886715.0,0.3601644,1.0,2.064
4886793.0,0.34198052,1.0,2.064
4886871.0,0.35914853,1.0,1.72
4886949.0,0.34071079,1.0,2.064
4887027.0,0.35935181,1.0,294.119995
4887105.0,0.35569474,1.0,295.496002
4887183.0,0.34396154,1.0,295.496002
4887261.0,0.35467881,1.0,295.152008
4887340.0,0.35158041,1.0,295.152008
4887418.0,0.33166966,1.0,295.152008
4887496.0,0.35884383,1.0,297.559998
4887574.0,0.34411392,1.0,2.752
4887652.0,0.3721008,1.0,1.72
4887730.0,0.33939022,1.0,1.72
4887808.0,0.36468497,1.0,1.72
4887886.0,0.35422164,1.0,1.72
4887964.0,0.34259012,1.0,1.032
4888042.0,0.34157428,1.0,294.119995
4888121.0,0.33095869,1.0,295.152008
4888199.0,0.34518051,1.0,295.152008
4888277.0,0.34060925,1.0,295.152008
4888355.0,0.33131409,1.0,294.808014
4888433.0,0.36214533,1.0,295.152008
4888511.0,0.33832359,1.0,45.063999
4888589.0,0.35208842,1.0,1.72
4888667.0,0.37245637,1.0,1.376
4888746.0,0.35356137,1.0,1.376
4888824.0,0.35777721,1.0,1.72
4888902.0,0.36041844,1.0,1.376
4888980.0,0.36488816,1.0,240.112
4889058.0,0.34289485,1.0,295.496002
4889136.0,0.34096482,1.0,296.18399
4889214.0,0.34619644,1.0,295.839996
4889292.0,0.35732004,1.0,295.839996
4889370.0,0.37067854,1.0,295.496002
4889449.0,0.34639958,1.0,295.496002
4889527.0,0.34970108,1.0,3.096
4889605.0,0.35391691,1.0,2.064
4889683.0,0.38652599,1.0,2.064
4889761.0,0.36229777,1.0,2.064
4889839.0,0.38657668,1.0,2.064
4889917.0,0.35645655,1.0,2.064
4889995.0,0.36305967,1.0,292.743988
4890074.0,0.36615804,1.0,294.119995
4890152.0,0.36143428,1.0,293.776001
4890230.0,0.3594026,1.0,294.463989
4890308.0,0.35412014,1.0,295.152008
4890386.0,0.37057701,1.0,295.152008
4890464.0,0.36295807,1.0,295.496002
4890542.0,0.35559306,1.0,2.752
4890620.0,0.35122487,1.0,1.72
4890699.0,0.36986589,1.0,2.064
4890777.0,0.33629182,1.0,2.064
4890855.0,0.37047541,1.0,1.72
4890933.0,0.37260872,1.0,1.72
4891011.0,0.34269172,1.0,293.432007
4891089.0,0.36204374,1.0,295.152008
4891167.0,0.34954879,1.0,294.808014
4891245.0,0.32623485,1.0,295.496002
4891323.0,0.34756786,1.0,295.496002
4891401.0,0.35122487,1.0,295.496002
4891480.0,0.3643294,1.0,295.152008
4891558.0,0.36935797,1.0,2.752
4891636.0,0.34426636,1.0,1.72
4891714.0,0.35777721,1.0,2.064
4891792.0,0.3594026,1.0,1.376
4891870.0,0.38373232,1.0,2.752
4891948.0,0.37438637,1.0,2.064
4892026.0,0.36849448,1.0,294.119995
4892105.0,0.36118034,1.0,295.152008
4892183.0,0.33629182,1.0,295.152008
4892261.0,0.35645655,1.0,295.496002
4892339.0,0.35716769,1.0,295.496002
4892417.0,0.35158041,1.0,296.18399
4892495.0,0.36651361,1.0,297.903992
4892573.0,0.36351675,1.0,2.064
4892651.0,0.36478657,1.0,1.72
4892729.0,0.35706601,1.0,1.72
4892808.0,0.34665361,1.0,2.408
4892886.0,0.34645042,1.0,1.72
4892964.0,0.35640571,1.0,1.376
4893042.0,0.36133268,1.0,294.119995
4893120.0,0.33212683,1.0,295.496002
4893198.0,0.35701531,1.0,295.496002
4893276.0,0.37814513,1.0,295.496002
4893354.0,0.35081854,1.0,295.152008
4893433.0,0.35417098,1.0,294.808014
4893511.0,0.39155442,1.0,58.48
4893589.0,0.36168817,1.0,2.064
4893667.0,0.41070327,1.0,2.064
4893745.0,0.38038003,1.0,1.72
4893823.0,0.36138344,1.0,2.064
4893901.0,0.37763715,1.0,1.72
4893979.0,0.36255175,1.0,233.231995
4894057.0,0.36895156,1.0,295.496002
4894135.0,0.35147882,1.0,295.152008
4894214.0,0.35599947,1.0,295.152008
4894292.0,0.36463428,1.0,295.496002
4894370.0,0.36341521,1.0,294.808014
4894448.0,0.35274872,1.0,295.496002
4894526.0,0.35528833,1.0,2.064
4894604.0,0.36498976,1.0,1.376
4894682.0,0.38154826,1.0,1.376
4894760.0,0.36107871,1.0,2.064
4894839.0,0.34893921,1.0,1.72
4894917.0,0.38799885,1.0,1.72
4894995.0,0.36925644,1.0,294.119995
4895073.0,0.35833588,1.0,294.808014
4895151.0,0.33893296,1.0,295.152008
4895229.0,0.36361834,1.0,295.496002
4895307.0,0.36300883,1.0,295.496002
4895385.0,0.371288,1.0,295.839996
4895463.0,0.37733242,1.0,295.496002
4895541.0,0.3635675,1.0,3.096
4895620.0,0.36697063,1.0,2.064
4895698.0,0.37118647,1.0,2.064
4895776.0,0.37895772,1.0,2.064
4895854.0,0.34385988,1.0,2.064
4895932.0,0.35533917,1.0,2.064
4896010.0,0.35975814,1.0,294.119995
4896088.0,0.38027829,1.0,295.496002
4896167.0,0.35559306,1.0,295.496002
4896245.0,0.37326902,1.0,295.496002
4896323.0,0.37057701,1.0,295.496002
4896401.0,0.36321202,1.0,295.496002
4896479.0,0.36605638,1.0,295.496002
4896557.0,0.36107871,1.0,3.096
4896635.0,0.36818969,1.0,2.064
4896713.0,0.37585947,1.0,2.064
4896791.0,0.34959948,1.0,2.064
4896869.0,0.36884996,1.0,2.064
4896948.0,0.34416473,1.0,2.064
4897026.0,0.35772631,1.0,294.119995
4897104.0,0.34223455,1.0,295.496002
4897182.0,0.36168817,1.0,295.496002
4897260.0,0.35599947,1.0,295.496002
4897338.0,0.36031684,1.0,295.496002
4897416.0,0.39886862,1.0,295.496002
4897494.0,0.35218996,1.0,297.559998
4897573.0,0.35356137,1.0,3.096
4897651.0,0.37905946,1.0,2.064
4897729.0,0.36793572,1.0,1.72
4897807.0,0.3737261,1.0,2.064
4897885.0,0.36199299,1.0,2.064
4897963.0,0.36178976,1.0,1.72
4898041.0,0.36072317,1.0,294.463989
4898119.0,0.36707222,1.0,295.496002
4898197.0,0.34975201,1.0,295.496002
4898276.0,0.35447568,1.0,295.496002
4898354.0,0.35864061,1.0,295.496002
4898432.0,0.36199299,1.0,296.18399
4898510.0,0.3428441,1.0,72.584
4898588.0,0.35107258,1.0,2.752
4898666.0,0.39109731,1.0,2.408
4898744.0,0.36646277,1.0,2.752
4898822.0,0.37641817,1.0,2.408
4898900.0,0.35605022,1.0,2.408
4898979.0,0.35538995,1.0,229.447998
4899057.0,0.37083089,1.0,295.839996
4899135.0,0.35081854,1.0,295.839996
4899213.0,0.36438024,1.0,295.839996
4899291.0,0.33314276,1.0,295.839996
4899369.0,0.37022147,1.0,295.839996
4899447.0,0.36128193,1.0,295.839996
4899526.0,0.33969495,1.0,3.096
4899604.0,0.35818353,1.0,2.408
4899682.0,0.39338291,1.0,2.408
4899760.0,0.35798034,1.0,2.408
4899838.0,0.34939635,1.0,2.408
4899916.0,0.33959335,1.0,2.064
4899994.0,0.36245012,1.0,294.463989
4900072.0,0.3595041,1.0,295.496002
4900150.0,0.34111711,1.0,295.496002
4900228.0,0.36341521,1.0,295.496002
4900306.0,0.35315511,1.0,295.496002
4900385.0,0.35107258,1.0,295.839996
4900463.0,0.37474203,1.0,295.839996
4900541.0,0.3462472,1.0,3.096
4900619.0,0.35015824,1.0,2.408
4900697.0,0.36925644,1.0,2.064
4900775.0,0.36392307,1.0,2.408
4900853.0,0.34959948,1.0,2.064
4900932.0,0.35808194,1.0,2.064
4901010.0,0.36245012,1.0,294.463989
4901088.0,0.37184677,1.0,296.872009
4901166.0,0.33883145,1.0,296.872009
4901244.0,0.37479278,1.0,296.18399
4901322.0,0.35767561,1.0,295.839996
4901400.0,0.36747864,1.0,295.839996
4901478.0,0.36829129,1.0,295.839996
4901556.0,0.36813891,1.0,3.44
4901634.0,0.36163741,1.0,2.752
4901713.0,0.36468497,1.0,2.408
4901791.0,0.35406935,1.0,2.408
4901869.0,0.36006287,1.0,2.752
4901947.0,0.36773252,1.0,2.408
4902025.0,0.34736472,1.0,294.463989
4902103.0,0.35899624,1.0,295.839996
4902181.0,0.34177747,1.0,295.839996
4902259.0,0.34497738,1.0,295.839996
4902338.0,0.34705985,1.0,295.839996
4902416.0,0.36255175,1.0,295.839996
4902494.0,0.35980883,1.0,295.496002
4902572.0,0.35102174,1.0,3.096
4902650.0,0.35422164,1.0,2.408
4902728.0,0.36498976,1.0,2.064
4902806.0,0.35249469,1.0,2.064
4902884.0,0.36763093,1.0,2.064
4902963.0,0.35833588,1.0,1.376
4903041.0,0.38525608,1.0,294.463989
4903119.0,0.32791099,1.0,295.496002
4903197.0,0.34411392,1.0,295.496002
4903275.0,0.36615804,1.0,295.496002
4903353.0,0.36158666,1.0,295.496002
4903431.0,0.35351059,1.0,295.496002
4903509.0,0.34452024,1.0,81.528
4903587.0,0.36138344,1.0,2.064
4903665.0,0.3665643,1.0,2.064
4903744.0,0.36245012,1.0,2.064
4903822.0,0.34924391,1.0,2.408
4903900.0,0.35848826,1.0,2.752
4903978.0,0.3683928,1.0,224.287994
4904056.0,0.35478041,1.0,296.18399
4904134.0,0.35665974,1.0,296.18399
4904212.0,0.33862826,1.0,295.496002
4904291.0,0.36844364,1.0,295.839996
4904369.0,0.36565006,1.0,296.18399
4904447.0,0.34909165,1.0,295.839996
4904525.0,0.36498976,1.0,3.44
4904603.0,0.35808194,1.0,2.408
4904681.0,0.37260872,1.0,2.408
4904759.0,0.34411392,1.0,2.408
4904837.0,0.34929475,1.0,1.72
4904915.0,0.3524439,1.0,2.064
4904993.0,0.34853294,1.0,294.463989
4905071.0,0.35335815,1.0,295.839996
4905150.0,0.33202523,1.0,294.808014
4905228.0,0.36544684,1.0,295.152008
4905306.0,0.3522408,1.0,295.496002
4905384.0,0.36808807,1.0,294.808014
4905462.0,0.36229777,1.0,294.808014
4905540.0,0.37453881,1.0,3.096
4905618.0,0.3524439,1.0,2.064
4905697.0,0.37321824,1.0,1.72
4905775.0,0.36092636,1.0,2.064
4905853.0,0.37113571,1.0,2.064
4905931.0,0.36123115,1.0,2.064
4906009.0,0.34512982,1.0,294.463989
4906087.0,0.35599947,1.0,294.808014
4906165.0,0.32674277,1.0,295.496002
4906243.0,0.37326902,1.0,295.152008
4906321.0,0.35858992,1.0,295.152008
4906399.0,0.34853294,1.0,295.152008
4906478.0,0.36539608,1.0,296.18399
4906556.0,0.33872992,1.0,3.784
4906634.0,0.36245012,1.0,2.408
4906712.0,0.35152966,1.0,2.408
4906790.0,0.36920559,1.0,2.408
4906868.0,0.35457721,1.0,2.408
4906946.0,0.37687516,1.0,2.408
4907024.0,0.35356137,1.0,293.776001
4907103.0,0.35965654,1.0,295.152008
4907181.0,0.33232993,1.0,295.496002
4907259.0,0.35412014,1.0,295.152008
4907337.0,0.35107258,1.0,295.496002
4907415.0,0.33197439,1.0,295.496002
4907493.0,0.36813891,1.0,295.496002
4907571.0,0.36178976,1.0,3.096
4907649.0,0.3777388,1.0,2.064
4907728.0,0.3696627,1.0,2.064
4907806.0,0.35051382,1.0,2.064
4907884.0,0.34873608,1.0,2.064
4907962.0,0.37438637,1.0,1.376
4908040.0,0.33619028,1.0,294.463989
4908118.0,0.33776483,1.0,295.496002
4908196.0,0.34985352,1.0,295.496002
4908274.0,0.35732004,1.0,295.496002
4908352.0,0.36331362,1.0,295.496002
4908430.0,0.36438024,1.0,295.496002
4908509.0,0.35777721,1.0,94.944
4908587.0,0.35132653,1.0,2.064
4908665.0,0.39196065,1.0,2.408
4908743.0,0.38373232,1.0,1.72
4908821.0,0.36758015,1.0,1.72
4908899.0,0.36879921,1.0,2.408
4908977.0,0.35975814,1.0,217.063995
4909056.0,0.35914853,1.0,295.152008
4909134.0,0.34863448,1.0,296.18399
4909212.0,0.35158041,1.0,295.839996
4909290.0,0.37067854,1.0,295.496002
4909368.0,0.3643294,1.0,294.808014
4909446.0,0.34523135,1.0,296.528015
4909524.0,0.36341521,1.0,3.096
4909602.0,0.34655192,1.0,2.408
4909680.0,0.38286883,1.0,1.72
4909758.0,0.34924391,1.0,2.752
4909837.0,0.34512982,1.0,2.064
4909915.0,0.37093243,1.0,1.72
4909993.0,0.36377072,1.0,294.808014
4910071.0,0.36788496,1.0,295.839996
4910149.0,0.34639958,1.0,295.839996
4910227.0,0.34975201,1.0,295.839996
4910305.0,0.30490181,1.0,295.496002
4910383.0,0.35483125,1.0,296.18399
4910462.0,0.37829742,1.0,296.18399
4910540.0,0.35269788,1.0,3.784
4910618.0,0.34360605,1.0,2.408
4910696.0,0.38104033,1.0,2.752
4910774.0,0.37006903,1.0,2.752
4910852.0,0.36813891,1.0,2.408
4910930.0,0.34553608,1.0,2.752
4911008.0,0.35142815,1.0,294.119995
4911086.0,0.35706601,1.0,295.496002
4911165.0,0.33796796,1.0,295.839996
4911243.0,0.36625957,1.0,296.18399
4911321.0,0.34543455,1.0,295.839996
4911399.0,0.34518051,1.0,295.839996
4911477.0,0.36991674,1.0,295.839996
4911555.0,0.36747864,1.0,3.44
4911633.0,0.36138344,1.0,2.408
4911711.0,0.38703382,1.0,2.752
4911790.0,0.36824045,1.0,2.752
4911868.0,0.36661515,1.0,2.408
4911946.0,0.36234847,1.0,2.752
4912024.0,0.3680374,1.0,294.463989
4912102.0,0.35198683,1.0,295.496002
4912180.0,0.36869767,1.0,295.496002
4912258.0,0.35980883,1.0,295.496002
4912336.0,0.37428486,1.0,296.528015
4912414.0,0.38611951,1.0,295.496002
4912492.0,0.36605638,1.0,295.839996
4912571.0,0.35351059,1.0,3.096
4912649.0,0.37398013,1.0,2.752
4912727.0,0.37398013,1.0,2.752
4912805.0,0.34401229,1.0,2.408
4912883.0,0.37860224,1.0,2.752
4912961.0,0.35472965,1.0,1.376
4913039.0,0.38871005,1.0,295.152008
4913118.0,0.35737088,1.0,295.839996
4913196.0,0.34208229,1.0,295.839996
4913274.0,0.35213912,1.0,295.496002
4913352.0,0.33558077,1.0,296.18399
4913430.0,0.36458343,1.0,295.496002
4913508.0,0.34568852,1.0,103.543999
4913586.0,0.36940867,1.0,1.72
4913664.0,0.37169439,1.0,2.408
4913742.0,0.36961186,1.0,2.408
4913820.0,0.37611336,1.0,2.064
4913899.0,0.35980883,1.0,2.064
4913977.0,0.37184677,1.0,192.639999
4914055.0,0.36945948,1.0,295.839996
4914133.0,0.34167579,1.0,295.839996
4914211.0,0.34055844,1.0,295.839996
4914289.0,0.38225931,1.0,295.839996
4914367.0,0.36239937,1.0,295.839996
4914445.0,0.36453259,1.0,295.496002
4914524.0,0.36285645,1.0,3.096
4914602.0,0.34137109,1.0,2.064
4914680.0,0.39292583,1.0,2.408
4914758.0,0.36625957,1.0,2.064
4914836.0,0.37331983,1.0,2.064
4914914.0,0.36844364,1.0,1.72
4914992.0,0.35279948,1.0,294.463989
4915070.0,0.36062157,1.0,295.496002
4915148.0,0.36128193,1.0,295.496002
4915227.0,0.36798656,1.0,295.152008
4915305.0,0.36046913,1.0,295.496002
4915383.0,0.35290107,1.0,295.152008
4915461.0,0.38017675,1.0,295.496002
4915539.0,0.34934559,1.0,3.096
4915617.0,0.36483741,1.0,2.064
4915695.0,0.37956733,1.0,2.064
4915773.0,0.37006903,1.0,2.064
4915851.0,0.36620873,1.0,2.064
4915930.0,0.35701531,1.0,2.064
4916008.0,0.36478657,1.0,293.776001
4916086.0,0.34152353,1.0,295.496002
4916164.0,0.37255788,1.0,294.463989
4916242.0,0.33725685,1.0,295.496002
4916320.0,0.38810045,1.0,295.496002
4916398.0,0.35493279,1.0,295.496002
4916476.0,0.35991052,1.0,295.839996
4916555.0,0.36473581,1.0,3.096
4916633.0,0.35884383,1.0,1.72
4916711.0,0.36565006,1.0,1.376
4916789.0,0.34446946,1.0,2.064
4916867.0,0.3666659,1.0,2.752
4916945.0,0.35406935,1.0,1.72
4917023.0,0.3398473,1.0,294.463989
4917101.0,0.34959948,1.0,295.839996
4917179.0,0.36051995,1.0,295.496002
4917258.0,0.34528211,1.0,295.839996
4917336.0,0.36854523,1.0,296.528015
4917414.0,0.3672246,1.0,295.496002
4917492.0,0.34299645,1.0,295.839996
4917570.0,0.35889465,1.0,3.44
4917648.0,0.3538661,1.0,2.064
4917726.0,0.3667168,1.0,2.408
4917804.0,0.37692609,1.0,1.72
4917882.0,0.36468497,1.0,2.064
4917961.0,0.36138344,1.0,1.72
4918039.0,0.35305345,1.0,294.119995
4918117.0,0.34030446,1.0,295.496002
4918195.0,0.36133268,1.0,295.496002
4918273.0,0.35086939,1.0,295.152008
4918351.0,0.34294569,1.0,295.496002
4918429.0,0.36295807,1.0,295.496002
4918507.0,0.36443099,1.0,109.391998
4918586.0,0.3667168,1.0,2.064
4918664.0,0.36976421,1.0,2.064
4918742.0,0.39241788,1.0,2.064
4918820.0,0.35955495,1.0,2.064
4918898.0,0.35528833,1.0,2.064
4918976.0,0.37499583,1.0,180.944
4919054.0,0.37377694,1.0,295.152008
4919132.0,0.32846975,1.0,295.496002
4919210.0,0.35279948,1.0,295.496002
4919288.0,0.33278719,1.0,295.152008
4919367.0,0.35081854,1.0,295.496002
4919445.0,0.34182823,1.0,295.496002
4919523.0,0.3525455,1.0,2.752
4919601.0,0.36321202,1.0,2.064
4919679.0,0.37875459,1.0,2.064
4919757.0,0.35980883,1.0,2.064
4919835.0,0.3683421,1.0,2.064
4919914.0,0.33806965,1.0,2.064
4919992.0,0.33695212,1.0,294.463989
4920070.0,0.36509129,1.0,295.152008
4920148.0,0.33893296,1.0,295.496002
4920226.0,0.35523751,1.0,295.496002
4920304.0,0.36305967,1.0,295.496002
4920382.0,0.3453837,1.0,295.496002
4920460.0,0.35406935,1.0,295.496002
4920538.0,0.35036144,1.0,3.096
4920616.0,0.35000589,1.0,2.064
4920695.0,0.37524986,1.0,2.064
4920773.0,0.37570703,1.0,2.064
4920851.0,0.36209464,1.0,2.064
4920929.0,0.3610279,1.0,2.064
4921007.0,0.36702153,1.0,294.119995
4921085.0,0.36747864,1.0,295.496002
4921163.0,0.34309804,1.0,295.496002
4921241.0,0.3381204,1.0,295.496002
4921320.0,0.37545308,1.0,295.496002
4921398.0,0.3683421,1.0,295.496002
4921476.0,0.37052619,1.0,295.496002
4921554.0,0.33791712,1.0,3.096
4921632.0,0.3601644,1.0,2.408
4921710.0,0.35686296,1.0,2.064
4921788.0,0.36625957,1.0,2.064
4921866.0,0.36625957,1.0,2.064
4921944.0,0.37083089,1.0,1.72
4922023.0,0.35671058,1.0,294.463989
4922101.0,0.35112327,1.0,295.152008
4922179.0,0.34304729,1.0,295.496002
4922257.0,0.34843126,1.0,295.496002
4922335.0,0.35665974,1.0,294.808014
4922413.0,0.34685674,1.0,295.839996
4922491.0,0.37651977,1.0,295.152008
4922569.0,0.3635675,1.0,2.752
4922647.0,0.3667168,1.0,2.064
4922726.0,0.3522408,1.0,1.376
4922804.0,0.34548539,1.0,1.376
4922882.0,0.34411392,1.0,1.72
4922960.0,0.34264088,1.0,2.408
4923038.0,0.33405691,1.0,293.776001
4923116.0,0.35589778,1.0,295.152008
4923194.0,0.34304729,1.0,295.152008
4923272.0,0.360266,1.0,294.808014
4923350.0,0.36458343,1.0,295.496002
4923429.0,0.32674277,1.0,295.152008
4923507.0,0.36224693,1.0,112.832001
4923585.0,0.3626025,1.0,1.72
4923663.0,0.37966892,1.0,1.376
4923741.0,0.35706601,1.0,1.72
4923819.0,0.35889465,1.0,1.72
4923897.0,0.34446946,1.0,2.408
4923976.0,0.35782796,1.0,175.440002
4924054.0,0.34259012,1.0,295.496002
4924132.0,0.31699058,1.0,295.152008
4924210.0,0.33649501,1.0,295.496002
4924288.0,0.32506663,1.0,295.152008
4924366.0,0.33954257,1.0,295.496002
4924444.0,0.36006287,1.0,295.496002
4924522.0,0.3326855,1.0,2.752
4924600.0,0.33278719,1.0,2.408
4924678.0,0.35798034,1.0,2.064
4924757.0,0.35599947,1.0,2.064
4924835.0,0.36458343,1.0,2.408
4924913.0,0.35523751,1.0,2.408
4924991.0,0.35864061,1.0,295.152008
4925069.0,0.36031684,1.0,295.496002
4925147.0,0.31749851,1.0,295.496002
4925225.0,0.34172672,1.0,295.152008
4925303.0,0.35706601,1.0,296.18399
4925382.0,0.34411392,1.0,295.839996
4925460.0,0.35203758,1.0,295.152008
4925538.0,0.3199366,1.0,3.096
4925616.0,0.3398473,1.0,1.72
4925694.0,0.35549155,1.0,2.408
4925772.0,0.37164354,1.0,2.064
4925850.0,0.33776483,1.0,1.376
4925928.0,0.371288,1.0,1.72
4926006.0,0.34370759,1.0,293.776001
4926084.0,0.33867908,1.0,295.496002
4926163.0,0.31617793,1.0,294.808014
4926241.0,0.34106636,1.0,294.808014
4926319.0,0.34370759,1.0,295.496002
4926397.0,0.35396776,1.0,295.152008
4926475.0,0.35899624,1.0,295.496002
4926553.0,0.35198683,1.0,3.096
4926631.0,0.33603778,1.0,2.064
4926710.0,0.37326902,1.0,1.72
4926788.0,0.32603163,1.0,2.064
4926866.0,0.3428441,1.0,2.064
4926944.0,0.34177747,1.0,2.064
4927022.0,0.36488816,1.0,294.463989
4927100.0,0.34736472,1.0,295.496002
4927178.0,0.33908549,1.0,295.839996
4927256.0,0.3286221,1.0,295.839996
4927334.0,0.34959948,1.0,295.152008
4927412.0,0.33451402,1.0,295.152008
4927491.0,0.33883145,1.0,295.496002
4927569.0,0.35371372,1.0,2.752
4927647.0,0.36905316,1.0,2.064
4927725.0,0.35117409,1.0,1.72
4927803.0,0.35168204,1.0,2.064
4927881.0,0.35945335,1.0,2.064
4927959.0,0.35554224,1.0,2.064
4928037.0,0.32532057,1.0,294.119995
4928116.0,0.33329502,1.0,295.496002
4928194.0,0.33217767,1.0,295.496002
4928272.0,0.35498363,1.0,295.496002
4928350.0,0.32826653,1.0,296.528015
4928428.0,0.35036144,1.0,295.839996
4928506.0,0.34076163,1.0,119.711998
4928584.0,0.31983501,1.0,1.72
4928662.0,0.36575156,1.0,2.064
4928740.0,0.34868532,1.0,1.72
4928818.0,0.35843751,1.0,1.376
4928897.0,0.31577152,1.0,1.72
4928975.0,0.35290107,1.0,169.248001
4929053.0,0.33197439,1.0,296.18399
4929131.0,0.32445717,1.0,296.528015
4929209.0,0.34868532,1.0,295.839996
4929287.0,0.34594241,1.0,295.839996
4929365.0,0.37347206,1.0,295.496002
4929443.0,0.37215149,1.0,295.839996
4929522.0,0.35706601,1.0,3.44
4929600.0,0.34462184,1.0,2.752
4929678.0,0.35010755,1.0,2.064
4929756.0,0.34980267,1.0,2.064
4929834.0,0.35554224,1.0,2.064
4929912.0,0.34487578,1.0,2.064
4929990.0,0.34812656,1.0,295.496002
4930068.0,0.36305967,1.0,296.18399
4930146.0,0.3302983,1.0,295.496002
4930225.0,0.34873608,1.0,295.496002
4930303.0,0.34893921,1.0,295.496002
4930381.0,0.35025984,1.0,295.496002
4930459.0,0.35782796,1.0,295.496002
4930537.0,0.32760626,1.0,3.096
4930615.0,0.33461562,1.0,2.064
4930693.0,0.34345362,1.0,2.064
4930771.0,0.34980267,1.0,2.064
4930850.0,0.35615182,1.0,2.064
4930928.0,0.3666659,1.0,2.064
4931006.0,0.34573928,1.0,294.119995
4931084.0,0.33791712,1.0,295.496002
4931162.0,0.34076163,1.0,295.496002
4931240.0,0.34091398,1.0,295.496002
4931318.0,0.35432324,1.0,295.496002
4931396.0,0.35432324,1.0,295.496002
4931474.0,0.3380188,1.0,295.152008
4931553.0,0.3610279,1.0,2.752
4931631.0,0.35676128,1.0,1.72
4931709.0,0.37626573,1.0,2.064
4931787.0,0.37392929,1.0,2.064
4931865.0,0.36087561,1.0,2.064
4931943.0,0.36351675,1.0,1.72
4932021.0,0.35777721,1.0,294.119995
4932099.0,0.34340286,1.0,295.152008
4932178.0,0.34700918,1.0,294.808014
4932256.0,0.35041228,1.0,295.152008
4932334.0,0.36402467,1.0,294.808014
4932412.0,0.34949797,1.0,295.152008
4932490.0,0.35686296,1.0,295.152008
4932568.0,0.34411392,1.0,3.784
4932646.0,0.36631033,1.0,3.096
4932724.0,0.34512982,1.0,2.752
4932802.0,0.33959335,1.0,2.752
4932880.0,0.34579012,1.0,2.408
4932959.0,0.36468497,1.0,2.752
4933037.0,0.3578788,1.0,294.119995
4933115.0,0.35005674,1.0,295.839996
4933193.0,0.34579012,1.0,295.839996
4933271.0,0.33883145,1.0,295.839996
4933349.0,0.34025371,1.0,295.496002
4933427.0,0.35574543,1.0,295.152008
4933505.0,0.38195449,1.0,130.031998
4933584.0,0.35229161,1.0,1.376
4933662.0,0.33136493,1.0,1.72
4933740.0,0.3690024,1.0,1.376
4933818.0,0.35295191,1.0,2.064
4933896.0,0.3603676,1.0,1.72
4933974.0,0.35559306,1.0,162.024002
4934052.0,0.36092636,1.0,294.808014
4934130.0,0.34162512,1.0,293.776001
4934208.0,0.35818353,1.0,295.152008
4934287.0,0.3666659,1.0,294.808014
4934365.0,0.3719992,1.0,295.152008
4934443.0,0.34675515,1.0,295.152008
4934521.0,0.35173285,1.0,2.408
4934599.0,0.34076163,1.0,1.376
4934677.0,0.35396776,1.0,1.72
4934755.0,0.37271026,1.0,1.72
4934833.0,0.35889465,1.0,1.032
4934912.0,0.35894534,1.0,1.72
4934990.0,0.34761861,1.0,295.496002
4935068.0,0.33776483,1.0,295.152008
4935146.0,0.34015203,1.0,295.152008
4935224.0,0.35452637,1.0,295.152008
4935302.0,0.3556439,1.0,295.496002
4935380.0,0.35305345,1.0,295.496002
4935458.0,0.34980267,1.0,296.18399
4935536.0,0.35168204,1.0,3.784
4935614.0,0.35544071,1.0,2.752
4935693.0,0.36204374,1.0,2.408
4935771.0,0.37088174,1.0,2.408
4935849.0,0.35056457,1.0,2.408
4935927.0,0.34452024,1.0,2.408
4936005.0,0.34863448,1.0,294.463989
4936083.0,0.35213912,1.0,294.808014
4936161.0,0.31988576,1.0,295.152008
4936239.0,0.35533917,1.0,295.152008
4936318.0,0.34264088,1.0,295.152008
4936396.0,0.34198052,1.0,295.496002
4936474.0,0.36178976,1.0,295.496002
4936552.0,0.33481887,1.0,2.752
4936630.0,0.36331362,1.0,1.72
4936708.0,0.35838673,1.0,1.72
4936786.0,0.33740929,1.0,1.72
4936864.0,0.35650733,1.0,1.72
4936942.0,0.3469075,1.0,1.72
4937021.0,0.33791712,1.0,293.776001
4937099.0,0.35762477,1.0,295.152008
4937177.0,0.34264088,1.0,295.152008
4937255.0,0.34787259,1.0,295.839996
4937333.0,0.32709834,1.0,295.152008
4937411.0,0.33004436,1.0,294.463989
4937489.0,0.33222842,1.0,295.152008
4937567.0,0.34477419,1.0,3.096
4937646.0,0.35848826,1.0,1.72
4937724.0,0.36011362,1.0,1.72
4937802.0,0.34934559,1.0,1.72
4937880.0,0.36143428,1.0,1.72
4937958.0,0.35193607,1.0,1.72
4938036.0,0.31257161,1.0,294.463989
4938114.0,0.34421551,1.0,295.496002
4938192.0,0.33659655,1.0,296.18399
4938270.0,0.34243777,1.0,295.496002
4938349.0,0.35345984,1.0,295.839996
4938427.0,0.34558693,1.0,296.18399
4938505.0,0.34152353,1.0,135.535995
4938583.0,0.35015824,1.0,2.408
4938661.0,0.32979032,1.0,1.72
4938739.0,0.36458343,1.0,1.72
4938817.0,0.3302983,1.0,1.032
4938895.0,0.33070463,1.0,1.376
4938974.0,0.35798034,1.0,156.520004
4939052.0,0.35716769,1.0,294.808014
4939130.0,0.32516822,1.0,295.496002
4939208.0,0.34523135,1.0,294.808014
4939286.0,0.33939022,1.0,295.152008
4939364.0,0.34162512,1.0,295.839996
4939442.0,0.34863448,1.0,295.152008
4939520.0,0.33913618,1.0,2.064
4939598.0,0.35579628,1.0,1.72
4939676.0,0.35396776,1.0,1.72
4939755.0,0.34716147,1.0,1.376
4939833.0,0.3597073,1.0,1.72
4939911.0,0.37519911,1.0,1.72
4939989.0,0.3380188,1.0,295.496002
4940067.0,0.35366288,1.0,294.808014
4940145.0,0.33806965,1.0,295.152008
4940223.0,0.35747248,1.0,295.496002
4940301.0,0.34985352,1.0,295.152008
4940380.0,0.34259012,1.0,294.808014
4940458.0,0.34619644,1.0,295.496002
4940536.0,0.33690143,1.0,2.752
4940614.0,0.33817115,1.0,1.72
4940692.0,0.37758636,1.0,1.72
4940770.0,0.33563152,1.0,2.064
4940848.0,0.34472343,1.0,1.72
4940926.0,0.33806965,1.0,1.72
4941005.0,0.35752323,1.0,294.463989
4941083.0,0.3619422,1.0,295.839996
4941161.0,0.33319342,1.0,295.839996
4941239.0,0.34614569,1.0,295.839996
4941317.0,0.34076163,1.0,295.839996
4941395.0,0.33669809,1.0,294.808014
4941473.0,0.34741542,1.0,295.152008
4941551.0,0.33700293,1.0,2.408
4941629.0,0.34396154,1.0,2.064
4941707.0,0.34634888,1.0,1.72
4941786.0,0.35031062,1.0,1.032
4941864.0,0.33299023,1.0,1.72
4941942.0,0.33974579,1.0,2.064
4942020.0,0.34721228,1.0,293.776001
4942098.0,0.36290723,1.0,295.839996
4942176.0,0.33319342,1.0,295.152008
4942254.0,0.33065382,1.0,295.496002
4942332.0,0.34132025,1.0,295.496002
4942411.0,0.35549155,1.0,294.463989
4942489.0,0.31815881,1.0,294.808014
4942567.0,0.34101552,1.0,2.752
4942645.0,0.35234231,1.0,2.752
4942723.0,0.34472343,1.0,2.064
4942801.0,0.35671058,1.0,2.408
4942879.0,0.35767561,1.0,2.064
4942957.0,0.34477419,1.0,2.064
4943036.0,0.34228539,1.0,294.119995
4943114.0,0.33751088,1.0,295.152008
4943192.0,0.34802502,1.0,295.496002
4943270.0,0.34279332,1.0,295.496002
4943348.0,0.35417098,1.0,295.496002
4943426.0,0.34436786,1.0,295.496002
4943504.0,0.32008889,1.0,149.639999
4943582.0,0.35335815,1.0,2.064
4943660.0,0.36483741,1.0,2.064
4943738.0,0.3578788,1.0,2.064
4943817.0,0.35574543,1.0,1.72
4943895.0,0.35975814,1.0,2.064
4943973.0,0.34340286,1.0,151.703995
4944051.0,0.34477419,1.0,295.496002
4944129.0,0.34584087,1.0,295.496002
4944207.0,0.34045675,1.0,295.496002
4944285.0,0.34157428,1.0,295.496002
4944364.0,0.33395532,1.0,295.496002
4944442.0,0.34192985,1.0,295.496002
4944520.0,0.34629798,1.0,2.408
4944598.0,0.33903465,1.0,2.064
4944676.0,0.36940867,1.0,2.064
4944754.0,0.35919937,1.0,2.064
4944832.0,0.36128193,1.0,2.064
4944910.0,0.33751088,1.0,2.064
4944988.0,0.33847588,1.0,296.18399
4945066.0,0.32984117,1.0,295.496002
4945144.0,0.33278719,1.0,295.496002
4945223.0,0.32943475,1.0,295.496002
4945301.0,0.36245012,1.0,295.496002
4945379.0,0.3522408,1.0,295.496002
4945457.0,0.34579012,1.0,295.496002
4945535.0,0.35823438,1.0,3.096
4945613.0,0.36798656,1.0,2.064
4945691.0,0.36311042,1.0,2.064
4945770.0,0.33019671,1.0,1.72
4945848.0,0.34680596,1.0,1.72
4945926.0,0.36382154,1.0,2.064
4946004.0,0.34848204,1.0,294.119995
4946082.0,0.33151728,1.0,295.496002
4946160.0,0.34822822,1.0,295.496002
4946238.0,0.34208229,1.0,295.496002
4946316.0,0.34827891,1.0,295.496002
4946394.0,0.35478041,1.0,295.496002
4946473.0,0.35762477,1.0,295.496002
4946551.0,0.34893921,1.0,3.096
4946629.0,0.35818353,1.0,2.064
4946707.0,0.3713389,1.0,2.064
4946785.0,0.35518667,1.0,2.064
4946863.0,0.36519304,1.0,1.72
4946941.0,0.35462806,1.0,2.064
4947019.0,0.36234847,1.0,294.119995
4947098.0,0.34152353,1.0,295.496002
4947176.0,0.36107871,1.0,295.496002
4947254.0,0.34020293,1.0,295.496002
4947332.0,0.34502822,1.0,295.496002
4947410.0,0.34101552,1.0,295.496002
4947488.0,0.34192985,1.0,295.496002
4947566.0,0.34726298,1.0,2.408
4947644.0,0.36412627,1.0,1.72
4947722.0,0.34944719,1.0,1.72
4947800.0,0.35193607,1.0,1.72
4947879.0,0.34660271,1.0,2.064
4947957.0,0.34385988,1.0,1.72
4948035.0,0.34761861,1.0,294.119995
4948113.0,0.33121249,1.0,295.496002
4948191.0,0.34309804,1.0,295.496002
4948269.0,0.34477419,1.0,295.496002
4948347.0,0.34457105,1.0,295.839996
4948425.0,0.34421551,1.0,295.496002
4948504.0,0.3428441,1.0,162.367996
4948582.0,0.36331362,1.0,1.72
4948660.0,0.34817731,1.0,2.064
4948738.0,0.35803115,1.0,2.064
4948816.0,0.35249469,1.0,2.064
4948894.0,0.35483125,1.0,2.064
4948972.0,0.34314889,1.0,143.104004
4949050.0,0.37611336,1.0,295.152008
4949128.0,0.32811409,1.0,295.839996
4949206.0,0.34411392,1.0,295.496002
4949285.0,0.32913002,1.0,295.496002
4949363.0,0.35020909,1.0,295.496002
4949441.0,0.35046297,1.0,295.152008
4949519.0,0.35234231,1.0,2.752
4949597.0,0.32745382,1.0,1.72
4949675.0,0.36991674,1.0,2.408
4949753.0,0.36565006,1.0,2.064
4949831.0,0.34543455,1.0,1.72
4949910.0,0.32481265,1.0,3.096
4949988.0,0.34132025,1.0,298.247986
4950066.0,0.35498363,1.0,296.528015
4950144.0,0.35071701,1.0,295.839996
4950222.0,0.35686296,1.0,295.839996
4950300.0,0.34685674,1.0,295.839996
4950378.0,0.36397398,1.0,295.839996
4950456.0,0.33339664,1.0,296.18399
4950534.0,0.34147269,1.0,3.096
4950613.0,0.35960564,1.0,2.408
4950691.0,0.35889465,1.0,2.064
4950769.0,0.33730766,1.0,2.408
4950847.0,0.36559927,1.0,2.752
4950925.0,0.34248853,1.0,1.72
4951003.0,0.36371994,1.0,293.776001
4951081.0,0.34060925,1.0,295.496002
4951159.0,0.33085701,1.0,295.839996
4951238.0,0.34065995,1.0,295.839996
4951316.0,0.34441862,1.0,295.839996
4951394.0,0.35086939,1.0,295.839996
4951472.0,0.33685058,1.0,295.496002
4951550.0,0.34030446,1.0,3.096
4951628.0,0.35513598,1.0,2.408
4951706.0,0.38002446,1.0,2.064
4951784.0,0.37596101,1.0,2.064
4951862.0,0.36956117,1.0,2.408
4951941.0,0.34472343,1.0,2.064
4952019.0,0.35279948,1.0,294.119995
4952097.0,0.34832975,1.0,295.496002
4952175.0,0.33461562,1.0,295.496002
4952253.0,0.34360605,1.0,295.496002
4952331.0,0.32369521,1.0,294.808014
4952409.0,0.34457105,1.0,294.808014
4952487.0,0.34639958,1.0,295.152008
4952566.0,0.33923778,1.0,3.44
4952644.0,0.37276107,1.0,2.752
4952722.0,0.35752323,1.0,2.752
4952800.0,0.35554224,1.0,2.408
4952878.0,0.3276571,1.0,2.752
4952956.0,0.35158041,1.0,2.752
4953034.0,0.36910394,1.0,294.808014
4953112.0,0.34563768,1.0,295.839996
4953190.0,0.33390456,1.0,296.18399
4953268.0,0.35747248,1.0,295.839996
4953347.0,0.35559306,1.0,295.839996
4953425.0,0.35991052,1.0,295.839996
4953503.0,0.35391691,1.0,171.311996
4953581.0,0.35965654,1.0,2.408
4953659.0,0.37565619,1.0,2.408
4953737.0,0.36097711,1.0,2.408
4953815.0,0.36158666,1.0,2.408
4953894.0,0.37265947,1.0,2.064
4953972.0,0.37027213,1.0,130.376007
4954050.0,0.35147882,1.0,295.839996
4954128.0,0.33253315,1.0,295.839996
4954206.0,0.32516822,1.0,295.496002
4954284.0,0.30312416,1.0,295.839996
4954362.0,0.33182201,1.0,295.496002
4954440.0,0.36473581,1.0,295.839996
4954518.0,0.35594872,1.0,2.064
4954596.0,0.32760626,1.0,2.064
4954675.0,0.37712923,1.0,2.064
4954753.0,0.3706277,1.0,2.064
4954831.0,0.36067238,1.0,2.064
4954909.0,0.31983501,1.0,1.72
4954987.0,0.34279332,1.0,297.903992
4955065.0,0.35640571,1.0,295.839996
4955143.0,0.33949172,1.0,295.496002
4955221.0,0.36768183,1.0,296.528015
4955300.0,0.33979645,1.0,296.528015
4955378.0,0.35025984,1.0,296.872009
4955456.0,0.34497738,1.0,296.18399
4955534.0,0.36118034,1.0,3.784
4955612.0,0.37331983,1.0,2.752
4955690.0,0.37987205,1.0,2.752
4955768.0,0.38236091,1.0,3.096
4955846.0,0.37088174,1.0,2.064
4955924.0,0.35894534,1.0,2.408
4956003.0,0.37692609,1.0,294.808014
4956081.0,0.35681212,1.0,296.18399
4956159.0,0.34482512,1.0,296.528015
4956237.0,0.34528211,1.0,295.839996
4956315.0,0.33563152,1.0,295.839996
4956393.0,0.37631655,1.0,295.496002
4956471.0,0.35538995,1.0,295.839996
4956549.0,0.36539608,1.0,3.44
4956628.0,0.38109109,1.0,2.408
4956706.0,0.36107871,1.0,2.064
4956784.0,0.37103412,1.0,2.408
4956862.0,0.35046297,1.0,2.064
4956940.0,0.34325042,1.0,2.064
4957018.0,0.35142815,1.0,294.463989
4957096.0,0.3538661,1.0,295.496002
4957174.0,0.34959948,1.0,295.496002
4957252.0,0.35356137,1.0,295.839996
4957330.0,0.36808807,1.0,295.496002
4957409.0,0.36387232,1.0,295.496002
4957487.0,0.34731388,1.0,295.496002
4957565.0,0.35650733,1.0,3.44
4957643.0,0.3760626,1.0,2.064
4957721.0,0.3556439,1.0,2.064
4957799.0,0.36849448,1.0,2.064
4957877.0,0.36189145,1.0,2.064
4957955.0,0.3453837,1.0,2.752
4958034.0,0.35031062,1.0,295.152008
4958112.0,0.34314889,1.0,296.528015
4958190.0,0.3633644,1.0,296.18399
4958268.0,0.34670445,1.0,296.528015
4958346.0,0.36031684,1.0,296.528015
4958424.0,0.3713389,1.0,296.18399
4958502.0,0.36234847,1.0,180.600006
4958580.0,0.37276107,1.0,2.408
4958658.0,0.38810045,1.0,2.408
4958736.0,0.35046297,1.0,2.408
4958815.0,0.34385988,1.0,2.752
4958893.0,0.36539608,1.0,2.752
4958971.0,0.35305345,1.0,110.080002
4959049.0,0.36925644,1.0,296.528015
4959127.0,0.35097089,1.0,296.18399
4959205.0,0.35325664,1.0,295.839996
4959283.0,0.36793572,1.0,296.18399
4959362.0,0.35305345,1.0,295.496002
4959440.0,0.36651361,1.0,295.152008
4959518.0,0.35000589,1.0,2.064
4959596.0,0.35828507,1.0,2.752
4959674.0,0.39150357,1.0,2.408
4959752.0,0.36321202,1.0,2.064
4959830.0,0.36417705,1.0,2.408
4959908.0,0.315162,1.0,2.064
4959986.0,0.35874221,1.0,298.59201
4960064.0,0.36448184,1.0,295.496002
4960143.0,0.34944719,1.0,295.496002
4960221.0,0.34401229,1.0,295.496002
4960299.0,0.35406935,1.0,295.496002
4960377.0,0.35767561,1.0,295.496002
4960455.0,0.36793572,1.0,295.496002
4960533.0,0.36204374,1.0,3.096
4960611.0,0.33725685,1.0,2.408
4960689.0,0.36768183,1.0,2.408
4960768.0,0.36204374,1.0,2.064
4960846.0,0.35203758,1.0,2.064
4960924.0,0.34731388,1.0,2.064
4961002.0,0.34909165,1.0,294.119995
4961080.0,0.34446946,1.0,295.496002
4961158.0,0.34319958,1.0,295.496002
4961236.0,0.36610723,1.0,295.496002
4961314.0,0.34187901,1.0,295.496002
4961392.0,0.34761861,1.0,295.496002
4961471.0,0.35376456,1.0,295.496002
4961549.0,0.34518051,1.0,3.096
4961627.0,0.36280563,1.0,1.72
4961705.0,0.35985968,1.0,2.064
4961783.0,0.33253315,1.0,2.064
4961861.0,0.36727542,1.0,2.064
4961939.0,0.3572185,1.0,2.064
4962017.0,0.35589778,1.0,294.119995
4962096.0,0.34700918,1.0,295.496002
4962174.0,0.33527598,1.0,295.496002
4962252.0,0.3610279,1.0,295.839996
4962330.0,0.36438024,1.0,295.496002
4962408.0,0.34406313,1.0,295.496002
4962486.0,0.35406935,1.0,295.496002
4962564.0,0.34975201,1.0,3.096
4962642.0,0.37387854,1.0,2.064
4962720.0,0.37707844,1.0,2.064
4962799.0,0.37377694,1.0,2.064
4962877.0,0.35056457,1.0,2.064
4962955.0,0.37123731,1.0,2.064
4963033.0,0.35122487,1.0,294.119995
4963111.0,0.33568236,1.0,295.496002
4963189.0,0.35051382,1.0,295.496002
4963267.0,0.34934559,1.0,295.496002
4963345.0,0.37011987,1.0,295.496002
4963423.0,0.34838051,1.0,295.839996
4963502.0,0.3667168,1.0,187.136002
4963580.0,0.36072317,1.0,1.72
4963658.0,0.37362456,1.0,2.064
4963736.0,0.36255175,1.0,2.064
4963814.0,0.35406935,1.0,1.72
4963892.0,0.33390456,1.0,2.064
4963970.0,0.34909165,1.0,98.384003
4964048.0,0.36732626,1.0,295.496002
4964127.0,0.34035522,1.0,295.496002
4964205.0,0.33370143,1.0,295.496002
4964283.0,0.35061532,1.0,295.496002
4964361.0,0.35523751,1.0,295.152008
4964439.0,0.33166966,1.0,294.808014
4964517.0,0.34858364,1.0,1.72
4964595.0,0.34568852,1.0,2.064
4964673.0,0.36057088,1.0,2.064
4964751.0,0.35005674,1.0,2.064
4964830.0,0.35218996,1.0,2.064
4964908.0,0.34523135,1.0,2.064
4964986.0,0.34670445,1.0,298.59201
4965064.0,0.35650733,1.0,294.463989
4965142.0,0.33456483,1.0,295.152008
4965220.0,0.35097089,1.0,295.496002
4965298.0,0.34868532,1.0,294.808014
4965376.0,0.35056457,1.0,295.152008
4965455.0,0.35097089,1.0,295.496002
4965533.0,0.36067238,1.0,2.752
4965611.0,0.37138966,1.0,2.064
4965689.0,0.37093243,1.0,2.064
4965767.0,0.36539608,1.0,2.408
4965845.0,0.35305345,1.0,2.064
4965923.0,0.35660899,1.0,2.064
4966001.0,0.3690024,1.0,294.119995
4966079.0,0.34523135,1.0,295.496002
4966158.0,0.34203145,1.0,295.152008
4966236.0,0.3611294,1.0,295.496002
4966314.0,0.34584087,1.0,295.496002
4966392.0,0.34518051,1.0,295.496002
4966470.0,0.3665643,1.0,295.496002
4966548.0,0.35218996,1.0,2.752
4966626.0,0.3690024,1.0,2.408
4966704.0,0.36219618,1.0,2.064
4966782.0,0.33944106,1.0,2.064
4966861.0,0.360266,1.0,2.064
4966939.0,0.3524439,1.0,2.408
4967017.0,0.34970108,1.0,294.463989
4967095.0,0.34787259,1.0,295.152008
4967173.0,0.3334983,1.0,295.839996
4967251.0,0.3462472,1.0,295.496002
4967329.0,0.35889465,1.0,295.496002
4967407.0,0.3532058,1.0,295.496002
4967485.0,0.33796796,1.0,295.152008
4967564.0,0.35975814,1.0,3.096
4967642.0,0.35031062,1.0,2.064
4967720.0,0.35274872,1.0,2.064
4967798.0,0.36559927,1.0,2.408
4967876.0,0.3374601,1.0,1.72
4967954.0,0.35498363,1.0,1.72
4968032.0,0.31638098,1.0,294.119995
4968110.0,0.3538661,1.0,295.152008
4968188.0,0.33517438,1.0,295.496002
4968267.0,0.37067854,1.0,295.496002
4968345.0,0.37174523,1.0,295.496002
4968423.0,0.34365675,1.0,295.152008
4968501.0,0.35894534,1.0,192.639999
4968579.0,0.3642787,1.0,2.064
4968657.0,0.37230393,1.0,2.064
4968735.0,0.36138344,1.0,2.064
4968813.0,0.36798656,1.0,1.72
4968892.0,0.3462472,1.0,2.064
4968970.0,0.37032297,1.0,91.503998
4969048.0,0.34660271,1.0,295.152008
4969126.0,0.35371372,1.0,295.152008
4969204.0,0.34406313,1.0,295.152008
4969282.0,0.36158666,1.0,295.152008
4969360.0,0.3635675,1.0,295.496002
4969438.0,0.33761239,1.0,295.839996
4969516.0,0.3690024,1.0,1.376
4969595.0,0.35620251,1.0,2.064
4969673.0,0.37428486,1.0,2.064
4969751.0,0.38281798,1.0,2.064
4969829.0,0.3601644,1.0,1.72
4969907.0,0.37311664,1.0,1.72
4969985.0,0.364939,1.0,301.0
4970063.0,0.34650117,1.0,294.808014
4970141.0,0.35432324,1.0,295.152008
4970219.0,0.34980267,1.0,295.152008
4970298.0,0.36097711,1.0,295.152008
4970376.0,0.35706601,1.0,295.496002
4970454.0,0.35188514,1.0,295.496002
4970532.0,0.38185298,1.0,3.096
4970610.0,0.35874221,1.0,2.408
4970688.0,0.36214533,1.0,2.752
4970766.0,0.3491424,1.0,2.064
4970844.0,0.36793572,1.0,1.72
4970922.0,0.36326277,1.0,1.72
4971001.0,0.35544071,1.0,293.432007
4971079.0,0.35914853,1.0,295.496002
4971157.0,0.33766323,1.0,296.18399
4971235.0,0.33867908,1.0,295.496002
4971313.0,0.35655814,1.0,296.18399
4971391.0,0.37403083,1.0,295.496002
4971469.0,0.35904703,1.0,295.839996
4971547.0,0.35985968,1.0,3.44
4971626.0,0.34909165,1.0,2.064
4971704.0,0.37966892,1.0,2.064
4971782.0,0.36869767,1.0,2.064
4971860.0,0.35274872,1.0,2.064
4971938.0,0.35935181,1.0,2.408
4972016.0,0.35762477,1.0,294.463989
4972094.0,0.36514214,1.0,296.18399
4972172.0,0.36377072,1.0,295.839996
4972251.0,0.33629182,1.0,295.839996
4972329.0,0.35838673,1.0,296.18399
4972407.0,0.3556439,1.0,295.496002
4972485.0,0.39480516,1.0,295.839996
4972563.0,0.36382154,1.0,3.096
4972641.0,0.3866275,1.0,2.064
4972719.0,0.35904703,1.0,1.72
4972797.0,0.36163741,1.0,2.408
4972875.0,0.36051995,1.0,2.064
4972953.0,0.37022147,1.0,2.064
4973032.0,0.3706277,1.0,294.463989
4973110.0,0.37499583,1.0,295.839996
4973188.0,0.35351059,1.0,295.496002
4973266.0,0.35798034,1.0,295.496002
4973344.0,0.37037376,1.0,295.839996
4973422.0,0.3627041,1.0,295.496002
4973500.0,0.38317356,1.0,201.240005
4973578.0,0.35904703,1.0,2.064
4973657.0,0.37118647,1.0,2.064
4973735.0,0.37824667,1.0,2.408
4973813.0,0.3783991,1.0,2.064
4973891.0,0.36905316,1.0,2.752
4973969.0,0.36524373,1.0,84.279999
4974047.0,0.3902846,1.0,295.496002
4974125.0,0.34970108,1.0,295.839996
4974203.0,0.35757402,1.0,295.496002
4974281.0,0.35792956,1.0,295.496002
4974360.0,0.35107258,1.0,295.496002
4974438.0,0.34934559,1.0,295.839996
4974516.0,0.36585334,1.0,1.376
4974594.0,0.3721008,1.0,2.064
4974672.0,0.38545921,1.0,2.064
4974750.0,0.36392307,1.0,2.064
4974828.0,0.35518667,1.0,2.408
4974906.0,0.37814513,1.0,2.064
4974985.0,0.36813891,1.0,301.687988
4975063.0,0.36041844,1.0,295.496002
4975141.0,0.35071701,1.0,295.839996
4975219.0,0.34426636,1.0,295.839996
4975297.0,0.37977043,1.0,295.839996
4975375.0,0.36041844,1.0,295.496002
4975453.0,0.36158666,1.0,294.808014
4975531.0,0.34375834,1.0,3.096
4975609.0,0.35478041,1.0,2.064
4975687.0,0.38286883,1.0,1.72
4975766.0,0.37408167,1.0,2.064
4975844.0,0.37113571,1.0,2.752
4975922.0,0.35848826,1.0,1.72
4976000.0,0.36585334,1.0,293.776001
4976078.0,0.35960564,1.0,295.496002
4976156.0,0.33954257,1.0,294.463989
4976234.0,0.35914853,1.0,295.152008
4976312.0,0.34756786,1.0,295.152008
4976391.0,0.35655814,1.0,294.808014
4976469.0,0.34589165,1.0,295.496002
4976547.0,0.35361221,1.0,3.096
4976625.0,0.36473581,1.0,1.376
4976703.0,0.37321824,1.0,2.064
4976781.0,0.35213912,1.0,2.064
4976859.0,0.34827891,1.0,2.064
4976937.0,0.36910394,1.0,1.72
4977015.0,0.36438024,1.0,294.119995
4977094.0,0.35472965,1.0,295.152008
4977172.0,0.36239937,1.0,295.496002
4977250.0,0.34294569,1.0,295.496002
4977328.0,0.34045675,1.0,295.839996
4977406.0,0.32095245,1.0,295.496002
4977484.0,0.35412014,1.0,295.496002
4977562.0,0.36158666,1.0,3.096
4977640.0,0.35681212,1.0,2.408
4977719.0,0.38860837,1.0,2.064
4977797.0,0.34802502,1.0,2.064
4977875.0,0.34721228,1.0,2.064
4977953.0,0.35279948,1.0,2.752
4978031.0,0.34645042,1.0,294.463989
4978109.0,0.34609485,1.0,294.808014
4978187.0,0.35142815,1.0,295.496002
4978265.0,0.34761861,1.0,295.496002
4978343.0,0.37230393,1.0,295.496002
4978421.0,0.3856625,1.0,295.496002
4978500.0,0.36483741,1.0,209.496002
4978578.0,0.34838051,1.0,2.064
4978656.0,0.37088174,1.0,2.064
4978734.0,0.37347206,1.0,2.752
4978812.0,0.35381541,1.0,2.064
4978890.0,0.3642278,1.0,2.064
4978968.0,0.364939,1.0,76.711998
4979047.0,0.37596101,1.0,295.496002
4979125.0,0.35594872,1.0,295.496002
4979203.0,0.35020909,1.0,295.496002
4979281.0,0.33928862,1.0,295.839996
4979359.0,0.37484363,1.0,295.496002
4979437.0,0.3611294,1.0,295.152008
4979515.0,0.35198683,1.0,1.376
4979593.0,0.35503438,1.0,1.72
4979671.0,0.36625957,1.0,2.064
4979749.0,0.34782174,1.0,1.376
4979828.0,0.37408167,1.0,2.064
4979906.0,0.36702153,1.0,2.064
4979984.0,0.34959948,1.0,303.40799
4980062.0,0.34650117,1.0,295.496002
4980140.0,0.35051382,1.0,295.496002
4980218.0,0.35544071,1.0,295.496002
4980296.0,0.34152353,1.0,295.496002
4980374.0,0.33522514,1.0,295.496002
4980453.0,0.3595041,1.0,295.152008
4980531.0,0.34741542,1.0,3.096
4980609.0,0.35503438,1.0,2.064
4980687.0,0.3737261,1.0,2.064
4980765.0,0.37250704,1.0,2.064
4980843.0,0.35889465,1.0,1.72
4980921.0,0.35625342,1.0,2.064
4980999.0,0.35396776,1.0,293.432007
4981078.0,0.35701531,1.0,295.496002
4981156.0,0.32100314,1.0,295.152008
4981234.0,0.35478041,1.0,295.496002
4981312.0,0.36407551,1.0,295.152008
4981390.0,0.35152966,1.0,295.152008
4981468.0,0.33309191,1.0,295.152008
4981546.0,0.35757402,1.0,3.096
4981624.0,0.35152966,1.0,1.032
4981702.0,0.34838051,1.0,1.376
4981780.0,0.35523751,1.0,1.72
4981859.0,0.37083089,1.0,1.72
4981937.0,0.35234231,1.0,2.064
4982015.0,0.3532058,1.0,293.776001
4982093.0,0.36808807,1.0,295.152008
4982171.0,0.34096482,1.0,295.152008
4982249.0,0.36123115,1.0,295.496002
4982327.0,0.35726929,1.0,295.496002
4982406.0,0.3754023,1.0,295.496002
4982484.0,0.34924391,1.0,295.496002
4982562.0,0.36874837,1.0,3.096
4982640.0,0.35640571,1.0,1.72
4982718.0,0.36996743,1.0,2.064
4982796.0,0.36874837,1.0,1.72
4982874.0,0.35422164,1.0,2.064
4982952.0,0.35671058,1.0,1.72
4983030.0,0.35305345,1.0,294.119995
4983108.0,0.32252693,1.0,295.496002
4983187.0,0.36214533,1.0,295.496002
4983265.0,0.35864061,1.0,295.839996
4983343.0,0.35097089,1.0,295.496002
4983421.0,0.34878683,1.0,295.496002
4983499.0,0.36326277,1.0,222.223999
4983577.0,0.36534524,1.0,2.064
4983655.0,0.37524986,1.0,3.096
4983733.0,0.3672246,1.0,2.752
4983811.0,0.38454497,1.0,2.752
4983890.0,0.36996743,1.0,2.752
4983968.0,0.35168204,1.0,72.584
4984046.0,0.36443099,1.0,295.839996
4984124.0,0.3334983,1.0,295.839996
4984202.0,0.34421551,1.0,295.839996
4984280.0,0.33248246,1.0,295.496002
4984358.0,0.35081854,1.0,295.839996
4984436.0,0.35152966,1.0,295.496002
4984515.0,0.34309804,1.0,2.064
4984593.0,0.35518667,1.0,2.064
4984671.0,0.38723695,1.0,1.72
4984749.0,0.35396776,1.0,2.064
4984827.0,0.34655192,1.0,1.72
4984905.0,0.39775109,1.0,2.064
4984983.0,0.36951032,1.0,304.440002
4985061.0,0.35599947,1.0,295.496002
4985139.0,0.34020293,1.0,295.496002
4985217.0,0.35813278,1.0,295.496002
4985296.0,0.35381541,1.0,295.496002
4985374.0,0.36224693,1.0,295.152008
4985452.0,0.3643294,1.0,295.496002
4985530.0,0.35213912,1.0,3.096
4985608.0,0.34782174,1.0,2.064
4985686.0,0.38043073,1.0,2.064
4985764.0,0.37524986,1.0,2.064
4985843.0,0.36214533,1.0,2.064
4985921.0,0.35980883,1.0,2.064
4985999.0,0.34518051,1.0,293.432007
4986077.0,0.35960564,1.0,295.496002
4986155.0,0.32816502,1.0,295.496002
4986233.0,0.35528833,1.0,295.496002
4986311.0,0.34167579,1.0,296.18399
4986389.0,0.33944106,1.0,295.496002
4986467.0,0.3388823,1.0,295.839996
4986545.0,0.34370759,1.0,3.784
4986624.0,0.37423402,1.0,2.752
4986702.0,0.35005674,1.0,2.752
4986780.0,0.35533917,1.0,2.752
4986858.0,0.34573928,1.0,2.752
4986936.0,0.33852673,1.0,2.408
4987014.0,0.35589778,1.0,294.463989
4987092.0,0.35732004,1.0,295.839996
4987170.0,0.3522408,1.0,295.839996
4987249.0,0.34497738,1.0,295.839996
4987327.0,0.35122487,1.0,295.839996
4987405.0,0.38241166,1.0,295.839996
4987483.0,0.35798034,1.0,295.839996
4987561.0,0.32963794,1.0,3.44
4987639.0,0.35031062,1.0,2.408
4987717.0,0.38119262,1.0,2.408
4987795.0,0.34965032,1.0,1.376
4987873.0,0.35290107,1.0,2.064
4987952.0,0.36158666,1.0,1.72
4988030.0,0.36392307,1.0,293.776001
4988108.0,0.33212683,1.0,295.152008
4988186.0,0.35203758,1.0,294.808014
4988264.0,0.35599947,1.0,294.808014
4988342.0,0.34462184,1.0,294.808014
4988420.0,0.34680596,1.0,295.152008
4988498.0,0.35345984,1.0,228.759995
4988577.0,0.37631655,1.0,1.376
4988655.0,0.36245012,1.0,1.032
4988733.0,0.36879921,1.0,1.032
4988811.0,0.37017062,1.0,1.032
4988889.0,0.3665643,1.0,1.376
4988967.0,0.35208842,1.0,66.736
4989045.0,0.33766323,1.0,294.463989
4989123.0,0.34594241,1.0,294.808014
4989201.0,0.34599325,1.0,295.152008
4989279.0,0.34893921,1.0,294.808014
4989358.0,0.34939635,1.0,294.808014
4989436.0,0.34609485,1.0,295.839996
4989514.0,0.35361221,1.0,1.032
4989592.0,0.3572185,1.0,2.064
4989670.0,0.36189145,1.0,1.72
4989748.0,0.36529458,1.0,2.064
4989826.0,0.37017062,1.0,1.72
4989905.0,0.33395532,1.0,1.72
4989983.0,0.33928862,1.0,305.81601
4990061.0,0.3531042,1.0,295.496002
4990139.0,0.36011362,1.0,295.839996
4990217.0,0.34020293,1.0,296.18399
4990295.0,0.38576403,1.0,294.463989
4990373.0,0.37331983,1.0,295.152008
4990451.0,0.36549777,1.0,295.152008
4990529.0,0.3375617,1.0,2.408
4990607.0,0.35914853,1.0,1.376
4990686.0,0.36153588,1.0,1.376
4990764.0,0.35792956,1.0,1.376
4990842.0,0.35620251,1.0,1.72
4990920.0,0.35899624,1.0,1.72
4990998.0,0.34772015,1.0,293.776001
4991076.0,0.35498363,1.0,295.152008
4991154.0,0.33883145,1.0,295.152008
4991233.0,0.34142199,1.0,295.152008
4991311.0,0.36290723,1.0,295.496002
4991389.0,0.34868532,1.0,295.496002
4991467.0,0.35305345,1.0,295.152008
4991545.0,0.35594872,1.0,2.408
4991623.0,0.36915478,1.0,2.064
4991701.0,0.35838673,1.0,2.408
4991779.0,0.39170685,1.0,2.752
4991857.0,0.37326902,1.0,2.064
4991935.0,0.36062157,1.0,2.064
4992014.0,0.33695212,1.0,293.088013
4992092.0,0.35579628,1.0,295.496002
4992170.0,0.35889465,1.0,296.18399
4992248.0,0.33832359,1.0,296.18399
4992326.0,0.35696447,1.0,296.528015
4992404.0,0.33563152,1.0,296.18399
4992482.0,0.34071079,1.0,296.528015
4992560.0,0.36280563,1.0,3.784
4992639.0,0.3768245,1.0,2.064
4992717.0,0.35732004,1.0,2.408
4992795.0,0.3538661,1.0,2.408
4992873.0,0.35737088,1.0,2.408
4992951.0,0.35843751,1.0,1.72
4993029.0,0.3351236,1.0,293.432007
4993107.0,0.34650117,1.0,294.808014
4993185.0,0.3738277,1.0,294.463989
4993263.0,0.33679983,1.0,295.152008
4993341.0,0.33928862,1.0,294.463989
4993420.0,0.34888852,1.0,295.152008
4993498.0,0.35163134,1.0,241.488007
4993576.0,0.35686296,1.0,2.064
4993654.0,0.37113571,1.0,1.72
4993732.0,0.3802276,1.0,2.064
4993810.0,0.33339664,1.0,1.376
4993888.0,0.36412627,1.0,2.064
4993966.0,0.36915478,1.0,54.695999
4994045.0,0.36031684,1.0,295.152008
4994123.0,0.34467268,1.0,294.808014
4994201.0,0.35239315,1.0,295.152008
4994279.0,0.3672246,1.0,295.152008
4994357.0,0.35147882,1.0,294.808014
4994435.0,0.35122487,1.0,295.152008
4994513.0,0.33283803,1.0,0.344
4994591.0,0.36631033,1.0,2.064
4994669.0,0.3680374,1.0,1.72
4994747.0,0.34355515,1.0,2.064
4994826.0,0.36854523,1.0,2.064
4994904.0,0.36021525,1.0,2.064
4994982.0,0.35076785,1.0,307.191986
4995060.0,0.34731388,1.0,295.152008
4995138.0,0.33060303,1.0,295.152008
4995216.0,0.35325664,1.0,295.496002
4995294.0,0.34604415,1.0,295.496002
4995373.0,0.34995505,1.0,295.496002
4995451.0,0.36991674,1.0,295.839996
4995529.0,0.36123115,1.0,2.752
4995607.0,0.35742158,1.0,2.064
4995685.0,0.37235469,1.0,2.064
4995763.0,0.36631033,1.0,1.72
4995841.0,0.38210693,1.0,2.064
4995919.0,0.35772631,1.0,2.064
4995997.0,0.36940867,1.0,294.119995
4996076.0,0.35884383,1.0,295.496002
4996154.0,0.35036144,1.0,295.496002
4996232.0,0.34741542,1.0,295.496002
4996310.0,0.36138344,1.0,295.496002
4996388.0,0.36239937,1.0,295.496002
4996466.0,0.3610279,1.0,295.496002
4996544.0,0.35467881,1.0,2.752
4996622.0,0.33339664,1.0,2.064
4996701.0,0.35904703,1.0,1.72
4996779.0,0.34167579,1.0,2.064
4996857.0,0.36783418,1.0,2.064
4996935.0,0.36234847,1.0,2.064
4997013.0,0.338222,1.0,294.119995
4997091.0,0.3643294,1.0,295.496002
4997169.0,0.34716147,1.0,295.496002
4997247.0,0.35274872,1.0,295.496002
4997325.0,0.34716147,1.0,295.496002
4997403.0,0.365904,1.0,295.496002
4997482.0,0.35406935,1.0,295.839996
4997560.0,0.35412014,1.0,2.752
4997638.0,0.40262717,1.0,2.064
4997716.0,0.35650733,1.0,2.064
4997794.0,0.36884996,1.0,1.72
4997872.0,0.36625957,1.0,1.72
4997950.0,0.36417705,1.0,2.064
4998029.0,0.37255788,1.0,294.463989
4998107.0,0.34812656,1.0,295.496002
4998185.0,0.35051382,1.0,295.496002
4998263.0,0.36514214,1.0,295.839996
4998341.0,0.35427248,1.0,295.496002
4998419.0,0.36031684,1.0,295.839996
4998497.0,0.35671058,1.0,250.087997
4998575.0,0.36453259,1.0,2.408
4998653.0,0.36473581,1.0,1.72
4998731.0,0.36473581,1.0,2.064
4998809.0,0.37728164,1.0,2.064
4998888.0,0.34294569,1.0,2.408
4998966.0,0.36768183,1.0,36.119999
4999044.0,0.3597073,1.0,294.808014
4999122.0,0.34005049,1.0,295.496002
4999200.0,0.35594872,1.0,295.496002
4999278.0,0.34888852,1.0,295.496002
4999356.0,0.35305345,1.0,295.496002
4999435.0,0.34294569,1.0,295.496002
4999513.0,0.3364442,1.0,1.032
4999591.0,0.36559927,1.0,2.064
4999669.0,0.35340899,1.0,1.376
4999747.0,0.33654585,1.0,2.064
4999825.0,0.35173285,1.0,2.064
4999903.0,0.38972589,1.0,2.064
4999981.0,0.33593625,1.0,308.911987
5000059.0,0.35483125,1.0,295.152008
5000137.0,0.33664739,1.0,295.152008
5000216.0,0.33928862,1.0,295.496002
5000294.0,0.36717391,1.0,295.496002
5000372.0,0.34091398,1.0,295.839996
5000450.0,0.36204374,1.0,294.808014
5000528.0,0.33177125,0.0,3.096
5000606.0,0.34827891,0.0,1.72
5000684.0,0.3214604,0.0,1.72
5000763.0,0.32344124,0.0,2.752
5000841.0,0.34629798,0.0,2.408
5000919.0,0.33385372,0.0,2.064
5000997.0,0.30586699,0.0,2.408
5001075.0,0.26995641,0.0,2.752
5001153.0,0.25106156,0.0,2.064
5001231.0,0.18762127,0.0,2.064
5001309.0,0.13901263,0.0,1.72
5001387.0,0.07105176,0.0,2.752
5001466.0,0.01995434,0.0,2.064
5001544.0,-0.01387377,0.0,2.408
5001622.0,-0.0678157,0.0,2.408
5001700.0,-0.09371997,0.0,2.752
5001778.0,-0.16041103,0.0,2.064
5001856.0,-0.17143311,0.0,2.408
5001934.0,-0.15634763,0.0,2.064
5002012.0,-0.14664613,0.0,2.064
5002090.0,-0.13008779,0.0,2.064
5002168.0,-0.08427252,0.0,2.064
5002247.0,-0.05359371,0.0,2.064
5002325.0,-0.02398152,0.0,1.376
5002403.0,0.03605559,0.0,1.72
5002481.0,0.06582014,0.0,1.72
5002559.0,0.109248,0.0,2.064
5002637.0,0.12702554,0.0,1.72
5002715.0,0.14673318,0.0,2.064
5002793.0,0.12956516,0.0,1.72
5002871.0,0.11473358,0.0,2.064
5002950.0,0.08679753,0.0,2.064
5003028.0,0.07912796,0.0,2.064
5003106.0,0.00969408,0.0,1.72
5003184.0,-0.02184814,0.0,2.064
5003262.0,-0.07777101,0.0,2.064
5003340.0,-0.1125133,0.0,2.064
5003418.0,-0.13775736,0.0,3.44
5003496.0,-0.14862707,0.0,2.064
5003575.0,-0.12800525,0.0,2.408
5003653.0,-0.10794196,0.0,2.064
5003731.0,-0.09412637,0.0,2.064
5003809.0,-0.06878071,0.0,2.064
5003887.0,0.00075462,0.0,1.72
5003965.0,0.01670351,0.0,2.408
5004043.0,0.07028995,0.0,1.72
5004121.0,0.08628967,0.0,2.064
5004200.0,0.10061327,0.0,1.032
5004278.0,0.09121657,0.0,1.72
5004356.0,0.1227081,0.0,2.064
5004434.0,0.0978196,0.0,1.72
5004512.0,0.06048692,0.0,2.064
5004590.0,0.04159201,0.0,2.064
5004668.0,0.00898303,0.0,2.064
5004746.0,-0.03820351,0.0,2.064
5004824.0,-0.07965035,0.0,2.064
5004903.0,-0.0881328,0.0,1.72
5004981.0,-0.11434194,0.0,2.064
5005059.0,-0.11627205,0.0,1.72
5005137.0,-0.10865309,0.0,1.72
5005215.0,-0.08574553,0.0,2.064
5005293.0,-0.05984118,0.0,1.72
5005371.0,-0.01108011,0.0,2.064
5005449.0,0.00573235,0.0,2.064
5005527.0,0.03473501,0.0,2.064
5005606.0,0.08207384,0.0,1.72
5005684.0,0.06830893,0.0,2.064
5005762.0,0.0939594,0.0,2.408
5005840.0,0.10716546,0.0,2.408
5005918.0,0.10807978,0.0,2.064
5005996.0,0.07425175,0.0,2.064
5006074.0,0.04839824,0.0,2.064
5006152.0,0.00872906,0.0,2.064
5006230.0,-0.00229294,0.0,2.064
5006309.0,-0.03276861,0.0,2.408
5006387.0,-0.07055853,0.0,2.064
5006465.0,-0.09133271,0.0,2.064
5006543.0,-0.10870385,0.0,2.064
5006621.0,-0.10011981,0.0,2.064
5006699.0,-0.10194838,0.0,2.064
5006777.0,-0.06227928,0.0,2.064
5006856.0,-0.05552381,0.0,2.064
5006934.0,-0.02504806,0.0,2.064
5007012.0,0.00898303,0.0,2.064
5007090.0,0.02295105,0.0,1.72
5007168.0,0.05154747,0.0,2.064
5007246.0,0.09182617,0.0,2.064
5007324.0,0.09060712,0.0,2.064
5007402.0,0.0920293,0.0,1.72
5007480.0,0.07435335,0.0,2.064
5007559.0,0.08009297,0.0,2.064
5007637.0,0.03854445,0.0,2.064
5007715.0,-0.00142952,0.0,2.064
5007793.0,-0.01290868,0.0,2.064
5007871.0,-0.04170815,0.0,2.064
5007949.0,-0.0745711,0.0,1.72
5008027.0,-0.10108497,0.0,2.064
5008105.0,-0.09529459,0.0,2.064
5008183.0,-0.0810726,0.0,1.72
5008261.0,-0.08594865,0.0,1.376
5008340.0,-0.04617795,0.0,2.064
5008418.0,-0.03703522,0.0,1.72
5008496.0,0.0061386,0.0,2.064
5008574.0,0.00801794,0.0,2.752
5008652.0,0.02584624,0.0,2.408
5008730.0,0.05967427,0.0,2.064
5008808.0,0.06856297,0.0,2.064
5008886.0,0.06653135,0.0,1.72
5008964.0,0.08324213,0.0,2.064
5009043.0,0.06719163,0.0,1.72
5009121.0,0.05144587,0.0,2.408
5009199.0,0.04646814,0.0,2.064
5009277.0,0.02142727,0.0,2.064
5009355.0,-0.02134022,0.0,1.72
5009433.0,-0.03571457,0.0,2.064
5009511.0,-0.06690145,0.0,2.064
5009589.0,-0.07487597,0.0,1.376
5009667.0,-0.0714727,0.0,2.064
5009746.0,-0.08376459,0.0,1.72
5009824.0,-0.05704767,0.0,2.408
5009902.0,-0.04668588,0.0,2.064
5009980.0,-0.02408304,0.0,2.064
5010058.0,-0.01057218,0.0,2.064
5010136.0,0.02919859,0.0,2.408
5010214.0,0.04484276,0.0,2.408
5010293.0,0.05078558,0.0,2.064
5010371.0,0.05144587,0.0,2.408
5010449.0,0.08634052,0.0,2.408
5010527.0,0.07140733,0.0,2.408
5010605.0,0.07064551,0.0,2.064
5010683.0,0.05718533,0.0,2.064
5010761.0,0.01792256,0.0,2.064
5010839.0,-0.02733387,0.0,2.408
5010917.0,-0.02098466,0.0,2.064
5010996.0,-0.04150495,0.0,3.44
5011074.0,-0.03998117,0.0,2.064
5011152.0,-0.07076165,0.0,2.752
5011230.0,-0.06441259,0.0,2.064
5011308.0,-0.07690752,0.0,2.408
5011386.0,-0.05826657,0.0,2.064
5011464.0,-0.0182419,0.0,2.064
5011542.0,-0.02215302,0.0,2.064
5011620.0,0.00105934,0.0,2.408
5011699.0,0.01995434,0.0,2.064
5011777.0,0.04565541,0.0,2.064
5011855.0,0.05413786,0.0,2.064
5011933.0,0.04758559,0.0,2.408
5012011.0,0.07415015,0.0,2.064
5012089.0,0.03534454,0.0,2.064
5012167.0,0.04108408,0.0,2.064
5012245.0,0.01370679,0.0,2.752
5012323.0,-0.00193737,0.0,2.408
5012402.0,-0.01255312,0.0,1.72
5012480.0,-0.02296559,0.0,2.064
5012558.0,-0.04912398,0.0,1.72
5012636.0,-0.06532683,0.0,1.72
5012714.0,-0.05638738,0.0,2.064
5012792.0,-0.05516833,0.0,2.064
5012870.0,-0.06009522,0.0,1.72
5012948.0,-0.04749853,0.0,2.752
5013027.0,-0.01793718,0.0,2.064
5013105.0,0.00212603,0.0,2.064
5013183.0,0.01050688,0.0,2.064
5013261.0,0.03757944,0.0,2.064
5013339.0,0.05043001,0.0,2.064
5013417.0,0.04799191,0.0,2.064
5013495.0,0.05225844,0.0,2.752
5013573.0,0.05556003,0.0,2.064
5013652.0,0.04291258,0.0,2.064
5013730.0,0.0539855,0.0,2.064
5013808.0,0.02493207,0.0,1.72
5013886.0,-0.00249614,0.0,1.72
5013964.0,-0.04379069,0.0,1.376
5014042.0,-0.04470501,0.0,1.72
5014120.0,-0.04120022,0.0,1.376
5014198.0,-0.04135259,0.0,2.064
5014276.0,-0.06299041,0.0,1.72
5014355.0,-0.05400004,0.0,2.064
5014433.0,-0.04506043,0.0,1.032
5014511.0,-0.0452637,0.0,2.064
5014589.0,-0.01976568,0.0,1.72
5014667.0,0.00923699,0.0,2.408
5014745.0,0.01898932,0.0,2.064
5014823.0,0.02269716,0.0,2.064
5014901.0,0.0311287,0.0,1.032
5014979.0,0.05332521,0.0,1.72
5015057.0,0.05236012,0.0,1.376
5015136.0,0.05809966,0.0,1.72
5015214.0,0.03798576,0.0,2.064
5015292.0,0.03437945,0.0,2.408
5015370.0,0.02472879,0.0,1.72
5015448.0,0.00893226,0.0,2.064
5015526.0,-0.01849587,0.0,1.376
5015604.0,-0.03124484,0.0,2.064
5015682.0,-0.05090165,0.0,1.376
5015760.0,-0.05034288,0.0,2.064
5015839.0,-0.04338437,0.0,1.72
5015917.0,-0.06725693,0.0,1.72
5015995.0,-0.05120645,0.0,2.064
5016073.0,-0.02941634,0.0,1.72
5016151.0,-0.0139753,0.0,2.064
5016229.0,0.00370057,0.0,1.376
5016307.0,0.0198019,0.0,2.064
5016385.0,0.02899547,0.0,2.064
5016463.0,0.03859522,0.0,2.064
5016542.0,0.03671588,0.0,2.408
5016620.0,0.0335668,0.0,1.72
5016698.0,0.04352218,0.0,2.064
5016776.0,0.01111633,0.0,2.064
5016854.0,0.03793493,0.0,2.408
5016932.0,0.02183367,0.0,2.064
5017010.0,-0.00386755,0.0,2.064
5017089.0,-0.02799416,0.0,2.064
5017167.0,-0.02834965,0.0,2.408
5017245.0,-0.06060307,0.0,2.408
5017323.0,-0.05476185,0.0,1.72
5017401.0,-0.06481891,0.0,2.408
5017479.0,-0.05476185,0.0,1.72
5017557.0,-0.0253021,0.0,2.064
5017635.0,-0.02022277,0.0,1.72
5017713.0,-0.01301028,0.0,1.72
5017792.0,-0.00483264,0.0,2.752
5017870.0,0.01705907,0.0,1.72
5017948.0,0.0012117,0.0,1.72
5018026.0,0.03976351,0.0,1.72
5018104.0,0.04296342,0.0,1.72
5018182.0,0.04438567,0.0,2.064
5018260.0,0.02980812,0.0,2.064
5018338.0,0.01401152,0.0,2.408
5018416.0,0.01416388,0.0,2.408
5018495.0,-0.00564529,0.0,2.064
5018573.0,0.00044989,0.0,2.064
5018651.0,-0.01991804,0.0,2.064
5018729.0,-0.02443861,0.0,2.064
5018807.0,-0.05968882,0.0,2.064
5018885.0,-0.04216539,0.0,2.752
5018963.0,-0.0519175,0.0,2.064
5019041.0,-0.02977183,0.0,2.064
5019119.0,-0.02885757,0.0,2.064
5019198.0,-0.01102934,0.0,2.064
5019276.0,-0.0180387,0.0,2.064
5019354.0,0.02046219,0.0,2.752
5019432.0,0.00888142,0.0,2.064
5019510.0,0.02889387,0.0,2.408
5019588.0,0.03956031,0.0,2.064
5019666.0,0.02234153,0.0,2.064
5019744.0,0.0485506,0.0,1.72
5019822.0,0.02528748,0.0,2.064
5019901.0,0.01233538,0.0,1.72
5019979.0,0.0240685,0.0,2.064
5020057.0,0.00268479,0.0,2.064
5020135.0,-0.02581002,0.0,2.752
5020213.0,-0.00945481,0.0,2.064
5020291.0,-0.00625474,0.0,2.408
5020369.0,-0.0139753,0.0,2.064
5020447.0,-0.03830503,0.0,2.064
5020525.0,-0.05623486,0.0,2.064
5020604.0,-0.02088313,0.0,2.064
5020682.0,-0.02738464,0.0,2.064
5020760.0,-0.00579765,0.0,2.064
5020838.0,-5.803e-05,0.0,2.064
5020916.0,0.00034829,0.0,2.752
5020994.0,0.01406236,0.0,2.064
5021072.0,0.0430651,0.0,2.408
5021151.0,0.03534454,0.0,2.064
5021229.0,0.03478577,0.0,2.408
5021307.0,0.018075,0.0,2.064
5021385.0,0.01604322,0.0,2.408
5021463.0,0.01035451,0.0,2.064
5021541.0,0.01071008,0.0,2.064
5021619.0,-0.01036906,0.0,1.72
5021697.0,-0.00650878,0.0,2.064
5021775.0,-0.0291623,0.0,2.064
5021853.0,-0.02662267,0.0,2.064
5021932.0,-0.03297182,0.0,2.408
5022010.0,-0.03779703,0.0,2.064
5022088.0,-0.02616558,0.0,2.064
5022166.0,-0.02865445,0.0,2.064
5022244.0,-0.01219748,0.0,2.064
5022322.0,0.00334508,0.0,1.72
5022400.0,0.02564304,0.0,2.064
5022478.0,0.00949103,0.0,2.408
5022556.0,0.01934474,0.0,2.064
5022635.0,0.03321123,0.0,1.376
5022713.0,0.02452566,0.0,1.72
5022791.0,0.03646199,0.0,1.72
5022869.0,0.03895078,0.0,2.064
5022947.0,0.01162425,0.0,1.72
5023025.0,-0.00325795,0.0,1.72
5023103.0,-0.00503576,0.0,2.064
5023182.0,-0.00523889,0.0,2.064
5023260.0,-0.01052134,0.0,1.376
5023338.0,-0.0162102,0.0,2.064
5023416.0,-0.02596238,0.0,1.72
5023494.0,-0.02220371,0.0,2.064
5023572.0,-0.00534049,0.0,2.064
5023650.0,-0.00879437,0.0,2.064
5023728.0,-0.0309908,0.0,1.72
5023806.0,-0.02448937,0.0,2.064
5023885.0,-0.01006426,0.0,1.72
5023963.0,0.01812576,0.0,2.064
5024041.0,0.03458265,0.0,1.376
5024119.0,0.00669736,0.0,2.064
5024197.0,0.0220368,0.0,1.376
5024275.0,0.03371916,0.0,2.752
5024353.0,0.0295034,0.0,2.064
5024431.0,0.02691293,0.0,2.064
5024509.0,0.0091863,0.0,1.376
5024588.0,0.00664667,0.0,2.064
5024666.0,0.00014517,0.0,2.064
5024744.0,-0.02982266,0.0,2.064
5024822.0,-0.01163887,0.0,2.408
5024900.0,-0.04262248,0.0,1.72
5024978.0,0.00415773,0.0,2.408
5025056.0,-0.02393061,0.0,2.064
5025134.0,-0.01356897,0.0,1.72
5025212.0,-0.00650878,0.0,2.064
5025291.0,-0.00473096,0.0,2.064
5025369.0,-0.00026131,0.0,2.408
5025447.0,0.00563067,0.0,2.064
5025525.0,0.0061386,0.0,1.376
5025603.0,0.00547831,0.0,2.064
5025681.0,0.01863368,0.0,1.72
5025759.0,0.0128433,0.0,2.064
5025837.0,0.00867822,0.0,2.064
5025915.0,0.01553529,0.0,1.72
5025994.0,0.01126876,0.0,2.064
5026072.0,0.01426541,0.0,1.72
5026150.0,0.006545,0.0,2.064
5026228.0,0.00776405,0.0,1.72
5026306.0,0.01142105,0.0,1.72
5026384.0,-0.00483264,0.0,1.376
5026462.0,-0.01534671,0.0,1.72
5026540.0,-0.02438777,0.0,1.72
5026618.0,-0.01753085,0.0,2.064
5026697.0,-0.02687671,0.0,2.064
5026775.0,-0.02047681,0.0,2.408
5026853.0,-0.03012746,0.0,2.064
5026931.0,-0.00884528,0.0,2.064
5027009.0,0.00700209,0.0,1.72
5027087.0,0.00232923,0.0,2.064
5027165.0,0.00547831,0.0,2.064
5027243.0,0.00659576,0.0,2.064
5027322.0,0.02056379,0.0,2.064
5027400.0,0.01126876,0.0,2.064
5027478.0,0.02665889,0.0,2.064
5027556.0,0.01116716,0.0,2.064
5027634.0,0.00502115,0.0,2.064
5027712.0,0.01071008,0.0,2.064
5027790.0,0.00253236,0.0,2.064
5027868.0,-0.01255312,0.0,2.408
5027946.0,-0.0141785,0.0,2.064
5028025.0,-0.02834965,0.0,1.376
5028103.0,-0.01666729,0.0,2.064
5028181.0,-0.02591155,0.0,2.408
5028259.0,0.00715445,0.0,2.064
5028337.0,-0.01768314,0.0,2.408
5028415.0,-0.01351821,0.0,2.064
5028493.0,-0.00884528,0.0,2.752
5028571.0,0.00593547,0.0,2.064
5028649.0,0.00842434,0.0,3.096
5028728.0,0.0043101,0.0,2.064
5028806.0,0.01660198,0.0,1.72
5028884.0,0.00527511,0.0,2.064
5028962.0,0.03026521,0.0,2.408
5029040.0,0.00502115,0.0,2.408
5029118.0,0.01223378,0.0,2.752
5029196.0,0.00822114,0.0,2.408
5029274.0,0.02853831,0.0,2.408
5029352.0,0.00161803,0.0,1.72
5029431.0,-0.01839434,0.0,2.752
5029509.0,-0.01885143,0.0,2.064
5029587.0,-0.01341653,0.0,2.408
5029665.0,-0.01402598,0.0,2.408
5029743.0,-0.02083237,0.0,2.408
5029821.0,-0.02362588,0.0,2.064
5029899.0,-0.00539133,0.0,2.752
5029977.0,-0.00965786,0.0,2.064
5030056.0,-0.00493416,0.0,1.376
5030134.0,0.02924936,0.0,2.064
5030212.0,0.02234153,0.0,2.064
5030290.0,0.01167509,0.0,2.064
5030368.0,0.01045604,0.0,2.064
5030446.0,0.01812576,0.0,2.064
5030524.0,0.01904001,0.0,2.064
5030602.0,0.02498275,0.0,1.72
5030681.0,0.00933851,0.0,2.408
5030759.0,0.00664667,0.0,2.064
5030837.0,0.00044989,0.0,2.064
5030915.0,-0.01290868,0.0,2.064
5030993.0,-0.00117548,0.0,2.408
5031071.0,-0.0199688,0.0,2.408
5031149.0,-0.03302265,0.0,2.064
5031227.0,-0.00986106,0.0,2.064
5031305.0,-0.01819114,0.0,2.064
5031384.0,-0.00823575,0.0,2.408
5031462.0,-0.01509275,0.0,1.72
5031540.0,0.00344661,0.0,2.064
5031618.0,-0.00219134,0.0,2.064
5031696.0,-0.00036283,0.0,2.064
5031774.0,-0.00716907,0.0,2.064
5031852.0,0.006545,0.0,1.72
5031930.0,0.0132497,0.0,2.064
5032008.0,0.02432247,0.0,2.752
5032086.0,-0.00153105,0.0,2.064
5032165.0,0.0051229,0.0,2.064
5032243.0,0.00273548,0.0,2.064
5032321.0,0.01147189,0.0,2.064
5032399.0,0.00568143,0.0,2.064
5032477.0,0.00608791,0.0,2.064
5032555.0,-0.00813408,0.0,2.064
5032633.0,-0.01316265,0.0,2.064
5032711.0,-0.03048295,0.0,1.376
5032790.0,0.01975114,0.0,2.064
5032868.0,-0.04053994,0.0,1.72
5032946.0,-0.02408304,0.0,1.72
5033024.0,-0.00401991,0.0,1.72
5033102.0,-0.00955633,0.0,2.064
5033180.0,-0.00036283,0.0,2.064
5033258.0,0.01319887,0.0,2.752
5033336.0,0.018075,0.0,1.032
5033415.0,0.00684972,0.0,2.064
5033493.0,0.01279254,0.0,2.064
5033571.0,0.01914161,0.0,2.408
5033649.0,0.00227832,0.0,1.376
5033727.0,-0.00386755,0.0,2.064
5033805.0,0.01761783,0.0,2.064
5033883.0,-0.01367057,0.0,2.064
5033961.0,0.01167509,0.0,1.72
5034039.0,0.00786565,0.0,2.064
5034118.0,-0.00930229,0.0,2.064
5034196.0,-0.00132792,0.0,1.376
5034274.0,-0.03287014,0.0,2.064
5034352.0,-0.01539747,0.0,2.064
5034430.0,0.00237992,0.0,1.72
5034508.0,-0.01118163,0.0,2.408
5034586.0,-0.00417228,0.0,1.376
5034664.0,0.00583387,0.0,2.408
5034742.0,-0.0084388,0.0,2.064
5034821.0,-0.00640725,0.0,2.064
5034899.0,0.00502115,0.0,1.72
5034977.0,-0.00732143,0.0,2.064
5035055.0,0.0106084,0.0,2.064
5035133.0,0.01680511,0.0,2.064
5035211.0,0.01233538,0.0,2.064
5035289.0,0.00268479,0.0,2.064
5035367.0,0.02137651,0.0,2.064
5035445.0,-0.01148651,0.0,1.72
5035524.0,-0.01935935,0.0,2.064
5035602.0,-0.00589918,0.0,2.064
5035680.0,-0.01311181,0.0,1.72
5035758.0,-0.00534049,0.0,2.752
5035836.0,-0.00356275,0.0,1.72
5035914.0,-0.01453406,0.0,2.064
5035992.0,-0.00854048,0.0,1.72
5036070.0,0.00705292,0.0,2.064
5036148.0,-0.0025469,0.0,2.064
5036227.0,0.00105934,0.0,2.064
5036305.0,-0.01138483,0.0,2.064
5036383.0,-0.00528973,0.0,2.064
5036461.0,0.00684972,0.0,2.064
5036539.0,0.02716682,0.0,2.064
5036617.0,0.02015746,0.0,2.064
5036695.0,-0.00727059,0.0,1.72
5036774.0,0.01121785,0.0,2.064
5036852.0,0.01406236,0.0,2.064
5036930.0,-0.00330886,0.0,2.064
5037008.0,-0.00757539,0.0,2.064
5037086.0,-0.01448322,0.0,2.064
5037164.0,0.00156727,0.0,2.064
5037242.0,-0.01290868,0.0,2.064
5037320.0,0.00568143,0.0,2.064
5037398.0,-0.02448937,0.0,2.064
5037476.0,0.00669736,0.0,2.064
5037555.0,-0.00635642,0.0,2.064
5037633.0,-0.00122632,0.0,2.064
5037711.0,-0.01016586,0.0,2.064
5037789.0,0.00715445,0.0,2.408
5037867.0,9.425e-05,0.0,1.72
5037945.0,-0.00153105,0.0,2.064
5038023.0,0.00923699,0.0,2.064
5038101.0,0.0014149,0.0,2.064
5038179.0,0.00583387,0.0,2.064
5038258.0,-0.00478173,0.0,2.408
5038336.0,-0.01097858,0.0,2.064
5038414.0,-0.00046443,0.0,2.408
5038492.0,-0.00696594,0.0,2.064
5038570.0,0.00446253,0.0,2.752
5038648.0,-0.01956248,0.0,2.064
5038726.0,-0.00493416,0.0,2.408
5038804.0,-0.02291483,0.0,2.064
5038882.0,-0.00178509,0.0,2.408
5038961.0,-0.01062294,0.0,2.408
5039039.0,-0.03200673,0.0,1.72
5039117.0,0.00375141,0.0,2.064
5039195.0,-0.00798172,0.0,3.096
5039273.0,-0.00366443,0.0,1.72
5039351.0,0.0203099,0.0,2.064
5039429.0,-0.00610238,0.0,2.064
5039507.0,0.00618943,0.0,2.752
5039586.0,4.349e-05,0.0,1.376
5039664.0,-0.01031814,0.0,2.752
5039742.0,0.00827197,0.0,2.064
5039820.0,0.00806877,0.0,1.72
5039898.0,-0.01681965,0.0,2.408
5039976.0,0.00669736,0.0,1.72
5040054.0,0.00563067,0.0,1.72
5040132.0,0.01573849,0.0,2.408
5040211.0,-0.02479417,0.0,2.064
5040289.0,-0.0005152,0.0,2.064
5040367.0,0.00151651,0.0,2.064
5040445.0,-0.00655954,0.0,2.752
5040523.0,-0.01966408,0.0,2.064
5040601.0,0.00796725,0.0,1.72
5040679.0,-0.01478802,0.0,2.064
5040757.0,0.01203065,0.0,2.064
5040836.0,0.00740849,0.0,1.72
5040914.0,0.00542762,0.0,1.72
5040992.0,0.00547831,0.0,2.064
5041070.0,-0.01717529,0.0,1.72
5041148.0,0.01665274,0.0,2.064
5041226.0,-0.01956248,0.0,2.064
5041304.0,-0.00955633,0.0,2.064
5041382.0,0.01182745,0.0,2.064
5041460.0,0.01482417,0.0,2.064
5041538.0,-0.01285785,0.0,2.064
5041617.0,0.00415773,0.0,2.064
5041695.0,-0.02525126,0.0,1.72
5041773.0,0.01055756,0.0,2.408
5041851.0,-0.02169578,0.0,1.72
5041929.0,-0.00945481,0.0,2.064
5042007.0,-0.02403236,0.0,1.376
5042085.0,0.01360512,0.0,1.72
5042163.0,-0.02174654,0.0,1.72
5042241.0,0.00293868,0.0,2.408
5042320.0,-0.00259766,0.0,2.408
5042398.0,-0.01422926,0.0,2.064
5042476.0,0.00055142,0.0,1.376
5042554.0,0.00243076,0.0,2.064
5042632.0,-0.00666114,0.0,2.752
5042710.0,0.01004971,0.0,2.064
5042788.0,0.0085767,0.0,2.408
5042866.0,0.01213218,0.0,2.064
5042945.0,0.0110148,0.0,2.064
5043023.0,-0.02469265,0.0,2.408
5043101.0,0.00166887,0.0,2.064
5043179.0,0.00817037,0.0,2.064
5043257.0,0.00334508,0.0,2.064
5043335.0,-0.01529587,0.0,2.064
5043413.0,-0.00290246,0.0,2.064
5043491.0,0.00872906,0.0,2.408
5043570.0,-0.02611482,0.0,2.064
5043648.0,0.01431624,0.0,2.408
5043726.0,0.00319264,0.0,1.376
5043804.0,0.00537671,0.0,2.064
5043882.0,-0.01087691,0.0,1.72
5043960.0,-0.01869906,0.0,2.064
5044038.0,-7.27e-06,0.0,1.72
5044116.0,0.00923699,0.0,2.064
5044194.0,0.03260171,0.0,2.064
5044273.0,0.02681126,0.0,2.064
5044351.0,0.01954786,0.0,2.064
5044429.0,0.00933851,0.0,1.72
5044507.0,-0.00650878,0.0,2.064
5044585.0,-0.00503576,0.0,2.064
5044663.0,-0.01290868,0.0,2.064
5044741.0,-0.00234385,0.0,2.064
5044819.0,-0.0161086,0.0,1.72
5044897.0,0.00232923,0.0,2.064
5044975.0,0.00969408,0.0,1.72
5045054.0,-0.00904841,0.0,2.064
5045132.0,-0.00300414,0.0,2.064
5045210.0,-0.02824805,0.0,2.408
5045288.0,-0.0161086,0.0,2.408
5045366.0,-0.01433086,0.0,2.064
5045444.0,0.0131481,0.0,2.064
5045522.0,-0.00127709,0.0,1.72
5045600.0,0.00928783,0.0,2.064
5045678.0,0.02422094,0.0,1.72
5045757.0,0.00364981,0.0,2.064
5045835.0,-0.00742295,0.0,2.064
5045913.0,0.00659576,0.0,2.064
5045991.0,-0.00975953,0.0,2.064
5046069.0,0.01482417,0.0,2.064
5046147.0,-0.03358134,0.0,2.064
5046225.0,-0.00122632,0.0,2.064
5046304.0,0.01055756,0.0,2.064
5046382.0,-0.00544209,0.0,2.064
5046460.0,-0.01971492,0.0,2.064
5046538.0,0.00024669,0.0,1.72
5046616.0,-0.01057218,0.0,2.064
5046694.0,-0.000312,0.0,1.72
5046772.0,-0.01199443,0.0,1.376
5046850.0,0.00329424,0.0,1.72
5046928.0,-0.01179123,0.0,1.72
5047007.0,0.00532595,0.0,2.064
5047085.0,0.00065302,0.0,1.72
5047163.0,-0.00915001,0.0,1.72
5047241.0,0.00888142,0.0,2.064
5047319.0,-0.00066756,0.0,2.064
5047397.0,0.03585239,0.0,2.064
5047475.0,-0.01666729,0.0,2.408
5047553.0,-0.01900379,0.0,2.064
5047631.0,4.349e-05,0.0,2.408
5047710.0,0.00217679,0.0,2.408
5047788.0,-0.0187499,0.0,1.72
5047866.0,0.00314188,0.0,2.408
5047944.0,-0.01595624,0.0,2.064
5048022.0,0.00801794,0.0,3.096
5048100.0,-0.00991189,0.0,2.064
5048178.0,0.00415773,0.0,2.408
5048256.0,-0.00046443,0.0,2.408
5048334.0,0.00491962,0.0,2.064
5048413.0,-0.0181403,0.0,2.064
5048491.0,-0.01768314,0.0,2.408
5048569.0,-0.016007,0.0,2.064
5048647.0,-0.02885757,0.0,1.72
5048725.0,0.01106556,0.0,2.064
5048803.0,0.0110148,0.0,2.064
5048881.0,0.00603707,0.0,2.064
5048959.0,0.00735765,0.0,2.064
5049038.0,-0.00579765,0.0,2.064
5049116.0,-0.00462944,0.0,2.408
5049194.0,-0.0140769,0.0,2.408
5049272.0,-0.01895303,0.0,2.064
5049350.0,0.00705292,0.0,1.72
5049428.0,-0.01900379,0.0,2.064
5049506.0,-0.00290246,0.0,1.72
5049584.0,-0.01346745,0.0,2.064
5049663.0,0.01187829,0.0,2.064
5049741.0,0.00207519,0.0,2.064
5049819.0,-0.01463559,0.0,2.064
5049897.0,-0.01097858,0.0,1.72
5049975.0,-0.00386755,0.0,2.408
5050053.0,-0.02007048,0.0,1.72
5050131.0,0.00898303,0.0,1.72
5050209.0,-0.00259766,0.0,1.72
5050287.0,-0.00249614,0.0,2.064
5050366.0,0.00822114,0.0,1.72
5050444.0,0.00253236,0.0,2.064
5050522.0,-0.01285785,0.0,2.064
5050600.0,0.0085767,0.0,2.408
5050678.0,-0.00869284,0.0,1.72
5050756.0,0.02330661,0.0,2.064
5050834.0,0.00309104,0.0,1.72
5050912.0,-0.00955633,0.0,2.064
5050990.0,-0.00325795,0.0,2.064
5051068.0,-0.00366443,0.0,2.064
5051147.0,-0.031702,0.0,2.408
5051225.0,0.00364981,0.0,2.408
5051303.0,0.01523057,0.0,1.72
5051381.0,-0.00193737,0.0,2.064
5051459.0,0.00293868,0.0,1.72
5051537.0,-0.00894688,0.0,1.72
5051615.0,-0.00396915,0.0,1.72
5051693.0,0.01401152,0.0,2.064
5051771.0,0.00705292,0.0,2.408
5051850.0,-0.01361973,0.0,2.064
5051928.0,0.00263396,0.0,2.064
5052006.0,0.01167509,0.0,2.064
5052084.0,0.00136414,0.0,2.064
5052162.0,-0.01925775,0.0,1.72
5052240.0,-0.00716907,0.0,2.064
5052318.0,-0.00249614,0.0,2.064
5052397.0,-0.02372748,0.0,2.064
5052475.0,0.00923699,0.0,2.064
5052553.0,-0.00884528,0.0,2.064
5052631.0,0.01233538,0.0,2.064
5052709.0,-0.00148021,0.0,2.064
5052787.0,-0.00478173,0.0,2.064
5052865.0,0.00405613,0.0,2.064
5052943.0,-0.00396915,0.0,2.064
5053021.0,-0.02743547,0.0,2.408
5053100.0,0.00761169,0.0,2.064
5053178.0,0.00552915,0.0,2.064
5053256.0,0.00344661,0.0,2.064
5053334.0,-0.01753085,0.0,2.064
5053412.0,0.01131953,0.0,1.72
5053490.0,0.00888142,0.0,2.064
5053568.0,-0.01163887,0.0,2.408
5053646.0,0.032754,0.0,2.064
5053724.0,-0.0011248,0.0,2.064
5053803.0,-0.0009216,0.0,1.72
5053881.0,0.00999888,0.0,2.064
5053959.0,-0.00996258,0.0,2.064
5054037.0,-0.01991804,0.0,2.064
5054115.0,-0.01128323,0.0,2.064
5054193.0,-0.00818492,0.0,2.064
5054271.0,-0.01539747,0.0,2.064
5054349.0,-0.00696594,0.0,2.064
5054427.0,0.00268479,0.0,2.064
5054506.0,0.00258319,0.0,1.72
5054584.0,-0.00076916,0.0,2.064
5054662.0,0.00192283,0.0,2.064
5054740.0,-0.00346115,0.0,2.064
5054818.0,0.00283708,0.0,2.408
5054896.0,0.02097019,0.0,2.064
5054974.0,0.00740849,0.0,2.064
5055052.0,-0.01382293,0.0,2.064
5055130.0,-0.00010887,0.0,2.064
5055209.0,0.00730696,0.0,2.064
5055287.0,-0.02235607,0.0,2.064
5055365.0,-0.01478802,0.0,2.408
5055443.0,0.00786565,0.0,2.064
5055521.0,0.0041069,0.0,2.064
5055599.0,-0.00320719,0.0,2.064
5055677.0,0.00283708,0.0,2.408
5055755.0,0.02401774,0.0,1.376
5055833.0,-0.00584849,0.0,1.72
5055912.0,0.01517973,0.0,2.064
5055990.0,-0.00716907,0.0,2.064
5056068.0,0.01792256,0.0,1.72
5056146.0,0.00324356,0.0,2.064
5056224.0,-0.00193737,0.0,2.064
5056302.0,-0.00346115,0.0,1.72
5056380.0,-0.01113094,0.0,2.408
5056459.0,0.01568773,0.0,2.408
5056537.0,-0.00442624,0.0,2.408
5056615.0,-0.01189276,0.0,2.064
5056693.0,0.00237992,0.0,2.752
5056771.0,-0.00341039,0.0,1.72
5056849.0,-0.00432471,0.0,2.408
5056927.0,-0.00503576,0.0,2.064
5057005.0,-0.01179123,0.0,2.064
5057083.0,-0.00351199,0.0,2.064
5057161.0,0.01050688,0.0,2.752
5057240.0,-0.01712438,0.0,2.064
5057318.0,-0.00721983,0.0,2.752
5057396.0,-0.0182419,0.0,2.064
5057474.0,0.00949103,0.0,2.064
5057552.0,0.00832266,0.0,2.064
5057630.0,0.0205131,0.0,2.064
5057708.0,0.00075462,0.0,2.064
5057786.0,-0.00955633,0.0,2.408
5057864.0,-0.00676267,0.0,2.408
5057943.0,0.00111018,0.0,2.408
5058021.0,-0.00153105,0.0,2.064
5058099.0,0.00095774,0.0,1.72
5058177.0,-0.00940389,0.0,1.72
5058255.0,-0.01346745,0.0,3.096
5058333.0,-0.01184192,0.0,1.72
5058411.0,-0.01392446,0.0,2.064
5058489.0,-0.00610238,0.0,2.064
5058567.0,0.01406236,0.0,2.752
5058646.0,-0.05064776,0.0,2.408
5058724.0,0.01563689,0.0,2.064
5058802.0,-0.01092775,0.0,2.064
5058880.0,-0.00015956,0.0,1.376
5058958.0,0.01086229,0.0,2.064
5059036.0,-0.00366443,0.0,1.72
5059114.0,0.02721765,0.0,2.064
5059192.0,0.00339584,0.0,2.408
5059270.0,0.01670351,0.0,2.064
5059349.0,0.00740849,0.0,1.72
5059427.0,-0.01001342,0.0,2.064
5059505.0,-0.00346115,0.0,1.72
5059583.0,0.01218302,0.0,1.376
5059661.0,0.00436086,0.0,2.064
5059739.0,0.00202451,0.0,1.72
5059817.0,-0.00462944,0.0,1.72
5059896.0,-0.00198821,0.0,2.064
5059974.0,0.01426541,0.0,1.72
5060052.0,-0.0119436,0.0,2.408
5060130.0,0.0044117,0.0,2.064
5060208.0,-0.01026746,0.0,2.064
5060286.0,-0.00991189,0.0,1.72
5060364.0,0.01187829,0.0,2.064
5060442.0,9.425e-05,0.0,1.72
5060520.0,-0.03083851,0.0,2.064
5060599.0,0.0067482,0.0,1.72
5060677.0,-0.04739701,0.0,2.064
5060755.0,0.00867822,0.0,1.72
5060833.0,-0.00381671,0.0,2.064
5060911.0,0.01233538,0.0,1.72
5060989.0,0.00111018,0.0,1.376
5061067.0,0.00039898,0.0,1.72
5061145.0,-0.00264857,0.0,1.72
5061223.0,0.01619566,0.0,1.376
5061302.0,0.00304028,0.0,2.408
5061380.0,-0.00483264,0.0,1.72
5061458.0,0.00034829,0.0,2.064
5061536.0,-0.00920077,0.0,1.72
5061614.0,0.00964331,0.0,2.408
5061692.0,-0.00122632,0.0,1.72
5061770.0,-0.00473096,0.0,2.064
5061848.0,-0.01387377,0.0,2.408
5061927.0,-0.00208981,0.0,2.064
5062005.0,-0.0161086,0.0,2.064
5062083.0,-0.00417228,0.0,2.064
5062161.0,0.0221384,0.0,2.064
5062239.0,-0.01651493,0.0,2.064
5062317.0,-0.00782935,0.0,2.064
5062395.0,0.02173215,0.0,2.064
5062473.0,-0.01199443,0.0,2.064
5062551.0,-0.00981037,0.0,2.752
5062630.0,-0.01158803,0.0,2.064
5062708.0,-0.0006168,0.0,2.064
5062786.0,-0.00158189,0.0,1.72
5062864.0,-0.02794325,0.0,2.064
5062942.0,-0.00432471,0.0,2.064
5063020.0,-0.02281331,0.0,2.064
5063098.0,0.00486886,0.0,2.064
5063176.0,-0.00676267,0.0,1.72
5063254.0,-0.01549907,0.0,2.064
5063333.0,-0.0006168,0.0,2.064
5063411.0,-0.00975953,0.0,2.064
5063489.0,0.00324356,0.0,2.064
5063567.0,-0.00635642,0.0,2.064
5063645.0,0.00187207,0.0,2.408
5063723.0,-0.00386755,0.0,2.064
5063801.0,-0.00686434,0.0,2.064
5063879.0,9.425e-05,0.0,2.064
5063957.0,0.00161803,0.0,2.064
5064036.0,0.01878605,0.0,2.064
5064114.0,0.01309727,0.0,2.064
5064192.0,0.00395453,0.0,2.408
5064270.0,0.00161803,0.0,1.72
5064348.0,0.0044117,0.0,1.72
5064426.0,-0.01011509,0.0,2.408
5064504.0,0.01208134,0.0,2.064
5064582.0,-0.00396915,0.0,1.72
5064660.0,-0.00183577,0.0,2.064
5064739.0,0.00690049,0.0,1.72
5064817.0,-0.00564529,0.0,2.064
5064895.0,-0.00798172,0.0,2.064
5064973.0,0.00329424,0.0,1.72
5065051.0,-0.020172,0.0,1.72
5065129.0,-0.00097236,0.0,1.376
5065207.0,-0.00915001,0.0,1.72
5065285.0,0.00212603,0.0,1.72
5065363.0,0.00517358,0.0,2.064
5065442.0,0.00527511,0.0,2.752
5065520.0,0.01517973,0.0,1.72
5065598.0,-0.00315642,0.0,2.064
5065676.0,0.00182131,0.0,2.064
5065754.0,-0.00970869,0.0,2.064
5065832.0,0.00684972,0.0,1.72
5065910.0,0.00060225,0.0,2.064
5065989.0,0.02676057,0.0,2.064
5066067.0,-0.000312,0.0,1.72
5066145.0,0.0375286,0.0,2.064
5066223.0,-0.01372126,0.0,2.064
5066301.0,-0.00752463,0.0,2.064
5066379.0,0.00938943,0.0,2.064
5066457.0,-0.01844503,0.0,2.408
5066535.0,-0.00046443,0.0,2.064
5066613.0,-0.01011509,0.0,2.408
5066692.0,-0.01590532,0.0,2.408
5066770.0,-0.00310566,0.0,2.752
5066848.0,-0.00508653,0.0,2.064
5066926.0,-0.00036283,0.0,2.752
5067004.0,-0.00295322,0.0,2.064
5067082.0,0.00050073,0.0,2.752
5067160.0,0.00080545,0.0,1.72
5067238.0,0.00024669,0.0,2.064
5067316.0,-0.0133657,0.0,2.408
5067394.0,0.04179521,0.0,2.064
5067473.0,-0.01910539,0.0,1.72
5067551.0,0.02427178,0.0,2.064
5067629.0,-0.02001964,0.0,2.064
5067707.0,0.01380839,0.0,1.376
5067785.0,-0.00742295,0.0,2.064
5067863.0,-0.00823575,0.0,2.752
5067941.0,-0.01351821,0.0,2.064
5068019.0,-0.01748001,0.0,2.752
5068098.0,-0.00645794,0.0,2.064
5068176.0,-0.00488348,0.0,2.408
5068254.0,0.00395453,0.0,2.064
5068332.0,-0.00244537,0.0,2.064
5068410.0,0.01253858,0.0,1.72
5068488.0,0.00314188,0.0,2.408
5068566.0,-0.016007,0.0,2.064
5068644.0,-0.0164134,0.0,2.064
5068723.0,0.0062402,0.0,2.064
5068801.0,0.00039898,0.0,2.064
5068879.0,0.01426541,0.0,2.064
5068957.0,0.00055142,0.0,2.064
5069035.0,-0.00798172,0.0,2.408
5069113.0,0.01832896,0.0,2.064
5069191.0,-0.00412144,0.0,2.064
5069269.0,-0.0199688,0.0,2.064
5069347.0,0.0043101,0.0,2.064
5069426.0,-0.00330886,0.0,2.064
5069504.0,0.00314188,0.0,2.064
5069582.0,0.0012117,0.0,2.064
5069660.0,-0.00879437,0.0,2.064
5069738.0,-0.00635642,0.0,2.064
5069816.0,-0.00899757,0.0,2.064
5069894.0,0.00293868,0.0,1.376
5069972.0,0.00070385,0.0,2.064
5070050.0,-0.02047681,0.0,2.064
5070129.0,-0.01123247,0.0,2.064
5070207.0,0.01457028,0.0,1.376
5070285.0,-0.00828659,0.0,2.064
5070363.0,0.02168124,0.0,1.72
5070441.0,-0.00671198,0.0,1.72
5070519.0,0.00822114,0.0,2.064
5070597.0,0.00928783,0.0,2.064
5070675.0,0.00786565,0.0,1.72
5070753.0,0.00791641,0.0,2.064
5070832.0,0.00253236,0.0,1.72
5070910.0,-0.00396915,0.0,1.72
5070988.0,-0.02357512,0.0,1.72
5071066.0,-0.00920077,0.0,2.064
5071144.0,-0.00986106,0.0,1.72
5071222.0,-0.00229294,0.0,1.376
5071300.0,0.00588471,0.0,2.064
5071378.0,-0.01554991,0.0,2.064
5071457.0,-0.03510512,0.0,2.064
5071535.0,-0.0121468,0.0,2.752
5071613.0,-0.01773398,0.0,1.72
5071691.0,0.01233538,0.0,1.72
5071769.0,0.00659576,0.0,1.72
5071847.0,-0.00686434,0.0,2.064
5071925.0,-0.00036283,0.0,2.064
5072003.0,-0.00071832,0.0,2.064
5072081.0,0.01609406,0.0,2.408
5072160.0,-0.01290868,0.0,2.064
5072238.0,0.00649416,0.0,2.064
5072316.0,-0.00605169,0.0,2.064
5072394.0,-0.03556228,0.0,2.064
5072472.0,0.01086229,0.0,2.408
5072550.0,-0.00122632,0.0,2.064
5072628.0,0.01203065,0.0,2.408
5072706.0,0.00212603,0.0,2.064
5072784.0,0.0067482,0.0,2.408
5072863.0,-0.01240068,0.0,2.064
5072941.0,-0.00183577,0.0,2.064
5073019.0,-0.00686434,0.0,2.064
5073097.0,-0.01062294,0.0,1.72
5073175.0,-0.00462944,0.0,2.408
5073253.0,0.00253236,0.0,2.064
5073331.0,-0.00401991,0.0,2.408
5073409.0,-0.00432471,0.0,1.72
5073487.0,-0.00986106,0.0,2.064
5073566.0,0.00095774,0.0,1.376
5073644.0,0.0132497,0.0,1.376
5073722.0,-0.01016586,0.0,2.064
5073800.0,0.01766867,0.0,2.064
5073878.0,-0.00244537,0.0,2.408
5073956.0,-0.01077538,0.0,2.064
5074034.0,-0.00508653,0.0,2.064
5074112.0,-0.00879437,0.0,2.064
5074190.0,0.00060225,0.0,2.064
5074269.0,-0.0424192,0.0,1.72
5074347.0,-0.01016586,0.0,2.064
5074425.0,0.00593547,0.0,2.064
5074503.0,-0.00645794,0.0,2.064
5074581.0,0.01172593,0.0,2.064
5074659.0,0.00050073,0.0,2.064
5074737.0,0.00116102,0.0,2.064
5074816.0,-0.01163887,0.0,1.376
5074894.0,-0.01554991,0.0,2.408
5074972.0,-0.01504199,0.0,1.72
5075050.0,0.02066539,0.0,1.72
5075128.0,0.01253858,0.0,1.72
5075206.0,0.02005586,0.0,2.064
5075284.0,0.01573849,0.0,2.064
5075362.0,0.00583387,0.0,1.72
5075440.0,-0.00391831,0.0,1.72
5075519.0,-0.00376595,0.0,2.408
5075597.0,-0.0133657,0.0,2.064
5075675.0,-0.01092775,0.0,3.096
5075753.0,0.00979575,0.0,2.408
5075831.0,0.00044989,0.0,2.408
5075909.0,0.00055142,0.0,2.408
5075987.0,0.01065924,0.0,2.408
5076065.0,-0.00315642,0.0,2.408
5076143.0,0.0130465,0.0,1.72
5076221.0,-0.00407068,0.0,2.752
5076300.0,0.01106556,0.0,2.064
5076378.0,-0.02200058,0.0,2.752
5076456.0,0.00781481,0.0,2.064
5076534.0,-0.01123247,0.0,2.752
5076612.0,-0.0027501,0.0,2.064
5076690.0,-0.01651493,0.0,2.408
5076768.0,0.00314188,0.0,2.408
5076847.0,-0.00615322,0.0,2.064
5076925.0,0.00690049,0.0,2.064
5077003.0,0.00659576,0.0,2.408
5077081.0,-0.00290246,0.0,2.064
5077159.0,-0.00122632,0.0,2.408
5077237.0,-0.00386755,0.0,2.064
5077315.0,0.01396068,0.0,2.064
5077393.0,-0.00153105,0.0,1.72
5077471.0,0.0085767,0.0,2.752
5077550.0,-0.01143567,0.0,2.064
5077628.0,-0.0156006,0.0,2.064
5077706.0,0.00471642,0.0,1.72
5077784.0,-0.0255053,0.0,1.72
5077862.0,0.00212603,0.0,2.064
5077940.0,0.00359897,0.0,2.064
5078018.0,-0.01209596,0.0,2.064
5078096.0,0.00354828,0.0,2.064
5078174.0,0.0067482,0.0,1.72
5078253.0,-0.00777852,0.0,2.064
5078331.0,0.01761783,0.0,2.064
5078409.0,0.01939557,0.0,1.72
5078487.0,-0.00513736,0.0,2.064
5078565.0,0.00679888,0.0,2.408
5078643.0,-0.01367057,0.0,2.064
5078721.0,-0.00549293,0.0,1.72
5078799.0,-0.00615322,0.0,2.064
5078877.0,-0.00909917,0.0,2.064
5078956.0,-0.00026131,0.0,2.064
5079034.0,0.00197359,0.0,2.064
5079112.0,-0.00046443,0.0,2.064
5079190.0,0.00232923,0.0,2.064
5079268.0,0.01401152,0.0,2.064
5079346.0,-0.00757539,0.0,2.064
5079424.0,-0.00528973,0.0,2.064
5079502.0,0.00629103,0.0,2.064
5079580.0,0.04580785,0.0,2.064
5079659.0,-0.02052749,0.0,2.064
5079737.0,-0.00854048,0.0,2.064
5079815.0,-0.01006426,0.0,1.376
5079893.0,0.010202,0.0,2.064
5079971.0,0.00390385,0.0,1.72
5080049.0,-0.00752463,0.0,2.064
5080127.0,0.00293868,0.0,1.72
5080205.0,0.01929405,0.0,2.064
5080283.0,-0.02271171,0.0,1.72
5080362.0,-0.01438162,0.0,2.408
5080440.0,-7.27e-06,0.0,2.064
5080518.0,0.01705907,0.0,2.408
5080596.0,-0.00569605,0.0,1.72
5080674.0,0.00532595,0.0,2.064
5080752.0,-0.01097858,0.0,1.032
5080830.0,-0.00488348,0.0,2.064
5080908.0,-0.02758769,0.0,2.064
5080987.0,0.01385915,0.0,2.064
5081065.0,-0.00183577,0.0,2.064
5081143.0,-0.03388607,0.0,2.064
5081221.0,0.00375141,0.0,2.064
5081299.0,-0.00193737,0.0,1.72
5081377.0,0.02838587,0.0,2.064
5081455.0,0.00817037,0.0,2.064
5081533.0,-0.00330886,0.0,2.064
5081612.0,0.00065302,0.0,2.408
5081690.0,-0.01717529,0.0,2.064
5081768.0,-0.01722605,0.0,1.72
5081846.0,0.00806877,0.0,1.72
5081924.0,0.01121785,0.0,2.064
5082002.0,0.01319887,0.0,1.72
5082080.0,0.0014149,0.0,2.064
5082158.0,-0.00183577,0.0,2.064
5082236.0,-0.0139753,0.0,2.064
5082314.0,0.00608791,0.0,1.72
5082393.0,0.02635417,0.0,1.72
5082471.0,-0.00193737,0.0,2.064
5082549.0,-0.00716907,0.0,2.064
5082627.0,-0.00026131,0.0,2.064
5082705.0,0.00517358,0.0,1.72
5082783.0,-0.00813408,0.0,2.064
5082861.0,0.00126254,0.0,2.064
5082939.0,-0.0005152,0.0,2.064
5083017.0,-0.00310566,0.0,2.064
5083096.0,-0.03134644,0.0,2.064
5083174.0,0.00644347,0.0,2.064
5083252.0,-0.01219748,0.0,2.064
5083330.0,-0.01331501,0.0,2.064
5083408.0,-0.00635642,0.0,2.064
5083486.0,0.01192905,0.0,2.064
5083564.0,-0.01722605,0.0,2.064
5083642.0,0.00202451,0.0,2.408
5083721.0,-0.01448322,0.0,2.408
5083799.0,0.00055142,0.0,2.064
5083877.0,0.00258319,0.0,1.72
5083955.0,-0.00473096,0.0,2.408
5084033.0,-0.00376595,0.0,2.064
5084111.0,0.01904001,0.0,2.064
5084189.0,-0.00767699,0.0,1.72
5084267.0,-0.02032437,0.0,1.72
5084346.0,0.00324356,0.0,2.064
5084424.0,0.00984659,0.0,1.376
5084502.0,-0.01768314,0.0,2.408
5084580.0,0.00664667,0.0,2.408
5084658.0,0.00095774,0.0,1.72
5084736.0,0.00293868,0.0,2.064
5084814.0,-0.00767699,0.0,2.064
5084892.0,-0.01118163,0.0,2.064
5084970.0,0.00227832,0.0,2.064
5085049.0,-0.01128323,0.0,2.064
5085127.0,-0.00432471,0.0,2.064
5085205.0,-0.01595624,0.0,2.064
5085283.0,-0.00127709,0.0,2.064
5085361.0,-0.00544209,0.0,2.064
5085439.0,-0.00793103,0.0,1.376
5085517.0,0.00182131,0.0,2.752
5085595.0,-0.00249614,0.0,2.064
5085673.0,-0.01026746,0.0,2.064
5085752.0,0.00608791,0.0,2.408
5085830.0,-0.00859132,0.0,2.752
5085908.0,-0.00015956,0.0,2.064
5085986.0,0.00100858,0.0,2.408
5086064.0,-0.0051882,0.0,2.064
5086142.0,0.03036673,0.0,1.72
5086220.0,-0.02799416,0.0,2.064
5086298.0,-0.00193737,0.0,2.064
5086376.0,-0.00894688,0.0,2.064
5086455.0,-0.01316265,0.0,2.064
5086533.0,0.00095774,0.0,2.064
5086611.0,0.00359897,0.0,2.064
5086689.0,0.00791641,0.0,1.72
5086767.0,0.00547831,0.0,2.064
5086845.0,-0.004985,0.0,1.72
5086923.0,0.00491962,0.0,2.064
5087001.0,0.01954786,0.0,2.064
5087080.0,0.02071615,0.0,2.064
5087158.0,0.00598623,0.0,2.064
5087236.0,-0.02215302,0.0,2.064
5087314.0,-0.01102934,0.0,2.064
5087392.0,-0.01006426,0.0,2.064
5087470.0,-0.01326417,0.0,2.064
5087548.0,-0.01433086,0.0,2.064
5087626.0,-0.0139753,0.0,1.72
5087704.0,-0.01488962,0.0,2.064
5087783.0,-0.00229294,0.0,2.064
5087861.0,-0.0069151,0.0,1.72
5087939.0,0.01258934,0.0,2.064
5088017.0,0.00029745,0.0,2.064
5088095.0,0.00547831,0.0,2.064
5088173.0,0.00080545,0.0,1.72
5088251.0,0.00111018,0.0,2.408
5088329.0,0.00964331,0.0,1.72
5088407.0,-0.00168349,0.0,2.064
5088486.0,0.01477348,0.0,2.064
5088564.0,-0.01763238,0.0,2.064
5088642.0,0.00237992,0.0,1.376
5088720.0,-0.00432471,0.0,1.72
5088798.0,-0.01590532,0.0,1.376
5088876.0,0.00182131,0.0,2.064
5088954.0,-0.0121468,0.0,1.72
5089032.0,0.00552915,0.0,2.064
5089110.0,0.01086229,0.0,1.72
5089189.0,-0.01844503,0.0,1.72
5089267.0,0.040627,0.0,1.72
5089345.0,0.00725612,0.0,2.408
5089423.0,-0.01473719,0.0,1.72
5089501.0,0.00248159,0.0,1.72
5089579.0,0.00679888,0.0,1.72
5089657.0,-0.00351199,0.0,2.064
5089735.0,-0.01285785,0.0,1.376
5089814.0,-0.00269926,0.0,2.064
5089892.0,-0.00549293,0.0,1.72
5089970.0,0.01563689,0.0,2.064
5090048.0,-0.00234385,0.0,2.064
5090126.0,0.01015131,0.0,2.064
5090204.0,-0.01636256,0.0,2.064
5090282.0,-0.00721983,0.0,2.064
5090360.0,-0.00046443,0.0,2.408
5090439.0,-0.01524504,0.0,1.72
5090517.0,0.00974499,0.0,2.064
5090595.0,-0.00264857,0.0,2.408
5090673.0,0.00171963,0.0,2.064
5090751.0,-0.01316265,0.0,2.064
5090829.0,-0.00539133,0.0,2.064
5090907.0,-0.00930229,0.0,2.064
5090985.0,-0.00371511,0.0,2.064
5091063.0,0.00055142,0.0,2.064
5091141.0,-0.01422926,0.0,2.064
5091220.0,-0.01021662,0.0,2.408
5091298.0,0.00852594,0.0,2.064
5091376.0,-0.01991804,0.0,2.064
5091454.0,-0.01133407,0.0,2.064
5091532.0,0.0083735,0.0,1.72
5091610.0,0.01274163,0.0,2.064
5091688.0,-0.00224217,0.0,2.064
5091766.0,0.00349737,0.0,2.408
5091844.0,0.00446253,0.0,2.408
5091923.0,0.01142105,0.0,2.064
5092001.0,-0.00742295,0.0,2.064
5092079.0,0.00171963,0.0,1.032
5092157.0,0.00217679,0.0,2.064
5092235.0,-0.00193737,0.0,2.064
5092313.0,-0.00229294,0.0,1.376
5092391.0,-0.00046443,0.0,2.752
5092470.0,0.00563067,0.0,1.72
5092548.0,-0.004477,0.0,2.064
5092626.0,0.01898932,0.0,2.064
5092704.0,0.00557991,0.0,2.064
5092782.0,-0.00564529,0.0,1.376
5092860.0,-0.00412144,0.0,2.064
5092938.0,-0.00366443,0.0,2.752
5093016.0,-0.00803255,0.0,1.376
5093094.0,-0.00153105,0.0,2.064
5093173.0,0.0043101,0.0,2.064
5093251.0,0.00649416,0.0,2.064
5093329.0,-0.0068135,0.0,1.376
5093407.0,0.00309104,0.0,2.064
5093485.0,0.00334508,0.0,2.064
5093563.0,-0.01773398,0.0,2.064
5093641.0,0.00349737,0.0,2.064
5093719.0,-0.00269926,0.0,2.064
5093797.0,0.00491962,0.0,2.064
5093875.0,-0.00097236,0.0,1.72
5093954.0,0.00425926,0.0,2.064
5094032.0,0.00237992,0.0,2.064
5094110.0,-0.01356897,0.0,2.064
5094188.0,-0.00960717,0.0,2.408
5094266.0,-0.01935935,0.0,2.064
5094344.0,-0.01118163,0.0,1.72
5094422.0,-0.00508653,0.0,2.064
5094500.0,0.00166887,0.0,2.064
5094578.0,-0.01123247,0.0,2.064
5094657.0,-0.00549293,0.0,2.064
5094735.0,-0.00503576,0.0,2.408
5094813.0,-0.0066103,0.0,2.408
5094891.0,0.0087799,0.0,1.72
5094969.0,0.0043101,0.0,2.408
5095047.0,0.00304028,0.0,2.064
5095125.0,0.00080545,0.0,2.064
5095203.0,-0.02687671,0.0,2.064
5095282.0,-0.00782935,0.0,2.408
5095360.0,-0.01981644,0.0,2.064
5095438.0,0.00309104,0.0,2.064
5095516.0,-0.02235607,0.0,2.064
5095594.0,4.349e-05,0.0,2.064
5095672.0,-0.00777852,0.0,1.376
5095750.0,-0.01341653,0.0,2.064
5095828.0,-0.01808961,0.0,2.752
5095907.0,-0.01011509,0.0,2.064
5095985.0,0.00116102,0.0,2.064
5096063.0,0.00928783,0.0,1.72
5096141.0,0.00700209,0.0,2.064
5096219.0,-0.01280708,0.0,2.064
5096297.0,-0.00407068,0.0,2.064
5096375.0,-0.00584849,0.0,2.752
5096453.0,-0.00600078,0.0,2.064
5096531.0,-0.00473096,0.0,2.064
5096610.0,0.01345283,0.0,2.064
5096688.0,-0.01930851,0.0,2.064
5096766.0,-0.00686434,0.0,1.376
5096844.0,-0.00798172,0.0,2.064
5096922.0,-0.00686434,0.0,2.064
5097000.0,0.0013133,0.0,2.064
5097078.0,0.00385301,0.0,2.408
5097156.0,-0.02581002,0.0,2.064
5097234.0,0.02401774,0.0,2.408
5097313.0,-0.01082622,0.0,2.064
5097391.0,0.01949717,0.0,2.064
5097469.0,0.00126254,0.0,2.064
5097547.0,-0.01133407,0.0,2.064
5097625.0,-0.01554991,0.0,2.064
5097703.0,-0.01006426,0.0,2.064
5097781.0,0.00578318,0.0,1.72
5097859.0,0.00629103,0.0,2.408
5097937.0,-0.01265472,0.0,1.72
5098016.0,-0.01158803,0.0,2.064
5098094.0,-0.00071832,0.0,2.064
5098172.0,0.00085622,0.0,2.064
5098250.0,-0.00818492,0.0,1.72
5098328.0,-0.0051882,0.0,2.752
5098406.0,-0.00396915,0.0,1.72
5098484.0,-0.00671198,0.0,2.064
5098562.0,0.017567,0.0,1.72
5098641.0,0.00568143,0.0,2.064
5098719.0,0.01147189,0.0,1.72
5098797.0,-0.00503576,0.0,2.064
5098875.0,-0.00173425,0.0,2.752
5098953.0,0.00517358,0.0,2.064
5099031.0,-0.04018437,0.0,2.064
5099109.0,0.02554152,0.0,2.064
5099187.0,-0.01057218,0.0,1.72
5099266.0,0.0174654,0.0,2.064
5099344.0,0.00700209,0.0,1.72
5099422.0,-0.00879437,0.0,2.408
5099500.0,-0.01499122,0.0,2.064
5099578.0,-0.01590532,0.0,2.064
5099656.0,-0.0004136,0.0,2.064
5099734.0,-0.0139753,0.0,2.064
5099812.0,0.00537671,0.0,1.376
5099890.0,0.01004971,0.0,2.408
5099969.0,-0.02636871,0.0,2.064
5100047.0,0.0132497,0.0,2.064
5100125.0,-0.01869906,0.0,1.72
5100203.0,-0.01290868,0.0,2.064
5100281.0,-0.01504199,0.0,2.064
5100359.0,-0.00488348,0.0,1.72
5100437.0,0.01365595,0.0,1.72
5100515.0,0.01375755,0.0,2.064
5100593.0,-0.00183577,0.0,2.064
5100672.0,-0.0162102,0.0,2.752
5100750.0,-0.00635642,0.0,2.064
5100828.0,0.00354828,0.0,2.064
5100906.0,0.0091863,0.0,2.408
5100984.0,0.00090698,0.0,2.064
5101062.0,0.00029745,0.0,2.064
5101140.0,0.02340814,0.0,2.064
5101218.0,-0.02067993,0.0,2.064
5101296.0,-0.02306719,0.0,1.72
5101375.0,-0.00478173,0.0,2.064
5101453.0,-0.00742295,0.0,2.408
5101531.0,-0.0027501,0.0,2.064
5101609.0,0.01187829,0.0,1.72
5101687.0,-0.0180387,0.0,2.064
5101765.0,-0.02443861,0.0,2.064
5101843.0,0.00207519,0.0,2.064
5101921.0,-0.00473096,0.0,2.064
5102000.0,-0.01433086,0.0,2.064
5102078.0,0.00796725,0.0,2.064
5102156.0,0.00456413,0.0,2.064
5102234.0,-0.00142952,0.0,2.064
5102312.0,-0.0027501,0.0,2.064
5102390.0,-0.00081992,0.0,2.064
5102468.0,0.00395453,0.0,2.064
5102546.0,-0.00950557,0.0,2.064
5102624.0,0.00202451,0.0,2.064
5102703.0,0.00522442,0.0,2.064
5102781.0,-0.00097236,0.0,2.064
5102859.0,-0.00036283,0.0,1.376
5102937.0,0.01650038,0.0,2.064
5103015.0,0.00588471,0.0,2.408
5103093.0,0.00334508,0.0,2.064
5103171.0,0.00116102,0.0,2.064
5103249.0,-0.01504199,0.0,2.064
5103327.0,-0.03546068,0.0,2.064
5103405.0,-0.00859132,0.0,1.72
5103484.0,0.00938943,0.0,2.408
5103562.0,-0.01168963,0.0,2.752
5103640.0,0.00354828,0.0,2.408
5103718.0,-0.00300414,0.0,2.064
5103796.0,-0.00960717,0.0,2.064
5103874.0,-0.01453406,0.0,2.064
5103952.0,-0.01041982,0.0,2.064
5104030.0,0.03412549,0.0,2.064
5104108.0,-0.01443246,0.0,2.064
5104187.0,0.00420857,0.0,2.064
5104265.0,0.0043101,0.0,2.064
5104343.0,-0.0025469,0.0,2.064
5104421.0,0.00171963,0.0,2.752
5104499.0,-0.01001342,0.0,2.064
5104577.0,-0.00732143,0.0,2.064
5104655.0,-0.00737227,0.0,2.064
5104733.0,0.00502115,0.0,2.752
5104812.0,0.00608791,0.0,2.064
5104890.0,0.00959255,0.0,2.064
5104968.0,-0.00782935,0.0,2.064
5105046.0,-0.00325795,0.0,2.064
5105124.0,0.00116102,0.0,2.064
5105202.0,-0.00163265,0.0,2.064
5105280.0,0.00116102,0.0,2.064
5105358.0,-0.02047681,0.0,3.096
5105437.0,-0.00295322,0.0,2.064
5105515.0,0.01528133,0.0,2.408
5105593.0,-0.00970869,0.0,2.408
5105671.0,-0.00838812,0.0,1.72
5105749.0,0.00060225,0.0,1.376
5105827.0,-0.01047066,0.0,2.064
5105905.0,-0.00859132,0.0,2.064
5105983.0,0.00563067,0.0,2.064
5106062.0,0.00105934,0.0,2.408
5106140.0,-0.01148651,0.0,2.064
5106218.0,-0.01072454,0.0,2.064
5106296.0,-0.00208981,0.0,2.752
5106374.0,-0.00986106,0.0,2.064
5106452.0,0.01792256,0.0,2.408
5106530.0,-0.0084388,0.0,2.064
5106608.0,0.00217679,0.0,2.408
5106686.0,-0.02387984,0.0,2.408
5106765.0,0.00339584,0.0,2.064
5106843.0,0.00806877,0.0,2.064
5106921.0,-0.0027501,0.0,1.72
5106999.0,-0.01026746,0.0,2.064
5107077.0,-0.0028517,0.0,2.064
5107155.0,0.00502115,0.0,2.064
5107233.0,-0.01590532,0.0,2.064
5107311.0,0.00740849,0.0,2.064
5107389.0,0.00197359,0.0,2.064
5107467.0,-0.0156006,0.0,2.064
5107546.0,0.00583387,0.0,2.064
5107624.0,0.00730696,0.0,1.72
5107702.0,-0.00970869,0.0,2.064
5107780.0,0.00938943,0.0,2.064
5107858.0,-0.02032437,0.0,1.72
5107936.0,-0.00894688,0.0,2.064
5108014.0,-0.00386755,0.0,2.064
5108093.0,0.01761783,0.0,1.72
5108171.0,0.01477348,0.0,2.064
5108249.0,-0.00879437,0.0,1.72
5108327.0,-0.00848964,0.0,1.72
5108405.0,-0.02459097,0.0,2.064
5108483.0,-0.004477,0.0,1.376
5108561.0,0.00593547,0.0,2.064
5108639.0,0.00243076,0.0,2.408
5108717.0,-0.00412144,0.0,1.376
5108796.0,-0.004985,0.0,1.376
5108874.0,-0.00777852,0.0,1.376
5108952.0,-0.01483879,0.0,2.064
5109030.0,-0.00854048,0.0,1.72
5109108.0,-0.01666729,0.0,2.064
5109186.0,-0.000312,0.0,2.752
5109264.0,-0.01885143,0.0,1.376
5109342.0,-0.01671812,0.0,2.064
5109420.0,-0.01798786,0.0,2.064
5109499.0,-0.0069151,0.0,2.064
5109577.0,0.00324356,0.0,1.72
5109655.0,0.00156727,0.0,2.064
5109733.0,-0.01636256,0.0,2.064
5109811.0,-0.00650878,0.0,2.064
5109889.0,0.0012117,0.0,2.408
5109967.0,0.01218302,0.0,2.064
5110045.0,-0.008642,0.0,1.72
5110123.0,-0.00452791,0.0,2.064
5110202.0,-0.01219748,0.0,2.064
5110280.0,0.01939557,0.0,2.064
5110358.0,0.00944019,0.0,2.064
5110436.0,-0.00148021,0.0,2.064
5110514.0,0.00969408,0.0,2.064
5110592.0,-0.00087076,0.0,1.72
5110670.0,0.00207519,0.0,2.064
5110748.0,-0.01097858,0.0,1.72
5110826.0,-0.00757539,0.0,2.064
5110904.0,0.00248159,0.0,2.064
5110983.0,-0.01605784,0.0,2.064
5111061.0,0.0069514,0.0,2.064
5111139.0,-0.01585464,0.0,1.72
5111217.0,-0.00021047,0.0,2.064
5111295.0,-0.00884528,0.0,2.064
5111373.0,0.00471642,0.0,2.064
5111451.0,-0.00107388,0.0,2.752
5111529.0,0.00177047,0.0,2.064
5111608.0,-0.01092775,0.0,2.064
5111686.0,-0.00493416,0.0,2.064
5111764.0,0.02863991,0.0,2.064
5111842.0,-0.00645794,0.0,1.376
5111920.0,-0.008642,0.0,2.064
5111998.0,-0.01311181,0.0,2.064
5112076.0,0.00817037,0.0,1.72
5112154.0,-0.00280086,0.0,2.064
5112233.0,0.00243076,0.0,2.064
5112311.0,0.00669736,0.0,2.064
5112389.0,-0.01524504,0.0,2.064
5112467.0,-0.00539133,0.0,2.064
5112545.0,0.00319264,0.0,2.064
5112623.0,-0.01925775,0.0,2.064
5112701.0,-0.00955633,0.0,2.408
5112779.0,-0.0069151,0.0,1.72
5112857.0,0.01319887,0.0,2.064
5112936.0,-0.00935313,0.0,2.064
5113014.0,-0.00071832,0.0,2.064
5113092.0,0.0041069,0.0,1.72
5113170.0,0.00050073,0.0,2.064
5113248.0,0.00100858,0.0,2.408
5113326.0,0.01045604,0.0,2.064
5113404.0,-0.01295945,0.0,2.064
5113482.0,-0.00737227,0.0,2.064
5113561.0,0.00060225,0.0,2.064
5113639.0,0.00532595,0.0,2.064
5113717.0,0.00243076,0.0,3.096
5113795.0,-0.0187499,0.0,2.064
5113873.0,-0.01016586,0.0,2.752
5113951.0,-0.00239454,0.0,2.064
5114029.0,-0.00386755,0.0,2.408
5114107.0,-0.00666114,0.0,2.408
5114185.0,0.00578318,0.0,2.064
5114264.0,-0.02042597,0.0,2.064
5114342.0,0.01497661,0.0,2.064
5114420.0,0.00461482,0.0,2.064
5114498.0,-0.00991189,0.0,2.408
5114576.0,-0.00341039,0.0,2.064
5114654.0,-0.0027501,0.0,2.064
5114732.0,0.0061386,0.0,2.064
5114810.0,-0.00244537,0.0,2.064
5114888.0,-0.00148021,0.0,1.72
5114967.0,-0.00427388,0.0,2.064
5115045.0,0.00720529,0.0,2.752
5115123.0,0.00095774,0.0,2.064
5115201.0,0.00034829,0.0,1.72
5115279.0,0.00248159,0.0,2.064
5115357.0,0.00669736,0.0,2.064
5115435.0,-0.00381671,0.0,2.064
5115513.0,-0.0164134,0.0,2.064
5115591.0,-0.02210218,0.0,2.752
5115670.0,-0.01118163,0.0,2.064
5115748.0,0.00334508,0.0,2.064
5115826.0,0.0085767,0.0,2.064
5115904.0,0.00938943,0.0,2.064
5115982.0,0.02726842,0.0,1.376
5116060.0,0.00644347,0.0,1.72
5116138.0,-0.0009216,0.0,2.064
5116216.0,0.0124369,0.0,2.064
5116294.0,-0.0011248,0.0,2.752
5116373.0,-0.00056603,0.0,2.064
5116451.0,-0.00071832,0.0,2.064
5116529.0,-0.01534671,0.0,2.064
5116607.0,0.00497038,0.0,2.064
5116685.0,-0.00915001,0.0,2.064
5116763.0,-0.00960717,0.0,2.064
5116841.0,-0.01351821,0.0,2.064
5116920.0,0.00329424,0.0,2.064
5116998.0,0.01604322,0.0,2.064
5117076.0,-0.00838812,0.0,1.72
5117154.0,0.01040528,0.0,1.376
5117232.0,-0.01946088,0.0,1.376
5117310.0,-0.00097236,0.0,1.72
5117388.0,-0.00960717,0.0,1.72
5117466.0,-0.00229294,0.0,1.376
5117544.0,-0.00300414,0.0,2.408
5117623.0,0.00436086,0.0,1.376
5117701.0,-0.00127709,0.0,1.72
5117779.0,0.00786565,0.0,1.376
5117857.0,0.0045133,0.0,2.064
5117935.0,-0.0141785,0.0,1.72
5118013.0,0.01233538,0.0,2.064
5118091.0,0.00293868,0.0,2.064
5118169.0,-0.01026746,0.0,1.72
5118247.0,0.00700209,0.0,1.376
5118325.0,-0.01204512,0.0,2.064
5118404.0,-0.01356897,0.0,1.72
5118482.0,0.01421472,0.0,2.064
5118560.0,0.00471642,0.0,2.064
5118638.0,-5.803e-05,0.0,2.064
5118716.0,-0.01067378,0.0,1.376
5118794.0,-0.00173425,0.0,2.064
5118872.0,-0.00975953,0.0,1.72
5118950.0,0.01716067,0.0,2.064
5119028.0,-0.01666729,0.0,1.376
5119107.0,0.00735765,0.0,2.064
5119185.0,0.00568143,0.0,1.72
5119263.0,-0.01951172,0.0,2.064
5119341.0,-0.02169578,0.0,2.064
5119419.0,0.00298952,0.0,2.064
5119497.0,-0.00173425,0.0,2.064
5119575.0,-0.00803255,0.0,2.064
5119653.0,-0.0043754,0.0,2.064
5119732.0,-0.0122484,0.0,2.064
5119810.0,0.00354828,0.0,2.064
5119888.0,-0.00605169,0.0,2.064
5119966.0,-0.00203897,0.0,2.064
5120044.0,-0.01636256,0.0,2.064
5120122.0,-0.00107388,0.0,2.064
5120200.0,-0.00478173,0.0,2.064
5120278.0,0.00212603,0.0,1.72
5120357.0,0.00334508,0.0,2.064
5120435.0,-0.01128323,0.0,1.72
5120513.0,0.00476733,0.0,2.064
5120591.0,-0.0158038,0.0,2.064
5120669.0,-0.01245152,0.0,2.064
5120747.0,-0.00559445,0.0,2.064
5120825.0,-0.01453406,0.0,2.064
5120903.0,-0.01346745,0.0,2.064
5120981.0,-0.0025469,0.0,1.72
5121060.0,-0.00107388,0.0,2.064
5121138.0,-0.0028517,0.0,2.408
5121216.0,-0.00356275,0.0,2.064
5121294.0,0.03397305,0.0,1.72
5121372.0,-0.00991189,0.0,2.064
5121450.0,0.00938943,0.0,2.064
5121528.0,-0.01092775,0.0,1.72
5121606.0,0.00806877,0.0,2.064
5121684.0,0.01380839,0.0,2.408
5121763.0,-0.00838812,0.0,2.064
5121841.0,0.0041069,0.0,2.064
5121919.0,-0.01016586,0.0,2.064
5121997.0,0.00364981,0.0,2.064
5122075.0,0.0062402,0.0,2.064
5122153.0,-0.00335955,0.0,2.064
5122231.0,0.00771321,0.0,1.72
5122309.0,-0.00635642,0.0,2.064
5122388.0,0.00273548,0.0,2.408
5122466.0,0.01594169,0.0,2.064
5122544.0,0.00827197,0.0,2.408
5122622.0,-0.01052134,0.0,2.064
5122700.0,0.00954171,0.0,1.72
5122778.0,-0.00407068,0.0,2.064
5122856.0,-0.00432471,0.0,2.064
5122934.0,-0.00259766,0.0,2.064
5123012.0,0.0069514,0.0,2.064
5123090.0,-0.01072454,0.0,2.064
5123169.0,-0.02052749,0.0,2.064
5123247.0,-0.00534049,0.0,2.064
5123325.0,-0.01727681,0.0,1.376
5123403.0,0.02635417,0.0,2.064
5123481.0,0.0069514,0.0,2.064
5123559.0,0.00517358,0.0,2.064
5123637.0,0.00207519,0.0,2.064
5123715.0,0.00761169,0.0,2.064
5123793.0,0.00070385,0.0,2.064
5123872.0,0.0045133,0.0,1.72
5123950.0,-0.00782935,0.0,2.408
5124028.0,-0.00696594,0.0,2.064
5124106.0,0.00136414,0.0,2.408
5124184.0,-0.01021662,0.0,2.408
5124262.0,0.0200051,0.0,2.408
5124340.0,0.01294483,0.0,1.72
5124419.0,0.01182745,0.0,2.064
5124497.0,-0.00798172,0.0,2.064
5124575.0,0.00019585,0.0,2.408
5124653.0,-0.00503576,0.0,1.72
5124731.0,-0.01113094,0.0,2.064
5124809.0,0.02005586,0.0,2.064
5124887.0,-0.02433708,0.0,2.408
5124965.0,-0.00752463,0.0,1.72
5125043.0,-0.00762623,0.0,2.064
5125122.0,0.00832266,0.0,1.72
5125200.0,0.00156727,0.0,2.064
5125278.0,0.00298952,0.0,1.032
5125356.0,-0.00021047,0.0,2.408
5125434.0,0.00197359,0.0,2.408
5125512.0,-0.02565766,0.0,2.064
5125590.0,0.00959255,0.0,1.72
5125668.0,-0.01057218,0.0,2.408
5125746.0,0.00273548,0.0,2.064
5125825.0,-0.00066756,0.0,2.408
5125903.0,-0.00076916,0.0,2.064
5125981.0,0.02081782,0.0,2.064
5126059.0,-0.00325795,0.0,1.72
5126137.0,-0.00407068,0.0,1.72
5126215.0,-0.00168349,0.0,2.064
5126293.0,-0.01072454,0.0,2.064
5126371.0,-0.00290246,0.0,2.064
5126449.0,0.00583387,0.0,2.064
5126528.0,0.00212603,0.0,2.064
5126606.0,0.00126254,0.0,2.064
5126684.0,0.01106556,0.0,2.064
5126762.0,0.00542762,0.0,2.064
5126840.0,-0.00523889,0.0,2.064
5126918.0,0.00771321,0.0,2.064
5126996.0,-0.01646409,0.0,2.064
5127074.0,0.00237992,0.0,2.064
5127152.0,-0.00046443,0.0,2.064
5127231.0,-0.00828659,0.0,2.064
5127309.0,-0.01636256,0.0,2.064
5127387.0,-0.00391831,0.0,1.72
5127465.0,0.00913546,0.0,1.376
5127543.0,-0.008642,0.0,2.064
5127621.0,-0.00158189,0.0,2.064
5127699.0,-0.01026746,0.0,1.72
5127777.0,0.00476733,0.0,2.064
5127856.0,-0.00788012,0.0,1.376
5127934.0,0.02645584,0.0,2.064
5128012.0,-0.0027501,0.0,1.72
5128090.0,0.01893841,0.0,2.064
5128168.0,0.00146574,0.0,2.064
5128246.0,-0.01260388,0.0,1.72
5128324.0,-0.00178509,0.0,2.752
5128402.0,0.01517973,0.0,2.064
5128480.0,-0.00198821,0.0,2.064
5128559.0,-0.0005152,0.0,2.064
5128637.0,0.01487501,0.0,1.72
5128715.0,-0.00173425,0.0,2.064
5128793.0,-0.01443246,0.0,2.064
5128871.0,-0.01179123,0.0,2.064
5128949.0,0.00618943,0.0,2.064
5129027.0,-0.01260388,0.0,2.408
5129105.0,-0.01646409,0.0,1.72
5129183.0,0.0083735,0.0,2.064
5129262.0,-0.00742295,0.0,1.72
5129340.0,-0.00523889,0.0,2.064
5129418.0,0.01065924,0.0,2.064
5129496.0,0.00502115,0.0,2.064
5129574.0,0.00146574,0.0,2.408
5129652.0,-0.00965786,0.0,2.064
5129730.0,0.00039898,0.0,2.064
5129808.0,0.00095774,0.0,2.064
5129886.0,0.00177047,0.0,2.064
5129965.0,-0.00178509,0.0,1.72
5130043.0,-0.00615322,0.0,2.064
5130121.0,-0.01148651,0.0,2.064
5130199.0,-0.00620405,0.0,2.064
5130277.0,0.0085767,0.0,2.752
5130355.0,-0.01179123,0.0,2.064
5130433.0,0.00370057,0.0,2.064
5130511.0,-0.02083237,0.0,1.72
5130590.0,0.00466566,0.0,2.064
5130668.0,-0.00488348,0.0,2.064
5130746.0,-0.00381671,0.0,2.064
5130824.0,-0.00229294,0.0,2.064
5130902.0,0.00039898,0.0,2.064
5130980.0,0.00964331,0.0,2.064
5131058.0,-0.02169578,0.0,2.064
5131136.0,-0.01783558,0.0,2.064
5131215.0,-0.00462944,0.0,2.064
5131293.0,-0.00579765,0.0,2.408
5131371.0,0.00847518,0.0,2.408
5131449.0,0.00039898,0.0,2.064
5131527.0,-0.0070167,0.0,2.064
5131605.0,0.0013133,0.0,2.064
5131683.0,-0.0162102,0.0,2.064
5131761.0,-0.00508653,0.0,2.064
5131839.0,-0.00655954,0.0,2.064
5131918.0,-0.00986106,0.0,2.408
5131996.0,0.00304028,0.0,2.064
5132074.0,-0.01097858,0.0,2.064
5132152.0,-0.01346745,0.0,2.064
5132230.0,0.00171963,0.0,2.064
5132308.0,-0.00320719,0.0,1.72
5132386.0,-0.03012746,0.0,2.064
5132464.0,-0.00178509,0.0,2.408
5132542.0,0.01345283,0.0,2.064
5132621.0,0.00994811,0.0,2.752
5132699.0,0.00253236,0.0,1.72
5132777.0,-0.01570227,0.0,2.408
5132855.0,0.00557991,0.0,1.376
5132933.0,-0.01758161,0.0,2.064
5133011.0,-0.0180387,0.0,2.408
5133089.0,0.01192905,0.0,2.064
5133167.0,0.0085767,0.0,2.064
5133245.0,0.00593547,0.0,2.064
5133323.0,0.00151651,0.0,2.408
5133402.0,-0.00127709,0.0,2.064
5133480.0,-0.00315642,0.0,2.408
5133558.0,-0.01839434,0.0,1.376
5133636.0,0.03961107,0.0,1.72
5133714.0,-0.01346745,0.0,3.096
5133792.0,0.00979575,0.0,2.064
5133870.0,-0.00290246,0.0,2.752
5133949.0,-0.02499737,0.0,2.064
5134027.0,0.00481802,0.0,2.064
5134105.0,0.01233538,0.0,1.72
5134183.0,0.0174654,0.0,2.064
5134261.0,-0.00752463,0.0,2.064
5134339.0,0.01462097,0.0,2.064
5134417.0,-0.00716907,0.0,2.752
5134495.0,-0.00869284,0.0,2.064
5134573.0,-0.00168349,0.0,2.064
5134652.0,0.00446253,0.0,2.064
5134730.0,0.00156727,0.0,2.408
5134808.0,-0.01900379,0.0,2.064
5134886.0,-0.01651493,0.0,2.064
5134964.0,-0.00523889,0.0,2.752
5135042.0,0.0051229,0.0,2.064
5135120.0,0.00552915,0.0,2.064
5135198.0,0.00227832,0.0,2.064
5135276.0,0.01253858,0.0,2.064
5135355.0,0.00497038,0.0,1.72
5135433.0,-0.01265472,0.0,2.064
5135511.0,-0.0205784,0.0,2.064
5135589.0,0.00171963,0.0,2.064
5135667.0,-0.01433086,0.0,2.064
5135745.0,-0.00981037,0.0,2.064
5135823.0,-0.00884528,0.0,2.064
5135901.0,-0.00366443,0.0,2.064
5135979.0,0.01147189,0.0,2.064
5136058.0,-0.00183577,0.0,1.72
5136136.0,0.00344661,0.0,2.064
5136214.0,0.00461482,0.0,1.376
5136292.0,-0.00127709,0.0,1.72
5136370.0,-0.00442624,0.0,1.72
5136448.0,0.00898303,0.0,1.72
5136526.0,0.01406236,0.0,1.72
5136604.0,0.00989728,0.0,2.064
5136682.0,-0.01204512,0.0,1.72
5136761.0,0.00639263,0.0,2.408
5136839.0,0.01345283,0.0,1.72
5136917.0,0.02350974,0.0,2.064
5136995.0,-0.01047066,0.0,1.376
5137073.0,-0.00539133,0.0,2.064
5137151.0,-0.0005152,0.0,2.064
5137229.0,-0.01488962,0.0,2.064
5137307.0,0.01253858,0.0,2.064
5137386.0,0.00486886,0.0,2.064
5137464.0,-0.01687056,0.0,2.064
5137542.0,0.00339584,0.0,2.064
5137620.0,0.01380839,0.0,2.064
5137698.0,-0.01168963,0.0,1.72
5137776.0,4.349e-05,0.0,2.064
5137854.0,0.00456413,0.0,2.064
5137932.0,-0.00488348,0.0,2.064
5138010.0,-0.01057218,0.0,2.064
5138089.0,0.00959255,0.0,2.064
5138167.0,0.01015131,0.0,2.064
5138245.0,-0.01184192,0.0,2.064
5138323.0,0.00075462,0.0,1.72
5138401.0,-0.02225454,0.0,1.72
5138479.0,-0.00081992,0.0,2.064
5138557.0,-0.0133657,0.0,2.064
5138635.0,0.00146574,0.0,2.064
5138713.0,0.00761169,0.0,2.064
5138792.0,0.00888142,0.0,2.064
5138870.0,0.01167509,0.0,2.064
5138948.0,0.00364981,0.0,2.064
5139026.0,0.0013133,0.0,2.064
5139104.0,0.00385301,0.0,2.064
5139182.0,-0.0068135,0.0,1.72
5139260.0,-0.00219134,0.0,2.064
5139338.0,-0.00965786,0.0,2.064
5139416.0,-0.00087076,0.0,2.064
5139495.0,0.00832266,0.0,2.064
5139573.0,-0.0069151,0.0,2.064
5139651.0,0.00237992,0.0,2.408
5139729.0,0.00471642,0.0,2.408
5139807.0,-0.01158803,0.0,1.72
5139885.0,0.01573849,0.0,2.064
5139963.0,-0.01438162,0.0,2.064
5140041.0,0.00253236,0.0,2.064
5140120.0,-0.0069151,0.0,1.72
5140198.0,-0.02134022,0.0,1.72
5140276.0,-0.00010887,0.0,2.064
5140354.0,0.01716067,0.0,1.72
5140432.0,0.00019585,0.0,2.064
5140510.0,-0.00315642,0.0,1.72
5140588.0,-0.01671812,0.0,2.064
5140666.0,0.00309104,0.0,2.408
5140745.0,-0.00203897,0.0,2.064
5140823.0,-0.00788012,0.0,2.408
5140901.0,-0.01707369,0.0,2.064
5140979.0,-0.00269926,0.0,2.064
5141057.0,0.00349737,0.0,2.064
5141135.0,-0.00391831,0.0,2.064
5141213.0,0.01528133,0.0,2.064
5141291.0,0.01416388,0.0,1.376
5141369.0,0.00827197,0.0,2.064
5141448.0,0.0014149,0.0,2.408
5141526.0,0.00491962,0.0,2.064
5141604.0,0.00268479,0.0,2.408
5141682.0,-0.00351199,0.0,2.064
5141760.0,0.00913546,0.0,2.752
5141838.0,0.00324356,0.0,2.064
5141916.0,-0.01544831,0.0,2.064
5141994.0,0.00456413,0.0,2.064
5142072.0,-0.0025469,0.0,1.72
5142151.0,-0.01961332,0.0,2.408
5142229.0,0.0013133,0.0,2.064
5142307.0,-0.0299751,0.0,2.064
5142385.0,-0.00097236,0.0,2.752
5142463.0,-0.01605784,0.0,2.064
5142541.0,-0.00996258,0.0,2.408
5142619.0,0.00309104,0.0,2.064
5142697.0,0.01599246,0.0,2.408
5142775.0,0.0044117,0.0,1.376
5142854.0,-0.0051882,0.0,2.064
5142932.0,0.01162425,0.0,2.064
5143010.0,-0.01123247,0.0,2.064
5143088.0,-0.00462944,0.0,2.408
5143166.0,-0.01265472,0.0,2.064
5143244.0,0.03610643,0.0,2.752
5143322.0,0.00222763,0.0,2.064
5143401.0,-0.00036283,0.0,2.064
5143479.0,-0.00589918,0.0,2.064
5143557.0,-0.00234385,0.0,2.064
5143635.0,-0.00462944,0.0,1.376
5143713.0,-0.00650878,0.0,2.064
5143791.0,-0.01753085,0.0,2.064
5143869.0,0.00542762,0.0,2.064
5143947.0,0.01975114,0.0,2.064
5144025.0,0.01578933,0.0,2.064
5144104.0,-0.01189276,0.0,1.72
5144182.0,0.00177047,0.0,1.72
5144260.0,0.0087799,0.0,1.72
5144338.0,-0.00762623,0.0,2.064
5144416.0,0.01192905,0.0,1.72
5144494.0,-0.00828659,0.0,2.064
5144572.0,-0.00087076,0.0,1.72
5144650.0,-0.00869284,0.0,2.064
5144728.0,0.0012117,0.0,1.72
5144806.0,-0.01483879,0.0,2.064
5144885.0,-0.0117404,0.0,1.72
5144963.0,0.00522442,0.0,2.064
5145041.0,-0.00371511,0.0,2.064
5145119.0,-0.00158189,0.0,2.064
5145197.0,0.00598623,0.0,2.064
5145275.0,0.01401152,0.0,2.064
5145353.0,-0.01514351,0.0,2.064
5145431.0,-0.00808332,0.0,2.064
5145509.0,-0.00818492,0.0,2.064
5145588.0,-0.00650878,0.0,2.064
5145666.0,-0.00193737,0.0,2.064
5145744.0,-0.0187499,0.0,2.408
5145822.0,-0.00788012,0.0,1.376
5145900.0,-0.00904841,0.0,2.064
5145978.0,0.0220368,0.0,1.376
5146056.0,0.01690671,0.0,1.72
5146134.0,0.01203065,0.0,2.064
5146212.0,0.00969408,0.0,2.064
5146291.0,0.00400537,0.0,1.72
5146369.0,0.00415773,0.0,2.064
5146447.0,0.00847518,0.0,2.064
5146525.0,-0.00087076,0.0,2.064
5146603.0,0.01228454,0.0,2.064
5146681.0,-0.00564529,0.0,1.72
5146759.0,-0.00401991,0.0,2.064
5146838.0,0.0045133,0.0,2.064
5146916.0,0.00151651,0.0,2.064
5146994.0,-0.01041982,0.0,2.064
5147072.0,4.349e-05,0.0,1.72
5147150.0,0.00055142,0.0,2.064
5147228.0,-0.01377217,0.0,1.376
5147306.0,-0.00742295,0.0,1.72
5147384.0,0.0245765,0.0,1.72
5147462.0,0.00928783,0.0,2.408
5147541.0,-0.01737841,0.0,2.064
5147619.0,-0.00772783,0.0,2.064
5147697.0,0.01817652,0.0,2.064
5147775.0,0.00781481,0.0,1.376
5147853.0,0.01071008,0.0,2.064
5147931.0,-0.00087076,0.0,2.064
5148009.0,-0.01793718,0.0,2.408
5148087.0,0.00090698,0.0,2.064
5148165.0,-0.00381671,0.0,1.72
5148243.0,-0.0005152,0.0,2.064
5148322.0,0.00979575,0.0,1.376
5148400.0,0.00827197,0.0,2.064
5148478.0,-0.008642,0.0,2.064
5148556.0,0.00126254,0.0,2.064
5148634.0,-0.00087076,0.0,2.064
5148712.0,0.00491962,0.0,2.064
5148790.0,-0.00808332,0.0,2.064
5148868.0,0.00730696,0.0,2.064
5148946.0,-0.0046802,0.0,2.064
5149025.0,0.01065924,0.0,1.72
5149103.0,-0.0027501,0.0,2.064
5149181.0,-0.00026131,0.0,2.064
5149259.0,-0.00574696,0.0,2.408
5149337.0,-0.00508653,0.0,2.064
5149415.0,-0.00320719,0.0,2.064
5149493.0,0.00019585,0.0,2.064
5149571.0,0.00283708,0.0,1.72
5149650.0,-0.0162102,0.0,2.752
5149728.0,0.00679888,0.0,2.064
5149806.0,0.01065924,0.0,2.408
5149884.0,0.02930019,0.0,2.064
5149962.0,-0.00965786,0.0,2.064
5150040.0,0.0013133,0.0,1.72
5150118.0,-0.00965786,0.0,2.752
5150196.0,0.00725612,0.0,1.72
5150275.0,-0.00076916,0.0,2.408
5150353.0,-0.00752463,0.0,2.408
5150431.0,0.00075462,0.0,2.408
5150509.0,-0.00412144,0.0,2.064
5150587.0,0.01345283,0.0,2.064
5150665.0,0.00263396,0.0,2.408
5150743.0,-0.00716907,0.0,2.064
5150821.0,-0.0164134,0.0,2.064
5150899.0,-0.00991189,0.0,3.096
5150978.0,0.00273548,0.0,2.408
5151056.0,0.01152265,0.0,2.064
5151134.0,-0.00544209,0.0,2.064
5151212.0,-0.01250221,0.0,2.752
5151290.0,-0.00833728,0.0,1.72
5151368.0,-0.01255312,0.0,1.72
5151446.0,-0.00087076,0.0,2.064
5151524.0,-0.01412774,0.0,3.096
5151602.0,-0.01306097,0.0,2.064
5151681.0,0.00024669,0.0,1.72
5151759.0,0.01553529,0.0,2.064
5151837.0,-0.00341039,0.0,2.064
5151915.0,0.00314188,0.0,2.064
5151993.0,0.00659576,0.0,2.064
5152071.0,-0.01311181,0.0,2.064
5152149.0,0.0220368,0.0,2.064
5152227.0,0.00070385,0.0,2.408
5152305.0,-0.01651493,0.0,2.064
5152384.0,-0.01702285,0.0,2.064
5152462.0,0.0045133,0.0,2.064
5152540.0,-0.01458475,0.0,2.064
5152618.0,0.00146574,0.0,2.064
5152696.0,0.01477348,0.0,2.064
5152774.0,0.00705292,0.0,2.752
5152852.0,0.00659576,0.0,2.064
5152931.0,-0.00564529,0.0,1.376
5153009.0,0.0128433,0.0,2.064
5153087.0,-0.00544209,0.0,1.72
5153165.0,0.00644347,0.0,2.064
5153243.0,-0.01392446,0.0,2.064
5153321.0,0.00781481,0.0,2.064
5153399.0,0.00552915,0.0,1.376
5153477.0,0.01121785,0.0,2.064
5153555.0,0.00100858,0.0,1.72
5153634.0,0.00542762,0.0,2.064
5153712.0,-0.00478173,0.0,1.72
5153790.0,0.01111633,0.0,2.064
5153868.0,-0.0158038,0.0,2.064
5153946.0,0.01482417,0.0,2.064
5154024.0,-0.00315642,0.0,2.408
5154102.0,0.00949103,0.0,2.064
5154180.0,0.00344661,0.0,2.064
5154258.0,-0.01387377,0.0,2.064
5154337.0,0.01335123,0.0,2.064
5154415.0,-0.01387377,0.0,1.72
5154493.0,-0.004985,0.0,2.064
5154571.0,-0.00269926,0.0,2.752
5154649.0,-0.00747379,0.0,2.064
5154727.0,0.00055142,0.0,2.064
5154805.0,-0.0046802,0.0,2.064
5154883.0,-0.00015956,0.0,2.064
5154961.0,-0.0068135,0.0,2.064
5155040.0,-0.00915001,0.0,2.064
5155118.0,-0.01240068,0.0,2.064
5155196.0,0.00182131,0.0,2.064
5155274.0,-0.00960717,0.0,2.064
5155352.0,0.00497038,0.0,2.064
5155430.0,-0.00168349,0.0,2.064
5155508.0,0.03234775,0.0,1.72
5155586.0,-0.01565151,0.0,2.064
5155664.0,-0.0028517,0.0,2.064
5155743.0,-0.01372126,0.0,2.064
5155821.0,0.02564304,0.0,2.064
5155899.0,-0.01102934,0.0,2.408
5155977.0,0.00583387,0.0,2.408
5156055.0,-0.00142952,0.0,2.064
5156133.0,0.01071008,0.0,2.064
5156211.0,-0.01991804,0.0,2.064
5156289.0,0.00263396,0.0,2.064
5156367.0,-0.00269926,0.0,2.064
5156446.0,0.00883074,0.0,2.064
5156524.0,0.00827197,0.0,1.72
5156602.0,0.00618943,0.0,2.064
5156680.0,-0.01158803,0.0,2.064
5156758.0,0.02985896,0.0,2.064
5156836.0,-0.0087436,0.0,2.064
5156914.0,-0.00625474,0.0,2.408
5156992.0,0.01700831,0.0,2.064
5157071.0,0.00171963,0.0,2.064
5157149.0,-0.01082622,0.0,2.064
5157227.0,-0.00493416,0.0,2.752
5157305.0,0.00298952,0.0,2.064
5157383.0,0.00339584,0.0,2.752
5157461.0,0.00588471,0.0,2.408
5157539.0,-0.01687056,0.0,2.408
5157617.0,-0.00066756,0.0,2.408
5157695.0,0.00359897,0.0,2.408
5157774.0,-0.00422319,0.0,2.064
5157852.0,-0.00544209,0.0,2.408
5157930.0,-0.00960717,0.0,2.064
5158008.0,0.00954171,0.0,2.752
5158086.0,0.00339584,0.0,2.064
5158164.0,-0.02108626,0.0,2.408
5158242.0,0.00126254,0.0,2.064
5158320.0,-0.00214057,0.0,2.064
5158398.0,0.00182131,0.0,1.72
5158477.0,-0.00325795,0.0,2.752
5158555.0,-0.00142952,0.0,2.064
5158633.0,-0.00249614,0.0,2.408
5158711.0,-0.01742925,0.0,2.408
5158789.0,-0.02540362,0.0,2.408
5158867.0,0.00568143,0.0,2.064
5158945.0,-0.00305482,0.0,2.064
5159023.0,0.00629103,0.0,2.064
5159101.0,-0.00935313,0.0,2.064
5159180.0,0.00822114,0.0,2.064
5159258.0,-0.01783558,0.0,2.064
5159336.0,-0.0115372,0.0,1.376
5159414.0,-0.00935313,0.0,1.72
5159492.0,0.00080545,0.0,1.72
5159570.0,0.01147189,0.0,1.72
5159648.0,-0.01204512,0.0,1.72
5159726.0,-0.00315642,0.0,2.064
5159805.0,-0.02067993,0.0,1.72
5159883.0,0.02345898,0.0,1.72
5159961.0,0.00171963,0.0,2.064
5160039.0,-0.0181403,0.0,2.064
5160117.0,0.00019585,0.0,2.064
5160195.0,-0.00452791,0.0,2.064
5160273.0,0.0085767,0.0,2.064
5160351.0,0.010202,0.0,2.064
5160430.0,-0.00854048,0.0,2.064
5160508.0,-0.0295687,0.0,2.408
5160586.0,0.01142105,0.0,2.064
5160664.0,-0.00214057,0.0,1.72
5160742.0,0.01116716,0.0,2.064
5160820.0,0.00202451,0.0,2.064
5160898.0,-0.00935313,0.0,2.064
5160976.0,0.00745925,0.0,2.064
5161054.0,0.01563689,0.0,2.408
5161133.0,-0.00884528,0.0,2.064
5161211.0,-0.02306719,0.0,2.064
5161289.0,0.01817652,0.0,1.72
5161367.0,0.00111018,0.0,2.064
5161445.0,0.02025906,0.0,1.376
5161523.0,-0.01356897,0.0,2.064
5161601.0,-0.00655954,0.0,1.72
5161679.0,0.00171963,0.0,2.064
5161757.0,-0.0027501,0.0,2.064
5161836.0,-0.00381671,0.0,2.064
5161914.0,0.00400537,0.0,2.064
5161992.0,0.00080545,0.0,1.376
5162070.0,0.00466566,0.0,1.376
5162148.0,0.0013133,0.0,2.064
5162226.0,0.01345283,0.0,1.72
5162304.0,-0.00996258,0.0,2.408
5162382.0,-0.00142952,0.0,2.064
5162460.0,0.00080545,0.0,2.064
5162539.0,-0.0115372,0.0,2.064
5162617.0,-0.00193737,0.0,2.064
5162695.0,-0.01240068,0.0,2.064
5162773.0,0.00786565,0.0,2.064
5162851.0,-0.01443246,0.0,2.408
5162929.0,-0.02027368,0.0,2.064
5163007.0,0.01929405,0.0,2.064
5163085.0,-0.00752463,0.0,2.064
5163164.0,0.01690671,0.0,2.064
5163242.0,-0.00975953,0.0,2.064
5163320.0,0.00151651,0.0,2.064
5163398.0,-0.00671198,0.0,2.064
5163476.0,0.00568143,0.0,2.064
5163554.0,0.00461482,0.0,2.064
5163632.0,-0.00559445,0.0,1.72
5163710.0,0.00237992,0.0,1.72
5163788.0,0.01365595,0.0,1.72
5163867.0,0.00690049,0.0,1.72
5163945.0,-0.01168963,0.0,2.064
5164023.0,0.00075462,0.0,2.064
5164101.0,-0.0156006,0.0,2.752
5164179.0,0.00273548,0.0,2.064
5164257.0,-0.00269926,0.0,2.064
5164335.0,0.01436716,0.0,1.72
5164413.0,0.00212603,0.0,2.064
5164491.0,0.00354828,0.0,1.72
5164570.0,-0.00462944,0.0,2.064
5164648.0,0.00563067,0.0,2.064
5164726.0,0.0013133,0.0,2.064
5164804.0,0.01873528,0.0,2.064
5164882.0,-0.01163887,0.0,1.376
5164960.0,-0.00280086,0.0,2.064
5165038.0,-0.01509275,0.0,1.376
5165116.0,0.00222763,0.0,2.064
5165194.0,-0.00483264,0.0,1.72
5165273.0,-0.01270541,0.0,1.72
5165351.0,-0.02250843,0.0,1.72
5165429.0,-0.01123247,0.0,2.064
5165507.0,0.0061386,0.0,2.064
5165585.0,-0.00259766,0.0,1.72
5165663.0,-0.00625474,0.0,2.064
5165741.0,0.00888142,0.0,2.064
5165819.0,0.00959255,0.0,1.72
5165897.0,-0.01158803,0.0,2.064
5165976.0,-0.0069151,0.0,2.064
5166054.0,-0.01240068,0.0,2.064
5166132.0,-0.01031814,0.0,2.064
5166210.0,-0.00193737,0.0,1.72
5166288.0,0.02168124,0.0,2.064
5166366.0,-0.00869284,0.0,2.408
5166444.0,-0.00483264,0.0,2.064
5166523.0,0.00039898,0.0,2.752
5166601.0,0.00466566,0.0,2.064
5166679.0,-0.0068135,0.0,2.064
5166757.0,0.00344661,0.0,2.064
5166835.0,0.00679888,0.0,1.72
5166913.0,-0.00737227,0.0,2.064
5166991.0,0.00913546,0.0,2.408
5167069.0,0.01223378,0.0,2.064
5167147.0,-0.0133657,0.0,2.408
5167226.0,-0.00087076,0.0,2.064
5167304.0,0.00375141,0.0,2.752
5167382.0,-0.00767699,0.0,1.72
5167460.0,0.00639263,0.0,3.096
5167538.0,0.01035451,0.0,2.064
5167616.0,-0.00574696,0.0,2.408
5167694.0,0.01126876,0.0,2.408
5167772.0,0.00568143,0.0,2.752
5167850.0,-0.00859132,0.0,1.72
5167928.0,-0.00610238,0.0,2.752
5168007.0,-0.01722605,0.0,1.72
5168085.0,0.00537671,0.0,2.408
5168163.0,0.01370679,0.0,2.064
5168241.0,-0.00305482,0.0,2.064
5168319.0,0.00608791,0.0,1.72
5168397.0,0.01568773,0.0,2.064
5168475.0,-0.00478173,0.0,2.064
5168553.0,-0.0025469,0.0,2.064
5168631.0,0.00964331,0.0,2.064
5168710.0,0.00395453,0.0,2.064
5168788.0,-0.00386755,0.0,2.408
5168866.0,-0.00772783,0.0,1.72
5168944.0,-0.02743547,0.0,2.064
5169022.0,-0.00234385,0.0,2.064
5169100.0,-0.00137861,0.0,2.064
5169178.0,-0.00346115,0.0,1.72
5169256.0,0.00705292,0.0,2.064
5169334.0,-0.01138483,0.0,2.408
5169413.0,-0.0084388,0.0,2.064
5169491.0,0.00989728,0.0,1.72
5169569.0,-0.00178509,0.0,2.064
5169647.0,-0.00539133,0.0,1.376
5169725.0,-0.01036906,0.0,2.064
5169803.0,0.00913546,0.0,1.72
5169881.0,0.03041765,0.0,2.064
5169960.0,-0.0068135,0.0,2.064
5170038.0,-0.00066756,0.0,2.064
5170116.0,0.01959877,0.0,2.064
5170194.0,0.00090698,0.0,2.064
5170272.0,-0.00544209,0.0,1.72
5170350.0,-0.0133657,0.0,2.064
5170428.0,-0.00579765,0.0,2.064
5170506.0,0.00050073,0.0,2.064
5170584.0,-0.01910539,0.0,2.408
5170663.0,-0.0027501,0.0,1.72
5170741.0,-0.00986106,0.0,1.72
5170819.0,0.00537671,0.0,2.064
5170897.0,-0.01458475,0.0,1.376
5170975.0,0.00486886,0.0,1.72
5171053.0,0.02056379,0.0,2.064
5171131.0,-0.00889604,0.0,2.064
5171209.0,-0.0005152,0.0,2.064
5171287.0,0.00029745,0.0,2.064
5171366.0,-0.01575304,0.0,1.72
5171444.0,-0.00981037,0.0,2.064
5171522.0,-0.02967023,0.0,1.032
5171600.0,-0.00361359,0.0,2.064
5171678.0,0.00364981,0.0,2.064
5171756.0,-0.02657183,0.0,2.064
5171834.0,-0.004477,0.0,2.064
5171912.0,-0.02641955,0.0,2.064
5171990.0,0.01248782,0.0,2.064
5172069.0,0.00298952,0.0,1.72
5172147.0,-0.00244537,0.0,2.064
5172225.0,-0.02464181,0.0,1.72
5172303.0,-0.0006168,0.0,1.72
5172381.0,0.01172593,0.0,2.064
5172459.0,0.0013133,0.0,1.72
5172537.0,-0.00234385,0.0,2.064
5172615.0,-0.01722605,0.0,2.064
5172693.0,0.00319264,0.0,2.064
5172772.0,-0.00142952,0.0,1.72
5172850.0,0.00415773,0.0,2.064
5172928.0,0.01822728,0.0,2.064
5173006.0,-0.02291483,0.0,2.064
5173084.0,-0.01565151,0.0,2.064
5173162.0,0.0043101,0.0,2.064
5173240.0,0.02686209,0.0,2.408
5173319.0,0.00502115,0.0,1.72
5173397.0,0.01700831,0.0,2.064
5173475.0,-0.0011248,0.0,2.064
5173553.0,-0.01123247,0.0,2.064
5173631.0,0.00085622,0.0,2.408
5173709.0,-0.00356275,0.0,2.064
5173787.0,-0.00721983,0.0,2.064
5173865.0,-0.01702285,0.0,2.064
5173943.0,-0.00625474,0.0,2.064
5174022.0,-7.27e-06,0.0,1.72
5174100.0,-0.00153105,0.0,2.064
5174178.0,0.00314188,0.0,2.064
5174256.0,-0.00706754,0.0,1.72
5174334.0,-0.00305482,0.0,1.72
5174412.0,-0.0004136,0.0,2.064
5174490.0,0.00212603,0.0,2.064
5174568.0,-0.00955633,0.0,1.72
5174646.0,0.00466566,0.0,2.064
5174725.0,-0.00625474,0.0,2.064
5174803.0,0.01568773,0.0,2.064
5174881.0,-0.01712438,0.0,2.064
5174959.0,-0.01189276,0.0,2.064
5175037.0,-0.00813408,0.0,2.064
5175115.0,-0.0199688,0.0,2.064
5175193.0,0.00664667,0.0,2.064
5175271.0,0.0051229,0.0,1.032
5175349.0,0.00248159,0.0,2.064
5175428.0,0.00405613,0.0,2.408
5175506.0,0.0013133,0.0,2.408
5175584.0,0.00055142,0.0,2.064
5175662.0,0.01192905,0.0,3.096
5175740.0,-0.01428002,0.0,2.408
5175818.0,-0.01438162,0.0,2.064
5175896.0,-0.01483879,0.0,1.72
5175974.0,0.00202451,0.0,2.408
5176052.0,-0.02438777,0.0,2.064
5176130.0,0.01675435,0.0,2.408
5176209.0,-0.00666114,0.0,2.064
5176287.0,0.01172593,0.0,2.752
5176365.0,-0.00793103,0.0,2.064
5176443.0,0.00375141,0.0,2.408
5176521.0,0.00730696,0.0,2.064
5176599.0,-0.00417228,0.0,2.408
5176677.0,-0.00595001,0.0,2.752
5176755.0,0.00999888,0.0,2.408
5176834.0,-0.00666114,0.0,2.064
5176912.0,-0.0043754,0.0,2.752
5176990.0,0.00055142,0.0,2.064
5177068.0,-0.01148651,0.0,2.408
5177146.0,0.00471642,0.0,2.064
5177224.0,-0.00381671,0.0,2.408
5177302.0,0.01274163,0.0,2.064
5177381.0,-0.00854048,0.0,2.064
5177459.0,-0.00193737,0.0,2.064
5177537.0,0.01644962,0.0,2.408
5177615.0,-0.00259766,0.0,2.064
5177693.0,0.00197359,0.0,2.064
5177771.0,0.0045133,0.0,2.064
5177849.0,-0.00412144,0.0,2.064
5177927.0,0.01492569,0.0,2.064
5178005.0,-0.02210218,0.0,2.064
5178083.0,0.00019585,0.0,2.064
5178162.0,-0.00010887,0.0,1.72
5178240.0,-0.00925161,0.0,2.064
5178318.0,0.00400537,0.0,2.064
5178396.0,-0.00015956,0.0,2.064
5178474.0,-0.01732758,0.0,1.72
5178552.0,0.01177661,0.0,2.064
5178630.0,0.00415773,0.0,2.064
5178708.0,0.00385301,0.0,2.064
5178786.0,0.00679888,0.0,2.064
5178865.0,-0.01306097,0.0,2.064
5178943.0,-0.01082622,0.0,2.064
5179021.0,-0.00391831,0.0,2.408
5179099.0,0.00202451,0.0,2.064
5179177.0,-0.00986106,0.0,2.064
5179255.0,-0.01158803,0.0,2.064
5179333.0,-0.00259766,0.0,2.064
5179411.0,0.00395453,0.0,1.72
5179489.0,0.01954786,0.0,2.064
5179568.0,0.01822728,0.0,1.72
5179646.0,0.00497038,0.0,2.064
5179724.0,-0.00757539,0.0,2.064
5179802.0,0.00237992,0.0,2.064
5179880.0,-0.01494031,0.0,1.72
5179958.0,0.00288792,0.0,2.064
5180036.0,0.00029745,0.0,1.72
5180115.0,0.01888757,0.0,2.064
5180193.0,-0.01382293,0.0,1.72
5180271.0,-0.0115372,0.0,2.408
5180349.0,-0.02845117,0.0,2.064
5180427.0,-0.0069151,0.0,1.72
5180505.0,0.00085622,0.0,1.032
5180583.0,-0.00102312,0.0,1.72
5180661.0,0.00684972,0.0,1.376
5180739.0,0.00248159,0.0,1.72
5180818.0,-0.00716907,0.0,2.064
5180896.0,0.00268479,0.0,2.064
5180974.0,-5.803e-05,0.0,2.064
5181052.0,-0.01189276,0.0,2.064
5181130.0,-0.01326417,0.0,2.064
5181208.0,0.00029745,0.0,2.064
5181286.0,-0.00427388,0.0,2.064
5181364.0,0.01655122,0.0,2.064
5181442.0,0.00608791,0.0,2.064
5181521.0,-0.00813408,0.0,2.752
5181599.0,-0.00473096,0.0,1.72
5181677.0,0.0205131,0.0,2.064
5181755.0,-0.00711823,0.0,1.376
5181833.0,-0.01351821,0.0,2.064
5181911.0,-0.0011248,0.0,2.064
5181989.0,-0.01092775,0.0,2.064
5182067.0,-0.02230531,0.0,2.064
5182145.0,-0.00630558,0.0,2.064
5182223.0,-0.00762623,0.0,2.064
5182302.0,0.01228454,0.0,2.064
5182380.0,0.00664667,0.0,2.064
5182458.0,-0.00584849,0.0,1.72
5182536.0,-0.00818492,0.0,2.408
5182614.0,-0.00991189,0.0,2.064
5182692.0,-0.01306097,0.0,1.72
5182770.0,-0.01590532,0.0,2.064
5182849.0,-0.00544209,0.0,2.064
5182927.0,0.00039898,0.0,2.064
5183005.0,-0.01453406,0.0,1.72
5183083.0,-0.00996258,0.0,2.064
5183161.0,0.00187207,0.0,2.064
5183239.0,0.00537671,0.0,2.064
5183317.0,-0.00193737,0.0,2.064
5183395.0,-0.00087076,0.0,2.064
5183473.0,0.00461482,0.0,1.72
5183552.0,0.00578318,0.0,2.064
5183630.0,0.00436086,0.0,2.408
5183708.0,-0.01204512,0.0,2.064
5183786.0,0.00019585,0.0,2.064
5183864.0,-0.00132792,0.0,2.752
5183942.0,-0.01742925,0.0,2.064
5184020.0,-0.02276247,0.0,1.72
5184098.0,-0.00742295,0.0,2.064
5184176.0,-0.00137861,0.0,2.408
5184255.0,0.01142105,0.0,1.72
5184333.0,0.01609406,0.0,2.064
5184411.0,-0.02428625,0.0,1.72
5184489.0,-0.004477,0.0,2.064
5184567.0,-0.00193737,0.0,2.752
5184645.0,0.00090698,0.0,2.064
5184723.0,-0.00132792,0.0,1.72
5184801.0,0.01731311,0.0,2.064
5184879.0,0.00832266,0.0,2.064
5184958.0,0.00517358,0.0,1.72
5185036.0,-0.01468642,0.0,2.064
5185114.0,-0.00361359,0.0,2.064
5185192.0,0.00085622,0.0,2.064
5185270.0,0.00913546,0.0,2.064
5185348.0,-0.00838812,0.0,2.064
5185426.0,0.00898303,0.0,2.408
5185504.0,0.00055142,0.0,2.064
5185582.0,-0.0028517,0.0,2.752
5185661.0,0.00761169,0.0,2.752
5185739.0,-0.00528973,0.0,2.752
5185817.0,0.00146574,0.0,2.064
5185895.0,0.00014517,0.0,2.064
5185973.0,-0.00757539,0.0,2.064
5186051.0,0.00644347,0.0,2.064
5186129.0,0.00217679,0.0,2.064
5186207.0,-0.00300414,0.0,2.408
5186285.0,0.02853831,0.0,2.064
5186364.0,-0.00452791,0.0,2.064
5186442.0,-0.000312,0.0,1.72
5186520.0,-0.00711823,0.0,2.064
5186598.0,0.02996048,0.0,1.72
5186676.0,-0.01245152,0.0,2.752
5186754.0,0.00405613,0.0,3.096
5186832.0,0.00050073,0.0,2.408
5186911.0,-0.00640725,0.0,2.064
5186989.0,0.01934474,0.0,2.408
5187067.0,0.00583387,0.0,2.064
5187145.0,0.00232923,0.0,2.064
5187223.0,-0.01478802,0.0,2.064
5187301.0,-0.01356897,0.0,2.752
5187379.0,-0.01113094,0.0,2.064
5187457.0,0.00898303,0.0,2.752
5187535.0,0.00735765,0.0,2.064
5187614.0,0.00557991,0.0,2.064
5187692.0,-0.00168349,0.0,2.064
5187770.0,0.02173215,0.0,2.064
5187848.0,-0.00234385,0.0,2.064
5187926.0,-0.01113094,0.0,2.064
5188004.0,-0.02616558,0.0,2.064
5188082.0,-0.00259766,0.0,2.408
5188160.0,0.02523679,0.0,2.064
5188238.0,0.00334508,0.0,2.064
5188316.0,-0.00229294,0.0,2.064
5188395.0,-0.00503576,0.0,1.72
5188473.0,0.01142105,0.0,2.064
5188551.0,-0.0068135,0.0,2.064
5188629.0,0.00679888,0.0,2.064
5188707.0,-0.00767699,0.0,1.72
5188785.0,0.00659576,0.0,2.064
5188863.0,0.00151651,0.0,2.064
5188942.0,-0.00010887,0.0,1.376
5189020.0,-0.00650878,0.0,1.376
5189098.0,0.00212603,0.0,2.064
5189176.0,-0.00986106,0.0,2.064
5189254.0,0.01340199,0.0,2.064
5189332.0,0.00319264,0.0,1.72
5189410.0,-0.01570227,0.0,2.064
5189488.0,0.00690049,0.0,1.376
5189566.0,-0.00955633,0.0,1.72
5189645.0,-0.01920692,0.0,1.72
5189723.0,-0.01468642,0.0,2.064
5189801.0,-0.00346115,0.0,2.064
5189879.0,-0.00244537,0.0,2.064
5189957.0,0.0178718,0.0,2.064
5190035.0,0.0106084,0.0,2.064
5190113.0,0.00283708,0.0,2.064
5190191.0,-0.0004136,0.0,1.72
5190269.0,0.0063418,0.0,1.72
5190348.0,-0.00148021,0.0,2.064
5190426.0,0.00339584,0.0,2.064
5190504.0,-0.01052134,0.0,2.064
5190582.0,0.00390385,0.0,2.064
5190660.0,-0.0005152,0.0,2.064
5190738.0,0.0043101,0.0,1.72
5190816.0,0.01467188,0.0,1.72
5190894.0,-0.00310566,0.0,2.064
5190972.0,-0.00945481,0.0,2.064
5191051.0,0.00817037,0.0,2.408
5191129.0,-0.01504199,0.0,2.064
5191207.0,-0.00462944,0.0,2.064
5191285.0,-0.01041982,0.0,2.064
5191363.0,-0.00584849,0.0,2.064
5191441.0,-0.00046443,0.0,2.064
5191519.0,0.01777027,0.0,1.72
5191597.0,0.00461482,0.0,2.408
5191675.0,0.00050073,0.0,1.72
5191754.0,0.00588471,0.0,2.064
5191832.0,-0.00569605,0.0,2.408
5191910.0,-0.00244537,0.0,1.72
5191988.0,0.00202451,0.0,1.72
5192066.0,0.01152265,0.0,2.064
5192144.0,-0.01011509,0.0,1.72
5192222.0,0.01837972,0.0,2.408
5192300.0,0.00309104,0.0,2.408
5192378.0,-0.01615936,0.0,2.408
5192457.0,0.00822114,0.0,2.064
5192535.0,0.00984659,0.0,1.376
5192613.0,-0.00584849,0.0,2.064
5192691.0,0.01015131,0.0,1.72
5192769.0,-0.02382908,0.0,2.064
5192847.0,-0.00188661,0.0,2.752
5192925.0,0.01873528,0.0,2.064
5193003.0,-0.01915615,0.0,1.72
5193082.0,-0.01433086,0.0,1.032
5193160.0,0.00197359,0.0,2.408
5193238.0,-0.01341653,0.0,1.72
5193316.0,-0.00407068,0.0,2.064
5193394.0,0.0083735,0.0,1.72
5193472.0,-0.00666114,0.0,2.408
5193550.0,-0.00158189,0.0,2.064
5193628.0,-0.01285785,0.0,2.064
5193706.0,-0.00640725,0.0,2.064
5193785.0,-0.00036283,0.0,2.064
5193863.0,0.00786565,0.0,2.064
5193941.0,0.00085622,0.0,2.064
5194019.0,0.01096396,0.0,2.064
5194097.0,-0.00727059,0.0,2.064
5194175.0,0.00563067,0.0,2.064
5194253.0,0.0087799,0.0,2.408
5194331.0,0.00111018,0.0,1.72
5194409.0,-0.01377217,0.0,2.064
5194488.0,-0.00534049,0.0,2.064
5194566.0,-0.01595624,0.0,2.064
5194644.0,-0.00986106,0.0,2.408
5194722.0,-0.00422319,0.0,2.408
5194800.0,-0.00488348,0.0,2.064
5194878.0,-0.00346115,0.0,2.064
5194956.0,-0.00341039,0.0,2.064
5195034.0,-0.00102312,0.0,1.376
5195112.0,0.00994811,0.0,2.064
5195191.0,-0.00930229,0.0,2.752
5195269.0,0.00715445,0.0,2.064
5195347.0,-0.02667351,0.0,2.064
5195425.0,-0.00721983,0.0,2.064
5195503.0,-0.00168349,0.0,2.064
5195581.0,-0.00076916,0.0,1.72
5195659.0,0.01777027,0.0,2.064
5195737.0,-0.00168349,0.0,2.064
5195816.0,-0.00711823,0.0,2.064
5195894.0,0.018075,0.0,2.408
5195972.0,4.349e-05,0.0,2.064
5196050.0,-0.0043754,0.0,2.064
5196128.0,0.02630333,0.0,2.064
5196206.0,0.00974499,0.0,2.064
5196284.0,0.0243733,0.0,2.064
5196362.0,-0.02118785,0.0,1.72
5196441.0,-0.01102934,0.0,2.064
5196519.0,0.00055142,0.0,2.408
5196597.0,-0.00193737,0.0,2.064
5196675.0,-0.01250221,0.0,2.064
5196753.0,0.00095774,0.0,2.064
5196831.0,0.01741471,0.0,2.064
5196909.0,0.00811954,0.0,2.064
5196987.0,0.00339584,0.0,2.064
5197065.0,0.02483039,0.0,2.064
5197144.0,-0.01590532,0.0,2.064
5197222.0,0.00537671,0.0,2.064
5197300.0,-0.01133407,0.0,2.064
5197378.0,0.00725612,0.0,2.064
5197456.0,0.00085622,0.0,2.064
5197534.0,-0.00635642,0.0,1.72
5197612.0,0.00481802,0.0,1.376
5197690.0,0.0012117,0.0,2.408
5197768.0,0.01451944,0.0,2.064
5197846.0,-0.0045786,0.0,1.72
5197925.0,0.01380839,0.0,2.064
5198003.0,-0.02342276,0.0,1.032
5198081.0,-0.00305482,0.0,2.064
5198159.0,0.00761169,0.0,1.72
5198237.0,0.0238653,0.0,2.408
5198315.0,-0.00742295,0.0,1.72
5198393.0,-0.01793718,0.0,2.064
5198471.0,0.02909699,0.0,1.376
5198550.0,0.00888142,0.0,1.72
5198628.0,0.01853208,0.0,1.72
5198706.0,0.01121785,0.0,1.72
5198784.0,-0.00854048,0.0,2.408
5198862.0,0.01045604,0.0,2.064
5198940.0,-0.00625474,0.0,2.064
5199018.0,9.425e-05,0.0,2.064
5199096.0,0.00314188,0.0,2.064
5199175.0,-0.02189898,0.0,2.064
5199253.0,0.01203065,0.0,2.064
5199331.0,0.0131481,0.0,2.064
5199409.0,0.01721151,0.0,2.064
5199487.0,0.01365595,0.0,2.752
5199565.0,-0.00473096,0.0,1.72
5199643.0,0.01375755,0.0,2.064
5199721.0,-0.00341039,0.0,2.064
5199800.0,-0.00508653,0.0,2.064
5199878.0,0.02295105,0.0,2.064
5199956.0,0.02848739,0.0,2.064
5200034.0,0.01192905,0.0,2.064
5200112.0,-0.01123247,0.0,2.064
5200190.0,-0.00315642,0.0,2.064
5200268.0,0.00258319,0.0,2.064
5200346.0,0.00751001,0.0,2.408
5200424.0,0.00243076,0.0,1.72
5200502.0,0.00344661,0.0,1.72
5200581.0,-0.00341039,0.0,1.72
5200659.0,0.00700209,0.0,2.408
5200737.0,-0.00986106,0.0,2.064
5200815.0,0.03067153,0.0,1.72
5200893.0,-0.0051882,0.0,1.72
5200971.0,-0.00371511,0.0,1.72
5201049.0,0.00370057,0.0,2.064
5201127.0,0.01401152,0.0,1.72
5201205.0,0.00532595,0.0,2.064
5201284.0,-0.00859132,0.0,2.064
5201362.0,-0.00148021,0.0,2.064
5201440.0,0.00019585,0.0,1.72
5201518.0,0.00913546,0.0,1.72
5201596.0,0.0014149,0.0,2.064
5201674.0,-0.00442624,0.0,1.72
5201752.0,-0.00021047,0.0,2.064
5201830.0,9.425e-05,0.0,2.064
5201909.0,-0.01133407,0.0,1.72
5201987.0,-0.00244537,0.0,1.72
5202065.0,-0.00234385,0.0,2.064
5202143.0,0.00725612,0.0,2.064
5202221.0,0.00024669,0.0,1.72
5202299.0,0.00126254,0.0,2.064
5202377.0,-0.01392446,0.0,2.064
5202455.0,0.01401152,0.0,2.408
5202534.0,-0.00610238,0.0,2.064
5202612.0,0.00222763,0.0,2.408
5202690.0,-0.00234385,0.0,2.064
5202768.0,-0.01255312,0.0,2.408
5202846.0,-0.00742295,0.0,2.064
5202924.0,0.00456413,0.0,2.064
5203002.0,0.00461482,0.0,2.064
5203080.0,-0.01245152,0.0,2.408
5203158.0,0.00111018,0.0,2.064
5203236.0,0.01142105,0.0,2.752
5203315.0,0.01690671,0.0,2.064
5203393.0,0.02259549,0.0,2.064
5203471.0,-0.01656569,0.0,2.064
5203549.0,-0.00686434,0.0,2.064
5203627.0,-0.00442624,0.0,2.064
5203705.0,0.00405613,0.0,2.752
5203783.0,0.01111633,0.0,2.064
5203861.0,-0.00640725,0.0,2.064
5203940.0,0.01248782,0.0,2.064
5204018.0,0.00522442,0.0,1.72
5204096.0,-0.01849587,0.0,2.064
5204174.0,-0.01245152,0.0,2.064
5204252.0,-0.00589918,0.0,2.064
5204330.0,-0.01971492,0.0,2.408
5204408.0,-0.01372126,0.0,2.408
5204486.0,-0.00315642,0.0,2.064
5204564.0,-0.01179123,0.0,2.064
5204643.0,-0.00341039,0.0,1.72
5204721.0,0.00171963,0.0,2.064
5204799.0,0.01345283,0.0,2.064
5204877.0,-0.02362588,0.0,2.408
5204955.0,-0.01732758,0.0,2.064
5205033.0,-0.00107388,0.0,2.064
5205111.0,-0.00655954,0.0,1.72
5205189.0,0.00705292,0.0,2.064
5205267.0,-0.00630558,0.0,1.72
5205345.0,0.01401152,0.0,2.064
5205424.0,-0.00193737,0.0,1.72
5205502.0,-0.00295322,0.0,2.064
5205580.0,-0.01123247,0.0,1.72
5205658.0,-0.01006426,0.0,2.064
5205736.0,-0.00600078,0.0,1.376
5205814.0,-0.00706754,0.0,1.72
5205892.0,-0.02250843,0.0,1.72
5205971.0,-0.00427388,0.0,1.72
5206049.0,-0.01006426,0.0,1.032
5206127.0,-0.02616558,0.0,2.752
5206205.0,0.00039898,0.0,1.72
5206283.0,-0.01021662,0.0,2.064
5206361.0,0.01106556,0.0,2.064
5206439.0,-0.00183577,0.0,1.72
5206517.0,-0.01697209,0.0,1.72
5206595.0,-0.00183577,0.0,2.064
5206674.0,-0.0045786,0.0,2.064
5206752.0,0.02086851,0.0,2.064
5206830.0,0.01065924,0.0,1.72
5206908.0,0.01228454,0.0,2.064
5206986.0,0.00791641,0.0,2.064
5207064.0,-0.00203897,0.0,2.064
5207142.0,-0.01707369,0.0,2.064
5207220.0,-0.00559445,0.0,2.064
5207298.0,0.00944019,0.0,2.064
5207377.0,-0.01956248,0.0,2.064
5207455.0,0.01213218,0.0,2.064
5207533.0,-0.02205134,0.0,2.064
5207611.0,-0.00462944,0.0,2.064
5207689.0,-0.00595001,0.0,2.064
5207767.0,-0.00320719,0.0,2.064
5207845.0,0.0051229,0.0,2.064
5207923.0,0.00425926,0.0,2.064
5208002.0,-0.02352428,0.0,1.72
5208080.0,0.00466566,0.0,2.064
5208158.0,-0.01148651,0.0,1.72
5208236.0,0.00019585,0.0,2.064
5208314.0,4.349e-05,0.0,1.72
5208392.0,-0.00833728,0.0,2.064
5208470.0,0.00751001,0.0,2.064
5208548.0,0.01721151,0.0,2.064
5208627.0,-0.01748001,0.0,2.408
5208705.0,0.00237992,0.0,2.064
5208783.0,-0.00564529,0.0,2.752
5208861.0,-0.00737227,0.0,2.064
5208939.0,-0.02906078,0.0,2.064
5209017.0,-0.00219134,0.0,2.064
5209095.0,-0.0162102,0.0,1.72
5209173.0,-0.01748001,0.0,2.064
5209251.0,-0.01204512,0.0,2.408
5209330.0,-0.00503576,0.0,1.376
5209408.0,0.00425926,0.0,2.408
5209486.0,-0.02067993,0.0,2.064
5209564.0,-0.00676267,0.0,1.72
5209642.0,0.00532595,0.0,1.376
5209720.0,-0.00290246,0.0,2.752
5209798.0,-0.00833728,0.0,2.064
5209876.0,-0.02149273,0.0,1.72
5209954.0,-0.02906078,0.0,2.064
5210033.0,-0.01087691,0.0,1.72
5210111.0,-0.00427388,0.0,1.72
5210189.0,0.02549068,0.0,2.408
5210267.0,0.01116716,0.0,2.064
5210345.0,0.01365595,0.0,2.064
5210423.0,-0.02377832,0.0,2.064
5210501.0,0.00065302,0.0,2.064
5210579.0,0.00258319,0.0,2.064
5210657.0,-0.01021662,0.0,2.064
5210736.0,-0.00935313,0.0,2.408
5210814.0,-0.00721983,0.0,2.408
5210892.0,-0.01895303,0.0,2.064
5210970.0,-0.00010887,0.0,2.408
5211048.0,-0.00076916,0.0,2.064
5211126.0,-0.01102934,0.0,2.064
5211204.0,0.00375141,0.0,1.72
5211282.0,-0.00869284,0.0,2.064
5211360.0,0.00288792,0.0,2.064
5211438.0,-0.0005152,0.0,2.752
5211517.0,-0.01392446,0.0,2.752
5211595.0,0.00192283,0.0,2.064
5211673.0,0.01766867,0.0,2.064
5211751.0,-0.00087076,0.0,2.064
5211829.0,0.01187829,0.0,2.064
5211907.0,0.00497038,0.0,2.408
5211985.0,0.00740849,0.0,2.064
5212063.0,-0.00823575,0.0,2.752
5212141.0,0.00105934,0.0,2.064
5212220.0,-0.01727681,0.0,2.064
5212298.0,-0.00904841,0.0,2.064
5212376.0,0.00385301,0.0,2.064
5212454.0,-0.00523889,0.0,1.72
5212532.0,-0.01636256,0.0,1.72
5212610.0,0.01004971,0.0,2.064
5212688.0,-0.02784172,0.0,2.064
5212767.0,-0.01920692,0.0,2.064
5212845.0,0.0012117,0.0,2.064
5212923.0,0.01050688,0.0,2.064
5213001.0,0.02102095,0.0,1.72
5213079.0,-0.01636256,0.0,2.064
5213157.0,-0.00097236,0.0,2.064
5213235.0,-0.02184814,0.0,2.064
5213313.0,-0.01920692,0.0,2.064
5213391.0,0.00629103,0.0,2.064
5213469.0,-0.00214057,0.0,2.064
5213548.0,-0.00894688,0.0,2.064
5213626.0,-0.00127709,0.0,1.376
5213704.0,0.00344661,0.0,2.064
5213782.0,0.00283708,0.0,1.376
5213860.0,-0.00676267,0.0,1.72
5213938.0,-0.01661653,0.0,1.376
5214016.0,0.01624642,0.0,2.408
5214094.0,0.00715445,0.0,1.72
5214173.0,-0.02078153,0.0,2.408
5214251.0,-0.00163265,0.0,1.72
5214329.0,0.01279254,0.0,2.064
5214407.0,0.00791641,0.0,2.064
5214485.0,0.00984659,0.0,2.408
5214563.0,-0.00813408,0.0,2.408
5214641.0,-0.01463559,0.0,2.064
5214719.0,-0.0051882,0.0,2.408
5214798.0,0.00019585,0.0,2.408
5214876.0,-0.00965786,0.0,2.064
5214954.0,0.00263396,0.0,2.064
5215032.0,-0.0004136,0.0,2.064
5215110.0,-0.00574696,0.0,1.72
5215188.0,0.03265247,0.0,2.064
5215266.0,-0.01072454,0.0,2.064
5215344.0,0.01004971,0.0,2.064
5215422.0,0.00547831,0.0,2.064
5215501.0,-0.01925775,0.0,2.064
5215579.0,0.00314188,0.0,2.064
5215657.0,-0.0119436,0.0,2.064
5215735.0,0.00497038,0.0,2.064
5215813.0,-0.00066756,0.0,2.752
5215891.0,-0.00899757,0.0,2.064
5215969.0,-0.00351199,0.0,2.408
5216047.0,0.00776405,0.0,2.064
5216125.0,0.01411312,0.0,2.408
5216204.0,0.0067482,0.0,2.064
5216282.0,-0.00330886,0.0,2.064
5216360.0,0.00913546,0.0,2.064
5216438.0,-0.00696594,0.0,2.064
5216516.0,-0.00376595,0.0,2.064
5216594.0,0.01462097,0.0,2.064
5216672.0,-0.00076916,0.0,2.064
5216750.0,0.00055142,0.0,2.064
5216828.0,-0.00554376,0.0,2.064
5216907.0,-0.01118163,0.0,1.72
5216985.0,0.00044989,0.0,2.064
5217063.0,0.02752238,0.0,2.064
5217141.0,0.00725612,0.0,2.064
5217219.0,-0.0084388,0.0,1.72
5217297.0,-0.02067993,0.0,2.064
5217375.0,0.00197359,0.0,2.408
5217454.0,-0.00788012,0.0,2.064
5217532.0,0.01731311,0.0,2.064
5217610.0,0.00329424,0.0,2.752
5217688.0,-0.00330886,0.0,2.408
5217766.0,-0.00610238,0.0,2.408
5217844.0,0.00364981,0.0,2.064
5217922.0,-0.00508653,0.0,2.408
5218000.0,0.00497038,0.0,2.064
5218078.0,-0.00564529,0.0,2.064
5218156.0,-0.0051882,0.0,2.408
5218235.0,0.00456413,0.0,2.408
5218313.0,-0.01036906,0.0,2.408
5218391.0,0.00253236,0.0,1.72
5218469.0,0.0069514,0.0,2.064
5218547.0,0.01162425,0.0,2.752
5218625.0,-0.02189898,0.0,2.064
5218703.0,0.01594169,0.0,2.064
5218781.0,-0.00117548,0.0,2.408
5218859.0,-0.00493416,0.0,2.408
5218938.0,-0.00539133,0.0,1.72
5219016.0,0.00471642,0.0,2.064
5219094.0,0.01335123,0.0,2.064
5219172.0,-0.00970869,0.0,2.064
5219250.0,-0.01778474,0.0,1.72
5219328.0,-0.0140769,0.0,2.064
5219406.0,0.00578318,0.0,2.064
5219484.0,-0.01189276,0.0,2.064
5219562.0,-0.01092775,0.0,2.064
5219641.0,0.01045604,0.0,2.064
5219719.0,-0.00229294,0.0,1.72
5219797.0,0.00232923,0.0,2.064
5219875.0,0.01690671,0.0,2.064
5219953.0,0.00720529,0.0,2.408
5220031.0,0.00090698,0.0,2.064
5220109.0,-0.00884528,0.0,1.72
5220187.0,-0.01732758,0.0,2.064
5220265.0,-0.01316265,0.0,1.72
5220344.0,-0.00015956,0.0,1.376
5220422.0,-0.00650878,0.0,2.064
5220500.0,0.00171963,0.0,2.064
5220578.0,0.0044117,0.0,1.72
5220656.0,0.00116102,0.0,2.408
5220734.0,0.01421472,0.0,1.72
5220812.0,0.00085622,0.0,2.064
5220890.0,0.01802408,0.0,1.72
5220969.0,-0.01661653,0.0,2.064
5221047.0,-0.01072454,0.0,1.72
5221125.0,0.02442399,0.0,2.064
5221203.0,-0.00462944,0.0,1.72
5221281.0,0.0103036,0.0,2.408
5221359.0,0.00461482,0.0,1.72
5221437.0,0.00044989,0.0,2.064
5221515.0,-0.00930229,0.0,1.72
5221594.0,0.01233538,0.0,2.064
5221672.0,-0.01250221,0.0,1.376
5221750.0,0.00781481,0.0,2.064
5221828.0,0.00710376,0.0,1.72
5221906.0,0.00182131,0.0,2.064
5221984.0,0.00964331,0.0,1.72
5222062.0,-0.00696594,0.0,2.064
5222140.0,-0.01433086,0.0,1.032
5222218.0,-0.00341039,0.0,2.064
5222297.0,-0.01646409,0.0,2.064
5222375.0,-0.00528973,0.0,2.064
5222453.0,-0.00381671,0.0,2.064
5222531.0,-0.01443246,0.0,2.064
5222609.0,0.00684972,0.0,2.064
5222687.0,0.01218302,0.0,2.064
5222765.0,-0.01275625,0.0,2.064
5222843.0,-0.00264857,0.0,1.72
5222921.0,-0.01448322,0.0,2.064
5223000.0,0.01294483,0.0,2.064
5223078.0,-0.02291483,0.0,1.72
5223156.0,-0.00610238,0.0,2.064
5223234.0,-0.00010887,0.0,1.72
5223312.0,0.00207519,0.0,2.064
5223390.0,-0.00239454,0.0,1.72
5223468.0,0.0108116,0.0,2.064
5223546.0,-0.0069151,0.0,2.408
5223625.0,0.01843056,0.0,2.064
5223703.0,0.0044117,0.0,3.096
5223781.0,0.00329424,0.0,1.72
5223859.0,-0.00102312,0.0,2.064
5223937.0,-0.01148651,0.0,2.064
5224015.0,0.02223993,0.0,1.72
5224093.0,0.00060225,0.0,2.064
5224171.0,0.01375755,0.0,2.064
5224249.0,-0.04648276,0.0,2.064
5224328.0,0.01558613,0.0,2.064
5224406.0,0.01558613,0.0,2.064
5224484.0,-0.01331501,0.0,2.064
5224562.0,0.02046219,0.0,2.064
5224640.0,0.0067482,0.0,2.064
5224718.0,-0.02702907,0.0,2.408
5224796.0,0.00182131,0.0,2.408
5224874.0,0.01716067,0.0,1.72
5224952.0,0.00288792,0.0,2.064
5225031.0,0.00090698,0.0,2.408
5225109.0,-0.03327662,0.0,2.064
5225187.0,-0.00625474,0.0,3.44
5225265.0,0.01441792,0.0,2.408
5225343.0,0.00070385,0.0,1.72
5225421.0,0.01827812,0.0,2.064
5225499.0,-0.00544209,0.0,2.408
5225577.0,0.00979575,0.0,2.752
5225656.0,-0.01402598,0.0,2.408
5225734.0,0.00669736,0.0,2.064
5225812.0,-0.01082622,0.0,2.408
5225890.0,0.01370679,0.0,1.72
5225968.0,0.00547831,0.0,2.064
5226046.0,0.00116102,0.0,2.408
5226124.0,0.01858285,0.0,2.408
5226202.0,-0.00610238,0.0,2.408
5226280.0,-0.00838812,0.0,2.064
5226359.0,-0.00356275,0.0,2.064
5226437.0,-0.02707991,0.0,2.752
5226515.0,-0.01372126,0.0,2.064
5226593.0,-0.00173425,0.0,2.064
5226671.0,-0.00335955,0.0,2.064
5226749.0,0.01502744,0.0,2.408
5226827.0,-0.00117548,0.0,2.064
5226905.0,0.00166887,0.0,2.064
5226983.0,0.006545,0.0,2.064
5227061.0,-0.00442624,0.0,2.064
5227140.0,-0.0009216,0.0,2.064
5227218.0,-0.0141785,0.0,2.064
5227296.0,-0.01692125,0.0,2.064
5227374.0,-0.01047066,0.0,1.72
5227452.0,-0.00493416,0.0,2.064
5227530.0,-0.00539133,0.0,2.064
5227608.0,-0.01473719,0.0,2.064
5227686.0,-0.00813408,0.0,2.064
5227764.0,-0.01168963,0.0,2.064
5227843.0,0.00105934,0.0,1.72
5227921.0,0.00999888,0.0,2.064
5227999.0,-0.01382293,0.0,1.72
5228077.0,-0.00528973,0.0,2.064
5228155.0,-0.0025469,0.0,1.376
5228233.0,0.00517358,0.0,2.064
5228311.0,-0.00782935,0.0,2.064
5228390.0,-0.00219134,0.0,2.064
5228468.0,-0.00615322,0.0,2.064
5228546.0,0.00329424,0.0,2.064
5228624.0,0.00944019,0.0,2.064
5228702.0,0.00959255,0.0,2.064
5228780.0,-0.00462944,0.0,1.72
5228858.0,0.00898303,0.0,2.064
5228936.0,-0.02525126,0.0,1.72
5229014.0,-0.00772783,0.0,1.72
5229093.0,0.00573235,0.0,2.064
5229171.0,-0.00894688,0.0,2.064
5229249.0,0.02234153,0.0,2.064
5229327.0,-0.00615322,0.0,2.064
5229405.0,-0.0051882,0.0,1.72
5229483.0,-0.0043754,0.0,2.064
5229561.0,0.0132497,0.0,2.064
5229639.0,-0.00975953,0.0,2.064
5229717.0,0.00593547,0.0,2.064
5229796.0,0.00095774,0.0,2.064
5229874.0,0.02676057,0.0,2.064
5229952.0,0.01863368,0.0,2.064
5230030.0,0.00491962,0.0,2.064
5230108.0,-0.00300414,0.0,1.72
5230186.0,-0.00401991,0.0,2.064
5230264.0,0.00446253,0.0,2.064
5230342.0,-0.00356275,0.0,2.408
5230420.0,-0.00539133,0.0,2.064
5230499.0,0.00491962,0.0,1.72
5230577.0,-0.00462944,0.0,2.064
5230655.0,-0.00899757,0.0,2.064
5230733.0,-0.00234385,0.0,1.72
5230811.0,-0.00142952,0.0,2.064
5230889.0,-0.00803255,0.0,1.72
5230967.0,0.00766237,0.0,2.064
5231045.0,-0.000312,0.0,2.064
5231124.0,0.00050073,0.0,2.064
5231202.0,-0.00071832,0.0,2.064
5231280.0,-0.00208981,0.0,2.064
5231358.0,0.01487501,0.0,1.72
5231436.0,0.00608791,0.0,2.064
5231514.0,-0.00803255,0.0,2.408
5231592.0,-0.02189898,0.0,2.408
5231670.0,-0.01290868,0.0,2.064
5231749.0,0.00933851,0.0,2.064
5231827.0,0.01004971,0.0,2.064
5231905.0,0.01731311,0.0,2.064
5231983.0,-0.01057218,0.0,2.064
5232061.0,0.00740849,0.0,2.064
5232139.0,-0.01763238,0.0,1.72
5232217.0,-0.00915001,0.0,2.408
5232295.0,0.0061386,0.0,2.064
5232373.0,0.01360512,0.0,2.064
5232452.0,-0.0005152,0.0,2.408
5232530.0,0.00293868,0.0,2.064
5232608.0,-0.0117404,0.0,2.064
5232686.0,0.00649416,0.0,2.064
5232764.0,-0.01235,0.0,2.408
5232842.0,0.01548446,0.0,2.064
5232920.0,0.00359897,0.0,2.064
5232998.0,-0.0162102,0.0,2.064
5233076.0,-0.01443246,0.0,2.408
5233154.0,-0.00234385,0.0,2.064
5233233.0,0.00288792,0.0,1.72
5233311.0,-0.01666729,0.0,1.72
5233389.0,-0.01041982,0.0,2.752
5233467.0,0.01004971,0.0,2.064
5233545.0,-0.00630558,0.0,2.064
5233623.0,-0.00955633,0.0,2.408
5233701.0,0.01396068,0.0,2.064
5233779.0,-0.01245152,0.0,2.064
5233858.0,-0.00173425,0.0,2.408
5233936.0,-0.0253021,0.0,2.408
5234014.0,-0.01372126,0.0,2.064
5234092.0,-0.00473096,0.0,2.064
5234170.0,-0.00422319,0.0,2.064
5234248.0,0.03651268,0.0,2.064
5234326.0,-0.00686434,0.0,1.72
5234404.0,0.00248159,0.0,2.408
5234482.0,-0.00462944,0.0,2.064
5234561.0,0.00309104,0.0,2.064
5234639.0,0.01213218,0.0,2.408
5234717.0,-0.00945481,0.0,1.72
5234795.0,-0.00320719,0.0,2.064
5234873.0,-0.00615322,0.0,2.064
5234951.0,-0.00854048,0.0,1.72
5235029.0,-0.01179123,0.0,2.064
5235107.0,0.00029745,0.0,1.72
5235186.0,-0.00808332,0.0,2.064
5235264.0,-0.00066756,0.0,2.064
5235342.0,9.425e-05,0.0,1.72
5235420.0,-0.0005152,0.0,2.064
5235498.0,0.0083735,0.0,2.064
5235576.0,-0.00269926,0.0,2.064
5235654.0,0.00095774,0.0,2.064
5235732.0,-0.00087076,0.0,1.72
5235810.0,0.00065302,0.0,2.064
5235888.0,0.00603707,0.0,2.064
5235967.0,0.0041069,0.0,2.064
5236045.0,-0.0141785,0.0,1.72
5236123.0,-0.0051882,0.0,1.72
5236201.0,-0.01189276,0.0,1.376
5236279.0,-0.01240068,0.0,2.064
5236357.0,0.01162425,0.0,1.376
5236435.0,0.00425926,0.0,2.064
5236513.0,-0.00534049,0.0,1.72
5236591.0,0.00029745,0.0,1.72
5236670.0,0.0067482,0.0,1.72
5236748.0,0.00339584,0.0,2.064
5236826.0,-0.02575918,0.0,1.72
5236904.0,-0.00087076,0.0,2.064
5236982.0,-7.27e-06,0.0,2.408
5237060.0,0.00187207,0.0,2.064
5237138.0,0.00217679,0.0,2.064
5237217.0,-0.00234385,0.0,2.064
5237295.0,0.00766237,0.0,2.064
5237373.0,0.01345283,0.0,2.064
5237451.0,-0.0051882,0.0,2.064
5237529.0,-0.004985,0.0,1.72
5237607.0,0.00243076,0.0,2.064
5237685.0,-0.01026746,0.0,2.752
5237763.0,-0.00249614,0.0,2.064
5237841.0,0.01147189,0.0,2.064
5237920.0,0.00456413,0.0,1.72
5237998.0,-0.00203897,0.0,2.064
5238076.0,0.01639878,0.0,2.064
5238154.0,-0.01483879,0.0,2.064
5238232.0,-0.004985,0.0,2.064
5238310.0,-0.00335955,0.0,2.064
5238388.0,0.01203065,0.0,2.408
5238466.0,0.02787794,0.0,2.064
5238544.0,-0.02677511,0.0,2.064
5238623.0,0.00588471,0.0,1.376
5238701.0,0.0067482,0.0,2.064
5238779.0,-0.01504199,0.0,1.72
5238857.0,-0.00188661,0.0,2.064
5238935.0,0.0069514,0.0,2.408
5239013.0,-0.00193737,0.0,1.72
5239091.0,-0.00650878,0.0,2.408
5239169.0,-0.00727059,0.0,1.376
5239247.0,-0.01367057,0.0,2.064
5239326.0,-0.00168349,0.0,1.72
5239404.0,0.00166887,0.0,2.064
5239482.0,0.00994811,0.0,2.408
5239560.0,-0.00198821,0.0,2.064
5239638.0,-0.00036283,0.0,2.064
5239716.0,0.00182131,0.0,2.064
5239794.0,0.00720529,0.0,2.408
5239872.0,-0.0205784,0.0,2.064
5239951.0,-0.00305482,0.0,2.064
5240029.0,-0.00859132,0.0,2.408
5240107.0,-0.00422319,0.0,2.064
5240185.0,-0.00046443,0.0,1.72
5240263.0,0.00598623,0.0,2.064
5240341.0,-0.00513736,0.0,2.064
5240419.0,0.00466566,0.0,1.72
5240497.0,0.01538293,0.0,2.064
5240576.0,-0.01204512,0.0,2.752
5240654.0,-0.01021662,0.0,2.064
5240732.0,-0.01367057,0.0,2.064
5240810.0,-0.00036283,0.0,2.064
5240888.0,-0.01285785,0.0,2.408
5240966.0,0.00364981,0.0,2.064
5241044.0,-0.00534049,0.0,1.72
5241122.0,0.00105934,0.0,2.064
5241200.0,0.00583387,0.0,2.064
5241278.0,-0.01067378,0.0,2.064
5241357.0,0.00705292,0.0,2.064
5241435.0,0.00304028,0.0,2.064
5241513.0,-0.01026746,0.0,1.72
5241591.0,-0.00767699,0.0,2.064
5241669.0,-0.00361359,0.0,2.408
5241747.0,-0.01671812,0.0,2.408
5241825.0,0.00253236,0.0,2.064
5241903.0,-0.00930229,0.0,2.408
5241981.0,0.00044989,0.0,1.72
5242060.0,0.01528133,0.0,2.408
5242138.0,-0.01301028,0.0,1.72
5242216.0,-0.00803255,0.0,2.064
5242294.0,-0.00330886,0.0,2.064
5242372.0,-0.00412144,0.0,2.064
5242450.0,0.00893226,0.0,2.064
5242528.0,0.01685595,0.0,1.72
5242606.0,0.01964961,0.0,2.064
5242684.0,-0.00600078,0.0,2.064
5242763.0,0.00542762,0.0,2.064
5242841.0,-0.00168349,0.0,2.408
5242919.0,-0.01062294,0.0,2.064
5242997.0,0.01406236,0.0,2.064
5243075.0,0.00349737,0.0,2.064
5243153.0,0.00192283,0.0,1.72
5243231.0,-0.00970869,0.0,2.064
5243310.0,0.0083735,0.0,2.064
5243388.0,0.00715445,0.0,2.064
5243466.0,0.0043101,0.0,1.72
5243544.0,-0.00620405,0.0,1.72
5243622.0,0.0062402,0.0,2.064
5243700.0,-0.01453406,0.0,2.064
5243778.0,-0.00711823,0.0,2.064
5243856.0,0.00720529,0.0,2.064
5243934.0,-0.00173425,0.0,1.72
5244012.0,-0.00930229,0.0,1.72
5244091.0,-0.00737227,0.0,1.72
5244169.0,-0.01184192,0.0,1.72
5244247.0,-0.00127709,0.0,1.72
5244325.0,-0.02032437,0.0,2.408
5244403.0,0.00232923,0.0,2.064
5244481.0,0.01294483,0.0,2.064
5244559.0,0.00334508,0.0,1.376
5244637.0,-0.0140769,0.0,2.064
5244715.0,0.00888142,0.0,2.064
5244794.0,-0.00544209,0.0,2.064
5244872.0,-0.00280086,0.0,2.752
5244950.0,-0.00544209,0.0,2.064
5245028.0,-0.00737227,0.0,2.064
5245106.0,0.00994811,0.0,2.064
5245184.0,0.00898303,0.0,2.064
5245262.0,-0.00127709,0.0,1.72
5245340.0,0.00354828,0.0,2.064
5245419.0,-0.00595001,0.0,2.752
5245497.0,-0.00742295,0.0,2.064
5245575.0,-0.00346115,0.0,2.064
5245653.0,0.01472264,0.0,2.408
5245731.0,0.01782096,0.0,2.064
5245809.0,0.00090698,0.0,1.72
5245887.0,-0.03129568,0.0,2.064
5245965.0,-0.01158803,0.0,1.72
5246043.0,0.0198019,0.0,2.064
5246122.0,-0.01260388,0.0,2.064
5246200.0,-0.0011248,0.0,2.064
5246278.0,-0.00148021,0.0,2.064
5246356.0,-0.00127709,0.0,1.376
5246434.0,0.00984659,0.0,2.064
5246512.0,-0.00158189,0.0,2.064
5246590.0,0.00177047,0.0,2.064
5246668.0,-0.00676267,0.0,2.064
5246747.0,-5.803e-05,0.0,2.064
5246825.0,0.01665274,0.0,2.064
5246903.0,-0.02342276,0.0,1.72
5246981.0,0.00364981,0.0,2.064
5247059.0,-0.0027501,0.0,2.064
5247137.0,-0.00188661,0.0,2.064
5247215.0,-0.00727059,0.0,2.064
5247293.0,0.0349889,0.0,2.064
5247371.0,0.00222763,0.0,2.064
5247450.0,-0.01722605,0.0,1.72
5247528.0,-0.0011248,0.0,2.064
5247606.0,-0.02067993,0.0,1.72
5247684.0,-0.01031814,0.0,1.72
5247762.0,-0.00808332,0.0,1.72
5247840.0,-0.00280086,0.0,2.064
5247918.0,-0.00386755,0.0,2.064
5247996.0,-0.0205784,0.0,2.064
5248074.0,0.01258934,0.0,2.064
5248153.0,-0.01021662,0.0,1.376
5248231.0,-0.00320719,0.0,2.408
5248309.0,-0.00346115,0.0,2.064
5248387.0,0.00862754,0.0,2.064
5248465.0,-0.00503576,0.0,2.064
5248543.0,0.0090847,0.0,2.752
5248621.0,0.00903379,0.0,2.064
5248699.0,-0.00295322,0.0,2.408
5248777.0,-0.0025469,0.0,1.72
5248856.0,0.00999888,0.0,1.72
5248934.0,-0.01712438,0.0,2.064
5249012.0,-0.01727681,0.0,2.064
5249090.0,-0.0140769,0.0,2.064
5249168.0,0.01553529,0.0,2.064
5249246.0,-0.0163118,0.0,2.064
5249324.0,0.0130465,0.0,2.064
5249403.0,-0.01133407,0.0,2.064
5249481.0,-0.01514351,0.0,2.408
5249559.0,-0.00635642,0.0,2.064
5249637.0,0.0014149,0.0,2.064
5249715.0,0.01035451,0.0,2.064
5249793.0,0.01045604,0.0,2.064
5249871.0,-0.00793103,0.0,2.064
5249949.0,-0.00854048,0.0,2.064
5250027.0,-0.01463559,0.0,1.376
5250106.0,-0.01839434,0.0,2.752
5250184.0,0.00075462,0.0,2.064
5250262.0,-0.02408304,0.0,2.064
5250340.0,-0.00635642,0.0,2.064
5250418.0,0.01147189,0.0,2.064
5250496.0,0.01208134,0.0,2.064
5250574.0,0.00212603,0.0,2.064
5250652.0,0.00405613,0.0,2.408
5250730.0,-0.00620405,0.0,2.064
5250809.0,-0.00224217,0.0,2.064
5250887.0,0.00456413,0.0,2.064
5250965.0,-0.00666114,0.0,2.752
5251043.0,-0.00102312,0.0,2.064
5251121.0,0.00014517,0.0,2.064
5251199.0,0.01482417,0.0,1.376
5251277.0,-0.00188661,0.0,1.72
5251355.0,-0.01306097,0.0,2.752
5251433.0,0.00471642,0.0,2.064
5251511.0,-0.02321956,0.0,1.72
5251590.0,0.01289414,0.0,2.064
5251668.0,-0.00925161,0.0,1.72
5251746.0,0.00324356,0.0,1.376
5251824.0,0.00705292,0.0,1.376
5251902.0,-0.00747379,0.0,2.064
5251980.0,-0.00264857,0.0,1.72
5252058.0,0.00578318,0.0,2.752
5252136.0,-0.01331501,0.0,2.064
5252215.0,0.00552915,0.0,2.064
5252293.0,-0.00981037,0.0,1.72
5252371.0,0.02071615,0.0,1.72
5252449.0,0.00385301,0.0,1.376
5252527.0,0.00187207,0.0,2.064
5252605.0,-0.01077538,0.0,2.064
5252683.0,0.00547831,0.0,2.064
5252761.0,-0.0291623,0.0,2.064
5252840.0,0.00283708,0.0,2.064
5252918.0,0.00334508,0.0,2.064
5252996.0,-0.00747379,0.0,1.376
5253074.0,0.0110148,0.0,1.72
5253152.0,0.00298952,0.0,2.064
5253230.0,-0.00046443,0.0,1.376
5253308.0,-0.00879437,0.0,2.408
5253386.0,-0.0087436,0.0,1.376
5253464.0,0.0044117,0.0,2.064
5253543.0,0.00872906,0.0,1.72
5253621.0,-0.00361359,0.0,2.408
5253699.0,0.00182131,0.0,2.064
5253777.0,-0.00351199,0.0,2.064
5253855.0,0.00705292,0.0,2.064
5253933.0,-0.01473719,0.0,2.064
5254011.0,-0.00244537,0.0,2.064
5254089.0,-0.01651493,0.0,1.72
5254167.0,-0.01910539,0.0,1.72
5254245.0,0.00288792,0.0,1.376
5254324.0,-0.00798172,0.0,2.064
5254402.0,-0.0180387,0.0,3.096
5254480.0,-0.00838812,0.0,2.408
5254558.0,0.01517973,0.0,2.064
5254636.0,0.00192283,0.0,2.064
5254714.0,0.00415773,0.0,2.064
5254792.0,0.00258319,0.0,1.376
5254870.0,0.00116102,0.0,2.064
5254948.0,-0.00244537,0.0,2.064
5255027.0,0.0013133,0.0,2.064
5255105.0,0.00014517,0.0,2.064
5255183.0,-0.00010887,0.0,2.064
5255261.0,0.0067482,0.0,2.064
5255339.0,-0.0051882,0.0,2.064
5255417.0,0.03051925,0.0,2.064
5255495.0,-0.01006426,0.0,2.064
5255573.0,-0.02900994,0.0,2.064
5255652.0,0.00507206,0.0,2.752
5255730.0,0.00390385,0.0,2.064
5255808.0,0.00629103,0.0,2.064
5255886.0,-0.01758161,0.0,2.064
5255964.0,0.0014149,0.0,2.408
5256042.0,-0.00346115,0.0,2.408
5256120.0,0.03189051,0.0,2.064
5256199.0,0.00060225,0.0,2.064
5256277.0,0.00944019,0.0,2.064
5256355.0,0.00425926,0.0,2.408
5256433.0,-0.00610238,0.0,2.064
5256511.0,0.01538293,0.0,2.064
5256589.0,-0.02200058,0.0,1.376
5256667.0,-0.00666114,0.0,2.064
5256745.0,-0.00828659,0.0,2.064
5256823.0,-0.00549293,0.0,1.72
5256902.0,0.00339584,0.0,2.064
5256980.0,-0.01199443,0.0,2.064
5257058.0,0.00806877,0.0,2.064
5257136.0,-0.0141785,0.0,1.72
5257214.0,-0.00163265,0.0,1.72
5257292.0,-0.00452791,0.0,2.064
5257370.0,0.0041069,0.0,2.408
5257448.0,0.0043101,0.0,2.064
5257526.0,0.006545,0.0,2.408
5257605.0,0.00237992,0.0,2.408
5257683.0,-0.01717529,0.0,2.752
5257761.0,-0.00158189,0.0,2.064
5257839.0,-0.00203897,0.0,2.064
5257917.0,0.01355443,0.0,1.72
5257995.0,-0.02088313,0.0,2.064
5258073.0,-0.00280086,0.0,2.064
5258151.0,-0.00142952,0.0,2.408
5258229.0,-0.01184192,0.0,2.064
5258308.0,0.00639263,0.0,2.752
5258386.0,0.00994811,0.0,1.376
5258464.0,-0.01534671,0.0,2.064
5258542.0,-0.01524504,0.0,2.408
5258620.0,0.00842434,0.0,2.064
5258698.0,-0.01001342,0.0,2.064
5258776.0,-0.01346745,0.0,2.408
5258854.0,0.00151651,0.0,1.72
5258932.0,-0.00945481,0.0,2.064
5259011.0,0.02340814,0.0,2.064
5259089.0,0.00522442,0.0,1.376
5259167.0,0.00085622,0.0,2.408
5259245.0,-0.01138483,0.0,2.408
5259323.0,-0.00280086,0.0,1.72
5259401.0,0.00796725,0.0,1.72
5259479.0,0.0044117,0.0,2.064
5259557.0,0.00055142,0.0,1.72
5259636.0,-0.0043754,0.0,1.72
5259714.0,-0.00269926,0.0,2.064
5259792.0,0.00552915,0.0,1.72
5259870.0,-0.00762623,0.0,2.064
5259948.0,0.0174654,0.0,2.064
5260026.0,-0.00132792,0.0,2.064
5260104.0,-0.00376595,0.0,1.72
5260182.0,-0.03129568,0.0,2.064
5260260.0,0.00177047,0.0,2.064
5260339.0,-0.01113094,0.0,2.408
5260417.0,-0.01549907,0.0,2.408
5260495.0,-0.01727681,0.0,2.064
5260573.0,-0.0164134,0.0,2.064
5260651.0,-0.0163118,0.0,1.72
5260729.0,-0.0182419,0.0,2.064
5260807.0,0.00039898,0.0,1.72
5260885.0,0.01086229,0.0,1.376
5260963.0,-0.00483264,0.0,2.064
5261042.0,-0.00224217,0.0,2.064
5261120.0,-0.01473719,0.0,2.064
5261198.0,0.01934474,0.0,2.064
5261276.0,-0.00224217,0.0,1.376
5261354.0,0.02142727,0.0,2.064
5261432.0,-0.00407068,0.0,1.72
5261510.0,0.00273548,0.0,2.064
5261588.0,-0.0139753,0.0,2.064
5261666.0,-0.00777852,0.0,2.064
5261745.0,-0.00432471,0.0,2.064
5261823.0,-0.01697209,0.0,2.064
5261901.0,-0.01295945,0.0,2.064
5261979.0,-0.00965786,0.0,2.064
5262057.0,0.02523679,0.0,2.064
5262135.0,0.00862754,0.0,2.064
5262213.0,0.00197359,0.0,2.064
5262291.0,0.00425926,0.0,2.064
5262369.0,0.00100858,0.0,2.064
5262448.0,0.00827197,0.0,1.72
5262526.0,-0.00280086,0.0,2.064
5262604.0,-0.00259766,0.0,2.064
5262682.0,-0.00341039,0.0,2.064
5262760.0,-0.00676267,0.0,2.064
5262838.0,0.01924313,0.0,2.408
5262916.0,0.00405613,0.0,2.064
5262994.0,0.03361756,0.0,2.408
5263073.0,-0.00483264,0.0,2.064
5263151.0,0.00192283,0.0,2.064
5263229.0,-0.01052134,0.0,2.064
5263307.0,0.01909085,0.0,2.064
5263385.0,-0.00127709,0.0,2.064
5263463.0,0.01457028,0.0,2.064
5263541.0,-0.01524504,0.0,2.408
5263619.0,-0.01443246,0.0,2.064
5263698.0,0.0012117,0.0,2.064
5263776.0,0.00832266,0.0,2.408
5263854.0,-0.01128323,0.0,2.064
5263932.0,-0.01951172,0.0,1.376
5264010.0,0.00014517,0.0,2.064
5264088.0,0.00700209,0.0,2.408
5264166.0,-0.00046443,0.0,2.064
5264244.0,-0.01468642,0.0,2.064
5264322.0,-0.02591155,0.0,2.064
5264400.0,-0.00752463,0.0,2.064
5264479.0,0.00796725,0.0,1.72
5264557.0,-0.01483879,0.0,2.064
5264635.0,0.00959255,0.0,1.72
5264713.0,-0.00711823,0.0,2.064
5264791.0,-0.00290246,0.0,2.064
5264869.0,0.00690049,0.0,2.064
5264947.0,0.00801794,0.0,2.408
5265025.0,0.00710376,0.0,1.72
5265104.0,0.00481802,0.0,2.408
5265182.0,0.01446868,0.0,2.064
5265260.0,-0.0121468,0.0,2.064
5265338.0,-0.00325795,0.0,2.408
5265416.0,-0.00523889,0.0,2.408
5265494.0,0.0108116,0.0,2.064
5265572.0,-0.00097236,0.0,2.408
5265650.0,-0.00645794,0.0,2.064
5265728.0,-0.004985,0.0,1.72
5265807.0,-0.00848964,0.0,2.064
5265885.0,-0.00859132,0.0,3.096
5265963.0,0.00735765,0.0,1.72
5266041.0,0.00039898,0.0,2.064
5266119.0,-0.00686434,0.0,2.408
5266197.0,-0.00970869,0.0,2.064
5266275.0,-0.0009216,0.0,1.376
5266353.0,-0.01930851,0.0,2.064
5266432.0,-0.00478173,0.0,2.064
5266510.0,-0.00442624,0.0,2.064
5266588.0,0.00197359,0.0,2.408
5266666.0,9.425e-05,0.0,2.064
5266744.0,-0.00442624,0.0,2.064
5266822.0,-0.01138483,0.0,2.064
5266900.0,-0.0119436,0.0,2.408
5266978.0,0.00380217,0.0,2.064
5267056.0,0.00507206,0.0,2.408
5267135.0,-0.01199443,0.0,2.752
5267213.0,0.00537671,0.0,1.72
5267291.0,0.00720529,0.0,2.408
5267369.0,0.00552915,0.0,2.064
5267447.0,-0.00036283,0.0,2.064
5267525.0,0.00253236,0.0,2.064
5267603.0,-0.01133407,0.0,2.408
5267681.0,-0.00335955,0.0,2.064
5267759.0,0.01873528,0.0,2.064
5267838.0,-0.00539133,0.0,2.064
5267916.0,0.00456413,0.0,2.408
5267994.0,-0.02784172,0.0,2.064
5268072.0,-0.0004136,0.0,1.72
5268150.0,-0.01250221,0.0,2.064
5268228.0,0.01741471,0.0,2.064
5268306.0,-0.01163887,0.0,2.408
5268384.0,-0.01504199,0.0,2.064
5268462.0,-0.00076916,0.0,2.064
5268541.0,0.01147189,0.0,1.376
5268619.0,-0.00158189,0.0,2.064
5268697.0,0.00354828,0.0,1.72
5268775.0,0.00588471,0.0,2.064
5268853.0,0.00232923,0.0,2.064
5268931.0,-0.00407068,0.0,2.752
5269009.0,0.00639263,0.0,2.064
5269087.0,-0.00981037,0.0,2.064
5269166.0,0.00111018,0.0,2.064
5269244.0,0.00248159,0.0,1.72
5269322.0,-0.00346115,0.0,1.72
5269400.0,0.01121785,0.0,2.064
5269478.0,0.00380217,0.0,1.72
5269556.0,-0.02591155,0.0,2.064
5269634.0,-0.00203897,0.0,2.064
5269712.0,-0.00137861,0.0,2.064
5269790.0,-0.00386755,0.0,2.064
5269869.0,-0.02616558,0.0,2.064
5269947.0,0.02264625,0.0,2.064
5270025.0,-0.01047066,0.0,2.064
5270103.0,0.00116102,0.0,2.064
5270181.0,0.00801794,0.0,2.408
5270259.0,-0.00970869,0.0,2.064
5270337.0,-0.01290868,0.0,2.064
5270415.0,0.02645584,0.0,2.064
5270493.0,0.00029745,0.0,2.064
5270572.0,0.00481802,0.0,2.064
5270650.0,0.02447483,0.0,2.064
5270728.0,0.00456413,0.0,3.096
5270806.0,0.00578318,0.0,2.064
5270884.0,0.00100858,0.0,2.064
5270962.0,-0.01036906,0.0,2.064
5271040.0,-7.27e-06,0.0,2.064
5271118.0,-0.00721983,0.0,1.72
5271196.0,-0.00021047,0.0,2.064
5271275.0,-0.00193737,0.0,2.064
5271353.0,0.0091863,0.0,2.064
5271431.0,0.0106084,0.0,2.064
5271509.0,0.01594169,0.0,2.064
5271587.0,0.00862754,0.0,2.064
5271665.0,0.00705292,0.0,1.376
5271743.0,-0.00930229,0.0,2.064
5271821.0,-0.00148021,0.0,2.064
5271900.0,-0.0139753,0.0,2.064
5271978.0,-0.00620405,0.0,2.408
5272056.0,0.00456413,0.0,2.064
5272134.0,-0.01240068,0.0,2.064
5272212.0,-0.00412144,0.0,2.408
5272290.0,0.00527511,0.0,2.064
5272368.0,-0.01189276,0.0,1.72
5272446.0,-0.00158189,0.0,2.064
5272525.0,0.00913546,0.0,2.064
5272603.0,-0.00305482,0.0,2.408
5272681.0,0.00684972,0.0,2.064
5272759.0,-0.0027501,0.0,2.064
5272837.0,-0.01392446,0.0,2.408
5272915.0,-0.0068135,0.0,1.72
5272993.0,0.00385301,0.0,2.064
5273071.0,0.00547831,0.0,2.064
5273149.0,0.00608791,0.0,2.408
5273228.0,-0.00056603,0.0,2.408
5273306.0,-0.00427388,0.0,2.408
5273384.0,-0.01138483,0.0,2.064
5273462.0,-0.01245152,0.0,2.752
5273540.0,0.00761169,0.0,2.064
5273618.0,-0.0163118,0.0,1.72
5273696.0,-0.00782935,0.0,2.064
5273774.0,-0.00996258,0.0,3.096
5273852.0,0.00989728,0.0,1.72
5273930.0,-0.00600078,0.0,2.064
5274009.0,0.02371302,0.0,2.064
5274087.0,-0.00280086,0.0,1.72
5274165.0,-0.00950557,0.0,1.72
5274243.0,0.01248782,0.0,2.064
5274321.0,-0.01976568,0.0,1.72
5274399.0,0.01319887,0.0,2.064
5274477.0,-0.01082622,0.0,2.408
5274555.0,-0.00071832,0.0,1.72
5274634.0,-0.00244537,0.0,2.064
5274712.0,0.01213218,0.0,2.064
5274790.0,-0.0122484,0.0,2.064
5274868.0,-0.00264857,0.0,2.064
5274946.0,0.00954171,0.0,2.064
5275024.0,0.00156727,0.0,1.72
5275102.0,0.00684972,0.0,2.064
5275180.0,0.01355443,0.0,1.72
5275259.0,0.00177047,0.0,1.72
5275337.0,0.00187207,0.0,2.064
5275415.0,-0.00508653,0.0,2.064
5275493.0,-0.02779089,0.0,2.408
5275571.0,0.01010048,0.0,2.752
5275649.0,-0.00727059,0.0,1.72
5275727.0,-0.01514351,0.0,2.408
5275805.0,-0.00244537,0.0,2.064
5275883.0,0.0221384,0.0,2.064
5275962.0,-0.00122632,0.0,1.032
5276040.0,-0.0070167,0.0,2.752
5276118.0,-0.00818492,0.0,2.064
5276196.0,-0.020172,0.0,2.752
5276274.0,0.0061386,0.0,2.064
5276352.0,-0.01615936,0.0,2.064
5276430.0,0.00969408,0.0,1.72
5276508.0,-0.00640725,0.0,2.064
5276586.0,-0.01021662,0.0,2.064
5276665.0,-0.01951172,0.0,2.064
5276743.0,0.02244313,0.0,1.72
5276821.0,0.00304028,0.0,2.408
5276899.0,-0.00615322,0.0,2.064
5276977.0,-0.00107388,0.0,2.064
5277055.0,-0.00132792,0.0,1.72
5277133.0,-0.00178509,0.0,2.064
5277211.0,-0.01052134,0.0,1.72
5277289.0,-0.004985,0.0,1.72
5277368.0,0.03376992,0.0,2.064
5277446.0,0.01025284,0.0,2.064
5277524.0,-0.00833728,0.0,2.064
5277602.0,0.01995434,0.0,2.064
5277680.0,-0.00777852,0.0,2.064
5277758.0,-0.01702285,0.0,1.72
5277836.0,-0.00158189,0.0,2.064
5277914.0,-0.00346115,0.0,2.064
5277993.0,0.00964331,0.0,2.064
5278071.0,-0.00696594,0.0,2.064
5278149.0,-5.803e-05,0.0,2.064
5278227.0,-0.00396915,0.0,2.064
5278305.0,-0.01392446,0.0,2.064
5278383.0,0.00913546,0.0,2.064
5278461.0,0.01721151,0.0,2.064
5278539.0,0.02249396,0.0,2.064
5278618.0,0.02132567,0.0,2.752
5278696.0,0.00222763,0.0,2.064
5278774.0,-0.00788012,0.0,2.064
5278852.0,0.00197359,0.0,2.064
5278930.0,0.00055142,0.0,2.064
5279008.0,-0.01052134,0.0,1.376
5279086.0,0.00293868,0.0,2.064
5279164.0,-0.01346745,0.0,1.72
5279242.0,-0.02342276,0.0,2.064
5279320.0,-0.0043754,0.0,2.408
5279399.0,0.00111018,0.0,2.064
5279477.0,-0.00071832,0.0,2.064
5279555.0,-0.01793718,0.0,2.064
5279633.0,-0.00015956,0.0,2.064
5279711.0,0.00456413,0.0,2.064
5279789.0,-0.00097236,0.0,2.064
5279867.0,-0.00122632,0.0,2.752
5279945.0,0.00420857,0.0,2.064
5280023.0,0.00883074,0.0,1.72
5280102.0,0.00263396,0.0,2.064
5280180.0,-0.0004136,0.0,1.72
5280258.0,0.00578318,0.0,2.408
5280336.0,-0.01143567,0.0,2.064
5280414.0,-0.0162102,0.0,2.408
5280492.0,0.02945256,0.0,2.064
5280570.0,0.00060225,0.0,2.408
5280648.0,0.01319887,0.0,2.064
5280726.0,0.00761169,0.0,2.064
5280805.0,-0.0009216,0.0,2.064
5280883.0,-0.00899757,0.0,2.752
5280961.0,0.00111018,0.0,2.064
5281039.0,-0.01138483,0.0,2.408
5281117.0,-0.01392446,0.0,2.064
5281195.0,-0.00721983,0.0,2.408
5281273.0,-0.00280086,0.0,2.064
5281351.0,-0.01372126,0.0,2.408
5281430.0,0.00126254,0.0,2.064
5281508.0,0.01177661,0.0,2.064
5281586.0,-0.01793718,0.0,2.752
5281664.0,-0.01605784,0.0,3.096
5281742.0,0.00359897,0.0,2.064
5281820.0,-0.00015956,0.0,2.064
5281898.0,-0.000312,0.0,2.408
5281976.0,-0.01082622,0.0,2.064
5282055.0,0.01121785,0.0,1.72
5282133.0,-0.01133407,0.0,2.064
5282211.0,-0.00889604,0.0,2.408
5282289.0,0.00044989,0.0,2.064
5282367.0,-0.02982266,0.0,2.064
5282445.0,-0.02098466,0.0,2.064
5282523.0,-0.00346115,0.0,2.064
5282601.0,-0.01087691,0.0,1.72
5282679.0,-0.01204512,0.0,2.064
5282758.0,0.00852594,0.0,2.064
5282836.0,-0.00569605,0.0,2.408
5282914.0,-0.01052134,0.0,2.064
5282992.0,0.0087799,0.0,2.064
5283070.0,-0.01935935,0.0,2.064
5283148.0,-0.01163887,0.0,2.064
5283226.0,-0.01295945,0.0,1.72
5283304.0,0.00705292,0.0,2.408
5283382.0,0.00974499,0.0,2.064
5283461.0,-0.01204512,0.0,2.752
5283539.0,-0.00107388,0.0,2.408
5283617.0,0.01208134,0.0,1.72
5283695.0,-0.0084388,0.0,2.064
5283773.0,0.0124369,0.0,2.408
5283851.0,-0.00650878,0.0,1.72
5283929.0,0.00796725,0.0,2.064
5284007.0,-0.0115372,0.0,1.72
5284085.0,-0.00579765,0.0,2.752
5284164.0,0.00212603,0.0,2.064
5284242.0,-0.01321341,0.0,2.064
5284320.0,-0.01727681,0.0,2.064
5284398.0,0.00557991,0.0,2.064
5284476.0,0.00304028,0.0,1.72
5284554.0,-0.00788012,0.0,2.064
5284632.0,-0.00249614,0.0,2.064
5284710.0,0.00456413,0.0,2.752
5284789.0,0.0091863,0.0,2.064
5284867.0,0.02168124,0.0,1.72
5284945.0,-0.01499122,0.0,1.376
5285023.0,-0.00935313,0.0,2.064
5285101.0,-0.00193737,0.0,2.064
5285179.0,-0.00833728,0.0,2.064
5285257.0,-0.00727059,0.0,2.752
5285335.0,-0.00798172,0.0,2.064
5285414.0,-0.00021047,0.0,2.064
5285492.0,0.01111633,0.0,2.064
5285570.0,-0.00859132,0.0,2.064
5285648.0,0.01543377,0.0,2.064
5285726.0,-0.00325795,0.0,2.064
5285804.0,0.00070385,0.0,2.408
5285882.0,0.00639263,0.0,2.064
5285960.0,-0.01143567,0.0,2.064
5286038.0,-0.00021047,0.0,2.064
5286117.0,-0.00351199,0.0,2.064
5286195.0,-0.00137861,0.0,1.72
5286273.0,-0.01199443,0.0,2.064
5286351.0,0.01375755,0.0,2.408
5286429.0,-0.00290246,0.0,2.064
5286507.0,0.00248159,0.0,2.064
5286585.0,-0.00945481,0.0,2.064
5286663.0,-0.02332123,0.0,2.064
5286741.0,-0.00417228,0.0,2.064
5286820.0,-0.00752463,0.0,2.064
5286898.0,-0.01773398,0.0,2.064
5286976.0,0.00029745,0.0,2.064
5287054.0,0.01385915,0.0,2.064
5287132.0,0.00187207,0.0,2.064
5287210.0,-0.01433086,0.0,2.064
5287288.0,-0.0069151,0.0,2.408
5287366.0,-0.00610238,0.0,2.064
5287444.0,-0.02012124,0.0,2.064
5287523.0,0.01385915,0.0,1.72
5287601.0,0.02015746,0.0,2.064
5287679.0,0.01690671,0.0,2.064
5287757.0,-0.00544209,0.0,2.064
5287835.0,0.00847518,0.0,2.064
5287913.0,-0.01163887,0.0,2.064
5287991.0,-0.01184192,0.0,2.064
5288069.0,-0.00940389,0.0,2.064
5288147.0,-0.0069151,0.0,1.72
5288225.0,-0.00483264,0.0,2.064
5288304.0,-0.02200058,0.0,2.064
5288382.0,0.00177047,0.0,1.72
5288460.0,-0.00508653,0.0,2.064
5288538.0,0.00527511,0.0,2.064
5288616.0,0.00761169,0.0,2.064
5288694.0,0.00029745,0.0,2.064
5288772.0,-0.01773398,0.0,2.064
5288851.0,0.03107793,0.0,3.096
5288929.0,0.00583387,0.0,2.752
5289007.0,-0.00879437,0.0,2.064
5289085.0,0.01446868,0.0,2.064
5289163.0,-0.00107388,0.0,2.064
5289241.0,0.02239244,0.0,1.72
5289319.0,0.00253236,0.0,2.064
5289397.0,0.00014517,0.0,2.408
5289475.0,-0.00117548,0.0,2.064
5289554.0,0.03600483,0.0,2.408
5289632.0,0.01441792,0.0,2.064
5289710.0,0.01177661,0.0,2.408
5289788.0,-0.00833728,0.0,1.376
5289866.0,-0.01839434,0.0,1.72
5289944.0,-0.01890219,0.0,2.064
5290022.0,-0.00046443,0.0,2.408
5290100.0,0.01330039,0.0,2.064
5290178.0,-0.0236768,0.0,2.408
5290257.0,-0.00442624,0.0,2.064
5290335.0,-0.00021047,0.0,2.064
5290413.0,-0.01387377,0.0,2.064
5290491.0,-0.01412774,0.0,2.408
5290569.0,-0.01351821,0.0,1.72
5290647.0,-0.00935313,0.0,2.408
5290725.0,0.03717304,0.0,2.064
5290803.0,-0.01712438,0.0,2.064
5290881.0,0.00192283,0.0,2.064
5290960.0,-0.01148651,0.0,2.064
5291038.0,-0.00488348,0.0,1.72
5291116.0,-0.01468642,0.0,2.064
5291194.0,0.00984659,0.0,2.064
5291272.0,0.01639878,0.0,2.064
5291350.0,0.01350359,0.0,2.064
5291428.0,0.00547831,0.0,2.408
5291506.0,0.00324356,0.0,2.064
5291584.0,-0.01306097,0.0,2.064
5291663.0,0.02345898,0.0,2.064
5291741.0,-0.00539133,0.0,1.72
5291819.0,0.00126254,0.0,2.064
5291897.0,-0.02266087,0.0,2.408
5291975.0,-0.00021047,0.0,1.72
5292053.0,0.00095774,0.0,1.72
5292131.0,-0.00823575,0.0,1.72
5292209.0,0.01294483,0.0,1.72
5292288.0,-0.00488348,0.0,1.376
5292366.0,-0.02565766,0.0,2.064
5292444.0,0.00111018,0.0,2.408
5292522.0,-0.01519435,0.0,2.064
5292600.0,-0.00153105,0.0,2.064
5292678.0,0.00400537,0.0,2.064
5292756.0,0.01375755,0.0,2.064
5292834.0,0.00944019,0.0,1.376
5292913.0,-0.01285785,0.0,2.064
5292991.0,-0.00234385,0.0,1.376
5293069.0,-0.00087076,0.0,2.064
5293147.0,-0.00513736,0.0,2.752
5293225.0,0.0124369,0.0,2.064
5293303.0,0.00420857,0.0,2.064
5293381.0,-0.00071832,0.0,2.064
5293459.0,-0.00686434,0.0,2.064
5293537.0,-0.02047681,0.0,2.064
5293616.0,0.00354828,0.0,2.064
5293694.0,-0.00544209,0.0,2.408
5293772.0,-0.00777852,0.0,2.064
5293850.0,0.0131481,0.0,2.064
5293928.0,0.01162425,0.0,2.064
5294006.0,-0.00981037,0.0,2.064
5294084.0,-0.01204512,0.0,2.064
5294162.0,0.01939557,0.0,2.064
5294240.0,-0.01834343,0.0,2.064
5294318.0,0.00938943,0.0,2.064
5294397.0,-0.00940389,0.0,2.064
5294475.0,0.0103036,0.0,2.408
5294553.0,0.01004971,0.0,2.064
5294631.0,-0.00427388,0.0,2.064
5294709.0,-0.00955633,0.0,2.064
5294787.0,-0.02154342,0.0,2.064
5294865.0,0.01248782,0.0,2.064
5294943.0,0.0062402,0.0,2.408
5295021.0,-0.00208981,0.0,2.064
5295100.0,-0.00015956,0.0,2.064
5295178.0,0.00786565,0.0,2.064
5295256.0,0.01700831,0.0,2.064
5295334.0,-0.01468642,0.0,2.064
5295412.0,0.01517973,0.0,2.064
5295490.0,-0.02357512,0.0,2.408
5295568.0,0.00740849,0.0,2.064
5295646.0,-0.00859132,0.0,2.064
5295725.0,-0.00732143,0.0,2.064
5295803.0,-0.01113094,0.0,2.064
5295881.0,-0.00483264,0.0,2.064
5295959.0,0.00339584,0.0,2.064
5296037.0,-0.00310566,0.0,2.064
5296115.0,-0.01524504,0.0,1.72
5296193.0,-0.00127709,0.0,2.408
5296271.0,-0.02281331,0.0,2.064
5296350.0,-0.0051882,0.0,2.064
5296428.0,-0.016007,0.0,1.376
5296506.0,0.00725612,0.0,2.408
5296584.0,0.00293868,0.0,2.408
5296662.0,-0.00615322,0.0,2.752
5296740.0,0.01959877,0.0,2.752
5296818.0,0.0043101,0.0,2.752
5296896.0,-0.00696594,0.0,2.064
5296975.0,0.0178718,0.0,2.064
5297053.0,-0.00493416,0.0,2.064
5297131.0,-0.01692125,0.0,1.72
5297209.0,-0.00975953,0.0,2.064
5297287.0,-0.00925161,0.0,2.064
5297365.0,-0.03027983,0.0,2.064
5297443.0,0.00461482,0.0,2.064
5297521.0,-0.00244537,0.0,2.064
5297599.0,-0.00483264,0.0,2.064
5297678.0,-0.00889604,0.0,1.72
5297756.0,0.00375141,0.0,2.064
5297834.0,-0.00214057,0.0,2.064
5297912.0,-0.00666114,0.0,2.408
5297990.0,-0.00869284,0.0,2.408
5298068.0,-0.00650878,0.0,2.064
5298146.0,-0.00915001,0.0,2.408
5298224.0,-0.01483879,0.0,2.064
5298302.0,-0.00473096,0.0,2.064
5298380.0,-0.0161086,0.0,2.752
5298459.0,-0.00117548,0.0,2.064
5298537.0,-0.01367057,0.0,2.752
5298615.0,-0.01036906,0.0,2.064
5298693.0,-0.00208981,0.0,2.064
5298771.0,-0.00417228,0.0,2.064
5298849.0,-0.01565151,0.0,2.064
5298927.0,0.01218302,0.0,1.72
5299006.0,0.00563067,0.0,2.064
5299084.0,0.00486886,0.0,2.064
5299162.0,0.01685595,0.0,2.064
5299240.0,0.01904001,0.0,2.408
5299318.0,0.00898303,0.0,2.064
5299396.0,-0.01966408,0.0,2.064
5299474.0,0.00304028,0.0,2.064
5299552.0,-0.00777852,0.0,2.064
5299630.0,0.00415773,0.0,2.064
5299709.0,-0.01864815,0.0,2.064
5299787.0,-0.00102312,0.0,2.064
5299865.0,0.01015131,0.0,1.72
5299943.0,0.00420857,0.0,1.72
5300021.0,-0.01026746,0.0,2.064
5300099.0,0.00126254,0.0,1.72
5300177.0,-0.00122632,0.0,1.72
5300255.0,-0.00666114,0.0,1.72
5300333.0,-0.00727059,0.0,2.752
5300412.0,0.00893226,0.0,1.376
5300490.0,-0.0271306,0.0,2.064
5300568.0,0.00359897,0.0,1.376
5300646.0,0.00237992,0.0,2.408
5300724.0,0.0130465,0.0,2.064
5300802.0,-0.00386755,0.0,1.72
5300880.0,0.00156727,0.0,2.064
5300958.0,-0.00986106,0.0,2.408
5301036.0,-0.01890219,0.0,2.064
5301115.0,-0.00848964,0.0,1.72
5301193.0,0.01517973,0.0,2.408
5301271.0,0.0051229,0.0,2.064
5301349.0,-0.008642,0.0,1.72
5301427.0,-0.00503576,0.0,2.408
5301505.0,0.02523679,0.0,2.064
5301583.0,-0.00970869,0.0,2.064
5301661.0,-0.0009216,0.0,2.064
5301739.0,0.01411312,0.0,2.064
5301818.0,-0.00762623,0.0,2.064
5301896.0,0.00745925,0.0,2.408
5301974.0,-0.00234385,0.0,1.72
5302052.0,0.01441792,0.0,2.064
5302130.0,-0.01036906,0.0,2.064
5302208.0,-0.00280086,0.0,2.064
5302286.0,-0.01428002,0.0,2.064
5302364.0,-0.02398152,0.0,2.064
5302443.0,0.02264625,0.0,2.064
5302521.0,-0.00655954,0.0,2.064
5302599.0,0.00268479,0.0,2.064
5302677.0,-0.02865445,0.0,2.064
5302755.0,0.00420857,0.0,2.064
5302833.0,0.01345283,0.0,2.408
5302911.0,0.00527511,0.0,2.064
5302989.0,0.00852594,0.0,2.064
5303068.0,-0.00544209,0.0,2.064
5303146.0,0.01197982,0.0,2.064
5303224.0,-0.01270541,0.0,2.064
5303302.0,-0.01453406,0.0,2.064
5303380.0,-0.0141785,0.0,2.064
5303458.0,0.00893226,0.0,2.064
5303536.0,-0.01006426,0.0,2.064
5303614.0,0.00679888,0.0,2.064
5303692.0,-0.00554376,0.0,2.064
5303771.0,-0.00676267,0.0,1.72
5303849.0,0.00989728,0.0,2.064
5303927.0,-0.00356275,0.0,2.064
5304005.0,-0.00879437,0.0,2.064
5304083.0,-0.01544831,0.0,2.752
5304161.0,0.01050688,0.0,2.064
5304239.0,-0.01057218,0.0,2.064
5304317.0,-0.00666114,0.0,2.064
5304395.0,-0.01026746,0.0,2.064
5304473.0,0.00014517,0.0,2.064
5304552.0,-0.01219748,0.0,2.064
5304630.0,0.00334508,0.0,2.408
5304708.0,0.00105934,0.0,2.064
5304786.0,-0.00320719,0.0,2.064
5304864.0,0.0051229,0.0,2.064
5304942.0,0.00420857,0.0,1.72
5305020.0,-0.01321341,0.0,1.72
5305098.0,0.00588471,0.0,2.064
5305176.0,0.0014149,0.0,2.408
5305255.0,-0.01458475,0.0,2.408
5305333.0,0.01441792,0.0,2.064
5305411.0,0.00542762,0.0,2.064
5305489.0,-0.00909917,0.0,2.064
5305567.0,-0.01707369,0.0,1.032
5305645.0,0.00781481,0.0,2.064
5305723.0,0.00207519,0.0,2.064
5305801.0,-0.00422319,0.0,2.752
5305880.0,-0.00015956,0.0,2.064
5305958.0,-0.01260388,0.0,2.408
5306036.0,-0.00950557,0.0,2.064
5306114.0,-0.00737227,0.0,2.064
5306192.0,-0.00087076,0.0,2.064
5306270.0,-0.0070167,0.0,1.72
5306348.0,0.01111633,0.0,2.064
5306426.0,0.00486886,0.0,2.064
5306505.0,0.00588471,0.0,2.408
5306583.0,0.00126254,0.0,2.064
5306661.0,-0.00996258,0.0,1.72
5306739.0,0.00679888,0.0,2.064
5306817.0,-0.00838812,0.0,1.72
5306895.0,-0.00081992,0.0,2.408
5306973.0,0.01350359,0.0,1.72
5307051.0,0.00669736,0.0,2.408
5307129.0,-0.00478173,0.0,2.064
5307208.0,-0.00473096,0.0,2.408
5307286.0,-0.00295322,0.0,2.064
5307364.0,0.01137037,0.0,2.408
5307442.0,0.00471642,0.0,2.408
5307520.0,0.00217679,0.0,2.408
5307598.0,0.00090698,0.0,2.064
5307676.0,-0.00066756,0.0,2.064
5307754.0,0.00593547,0.0,2.064
5307832.0,0.00959255,0.0,2.064
5307911.0,-0.01666729,0.0,1.72
5307989.0,-0.01463559,0.0,2.064
5308067.0,-0.0028517,0.0,2.064
5308145.0,-0.01235,0.0,2.064
5308223.0,-0.00346115,0.0,2.408
5308301.0,0.0051229,0.0,2.064
5308379.0,-0.00407068,0.0,1.72
5308457.0,-0.02697824,0.0,2.064
5308535.0,0.00258319,0.0,2.408
5308614.0,-0.00742295,0.0,2.064
5308692.0,0.01213218,0.0,2.064
5308770.0,-0.01316265,0.0,2.752
5308848.0,0.00359897,0.0,2.064
5308926.0,-0.00960717,0.0,1.72
5309004.0,-0.00056603,0.0,2.064
5309082.0,0.01071008,0.0,1.376
5309160.0,-0.01184192,0.0,2.408
5309239.0,-0.0011248,0.0,1.376
5309317.0,-0.02139105,0.0,1.72
5309395.0,-0.01128323,0.0,2.064
5309473.0,0.01182745,0.0,2.408
5309551.0,0.00304028,0.0,2.064
5309629.0,-0.01661653,0.0,2.064
5309707.0,-0.00793103,0.0,2.064
5309785.0,-0.02728296,0.0,2.064
5309863.0,-0.0139753,0.0,1.72
5309942.0,0.00791641,0.0,2.064
5310020.0,0.00649416,0.0,2.064
5310098.0,-0.00325795,0.0,1.72
5310176.0,-0.00777852,0.0,1.72
5310254.0,-0.0028517,0.0,1.72
5310332.0,-0.00376595,0.0,1.72
5310410.0,0.00111018,0.0,1.72
5310488.0,0.00979575,0.0,1.72
5310567.0,0.00766237,0.0,2.064
5310645.0,0.00852594,0.0,2.064
5310723.0,-0.00066756,0.0,2.064
5310801.0,0.00705292,0.0,2.064
5310879.0,-0.00163265,0.0,2.064
5310957.0,0.00370057,0.0,1.72
5311035.0,0.01294483,0.0,2.064
5311113.0,-0.00153105,0.0,2.064
5311191.0,0.0108116,0.0,2.064
5311269.0,-0.01290868,0.0,2.064
5311348.0,0.00161803,0.0,2.064
5311426.0,-0.01885143,0.0,2.064
5311504.0,-0.00021047,0.0,1.72
5311582.0,-0.01179123,0.0,2.064
5311660.0,0.00415773,0.0,1.72
5311738.0,-0.02230531,0.0,2.064
5311816.0,-0.00473096,0.0,2.064
5311894.0,0.01462097,0.0,2.064
5311972.0,0.0178718,0.0,2.064
5312051.0,0.00060225,0.0,2.064
5312129.0,-0.01575304,0.0,2.064
5312207.0,0.00502115,0.0,1.376
5312285.0,0.0108116,0.0,2.064
5312363.0,-0.02306719,0.0,2.064
5312441.0,4.349e-05,0.0,2.064
5312519.0,-0.01859747,0.0,2.064
5312597.0,0.0045133,0.0,2.064
5312676.0,0.00568143,0.0,2.408
5312754.0,0.00583387,0.0,1.72
5312832.0,-0.0133657,0.0,2.064
5312910.0,-0.00193737,0.0,1.72
5312988.0,-0.01991804,0.0,1.72
5313066.0,0.00466566,0.0,2.752
5313144.0,-0.01072454,0.0,2.064
5313222.0,-0.00473096,0.0,2.064
5313301.0,-0.00493416,0.0,2.064
5313379.0,-0.01361973,0.0,2.064
5313457.0,0.00116102,0.0,1.72
5313535.0,-0.01199443,0.0,2.064
5313613.0,0.0199035,0.0,2.064
5313691.0,-0.00610238,0.0,2.064
5313769.0,-0.00935313,0.0,2.064
5313847.0,-0.00452791,0.0,2.408
5313925.0,-0.0139753,0.0,2.408
5314004.0,0.00740849,0.0,1.376
5314082.0,-0.01636256,0.0,2.064
5314160.0,-0.000312,0.0,2.064
5314238.0,-0.0122484,0.0,2.064
5314316.0,0.00822114,0.0,2.752
5314394.0,-0.01544831,0.0,2.064
5314472.0,-0.00239454,0.0,2.064
5314550.0,-0.0025469,0.0,2.408
5314628.0,0.00776405,0.0,1.72
5314707.0,-0.01255312,0.0,2.064
5314785.0,0.00044989,0.0,2.752
5314863.0,0.02274785,0.0,2.408
5314941.0,0.00415773,0.0,2.064
5315019.0,-0.01636256,0.0,1.72
5315097.0,0.01045604,0.0,2.064
5315175.0,-0.00879437,0.0,2.064
5315253.0,0.0108116,0.0,1.376
5315331.0,0.00466566,0.0,2.064
5315410.0,0.0061386,0.0,2.064
5315488.0,0.00481802,0.0,1.72
5315566.0,0.01451944,0.0,2.064
5315644.0,-0.00401991,0.0,2.064
5315722.0,-0.00559445,0.0,2.408
5315800.0,-0.02306719,0.0,1.72
5315878.0,0.0174654,0.0,2.064
5315956.0,-0.01529587,0.0,2.064
5316035.0,-0.0117404,0.0,2.752
5316113.0,-0.00346115,0.0,2.064
5316191.0,0.00436086,0.0,2.064
5316269.0,0.01253858,0.0,2.064
5316347.0,0.0067482,0.0,2.408
5316425.0,-0.01179123,0.0,2.064
5316503.0,-0.027537,0.0,2.408
5316581.0,0.00263396,0.0,2.064
5316660.0,-0.01849587,0.0,2.408
5316738.0,0.01517973,0.0,2.064
5316816.0,0.00075462,0.0,2.064
5316894.0,4.349e-05,0.0,2.064
5316972.0,0.0131481,0.0,2.064
5317050.0,0.01355443,0.0,1.72
5317128.0,0.00847518,0.0,2.064
5317206.0,-0.02982266,0.0,2.064
5317284.0,-0.00107388,0.0,1.72
5317362.0,-0.01280708,0.0,2.064
5317441.0,0.01096396,0.0,1.72
5317519.0,-0.00163265,0.0,2.064
5317597.0,0.00034829,0.0,2.408
5317675.0,-0.0255053,0.0,1.72
5317753.0,-0.00488348,0.0,1.72
5317831.0,-0.00320719,0.0,2.408
5317909.0,-0.000312,0.0,2.064
5317987.0,-0.00889604,0.0,2.064
5318065.0,9.425e-05,0.0,2.064
5318144.0,0.00822114,0.0,2.064
5318222.0,0.01004971,0.0,1.72
5318300.0,0.00202451,0.0,1.72
5318378.0,-0.00828659,0.0,1.72
5318456.0,-0.00767699,0.0,2.064
5318534.0,-0.00528973,0.0,2.064
5318612.0,0.00044989,0.0,2.408
5318690.0,-0.01052134,0.0,2.064
5318768.0,-0.0119436,0.0,2.064
5318847.0,-0.01204512,0.0,2.064
5318925.0,0.0061386,0.0,2.064
5319003.0,-0.00528973,0.0,1.72
5319081.0,-0.02159426,0.0,2.064
5319159.0,-0.00549293,0.0,2.064
5319237.0,0.00959255,0.0,2.064
5319315.0,0.0313319,0.0,1.72
5319394.0,0.00334508,0.0,1.72
5319472.0,0.0013133,0.0,1.72
5319550.0,0.00761169,0.0,1.376
5319628.0,-0.01148651,0.0,1.72
5319706.0,0.00756085,0.0,2.064
5319784.0,0.00791641,0.0,1.376
5319862.0,0.00720529,0.0,2.408
5319940.0,-0.00422319,0.0,2.064
5320018.0,0.00730696,0.0,2.064
5320097.0,0.00278632,0.0,1.72
5320175.0,0.00933851,0.0,2.064
5320253.0,0.01213218,0.0,2.064
5320331.0,-0.00264857,0.0,2.064
5320409.0,0.00248159,0.0,2.408
5320487.0,0.01533217,0.0,2.064
5320565.0,-0.00183577,0.0,2.064
5320643.0,-0.00214057,0.0,2.064
5320721.0,-0.00991189,0.0,2.064
5320800.0,-0.00534049,0.0,2.064
5320878.0,0.00359897,0.0,2.064
5320956.0,0.0041069,0.0,2.064
5321034.0,0.01584002,0.0,2.064
5321112.0,-0.02052749,0.0,2.064
5321190.0,-0.00610238,0.0,2.064
5321268.0,-0.00351199,0.0,2.064
5321346.0,0.00370057,0.0,2.064
5321424.0,0.00044989,0.0,2.064
5321502.0,-0.01301028,0.0,2.064
5321581.0,0.018075,0.0,2.064
5321659.0,-0.00163265,0.0,2.752
5321737.0,-0.0122484,0.0,2.064
5321815.0,-0.01412774,0.0,2.064
5321893.0,0.0103036,0.0,2.064
5321971.0,0.00883074,0.0,2.064
5322049.0,-0.016007,0.0,2.064
5322127.0,-0.004985,0.0,2.064
5322206.0,0.01167509,0.0,2.064
5322284.0,-0.00488348,0.0,1.72
5322362.0,-0.01006426,0.0,2.064
5322440.0,-0.00452791,0.0,2.064
5322518.0,-0.02738464,0.0,2.064
5322596.0,0.006545,0.0,2.064
5322674.0,0.01492569,0.0,2.064
5322752.0,-0.01585464,0.0,2.752
5322831.0,0.01192905,0.0,2.064
5322909.0,-0.01026746,0.0,2.064
5322987.0,0.0198019,0.0,2.064
5323065.0,0.00288792,0.0,2.064
5323143.0,0.00288792,0.0,2.064
5323221.0,0.00517358,0.0,1.72
5323299.0,0.00446253,0.0,2.064
5323377.0,0.0045133,0.0,2.064
5323456.0,-0.01905463,0.0,2.064
5323534.0,0.01578933,0.0,2.064
5323612.0,0.00456413,0.0,2.408
5323690.0,-0.00224217,0.0,2.064
5323768.0,0.01487501,0.0,2.752
5323846.0,-0.00828659,0.0,2.064
5323924.0,-0.00513736,0.0,2.408
5324002.0,-0.01422926,0.0,2.064
5324080.0,-0.00173425,0.0,2.752
5324158.0,0.00893226,0.0,2.064
5324237.0,-0.01910539,0.0,2.064
5324315.0,-0.01041982,0.0,2.064
5324393.0,-0.00193737,0.0,2.408
5324471.0,-0.02535293,0.0,2.064
5324549.0,0.00811954,0.0,2.752
5324627.0,-0.02596238,0.0,2.064
5324705.0,0.00420857,0.0,2.752
5324783.0,-0.01290868,0.0,2.064
5324861.0,-0.00071832,0.0,2.064
5324940.0,-0.00833728,0.0,2.064
5325018.0,0.00578318,0.0,2.064
5325096.0,0.00705292,0.0,2.064
5325174.0,-0.00208981,0.0,2.408
5325252.0,-0.0119436,0.0,2.408
5325330.0,-0.00021047,0.0,2.408
5325408.0,-0.00081992,0.0,2.408
5325486.0,-0.02865445,0.0,1.376
5325564.0,-0.00036283,0.0,1.72
5325643.0,0.00116102,0.0,2.064
5325721.0,0.00217679,0.0,2.064
5325799.0,0.00461482,0.0,2.408
5325877.0,-0.02250843,0.0,1.72
5325955.0,0.0051229,0.0,2.408
5326033.0,0.01258934,0.0,1.376
5326111.0,-0.00102312,0.0,2.064
5326190.0,-0.01646409,0.0,1.72
5326268.0,-0.0069151,0.0,2.064
5326346.0,0.0179734,0.0,2.752
5326424.0,-0.00214057,0.0,2.064
5326502.0,0.0067482,0.0,2.408
5326580.0,0.01055756,0.0,1.72
5326658.0,-0.00198821,0.0,2.064
5326736.0,-0.02174654,0.0,1.72
5326814.0,-0.0180387,0.0,2.064
5326893.0,-0.00793103,0.0,1.72
5326971.0,0.00974499,0.0,2.064
5327049.0,0.00232923,0.0,2.064
5327127.0,0.0051229,0.0,2.064
5327205.0,-0.0253021,0.0,1.72
5327283.0,0.01589093,0.0,2.064
5327361.0,0.0014149,0.0,1.376
5327439.0,-0.0045786,0.0,1.72
5327517.0,-0.000312,0.0,1.72
5327596.0,-0.0011248,0.0,2.064
5327674.0,-0.00848964,0.0,2.064
5327752.0,0.00207519,0.0,2.064
5327830.0,-0.01021662,0.0,1.376
5327908.0,-0.01082622,0.0,2.064
5327986.0,-5.803e-05,0.0,1.72
5328064.0,-0.00625474,0.0,2.064
5328142.0,-0.00848964,0.0,2.064
5328220.0,0.00735765,0.0,2.064
5328299.0,-0.00046443,0.0,2.408
5328377.0,-0.01295945,0.0,2.064
5328455.0,-0.0205784,0.0,2.064
5328533.0,-0.01925775,0.0,2.064
5328611.0,-0.00981037,0.0,2.064
5328689.0,-0.00920077,0.0,2.064
5328767.0,-0.00539133,0.0,2.064
5328845.0,0.01837972,0.0,2.408
5328923.0,-0.00686434,0.0,2.064
5329002.0,-0.00782935,0.0,2.064
5329080.0,0.00370057,0.0,2.064
5329158.0,-0.01402598,0.0,2.064
5329236.0,0.01660198,0.0,1.72
5329314.0,0.02295105,0.0,2.064
5329392.0,-0.01295945,0.0,2.408
5329470.0,-0.00412144,0.0,2.064
5329549.0,-0.0115372,0.0,2.064
5329627.0,-0.00564529,0.0,2.064
5329705.0,0.00771321,0.0,2.064
5329783.0,-0.0084388,0.0,1.376
5329861.0,-0.01316265,0.0,2.064
5329939.0,-0.00686434,0.0,2.064
5330017.0,0.00806877,0.0,2.064
5330095.0,0.00278632,0.0,2.752
5330173.0,-0.00381671,0.0,1.72
5330252.0,0.01045604,0.0,2.064
5330330.0,-0.00081992,0.0,2.064
5330408.0,-0.0181403,0.0,2.064
5330486.0,0.01837972,0.0,1.72
5330564.0,-0.00589918,0.0,2.064
5330642.0,-0.01092775,0.0,2.408
5330720.0,0.01004971,0.0,2.064
5330798.0,0.01878605,0.0,1.72
5330876.0,-0.01275625,0.0,2.064
5330954.0,-0.01692125,0.0,2.064
5331033.0,0.02025906,0.0,2.064
5331111.0,-0.00975953,0.0,2.064
5331189.0,-0.0046802,0.0,2.064
5331267.0,0.00116102,0.0,2.408
5331345.0,0.0243733,0.0,2.064
5331423.0,-0.01438162,0.0,2.064
5331501.0,-0.00645794,0.0,2.064
5331579.0,-0.00645794,0.0,2.064
5331657.0,0.00161803,0.0,2.064
5331736.0,0.00771321,0.0,2.064
5331814.0,0.00456413,0.0,2.408
5331892.0,0.02036059,0.0,2.408
5331970.0,0.01147189,0.0,2.752
5332048.0,-0.00793103,0.0,1.72
5332126.0,0.0198019,0.0,2.064
5332204.0,-0.02179746,0.0,1.72
5332282.0,0.01837972,0.0,2.064
5332360.0,0.00070385,0.0,2.064
5332439.0,-0.0068135,0.0,3.096
5332517.0,0.00364981,0.0,2.064
5332595.0,-0.00351199,0.0,2.408
5332673.0,-0.01184192,0.0,2.064
5332751.0,-0.00269926,0.0,2.064
5332829.0,-0.01575304,0.0,2.064
5332907.0,-0.01250221,0.0,2.064
5332986.0,0.00425926,0.0,2.064
5333064.0,-0.01895303,0.0,2.064
5333142.0,0.00349737,0.0,2.408
5333220.0,-0.0139753,0.0,2.408
5333298.0,-0.01341653,0.0,2.064
5333376.0,-0.02123869,0.0,2.064
5333454.0,-0.01509275,0.0,2.064
5333532.0,-0.00305482,0.0,2.064
5333610.0,-0.01311181,0.0,2.064
5333689.0,-0.01483879,0.0,2.408
5333767.0,-0.00193737,0.0,2.064
5333845.0,-0.00483264,0.0,2.408
5333923.0,-0.00244537,0.0,2.064
5334001.0,0.01431624,0.0,2.064
5334079.0,0.0012117,0.0,1.72
5334157.0,-0.00203897,0.0,2.064
5334235.0,0.00364981,0.0,2.408
5334313.0,-0.01524504,0.0,2.064
5334391.0,-0.01163887,0.0,2.408
5334470.0,0.00156727,0.0,2.064
5334548.0,0.00177047,0.0,2.408
5334626.0,0.00786565,0.0,1.376
5334704.0,0.00867822,0.0,2.064
5334782.0,-0.00102312,0.0,2.064
5334860.0,-0.01346745,0.0,2.064
5334938.0,0.01604322,0.0,2.752
5335016.0,-0.00595001,0.0,2.064
5335094.0,0.01431624,0.0,1.72
5335173.0,0.00811954,0.0,2.064
5335251.0,0.00344661,0.0,2.064
5335329.0,-0.00107388,0.0,2.064
5335407.0,0.00283708,0.0,1.72
5335485.0,0.00761169,0.0,2.064
5335563.0,-0.00305482,0.0,1.376
5335641.0,-0.01108011,0.0,2.064
5335720.0,0.00171963,0.0,1.376
5335798.0,0.02447483,0.0,2.064
5335876.0,-0.008642,0.0,1.376
5335954.0,0.00085622,0.0,1.72
5336032.0,0.0087799,0.0,2.064
5336110.0,0.0128433,0.0,1.72
5336188.0,-0.01443246,0.0,2.064
5336266.0,0.00608791,0.0,2.064
5336344.0,-0.00574696,0.0,2.064
5336423.0,-0.00239454,0.0,2.064
5336501.0,-0.00330886,0.0,2.064
5336579.0,-0.01880059,0.0,2.064
5336657.0,-0.02113709,0.0,1.72
5336735.0,0.02422094,0.0,2.408
5336813.0,-0.01428002,0.0,2.064
5336891.0,0.00248159,0.0,1.72
5336969.0,0.00481802,0.0,2.064
5337047.0,0.01726227,0.0,2.064
5337126.0,-0.01534671,0.0,2.064
5337204.0,0.01716067,0.0,2.064
5337282.0,0.02843671,0.0,2.752
5337360.0,-0.00153105,0.0,2.064
5337438.0,0.00288792,0.0,1.72
5337516.0,0.00415773,0.0,2.064
5337594.0,-0.00229294,0.0,2.064
5337672.0,-0.00310566,0.0,1.72
5337750.0,0.00105934,0.0,2.064
5337829.0,0.01157349,0.0,2.064
5337907.0,0.00151651,0.0,2.064
5337985.0,-0.00991189,0.0,2.408
5338063.0,-0.00777852,0.0,2.064
5338141.0,-0.00214057,0.0,2.064
5338219.0,-0.01148651,0.0,2.064
5338297.0,0.00659576,0.0,2.064
5338375.0,-0.01184192,0.0,2.064
5338453.0,0.00385301,0.0,2.064
5338532.0,0.00207519,0.0,2.408
5338610.0,-0.0429272,0.0,2.064
5338688.0,0.01116716,0.0,2.064
5338766.0,-0.00721983,0.0,2.064
5338844.0,0.01777027,0.0,2.064
5338922.0,0.01995434,0.0,1.376
5339000.0,-0.00534049,0.0,2.064
5339079.0,0.01370679,0.0,2.408
5339157.0,-0.01148651,0.0,2.064
5339235.0,-0.0046802,0.0,2.064
5339313.0,0.01157349,0.0,2.064
5339391.0,-0.01138483,0.0,2.064
5339469.0,0.0051229,0.0,2.408
5339547.0,-0.00361359,0.0,2.408
5339625.0,-0.00386755,0.0,2.064
5339703.0,-0.01143567,0.0,2.408
5339782.0,0.01004971,0.0,2.064
5339860.0,0.01309727,0.0,2.064
5339938.0,-0.00264857,0.0,2.064
5340016.0,-0.0066103,0.0,2.408
5340094.0,0.00227832,0.0,2.064
5340172.0,-0.00142952,0.0,1.72
5340250.0,-0.00833728,0.0,2.064
5340328.0,-0.01509275,0.0,2.408
5340406.0,-0.00600078,0.0,2.408
5340485.0,-0.00869284,0.0,2.408
5340563.0,-0.00366443,0.0,2.064
5340641.0,0.0043101,0.0,2.064
5340719.0,0.02046219,0.0,1.72
5340797.0,-0.01361973,0.0,2.752
5340875.0,-0.01544831,0.0,1.72
5340953.0,-0.00513736,0.0,2.752
5341031.0,0.00735765,0.0,2.408
5341109.0,-0.01473719,0.0,2.408
5341188.0,-0.00554376,0.0,2.408
5341266.0,0.00227832,0.0,2.064
5341344.0,-0.0187499,0.0,2.064
5341422.0,-0.00574696,0.0,2.064
5341500.0,-0.00158189,0.0,2.064
5341578.0,-0.00909917,0.0,2.752
5341656.0,0.00852594,0.0,2.064
5341734.0,-0.02438777,0.0,1.72
5341812.0,-0.00503576,0.0,2.064
5341891.0,-0.01768314,0.0,1.72
5341969.0,-0.00899757,0.0,1.72
5342047.0,-0.00640725,0.0,2.408
5342125.0,0.00156727,0.0,1.72
5342203.0,-0.00295322,0.0,2.408
5342281.0,0.02020822,0.0,2.064
5342359.0,0.00740849,0.0,1.72
5342437.0,0.01299567,0.0,2.064
5342515.0,0.00380217,0.0,1.376
5342594.0,0.00085622,0.0,3.096
5342672.0,0.01121785,0.0,2.064
5342750.0,0.00075462,0.0,2.064
5342828.0,-0.01189276,0.0,2.408
5342906.0,-0.01321341,0.0,2.408
5342984.0,-0.00854048,0.0,2.064
5343062.0,-0.0006168,0.0,2.064
5343140.0,-0.0140769,0.0,1.72
5343218.0,0.00055142,0.0,1.72
5343297.0,-0.00854048,0.0,1.72
5343375.0,-0.02494653,0.0,2.064
5343453.0,0.00085622,0.0,2.064
5343531.0,-0.0009216,0.0,2.408
5343609.0,0.00420857,0.0,2.064
5343687.0,-0.00513736,0.0,2.064
5343765.0,-0.01920692,0.0,1.032
5343843.0,-0.00828659,0.0,2.064
5343922.0,-0.00127709,0.0,2.064
5344000.0,-0.00315642,0.0,2.064
5344078.0,0.00182131,0.0,2.408
5344156.0,-0.0068135,0.0,2.064
5344234.0,0.01548446,0.0,2.064
5344312.0,0.00182131,0.0,2.064
5344390.0,-0.03754322,0.0,2.064
5344468.0,0.0067482,0.0,2.064
5344546.0,-0.01031814,0.0,2.064
5344625.0,-0.00554376,0.0,2.408
5344703.0,0.00933851,0.0,2.064
5344781.0,0.00827197,0.0,2.064
5344859.0,-0.01966408,0.0,2.064
5344937.0,0.00278632,0.0,2.064
5345015.0,-0.0295687,0.0,1.72
5345093.0,0.01096396,0.0,2.408
5345171.0,-0.01077538,0.0,2.064
5345250.0,-0.0141785,0.0,2.064
5345328.0,0.00237992,0.0,2.064
5345406.0,0.00690049,0.0,2.064
5345484.0,-0.01036906,0.0,2.064
5345562.0,0.0126401,0.0,1.72
5345640.0,0.00659576,0.0,1.72
5345718.0,-0.0084388,0.0,2.064
5345796.0,-0.00401991,0.0,2.064
5345874.0,-0.0203752,0.0,2.408
5345953.0,-0.00335955,0.0,2.064
5346031.0,0.00669736,0.0,2.064
5346109.0,-0.00295322,0.0,2.064
5346187.0,0.00065302,0.0,2.064
5346265.0,-0.00579765,0.0,2.064
5346343.0,-0.00767699,0.0,2.064
5346421.0,-0.00280086,0.0,2.752
5346499.0,-0.00158189,0.0,2.064
5346577.0,-0.00889604,0.0,2.064
5346656.0,-0.01991804,0.0,2.064
5346734.0,0.00268479,0.0,2.064
5346812.0,0.00740849,0.0,2.064
5346890.0,0.00776405,0.0,2.064
5346968.0,0.00187207,0.0,2.064
5347046.0,-0.01077538,0.0,2.064
5347124.0,-0.0133657,0.0,1.72
5347202.0,0.02340814,0.0,2.064
5347281.0,0.01533217,0.0,1.72
5347359.0,0.00385301,0.0,1.72
5347437.0,-0.02784172,0.0,2.064
5347515.0,-0.01301028,0.0,2.064
5347593.0,0.01975114,0.0,2.064
5347671.0,-0.01758161,0.0,2.408
5347749.0,-0.00767699,0.0,1.72
5347827.0,0.01172593,0.0,2.064
5347905.0,0.02391621,0.0,2.064
5347984.0,-0.02707991,0.0,1.72
5348062.0,-0.00894688,0.0,1.376
5348140.0,0.02904616,0.0,1.72
5348218.0,-0.00706754,0.0,2.408
5348296.0,-0.00320719,0.0,1.72
5348374.0,0.00405613,0.0,2.064
5348452.0,0.00491962,0.0,2.064
5348530.0,0.00476733,0.0,2.064
5348608.0,0.0126401,0.0,1.72
5348687.0,0.01340199,0.0,2.064
5348765.0,-0.0069151,0.0,1.72
5348843.0,-0.01052134,0.0,2.064
5348921.0,-0.01570227,0.0,2.064
5348999.0,0.0132497,0.0,2.064
5349077.0,0.00034829,0.0,2.064
5349155.0,-0.00015956,0.0,2.408
5349233.0,0.00182131,0.0,2.064
5349311.0,0.01162425,0.0,2.064
5349390.0,0.00847518,0.0,2.064
5349468.0,-0.00401991,0.0,3.44
5349546.0,-0.01326417,0.0,2.064
5349624.0,0.00060225,0.0,1.72
5349702.0,0.01152265,0.0,2.064
5349780.0,-0.00595001,0.0,2.064
5349858.0,0.00309104,0.0,2.064
5349936.0,-0.01890219,0.0,1.72
5350015.0,-0.00010887,0.0,2.064
5350093.0,0.00080545,0.0,2.064
5350171.0,-0.01534671,0.0,2.064
5350249.0,0.01528133,0.0,1.72
5350327.0,-0.00488348,0.0,2.064
5350405.0,-0.01808961,0.0,2.064
5350483.0,0.00222763,0.0,2.064
5350561.0,-0.01428002,0.0,1.72
5350639.0,4.349e-05,0.0,2.064
5350718.0,0.00080545,0.0,2.064
5350796.0,-0.00650878,0.0,1.72
5350874.0,-0.03485116,0.0,1.72
5350952.0,-0.01290868,0.0,2.408
5351030.0,0.00395453,0.0,1.72
5351108.0,0.01330039,0.0,1.72
5351186.0,-0.00066756,0.0,1.376
5351264.0,0.00456413,0.0,2.064
5351342.0,0.00481802,0.0,1.72
5351421.0,-0.00417228,0.0,2.064
5351499.0,-0.00686434,0.0,1.72
5351577.0,0.006545,0.0,2.408
5351655.0,0.01203065,0.0,1.376
5351733.0,0.04611265,0.0,1.72
5351811.0,0.00298952,0.0,1.72
5351889.0,-0.00269926,0.0,2.408
5351967.0,-0.01316265,0.0,1.72
5352045.0,-0.00549293,0.0,1.72
5352124.0,-0.00341039,0.0,2.064
5352202.0,-0.00595001,0.0,2.064
5352280.0,-0.01204512,0.0,1.72
5352358.0,0.01660198,0.0,2.064
5352436.0,0.00253236,0.0,1.72
5352514.0,0.0106084,0.0,2.752
5352592.0,-0.00081992,0.0,2.064
5352670.0,-0.02357512,0.0,2.064
5352748.0,0.00116102,0.0,1.376
5352827.0,-0.00909917,0.0,2.064
5352905.0,-0.01341653,0.0,1.72
5352983.0,-0.00716907,0.0,2.064
5353061.0,-0.01138483,0.0,2.752
5353139.0,0.00197359,0.0,2.064
5353217.0,0.00364981,0.0,2.064
5353295.0,-0.01570227,0.0,2.064
5353374.0,-0.01504199,0.0,2.064
5353452.0,-0.0162102,0.0,1.376
5353530.0,0.00715445,0.0,2.064
5353608.0,-0.00081992,0.0,2.064
5353686.0,-0.02047681,0.0,2.064
5353764.0,0.00222763,0.0,2.064
5353842.0,0.00298952,0.0,2.064
5353920.0,0.01345283,0.0,2.064
5353998.0,-0.00076916,0.0,2.064
5354077.0,-0.01758161,0.0,2.064
5354155.0,0.006545,0.0,2.064
5354233.0,-0.00513736,0.0,2.408
5354311.0,0.01914161,0.0,2.408
5354389.0,0.00583387,0.0,2.064
5354467.0,-0.01072454,0.0,2.064
5354545.0,0.0103036,0.0,2.064
5354623.0,0.0091863,0.0,2.064
5354701.0,0.00248159,0.0,2.064
5354780.0,0.02097019,0.0,2.064
5354858.0,0.00756085,0.0,2.064
5354936.0,-0.0051882,0.0,2.064
5355014.0,0.00542762,0.0,2.064
5355092.0,0.01258934,0.0,2.064
5355170.0,0.00781481,0.0,2.064
5355248.0,-0.0087436,0.0,1.376
5355326.0,0.00044989,0.0,2.064
5355405.0,-0.00214057,0.0,2.064
5355483.0,-0.00503576,0.0,2.064
5355561.0,-0.00828659,0.0,2.064
5355639.0,0.00395453,0.0,1.72
5355717.0,-0.00127709,0.0,2.064
5355795.0,-0.01316265,0.0,2.408
5355873.0,0.00593547,0.0,2.064
5355951.0,-0.00523889,0.0,1.72
5356029.0,-0.00488348,0.0,1.72
5356108.0,-0.02078153,0.0,3.44
5356186.0,0.01406236,0.0,2.064
5356264.0,-0.02789249,0.0,1.72
5356342.0,0.00212603,0.0,1.72
5356420.0,-0.00315642,0.0,2.064
5356498.0,0.00507206,0.0,1.376
5356576.0,0.01406236,0.0,2.064
5356654.0,0.00405613,0.0,2.064
5356733.0,-0.01128323,0.0,2.408
5356811.0,0.01289414,0.0,1.72
5356889.0,-0.00153105,0.0,2.408
5356967.0,-0.00945481,0.0,1.72
5357045.0,-0.00132792,0.0,2.064
5357123.0,-0.00325795,0.0,2.064
5357201.0,-0.01504199,0.0,2.064
5357279.0,0.01533217,0.0,2.064
5357357.0,-0.01204512,0.0,2.408
5357435.0,0.00278632,0.0,2.064
5357514.0,0.02061462,0.0,2.408
5357592.0,-0.00117548,0.0,2.064
5357670.0,-0.02047681,0.0,2.752
5357748.0,-0.01275625,0.0,1.376
5357826.0,-0.00782935,0.0,2.064
5357904.0,0.00202451,0.0,2.752
5357982.0,0.00989728,0.0,2.064
5358060.0,-0.02565766,0.0,2.064
5358138.0,0.00766237,0.0,2.408
5358217.0,0.00217679,0.0,2.064
5358295.0,0.00842434,0.0,2.064
5358373.0,0.00375141,0.0,1.72
5358451.0,-0.01372126,0.0,2.408
5358529.0,0.00212603,0.0,1.72
5358607.0,-0.00127709,0.0,1.72
5358685.0,-0.00295322,0.0,2.064
5358763.0,-0.008642,0.0,1.72
5358842.0,0.00883074,0.0,2.064
5358920.0,-0.02128945,0.0,2.064
5358998.0,0.00811954,0.0,1.72
5359076.0,0.00385301,0.0,1.72
5359154.0,-0.00320719,0.0,2.408
5359232.0,-0.00991189,0.0,1.72
5359310.0,-0.02225454,0.0,2.064
5359388.0,-0.000312,0.0,1.72
5359467.0,-0.00386755,0.0,1.72
5359545.0,0.01253858,0.0,1.376
5359623.0,-0.01519435,0.0,1.72
5359701.0,-0.00214057,0.0,2.064
5359779.0,-0.00676267,0.0,2.064
5359857.0,-0.00335955,0.0,2.408
5359935.0,-0.02362588,0.0,2.064
5360013.0,-0.00214057,0.0,1.72
5360091.0,0.01040528,0.0,1.376
5360169.0,-0.00219134,0.0,1.72
5360248.0,-0.00808332,0.0,2.064
5360326.0,-0.0011248,0.0,1.72
5360404.0,-0.0119436,0.0,2.408
5360482.0,0.0085767,0.0,2.064
5360560.0,0.00207519,0.0,1.72
5360638.0,-0.0006168,0.0,1.72
5360716.0,-0.01123247,0.0,2.064
5360794.0,-0.00965786,0.0,1.376
5360872.0,-0.0117404,0.0,1.72
5360951.0,-0.00782935,0.0,2.064
5361029.0,-0.01570227,0.0,2.064
5361107.0,-0.00087076,0.0,2.064
5361185.0,0.00283708,0.0,2.064
5361263.0,-0.00655954,0.0,2.064
5361341.0,0.01172593,0.0,1.72
5361419.0,-0.01199443,0.0,2.064
5361497.0,0.01822728,0.0,2.064
5361575.0,0.01390999,0.0,2.064
5361654.0,-0.01356897,0.0,2.064
5361732.0,-0.00823575,0.0,2.064
5361810.0,0.01076076,0.0,2.064
5361888.0,0.00898303,0.0,1.72
5361966.0,0.00253236,0.0,2.064
5362044.0,-0.00280086,0.0,1.72
5362122.0,0.00349737,0.0,2.064
5362201.0,-0.01052134,0.0,2.064
5362279.0,-0.0070167,0.0,2.064
5362357.0,0.02066539,0.0,2.064
5362435.0,0.00116102,0.0,1.72
5362513.0,0.00202451,0.0,2.064
5362591.0,0.010202,0.0,1.72
5362669.0,0.01416388,0.0,2.064
5362747.0,-0.01087691,0.0,1.72
5362825.0,-0.02525126,0.0,2.064
5362904.0,-0.00356275,0.0,2.408
5362982.0,-0.02570842,0.0,2.064
5363060.0,0.01462097,0.0,2.064
5363138.0,-0.0043754,0.0,2.064
5363216.0,-0.01087691,0.0,2.064
5363294.0,0.00192283,0.0,2.064
5363372.0,-0.01006426,0.0,2.064
5363450.0,-0.00056603,0.0,2.408
5363528.0,-0.00610238,0.0,2.064
5363607.0,-0.00569605,0.0,2.064
5363685.0,0.01106556,0.0,2.064
5363763.0,0.00359897,0.0,2.064
5363841.0,0.01055756,0.0,2.064
5363919.0,-0.02012124,0.0,2.064
5363997.0,-0.02306719,0.0,2.064
5364075.0,-0.00198821,0.0,2.064
5364153.0,-0.02586086,0.0,2.408
5364231.0,0.00771321,0.0,2.064
5364310.0,-0.00386755,0.0,2.064
5364388.0,-0.03642569,0.0,1.72
5364466.0,-0.00026131,0.0,2.064
5364544.0,0.00334508,0.0,2.064
5364622.0,0.00476733,0.0,2.408
5364700.0,-0.00818492,0.0,2.064
5364778.0,0.00923699,0.0,2.064
5364856.0,-0.01387377,0.0,2.064
5364935.0,-0.00544209,0.0,2.064
5365013.0,0.00420857,0.0,2.064
5365091.0,0.00796725,0.0,1.72
5365169.0,0.00380217,0.0,2.064
5365247.0,-0.00341039,0.0,1.72
5365325.0,-0.00026131,0.0,2.064
5365403.0,0.00075462,0.0,1.72
5365481.0,-0.01168963,0.0,1.72
5365559.0,0.00862754,0.0,2.408
5365638.0,-0.01219748,0.0,2.064
5365716.0,-0.00087076,0.0,2.064
5365794.0,0.00039898,0.0,2.064
5365872.0,-0.01839434,0.0,2.064
5365950.0,-0.00655954,0.0,2.408
5366028.0,0.0126401,0.0,2.064
5366106.0,-0.004985,0.0,2.064
5366184.0,-0.01077538,0.0,2.408
5366262.0,0.00334508,0.0,1.72
5366341.0,-0.00767699,0.0,2.064
5366419.0,0.00766237,0.0,2.064
5366497.0,-0.00960717,0.0,2.408
5366575.0,0.00344661,0.0,1.72
5366653.0,-0.00793103,0.0,2.064
5366731.0,-0.00915001,0.0,2.064
5366809.0,0.00268479,0.0,2.064
5366887.0,0.00034829,0.0,2.064
5366965.0,-0.01158803,0.0,1.72
5367044.0,-0.00269926,0.0,2.064
5367122.0,-0.00854048,0.0,2.064
5367200.0,-0.01011509,0.0,2.064
5367278.0,-0.0133657,0.0,1.72
5367356.0,0.0197003,0.0,1.72
5367434.0,-0.00965786,0.0,2.064
5367512.0,0.00639263,0.0,2.064
5367590.0,0.00466566,0.0,1.72
5367668.0,-0.01890219,0.0,2.408
5367747.0,0.01294483,0.0,2.064
5367825.0,-0.0069151,0.0,2.064
5367903.0,-0.00219134,0.0,1.376
5367981.0,-0.01118163,0.0,1.376
5368059.0,-0.00772783,0.0,2.064
5368137.0,0.00461482,0.0,2.064
5368215.0,0.00034829,0.0,1.376
5368294.0,-0.00417228,0.0,2.408
5368372.0,-0.0180387,0.0,1.72
5368450.0,-0.016007,0.0,2.064
5368528.0,-0.01163887,0.0,1.72
5368606.0,-0.0025469,0.0,2.064
5368684.0,-0.00600078,0.0,1.72
5368762.0,0.00608791,0.0,2.064
5368840.0,-0.00462944,0.0,2.064
5368918.0,0.00309104,0.0,2.064
5368997.0,-0.00081992,0.0,2.064
5369075.0,0.00629103,0.0,2.064
5369153.0,-0.00290246,0.0,2.064
5369231.0,0.01446868,0.0,2.064
5369309.0,-0.01082622,0.0,2.064
5369387.0,0.0200051,0.0,2.064
5369465.0,-0.03378447,0.0,2.064
5369543.0,0.00974499,0.0,2.408
5369621.0,-0.01443246,0.0,2.064
5369700.0,0.01137037,0.0,2.408
5369778.0,-0.00356275,0.0,2.064
5369856.0,-0.00087076,0.0,2.064
5369934.0,-0.01295945,0.0,2.064
5370012.0,0.01106556,0.0,2.064
5370090.0,-0.00950557,0.0,2.408
5370168.0,0.01431624,0.0,2.064
5370246.0,0.00563067,0.0,2.064
5370324.0,-0.00381671,0.0,2.064
5370402.0,-0.00742295,0.0,1.72
5370481.0,-0.01529587,0.0,1.72
5370559.0,0.00207519,0.0,2.064
5370637.0,-0.00539133,0.0,2.064
5370715.0,-0.00137861,0.0,2.064
5370793.0,0.00486886,0.0,2.408
5370871.0,-0.0156006,0.0,2.064
5370949.0,0.00044989,0.0,2.064
5371027.0,0.01548446,0.0,1.376
5371105.0,-0.02809576,0.0,2.064
5371184.0,0.00380217,0.0,2.064
5371262.0,0.02173215,0.0,2.064
5371340.0,0.00344661,0.0,2.752
5371418.0,0.01822728,0.0,2.064
5371496.0,0.01441792,0.0,2.064
5371574.0,0.00136414,0.0,2.064
5371652.0,-0.00305482,0.0,2.064
5371730.0,0.02163048,0.0,1.72
5371809.0,-0.00574696,0.0,2.064
5371887.0,-0.00589918,0.0,2.064
5371965.0,0.00024669,0.0,2.064
5372043.0,-0.000312,0.0,2.064
5372121.0,0.01436716,0.0,2.064
5372199.0,-0.01245152,0.0,2.064
5372277.0,0.01644962,0.0,1.72
5372355.0,-0.00981037,0.0,1.72
5372434.0,-0.00925161,0.0,2.064
5372512.0,0.00273548,0.0,2.064
5372590.0,0.00497038,0.0,2.408
5372668.0,0.00344661,0.0,2.064
5372746.0,-0.0293655,0.0,2.408
5372824.0,0.00273548,0.0,2.408
5372902.0,-0.00539133,0.0,2.064
5372980.0,-0.0199688,0.0,1.72
5373058.0,-0.01575304,0.0,1.72
5373137.0,0.01345283,0.0,2.408
5373215.0,0.01035451,0.0,1.72
5373293.0,-0.00234385,0.0,2.408
5373371.0,-0.008642,0.0,2.064
5373449.0,-0.01082622,0.0,2.408
5373527.0,-0.00107388,0.0,1.72
5373605.0,0.00034829,0.0,2.064
5373683.0,0.00923699,0.0,2.408
5373761.0,0.00542762,0.0,3.096
5373840.0,0.00156727,0.0,2.408
5373918.0,-0.00772783,0.0,2.752
5373996.0,0.00029745,0.0,2.064
5374074.0,-0.0084388,0.0,2.752
5374152.0,0.00751001,0.0,2.064
5374230.0,4.349e-05,0.0,2.752
5374308.0,-0.00386755,0.0,2.064
5374386.0,0.00100858,0.0,2.408
5374464.0,4.349e-05,0.0,2.064
5374543.0,-0.02083237,0.0,2.064
5374621.0,0.01472264,0.0,2.064
5374699.0,-0.01036906,0.0,2.064
5374777.0,-0.00925161,0.0,1.72
5374855.0,-0.02687671,0.0,2.064
5374933.0,0.00532595,0.0,2.064
5375011.0,-0.00676267,0.0,2.064
5375090.0,0.0131481,0.0,2.408
5375168.0,-0.0119436,0.0,2.408
5375246.0,0.00644347,0.0,1.72
5375324.0,-0.01179123,0.0,1.72
5375402.0,0.00354828,0.0,2.408
5375480.0,-0.00325795,0.0,2.064
5375558.0,0.00639263,0.0,2.064
5375636.0,0.00385301,0.0,1.72
5375714.0,-0.02012124,0.0,2.408
5375793.0,-0.00523889,0.0,1.376
5375871.0,0.01492569,0.0,2.064
5375949.0,0.02284945,0.0,2.064
5376027.0,0.02858907,0.0,1.72
5376105.0,-0.0004136,0.0,2.064
5376183.0,0.00075462,0.0,2.408
5376261.0,0.00466566,0.0,1.72
5376339.0,0.01512897,0.0,2.064
5376417.0,0.01385915,0.0,2.752
5376496.0,-0.00153105,0.0,2.064
5376574.0,0.00964331,0.0,1.72
5376652.0,-0.00640725,0.0,2.064
5376730.0,-0.01138483,0.0,2.752
5376808.0,-0.00920077,0.0,2.064
5376886.0,0.00065302,0.0,1.032
5376964.0,-0.00422319,0.0,1.72
5377042.0,0.00720529,0.0,1.72
5377120.0,0.01065924,0.0,1.72
5377199.0,0.00862754,0.0,1.72
5377277.0,-0.02144182,0.0,2.064
5377355.0,0.00105934,0.0,2.064
5377433.0,0.01446868,0.0,2.408
5377511.0,-0.00635642,0.0,2.064
5377589.0,-0.00427388,0.0,2.064
5377667.0,0.00151651,0.0,1.72
5377745.0,0.00126254,0.0,2.064
5377823.0,0.00050073,0.0,2.064
5377902.0,0.01035451,0.0,2.064
5377980.0,-0.00386755,0.0,2.408
5378058.0,-0.02301651,0.0,2.064
5378136.0,0.00827197,0.0,2.064
5378214.0,0.00105934,0.0,1.72
5378292.0,-0.01301028,0.0,2.064
5378370.0,0.00182131,0.0,1.376
5378448.0,0.00126254,0.0,1.72
5378526.0,-0.00711823,0.0,2.064
5378605.0,-0.01341653,0.0,2.408
5378683.0,-0.01834343,0.0,2.408
5378761.0,0.01050688,0.0,1.72
5378839.0,-0.02184814,0.0,2.064
5378917.0,-0.0006168,0.0,1.72
5378995.0,0.02838587,0.0,2.064
5379073.0,-0.00666114,0.0,2.064
5379151.0,-0.02311803,0.0,2.408
5379230.0,0.03026521,0.0,2.752
5379308.0,-0.00833728,0.0,2.064
5379386.0,0.00039898,0.0,2.064
5379464.0,-0.01041982,0.0,2.064
5379542.0,-0.00036283,0.0,2.064
5379620.0,0.00471642,0.0,1.72
5379698.0,-0.00808332,0.0,2.064
5379776.0,-0.00523889,0.0,2.064
5379854.0,-0.0158038,0.0,2.064
5379933.0,-0.00579765,0.0,2.064
5380011.0,-0.0119436,0.0,2.064
5380089.0,0.00507206,0.0,2.064
5380167.0,0.00563067,0.0,1.376
5380245.0,0.00552915,0.0,2.064
5380323.0,0.00197359,0.0,2.064
5380401.0,0.0091863,0.0,2.408
5380479.0,0.00304028,0.0,3.096
5380557.0,0.00232923,0.0,2.064
5380636.0,0.00644347,0.0,2.064
5380714.0,0.01182745,0.0,2.752
5380792.0,0.00329424,0.0,2.064
5380870.0,-0.00721983,0.0,1.72
5380948.0,-0.00188661,0.0,2.064
5381026.0,0.00842434,0.0,2.408
5381104.0,0.0295034,0.0,2.064
5381182.0,-0.0025469,0.0,2.408
5381260.0,-0.00401991,0.0,2.064
5381339.0,0.00542762,0.0,3.096
5381417.0,0.01365595,0.0,1.376
5381495.0,-0.01544831,0.0,2.752
5381573.0,0.00913546,0.0,2.064
5381651.0,-0.00178509,0.0,2.064
5381729.0,0.00146574,0.0,2.408
5381807.0,-0.02657183,0.0,2.064
5381886.0,-0.00564529,0.0,2.064
5381964.0,-0.0006168,0.0,2.408
5382042.0,-0.00188661,0.0,2.064
5382120.0,-0.02291483,0.0,2.408
5382198.0,-0.00193737,0.0,2.408
5382276.0,0.00248159,0.0,3.096
5382354.0,0.00725612,0.0,2.064
5382432.0,-0.00148021,0.0,2.064
5382510.0,0.01487501,0.0,2.064
5382589.0,-0.00300414,0.0,2.064
5382667.0,-0.00920077,0.0,1.72
5382745.0,-0.00483264,0.0,2.064
5382823.0,-0.00503576,0.0,2.408
5382901.0,-0.00183577,0.0,2.064
5382979.0,0.00933851,0.0,2.064
5383057.0,0.00796725,0.0,2.064
5383135.0,-0.00097236,0.0,2.064
5383213.0,0.01411312,0.0,1.72
5383292.0,-0.00991189,0.0,2.064
5383370.0,-0.00026131,0.0,2.064
5383448.0,-0.00930229,0.0,2.064
5383526.0,-0.00127709,0.0,2.064
5383604.0,0.01436716,0.0,2.064
5383682.0,-0.00899757,0.0,1.72
5383760.0,-0.00183577,0.0,2.408
5383838.0,-0.00615322,0.0,1.376
5383916.0,-0.00087076,0.0,1.72
5383995.0,-0.00076916,0.0,1.72
5384073.0,0.00034829,0.0,2.408
5384151.0,0.00933851,0.0,1.72
5384229.0,-0.02702907,0.0,1.72
5384307.0,0.00893226,0.0,2.064
5384385.0,0.00944019,0.0,2.408
5384463.0,0.00354828,0.0,1.72
5384541.0,-0.02123869,0.0,2.064
5384619.0,-0.01001342,0.0,2.408
5384698.0,-0.01819114,0.0,2.408
5384776.0,-0.00295322,0.0,2.064
5384854.0,0.0083735,0.0,1.72
5384932.0,-0.00635642,0.0,2.064
5385010.0,0.00629103,0.0,1.72
5385088.0,-0.00945481,0.0,2.408
5385166.0,-0.01113094,0.0,2.064
5385244.0,0.00024669,0.0,2.064
5385323.0,-0.01041982,0.0,2.408
5385401.0,0.0014149,0.0,2.064
5385479.0,0.00629103,0.0,2.064
5385557.0,0.00055142,0.0,2.064
5385635.0,0.01142105,0.0,2.064
5385713.0,-0.00808332,0.0,1.72
5385791.0,-0.01514351,0.0,2.064
5385869.0,-0.01067378,0.0,2.408
5385947.0,-0.00071832,0.0,2.064
5386026.0,0.00370057,0.0,2.064
5386104.0,-0.02784172,0.0,1.72
5386182.0,4.349e-05,0.0,2.064
5386260.0,0.00359897,0.0,2.064
5386338.0,-0.00696594,0.0,2.064
5386416.0,-0.01458475,0.0,2.064
5386494.0,0.00644347,0.0,2.064
5386572.0,-0.00752463,0.0,2.064
5386651.0,-0.01199443,0.0,2.064
5386729.0,-0.00798172,0.0,2.064
5386807.0,0.00842434,0.0,2.064
5386885.0,-0.00706754,0.0,2.064
5386963.0,-0.02545446,0.0,2.064
5387041.0,0.01771936,0.0,2.064
5387119.0,-0.01209596,0.0,2.064
5387197.0,0.00994811,0.0,2.064
5387275.0,0.00791641,0.0,2.064
5387354.0,0.00456413,0.0,2.064
5387432.0,-0.0028517,0.0,2.064
5387510.0,0.01629718,0.0,1.72
5387588.0,0.00192283,0.0,2.064
5387666.0,-0.00965786,0.0,2.064
5387744.0,0.00740849,0.0,2.064
5387822.0,-0.00833728,0.0,2.064
5387900.0,-0.01067378,0.0,2.064
5387978.0,-0.02707991,0.0,2.408
5388056.0,0.00486886,0.0,1.72
5388135.0,-0.00950557,0.0,2.064
5388213.0,-0.00589918,0.0,2.064
5388291.0,0.00324356,0.0,2.408
5388369.0,-0.00833728,0.0,2.408
5388447.0,-0.00767699,0.0,2.408
5388525.0,-0.01021662,0.0,2.064
5388603.0,-0.01204512,0.0,2.064
5388681.0,-0.02149273,0.0,2.064
5388759.0,-0.00955633,0.0,2.408
5388838.0,0.00928783,0.0,2.064
5388916.0,-0.01575304,0.0,2.752
5388994.0,-0.01920692,0.0,2.408
5389072.0,-0.00148021,0.0,2.064
5389150.0,-0.00183577,0.0,2.064
5389228.0,-0.00371511,0.0,2.064
5389306.0,-0.01026746,0.0,1.72
5389384.0,-0.01229916,0.0,2.064
5389463.0,-0.00335955,0.0,2.408
5389541.0,-0.01869906,0.0,2.064
5389619.0,-0.01265472,0.0,2.408
5389697.0,-0.00970869,0.0,2.064
5389775.0,-0.00081992,0.0,2.064
5389853.0,0.00349737,0.0,2.408
5389931.0,-0.02992426,0.0,2.064
5390009.0,0.00187207,0.0,2.064
5390088.0,0.00278632,0.0,2.064
5390166.0,-0.00127709,0.0,2.064
5390244.0,-0.01026746,0.0,1.72
5390322.0,-0.00991189,0.0,2.064
5390400.0,-0.01123247,0.0,2.064
5390478.0,-0.00986106,0.0,1.72
5390556.0,0.0108116,0.0,1.72
5390634.0,-0.00899757,0.0,1.72
5390712.0,0.00395453,0.0,2.064
5390791.0,-0.00564529,0.0,2.064
5390869.0,-0.00996258,0.0,2.064
5390947.0,0.01533217,0.0,2.064
5391025.0,-0.00401991,0.0,2.064
5391103.0,-0.01473719,0.0,1.72
5391181.0,0.01553529,0.0,2.064
5391259.0,-0.0046802,0.0,2.408
5391337.0,0.00217679,0.0,2.064
5391415.0,-0.00635642,0.0,1.72
5391494.0,0.00288792,0.0,2.064
5391572.0,0.00842434,0.0,1.72
5391650.0,0.00888142,0.0,1.72
5391728.0,-0.00097236,0.0,1.376
5391806.0,0.02483039,0.0,2.064
5391884.0,-0.0158038,0.0,1.72
5391962.0,-0.00442624,0.0,2.408
5392040.0,-5.803e-05,0.0,1.72
5392118.0,0.00034829,0.0,2.064
5392197.0,-0.0005152,0.0,1.376
5392275.0,0.00893226,0.0,2.064
5392353.0,-0.00777852,0.0,1.72
5392431.0,0.00232923,0.0,2.064
5392509.0,0.00156727,0.0,2.408
5392587.0,-0.01849587,0.0,2.064
5392665.0,0.00283708,0.0,2.064
5392743.0,0.00207519,0.0,2.408
5392822.0,-0.01097858,0.0,2.408
5392900.0,-0.01727681,0.0,1.72
5392978.0,0.01634802,0.0,2.064
5393056.0,0.00329424,0.0,1.72
5393134.0,-0.00153105,0.0,1.72
5393212.0,-0.00569605,0.0,2.408
5393290.0,-0.01052134,0.0,2.408
5393368.0,0.00024669,0.0,1.72
5393447.0,-0.01367057,0.0,1.376
5393525.0,0.01512897,0.0,2.064
5393603.0,-0.00269926,0.0,2.064
5393681.0,0.0045133,0.0,1.72
5393759.0,-0.00163265,0.0,2.064
5393837.0,0.01355443,0.0,2.064
5393915.0,0.00197359,0.0,2.064
5393993.0,0.01451944,0.0,2.064
5394071.0,0.00237992,0.0,2.064
5394150.0,0.01106556,0.0,2.064
5394228.0,0.01858285,0.0,2.064
5394306.0,-0.00452791,0.0,2.064
5394384.0,0.00268479,0.0,2.064
5394462.0,-0.00452791,0.0,2.064
5394540.0,0.00075462,0.0,2.064
5394618.0,-0.00391831,0.0,2.064
5394696.0,0.00029745,0.0,2.064
5394774.0,-0.00219134,0.0,2.064
5394852.0,-0.00899757,0.0,2.408
5394931.0,-0.00721983,0.0,2.064
5395009.0,-0.00117548,0.0,2.064
5395087.0,0.00349737,0.0,2.064
5395165.0,-0.00412144,0.0,2.064
5395243.0,0.01182745,0.0,2.064
5395321.0,-0.0203752,0.0,2.064
5395399.0,-0.008642,0.0,1.72
5395477.0,0.01248782,0.0,2.064
5395556.0,-0.01509275,0.0,2.064
5395634.0,-0.00554376,0.0,2.064
5395712.0,-0.01209596,0.0,1.72
5395790.0,0.00090698,0.0,2.064
5395868.0,0.03376992,0.0,2.752
5395946.0,-0.00412144,0.0,2.064
5396024.0,-0.00127709,0.0,2.064
5396102.0,-0.00422319,0.0,2.408
5396181.0,-0.00452791,0.0,2.408
5396259.0,0.00466566,0.0,2.064
5396337.0,0.00949103,0.0,2.064
5396415.0,-0.00442624,0.0,2.064
5396493.0,-0.0011248,0.0,2.752
5396571.0,-0.01047066,0.0,2.064
5396649.0,0.00735765,0.0,2.064
5396727.0,0.00055142,0.0,2.064
5396805.0,-0.01844503,0.0,2.064
5396884.0,-0.00432471,0.0,2.064
5396962.0,-0.00142952,0.0,2.408
5397040.0,-0.01097858,0.0,1.376
5397118.0,0.00725612,0.0,2.064
5397196.0,-0.00711823,0.0,2.064
5397274.0,-0.01351821,0.0,2.752
5397352.0,-0.01681965,0.0,2.408
5397430.0,-0.01306097,0.0,2.064
5397508.0,0.00461482,0.0,2.064
5397587.0,-0.02007048,0.0,2.408
5397665.0,-0.01097858,0.0,2.064
5397743.0,-0.00625474,0.0,2.064
5397821.0,-0.00452791,0.0,2.064
5397899.0,0.00700209,0.0,2.408
5397977.0,-0.00036283,0.0,2.064
5398055.0,0.00349737,0.0,2.064
5398133.0,-0.00036283,0.0,2.064
5398211.0,-0.01422926,0.0,1.72
5398290.0,-0.00036283,0.0,1.72
5398368.0,0.00095774,0.0,1.72
5398446.0,-0.00645794,0.0,1.72
5398524.0,0.01360512,0.0,2.064
5398602.0,0.00415773,0.0,1.72
5398680.0,0.0132497,0.0,2.064
5398758.0,-0.01605784,0.0,2.064
5398836.0,0.00151651,0.0,1.72
5398914.0,-0.00239454,0.0,1.72
5398993.0,-0.00269926,0.0,2.064
5399071.0,-0.00193737,0.0,1.72
5399149.0,0.00024669,0.0,1.72
5399227.0,-0.01245152,0.0,2.064
5399305.0,0.01157349,0.0,1.72
5399383.0,0.00050073,0.0,2.064
5399461.0,-0.00549293,0.0,2.064
5399539.0,-0.01295945,0.0,1.72
5399618.0,0.01152265,0.0,1.72
5399696.0,-0.00219134,0.0,1.72
5399774.0,0.02325578,0.0,2.064
5399852.0,0.00791641,0.0,2.408
5399930.0,0.01680511,0.0,2.064
5400008.0,-0.00371511,0.0,2.064
5400086.0,-0.00153105,0.0,2.064
5400164.0,0.00964331,0.0,2.064
5400243.0,0.01299567,0.0,1.72
5400321.0,0.0069514,0.0,2.064
5400399.0,-0.01372126,0.0,1.72
5400477.0,0.00202451,0.0,2.064
5400555.0,-0.0043754,0.0,1.72
5400633.0,-0.00655954,0.0,2.064
5400711.0,-0.0028517,0.0,1.72
5400789.0,-0.0182419,0.0,2.408
5400867.0,0.01355443,0.0,1.72
5400946.0,-0.00356275,0.0,2.064
5401024.0,-7.27e-06,0.0,1.72
5401102.0,-0.02007048,0.0,2.408
5401180.0,0.0087799,0.0,1.376
5401258.0,9.425e-05,0.0,2.064
5401336.0,-0.01219748,0.0,2.752
5401414.0,-0.02032437,0.0,2.064
5401492.0,-0.0139753,0.0,2.752
5401570.0,-0.00239454,0.0,2.408
5401649.0,0.01187829,0.0,2.064
5401727.0,0.00044989,0.0,2.064
5401805.0,0.00187207,0.0,2.064
5401883.0,-0.03048295,0.0,1.72
5401961.0,-0.00183577,0.0,1.72
5402039.0,-0.0005152,0.0,2.064
5402117.0,-0.00808332,0.0,2.064
5402195.0,0.00197359,0.0,2.064
5402273.0,0.01370679,0.0,2.064
5402352.0,-0.01808961,0.0,2.064
5402430.0,0.00598623,0.0,1.72
5402508.0,-0.00417228,0.0,2.408
5402586.0,0.01126876,0.0,2.064
5402664.0,-0.01102934,0.0,2.064
5402742.0,-0.01615936,0.0,2.408
5402820.0,0.00415773,0.0,2.064
5402898.0,0.00761169,0.0,1.72
5402976.0,0.01258934,0.0,2.064
5403055.0,-0.00828659,0.0,2.064
5403133.0,0.00050073,0.0,1.376
5403211.0,-0.00356275,0.0,2.064
5403289.0,0.00466566,0.0,2.064
5403367.0,-0.00335955,0.0,2.064
5403445.0,-0.00579765,0.0,2.408
5403523.0,0.00105934,0.0,2.064
5403601.0,0.01446868,0.0,2.064
5403680.0,-0.00290246,0.0,1.376
5403758.0,-0.00803255,0.0,2.064
5403836.0,0.00649416,0.0,2.064
5403914.0,-0.01712438,0.0,2.064
5403992.0,-0.00325795,0.0,2.408
5404070.0,-0.00168349,0.0,2.064
5404148.0,0.00197359,0.0,1.72
5404226.0,-0.02941634,0.0,2.064
5404305.0,-0.00442624,0.0,2.064
5404383.0,0.00161803,0.0,1.376
5404461.0,-0.004477,0.0,2.064
5404539.0,-0.02149273,0.0,2.064
5404617.0,-0.0025469,0.0,2.064
5404695.0,-0.00904841,0.0,2.064
5404773.0,-0.01041982,0.0,2.064
5404851.0,0.00568143,0.0,2.064
5404929.0,-0.02398152,0.0,1.72
5405007.0,-0.00320719,0.0,2.064
5405086.0,0.00207519,0.0,2.064
5405164.0,-0.00127709,0.0,2.064
5405242.0,0.03844293,0.0,2.064
5405320.0,0.00344661,0.0,1.72
5405398.0,-0.00696594,0.0,2.064
5405476.0,-0.02819729,0.0,2.064
5405554.0,0.0012117,0.0,1.72
5405632.0,0.00385301,0.0,2.064
5405710.0,-0.00356275,0.0,2.064
5405789.0,-0.00650878,0.0,1.72
5405867.0,0.00771321,0.0,1.72
5405945.0,0.00847518,0.0,2.064
5406023.0,-0.00178509,0.0,1.72
5406101.0,-0.00214057,0.0,2.064
5406179.0,-0.00219134,0.0,1.376
5406257.0,0.00034829,0.0,2.408
5406335.0,0.01751623,0.0,2.064
5406414.0,0.00111018,0.0,2.752
5406492.0,0.00608791,0.0,2.408
5406570.0,0.01157349,0.0,2.408
5406648.0,-0.01590532,0.0,2.064
5406726.0,-0.00803255,0.0,2.064
5406804.0,-0.01433086,0.0,2.064
5406882.0,-0.01041982,0.0,2.408
5406960.0,-0.00173425,0.0,2.064
5407039.0,0.01360512,0.0,2.408
5407117.0,-0.00564529,0.0,2.064
5407195.0,-0.00483264,0.0,2.064
5407273.0,0.0130465,0.0,2.064
5407351.0,0.02843671,0.0,2.064
5407429.0,-0.01565151,0.0,2.064
5407507.0,-0.00295322,0.0,2.064
5407585.0,-0.00021047,0.0,2.064
5407663.0,-0.00615322,0.0,2.064
5407742.0,-0.0006168,0.0,2.064
5407820.0,0.01050688,0.0,2.064
5407898.0,-0.00528973,0.0,2.064
5407976.0,-0.00559445,0.0,2.752
5408054.0,0.00278632,0.0,2.064
5408132.0,0.00679888,0.0,2.064
5408210.0,-0.01128323,0.0,2.064
5408288.0,0.00893226,0.0,2.064
5408366.0,0.01792256,0.0,2.064
5408445.0,0.00461482,0.0,2.408
5408523.0,0.00822114,0.0,1.376
5408601.0,-0.00391831,0.0,1.72
5408679.0,-0.01240068,0.0,2.064
5408757.0,-0.01270541,0.0,2.064
5408835.0,-0.00127709,0.0,2.408
5408913.0,-0.00569605,0.0,2.064
5408991.0,0.01639878,0.0,1.72
5409069.0,-0.02454021,0.0,1.72
5409148.0,-0.00534049,0.0,1.376
5409226.0,-0.02433708,0.0,1.72
5409304.0,0.02488123,0.0,2.064
5409382.0,-0.00087076,0.0,1.72
5409460.0,-0.01113094,0.0,2.064
5409538.0,-0.01321341,0.0,1.376
5409616.0,0.0045133,0.0,2.064
5409694.0,0.00314188,0.0,1.72
5409772.0,0.00202451,0.0,1.72
5409851.0,-0.00320719,0.0,1.376
5409929.0,-0.00854048,0.0,2.064
5410007.0,-0.01123247,0.0,1.376
5410085.0,-0.00137861,0.0,2.408
5410163.0,-0.00132792,0.0,1.376
5410241.0,-0.008642,0.0,2.064
5410319.0,-0.00188661,0.0,1.376
5410397.0,-0.00569605,0.0,2.064
5410476.0,-0.008642,0.0,2.064
5410554.0,-0.0087436,0.0,2.064
5410632.0,0.01319887,0.0,1.376
5410710.0,-0.00376595,0.0,2.064
5410788.0,-0.01514351,0.0,2.064
5410866.0,0.01065924,0.0,2.064
5410944.0,-0.01285785,0.0,2.064
5411022.0,0.00111018,0.0,1.72
5411100.0,-0.04429854,0.0,2.064
5411179.0,0.0198019,0.0,2.408
5411257.0,-0.01509275,0.0,1.72
5411335.0,0.00263396,0.0,2.064
5411413.0,9.425e-05,0.0,1.72
5411491.0,0.00298952,0.0,2.064
5411569.0,-0.00782935,0.0,1.72
5411647.0,-0.00605169,0.0,2.064
5411725.0,0.00964331,0.0,1.72
5411803.0,0.00268479,0.0,2.064
5411882.0,0.02178284,0.0,2.064
5411960.0,-0.01158803,0.0,1.72
5412038.0,0.00055142,0.0,2.064
5412116.0,0.00364981,0.0,1.376
5412194.0,-0.00330886,0.0,2.064
5412272.0,0.00593547,0.0,1.72
5412350.0,-0.0009216,0.0,2.064
5412428.0,-0.00076916,0.0,2.408
5412506.0,-0.00539133,0.0,2.064
5412585.0,-0.01433086,0.0,2.064
5412663.0,0.00756085,0.0,2.064
5412741.0,-0.00945481,0.0,2.064
5412819.0,-0.0087436,0.0,1.72
5412897.0,0.00085622,0.0,2.064
5412975.0,-0.00904841,0.0,2.064
5413053.0,-0.00473096,0.0,2.064
5413132.0,-0.00493416,0.0,2.064
5413210.0,-0.01656569,0.0,2.064
5413288.0,-0.00945481,0.0,2.064
5413366.0,-0.01524504,0.0,1.72
5413444.0,0.00456413,0.0,2.064
5413522.0,-0.00574696,0.0,2.064
5413600.0,-0.00264857,0.0,2.064
5413678.0,-0.00920077,0.0,2.408
5413756.0,0.01203065,0.0,2.064
5413835.0,0.006545,0.0,2.064
5413913.0,-0.00493416,0.0,1.72
5413991.0,-0.00462944,0.0,2.064
5414069.0,-0.0046802,0.0,2.408
5414147.0,0.00293868,0.0,2.064
5414225.0,0.00756085,0.0,2.408
5414303.0,0.02523679,0.0,2.064
5414381.0,-0.00737227,0.0,2.408
5414459.0,0.00761169,0.0,2.064
5414537.0,0.00776405,0.0,1.72
5414616.0,-5.803e-05,0.0,1.72
5414694.0,9.425e-05,0.0,1.72
5414772.0,0.00080545,0.0,2.064
5414850.0,-0.00528973,0.0,2.064
5414928.0,-0.01209596,0.0,2.064
5415006.0,-0.00010887,0.0,2.064
5415084.0,-0.0027501,0.0,2.408
5415163.0,0.00095774,0.0,1.72
5415241.0,-0.00503576,0.0,2.408
5415319.0,-0.01031814,0.0,2.064
5415397.0,-0.00132792,0.0,2.408
5415475.0,0.00766237,0.0,2.064
5415553.0,-0.00087076,0.0,2.064
5415631.0,0.00151651,0.0,1.72
5415709.0,-0.01895303,0.0,2.752
5415787.0,-0.00239454,0.0,2.064
5415866.0,-0.01661653,0.0,2.064
5415944.0,-0.00269926,0.0,2.064
5416022.0,-0.00452791,0.0,2.408
5416100.0,0.00629103,0.0,2.064
5416178.0,0.00476733,0.0,2.752
5416256.0,0.00278632,0.0,2.064
5416334.0,0.00263396,0.0,2.064
5416412.0,0.00644347,0.0,2.064
5416490.0,-0.00706754,0.0,2.408
5416569.0,-0.00589918,0.0,2.408
5416647.0,0.00161803,0.0,2.064
5416725.0,-0.0005152,0.0,2.064
5416803.0,-0.00427388,0.0,2.064
5416881.0,0.00324356,0.0,1.72
5416959.0,-0.00950557,0.0,2.064
5417037.0,0.0013133,0.0,2.064
5417115.0,-0.00854048,0.0,2.064
5417193.0,-0.01316265,0.0,2.064
5417272.0,0.01076076,0.0,2.408
5417350.0,0.00126254,0.0,2.408
5417428.0,-0.01382293,0.0,1.72
5417506.0,0.01558613,0.0,2.064
5417584.0,0.01035451,0.0,2.064
5417662.0,0.026405,0.0,1.72
5417740.0,-0.00117548,0.0,1.72
5417818.0,-0.00549293,0.0,2.408
5417896.0,0.01279254,0.0,1.72
5417975.0,0.02462719,0.0,2.408
5418053.0,0.00827197,0.0,2.064
5418131.0,-0.00503576,0.0,2.064
5418209.0,-0.0084388,0.0,2.064
5418287.0,0.00029745,0.0,2.408
5418365.0,0.00187207,0.0,2.408
5418443.0,0.00324356,0.0,2.064
5418521.0,-0.01341653,0.0,1.376
5418599.0,0.00370057,0.0,2.064
5418678.0,-0.00127709,0.0,2.064
5418756.0,0.01584002,0.0,1.72
5418834.0,4.349e-05,0.0,1.376
5418912.0,-0.01387377,0.0,2.064
5418990.0,-0.01229916,0.0,1.376
5419068.0,-0.0025469,0.0,2.064
5419146.0,0.00720529,0.0,1.376
5419224.0,0.01909085,0.0,2.064
5419302.0,0.00806877,0.0,2.064
5419381.0,-0.01392446,0.0,2.064
5419459.0,-0.00234385,0.0,2.064
5419537.0,0.0091863,0.0,2.064
5419615.0,-0.00818492,0.0,2.408
5419693.0,-0.01361973,0.0,2.064
5419771.0,0.00400537,0.0,2.064
5419849.0,0.00537671,0.0,2.064
5419927.0,0.01594169,0.0,2.064
5420006.0,-0.0084388,0.0,1.72
5420084.0,-0.01681965,0.0,2.064
5420162.0,-0.00579765,0.0,2.064
5420240.0,0.02467803,0.0,2.064
5420318.0,0.01167509,0.0,2.064
5420396.0,-0.00422319,0.0,2.064
5420474.0,0.00740849,0.0,1.72
5420552.0,-0.00757539,0.0,1.376
5420630.0,0.00659576,0.0,2.064
5420709.0,-0.02418465,0.0,2.064
5420787.0,0.0012117,0.0,2.064
5420865.0,-0.00153105,0.0,1.72
5420943.0,-0.00981037,0.0,2.064
5421021.0,-0.00269926,0.0,2.064
5421099.0,-0.01829266,0.0,1.72
5421177.0,-0.01235,0.0,2.064
5421255.0,0.00309104,0.0,2.064
5421333.0,-0.01321341,0.0,2.064
5421412.0,0.00380217,0.0,2.408
5421490.0,-0.01976568,0.0,2.064
5421568.0,0.00415773,0.0,2.064
5421646.0,-0.00854048,0.0,1.72
5421724.0,-0.00742295,0.0,2.064
5421802.0,-0.01158803,0.0,1.72
5421880.0,0.00029745,0.0,2.064
5421958.0,0.01660198,0.0,2.064
5422037.0,0.01040528,0.0,2.064
5422115.0,-0.00610238,0.0,2.064
5422193.0,0.01827812,0.0,2.064
5422271.0,-0.01163887,0.0,2.064
5422349.0,-0.02631795,0.0,1.376
5422427.0,0.00527511,0.0,2.064
5422505.0,-0.0051882,0.0,1.72
5422583.0,-0.00330886,0.0,2.064
5422662.0,-0.01504199,0.0,2.408
5422740.0,-0.00798172,0.0,2.064
5422818.0,0.00039898,0.0,2.408
5422896.0,-0.00782935,0.0,2.064
5422974.0,-0.00554376,0.0,2.408
5423052.0,-0.01280708,0.0,2.064
5423130.0,-0.0043754,0.0,2.752
5423208.0,-0.00473096,0.0,2.064
5423286.0,0.01294483,0.0,2.408
5423365.0,-0.01773398,0.0,2.064
5423443.0,0.00161803,0.0,2.064
5423521.0,0.00649416,0.0,2.064
5423599.0,-0.02301651,0.0,2.064
5423677.0,-0.01092775,0.0,2.408
5423755.0,-0.00462944,0.0,2.752
5423833.0,-0.00341039,0.0,2.064
5423911.0,-0.00965786,0.0,2.064
5423989.0,-0.00569605,0.0,2.064
5424068.0,-0.01148651,0.0,1.72
5424146.0,-0.0025469,0.0,1.032
5424224.0,0.00197359,0.0,2.064
5424302.0,0.00324356,0.0,2.064
5424380.0,-0.00483264,0.0,2.064
5424458.0,0.00522442,0.0,2.752
5424536.0,-0.02281331,0.0,1.72
5424614.0,0.00766237,0.0,2.064
5424692.0,-0.0141785,0.0,2.064
5424771.0,-0.00076916,0.0,2.064
5424849.0,0.00126254,0.0,1.72
5424927.0,0.00283708,0.0,2.064
5425005.0,0.00268479,0.0,2.064
5425083.0,0.00390385,0.0,2.064
5425161.0,-0.00315642,0.0,2.064
5425239.0,-0.00981037,0.0,1.376
5425317.0,0.00309104,0.0,1.72
5425396.0,-0.00655954,0.0,1.376
5425474.0,0.03605559,0.0,1.72
5425552.0,-0.00407068,0.0,2.408
5425630.0,0.01269094,0.0,1.72
5425708.0,0.00745925,0.0,2.408
5425786.0,0.00568143,0.0,1.032
5425864.0,-0.01047066,0.0,1.72
5425942.0,0.01065924,0.0,1.72
5426020.0,-0.00813408,0.0,2.064
5426099.0,-0.004477,0.0,2.408
5426177.0,-0.0084388,0.0,2.064
5426255.0,-0.00234385,0.0,2.408
5426333.0,-0.00823575,0.0,2.064
5426411.0,-0.00757539,0.0,1.376
5426489.0,0.00522442,0.0,2.064
5426567.0,-0.01179123,0.0,2.064
5426645.0,-0.00427388,0.0,2.064
5426724.0,-0.00493416,0.0,2.064
5426802.0,-0.00767699,0.0,3.096
5426880.0,-0.00584849,0.0,2.408
5426958.0,0.00116102,0.0,2.064
5427036.0,0.00182131,0.0,2.064
5427114.0,-0.00600078,0.0,2.064
5427192.0,-0.00600078,0.0,1.72
5427270.0,-0.00295322,0.0,1.72
5427348.0,0.02056379,0.0,2.064
5427427.0,0.00039898,0.0,2.064
5427505.0,-0.01108011,0.0,2.064
5427583.0,0.02559235,0.0,2.064
5427661.0,-0.00320719,0.0,2.064
5427739.0,-0.00208981,0.0,2.064
5427817.0,-0.02184814,0.0,1.72
5427895.0,0.00608791,0.0,2.064
5427973.0,-0.01321341,0.0,2.064
5428051.0,-0.00960717,0.0,2.064
5428129.0,0.00461482,0.0,2.064
5428208.0,0.00065302,0.0,2.064
5428286.0,0.01213218,0.0,1.376
5428364.0,0.01568773,0.0,2.408
5428442.0,-0.00777852,0.0,2.064
5428520.0,-0.00671198,0.0,2.064
5428598.0,-0.0115372,0.0,2.064
5428676.0,-0.00081992,0.0,2.064
5428754.0,-0.00229294,0.0,2.064
5428832.0,-0.01438162,0.0,2.064
5428911.0,-0.00427388,0.0,2.064
5428989.0,-0.00295322,0.0,2.064
5429067.0,0.00217679,0.0,2.064
5429145.0,0.00883074,0.0,2.064
5429223.0,0.00334508,0.0,2.064
5429301.0,-0.00234385,0.0,2.064
5429379.0,-0.00198821,0.0,2.064
5429457.0,0.00309104,0.0,1.72
5429536.0,0.02163048,0.0,1.72
5429614.0,0.00547831,0.0,2.064
5429692.0,-0.01041982,0.0,2.064
5429770.0,0.01462097,0.0,2.752
5429848.0,0.02467803,0.0,2.064
5429926.0,0.00979575,0.0,2.752
5430004.0,-0.00894688,0.0,2.064
5430082.0,-0.01687056,0.0,2.408
5430161.0,-0.00371511,0.0,2.064
5430239.0,-0.00569605,0.0,2.064
5430317.0,0.00822114,0.0,2.064
5430395.0,-0.00757539,0.0,2.408
5430473.0,0.01878605,0.0,2.064
5430551.0,-0.01392446,0.0,2.408
5430629.0,0.00542762,0.0,2.064
5430707.0,-0.02169578,0.0,2.064
5430785.0,-0.00478173,0.0,1.72
5430864.0,-0.00737227,0.0,2.064
5430942.0,0.00502115,0.0,2.064
5431020.0,-0.0119436,0.0,2.752
5431098.0,-0.0045786,0.0,2.064
5431176.0,-0.00859132,0.0,2.064
5431254.0,0.0051229,0.0,1.72
5431332.0,-0.02200058,0.0,2.064
5431410.0,-0.02184814,0.0,2.064
5431488.0,0.00481802,0.0,2.408
5431567.0,0.01675435,0.0,2.064
5431645.0,-0.00676267,0.0,2.064
5431723.0,0.01289414,0.0,2.064
5431801.0,-0.00102312,0.0,2.064
5431879.0,0.01116716,0.0,2.064
5431957.0,-0.01097858,0.0,2.408
5432035.0,0.00994811,0.0,2.064
5432113.0,-0.02139105,0.0,1.72
5432191.0,0.00304028,0.0,2.752
5432270.0,-0.00071832,0.0,2.064
5432348.0,-0.00762623,0.0,2.064
5432426.0,-0.00579765,0.0,1.72
5432504.0,-0.00569605,0.0,2.064
5432582.0,0.01131953,0.0,2.064
5432660.0,-0.0115372,0.0,2.064
5432738.0,0.0045133,0.0,1.72
5432816.0,0.01355443,0.0,2.064
5432895.0,4.349e-05,0.0,1.72
5432973.0,-0.02215302,0.0,1.72
5433051.0,-0.00335955,0.0,1.376
5433129.0,-0.00396915,0.0,1.72
5433207.0,0.00563067,0.0,2.064
5433285.0,0.00644347,0.0,2.064
5433363.0,-0.00315642,0.0,1.72
5433441.0,-0.00153105,0.0,2.064
5433520.0,-0.00838812,0.0,1.72
5433598.0,0.0091863,0.0,2.064
5433676.0,0.00146574,0.0,2.064
5433754.0,0.0110148,0.0,1.72
5433832.0,-0.00757539,0.0,2.064
5433910.0,0.00847518,0.0,2.064
5433988.0,-0.00229294,0.0,2.408
5434066.0,-0.01626096,0.0,2.408
5434144.0,-0.0028517,0.0,2.064
5434223.0,0.00801794,0.0,2.064
5434301.0,-7.27e-06,0.0,1.72
5434379.0,-0.01768314,0.0,1.376
5434457.0,-0.00290246,0.0,2.064
5434535.0,-0.0004136,0.0,2.408
5434613.0,0.00400537,0.0,2.064
5434691.0,0.00364981,0.0,2.408
5434769.0,0.00507206,0.0,1.72
5434847.0,-0.02134022,0.0,1.72
5434925.0,-0.00188661,0.0,2.408
5435004.0,0.01629718,0.0,1.72
5435082.0,-0.00259766,0.0,2.064
5435160.0,0.01705907,0.0,2.064
5435238.0,0.00253236,0.0,2.408
5435316.0,0.00852594,0.0,2.064
5435394.0,-0.01057218,0.0,2.064
5435472.0,0.01213218,0.0,2.064
5435550.0,-0.02535293,0.0,2.064
5435629.0,-0.00523889,0.0,1.376
5435707.0,-0.01778474,0.0,2.064
5435785.0,-0.004985,0.0,1.72
5435863.0,-0.00600078,0.0,2.064
5435941.0,-0.00493416,0.0,2.064
5436019.0,0.0061386,0.0,1.72
5436097.0,0.00832266,0.0,2.064
5436175.0,-0.01356897,0.0,2.064
5436253.0,0.00725612,0.0,2.064
5436332.0,0.0014149,0.0,2.064
5436410.0,-0.00539133,0.0,2.064
5436488.0,0.01390999,0.0,2.752
5436566.0,0.00502115,0.0,2.064
5436644.0,-0.0119436,0.0,2.064
5436722.0,-0.00544209,0.0,2.064
5436800.0,-0.00452791,0.0,2.064
5436878.0,-0.00777852,0.0,2.064
5436957.0,-0.00300414,0.0,2.064
5437035.0,0.00395453,0.0,2.064
5437113.0,-0.01011509,0.0,2.064
5437191.0,-0.01290868,0.0,2.064
5437269.0,0.00588471,0.0,2.064
5437347.0,-0.02728296,0.0,2.408
5437425.0,-0.00401991,0.0,1.72
5437503.0,-0.01346745,0.0,2.752
5437581.0,-0.0121468,0.0,2.064
5437660.0,0.01477348,0.0,2.064
5437738.0,-0.01321341,0.0,2.408
5437816.0,-0.00259766,0.0,2.752
5437894.0,0.00771321,0.0,2.064
5437972.0,0.02071615,0.0,2.064
5438050.0,-0.01179123,0.0,2.064
5438128.0,0.0044117,0.0,2.064
5438206.0,-0.00767699,0.0,2.064
5438284.0,-0.00244537,0.0,2.752
5438363.0,0.00867822,0.0,2.064
5438441.0,0.01695755,0.0,2.064
5438519.0,0.01853208,0.0,2.064
5438597.0,-0.01651493,0.0,2.064
5438675.0,0.00542762,0.0,1.72
5438753.0,-0.00848964,0.0,2.064
5438831.0,0.03331276,0.0,2.408
5438909.0,-0.02499737,0.0,2.408
5438987.0,-0.01082622,0.0,2.064
5439066.0,0.00044989,0.0,2.064
5439144.0,-0.01235,0.0,2.064
5439222.0,-0.01671812,0.0,1.72
5439300.0,-0.01554991,0.0,2.064
5439378.0,-0.00884528,0.0,2.064
5439456.0,-0.00650878,0.0,2.064
5439534.0,-0.00493416,0.0,2.064
5439612.0,0.00395453,0.0,2.064
5439690.0,0.0083735,0.0,1.72
5439769.0,-0.00107388,0.0,1.72
5439847.0,0.01563689,0.0,1.72
5439925.0,-0.01468642,0.0,2.064
5440003.0,0.00202451,0.0,1.72
5440081.0,-0.02291483,0.0,2.064
5440159.0,0.00070385,0.0,1.72
5440237.0,-0.01549907,0.0,1.72
5440316.0,-0.01463559,0.0,1.032
5440394.0,0.01197982,0.0,2.064
5440472.0,0.00491962,0.0,1.72
5440550.0,0.02208756,0.0,1.72
5440628.0,-0.01981644,0.0,2.064
5440706.0,0.010202,0.0,2.064
5440784.0,-0.01890219,0.0,1.72
5440862.0,-0.02144182,0.0,2.064
5440940.0,0.00263396,0.0,2.064
5441019.0,0.00964331,0.0,1.72
5441097.0,-0.00686434,0.0,2.064
5441175.0,-0.00579765,0.0,2.064
5441253.0,0.01436716,0.0,2.064
5441331.0,-0.00909917,0.0,2.408
5441409.0,-0.00559445,0.0,2.064
5441487.0,-0.01128323,0.0,2.064
5441565.0,0.00151651,0.0,2.064
5441643.0,0.00263396,0.0,2.064
5441722.0,0.01822728,0.0,1.72
5441800.0,-0.0066103,0.0,2.064
5441878.0,-0.00645794,0.0,2.064
5441956.0,-0.00239454,0.0,2.408
5442034.0,-0.00473096,0.0,2.752
5442112.0,0.0091863,0.0,1.72
5442190.0,-0.00975953,0.0,2.064
5442268.0,-0.00970869,0.0,1.72
5442346.0,-0.00630558,0.0,2.408
5442425.0,0.00664667,0.0,2.064
5442503.0,-0.01331501,0.0,2.408
5442581.0,0.0091863,0.0,2.064
5442659.0,-0.02484493,0.0,1.72
5442737.0,-0.00823575,0.0,2.064
5442815.0,-0.01133407,0.0,1.72
5442893.0,-0.01290868,0.0,2.064
5442971.0,0.00364981,0.0,2.408
5443049.0,-0.01052134,0.0,2.064
5443128.0,-0.01575304,0.0,2.064
5443206.0,-0.00925161,0.0,2.064
5443284.0,-0.00229294,0.0,2.064
5443362.0,-0.00010887,0.0,1.72
5443440.0,-0.00422319,0.0,2.064
5443518.0,-0.00884528,0.0,1.376
5443596.0,-0.00341039,0.0,1.72
5443674.0,4.349e-05,0.0,2.064
5443753.0,-0.01072454,0.0,2.064
5443831.0,-0.01346745,0.0,2.064
5443909.0,0.00278632,0.0,2.064
5443987.0,0.00126254,0.0,2.064
5444065.0,-0.00793103,0.0,1.032
5444143.0,-0.01001342,0.0,2.064
5444221.0,0.01360512,0.0,2.064
5444299.0,-0.00569605,0.0,2.064
5444378.0,-0.000312,0.0,2.408
5444456.0,0.01629718,0.0,2.064
5444534.0,-0.0011248,0.0,1.72
5444612.0,0.00288792,0.0,2.064
5444690.0,-0.01168963,0.0,2.064
5444768.0,0.00436086,0.0,1.72
5444846.0,0.00481802,0.0,2.064
5444924.0,0.00608791,0.0,2.408
5445002.0,-0.00818492,0.0,2.064
5445080.0,-0.00752463,0.0,2.064
5445159.0,-0.01047066,0.0,2.064
5445237.0,0.01218302,0.0,2.064
5445315.0,0.00486886,0.0,1.72
5445393.0,-0.00376595,0.0,2.064
5445471.0,-0.01742925,0.0,2.064
5445549.0,-0.0161086,0.0,2.752
5445627.0,0.0014149,0.0,2.064
5445705.0,-0.01255312,0.0,2.408
5445783.0,-0.0066103,0.0,2.064
5445862.0,-0.01290868,0.0,2.064
5445940.0,-0.01097858,0.0,2.064
5446018.0,0.01472264,0.0,2.064
5446096.0,0.00258319,0.0,2.064
5446174.0,-0.00569605,0.0,2.408
5446252.0,0.00669736,0.0,2.064
5446330.0,-0.00280086,0.0,2.064
5446408.0,0.0083735,0.0,2.064
5446486.0,-0.00955633,0.0,2.064
5446565.0,0.00466566,0.0,1.72
5446643.0,0.00227832,0.0,2.064
5446721.0,0.01563689,0.0,2.064
5446799.0,-0.0070167,0.0,2.064
5446877.0,-0.00478173,0.0,2.064
5446955.0,-0.0084388,0.0,2.064
5447033.0,-0.0205784,0.0,2.064
5447111.0,-0.01235,0.0,1.376
5447190.0,-0.00788012,0.0,2.064
5447268.0,-0.00300414,0.0,2.064
5447346.0,0.02549068,0.0,1.72
5447424.0,-0.00737227,0.0,1.72
5447502.0,-0.00615322,0.0,2.064
5447580.0,0.00217679,0.0,1.72
5447658.0,0.02005586,0.0,1.72
5447736.0,-0.00473096,0.0,2.064
5447815.0,0.0103036,0.0,2.064
5447893.0,0.02122407,0.0,2.064
5447971.0,0.01406236,0.0,2.064
5448049.0,-0.01052134,0.0,2.064
5448127.0,0.0083735,0.0,1.72
5448205.0,0.0045133,0.0,1.72
5448283.0,-0.01727681,0.0,2.064
5448361.0,0.00933851,0.0,2.064
5448439.0,0.01045604,0.0,2.064
5448518.0,-0.02128945,0.0,2.064
5448596.0,0.01822728,0.0,2.064
5448674.0,0.01258934,0.0,2.064
5448752.0,-0.00097236,0.0,2.408
5448830.0,-0.00239454,0.0,2.408
5448908.0,-0.01387377,0.0,1.376
5448986.0,0.00085622,0.0,1.376
5449064.0,0.00776405,0.0,2.064
5449142.0,-0.0011248,0.0,1.72
5449221.0,-0.00102312,0.0,2.064
5449299.0,-0.01077538,0.0,2.064
5449377.0,0.00649416,0.0,1.72
5449455.0,-0.00071832,0.0,1.72
5449533.0,0.01065924,0.0,2.408
5449611.0,0.00283708,0.0,2.064
5449689.0,-0.00081992,0.0,2.064
5449767.0,-0.008642,0.0,2.752
5449846.0,0.00116102,0.0,2.064
5449924.0,-0.00142952,0.0,1.72
5450002.0,0.00700209,0.0,2.064
5450080.0,-0.00986106,0.0,2.064
5450158.0,0.0083735,0.0,1.72
5450236.0,0.00329424,0.0,2.064
5450314.0,-0.01351821,0.0,2.752
5450392.0,-0.00838812,0.0,2.408
5450470.0,0.00197359,0.0,2.064
5450549.0,0.00603707,0.0,2.064
5450627.0,-0.01412774,0.0,2.408
5450705.0,-0.00645794,0.0,1.72
5450783.0,0.00217679,0.0,2.408
5450861.0,0.00237992,0.0,1.72
5450939.0,-0.00386755,0.0,2.064
5451017.0,0.00248159,0.0,2.064
5451095.0,-0.00488348,0.0,1.72
5451173.0,-0.00534049,0.0,2.408
5451252.0,-0.00010887,0.0,2.064
5451330.0,-0.00325795,0.0,1.72
5451408.0,-0.01905463,0.0,2.064
5451486.0,0.01152265,0.0,2.752
5451564.0,-0.00818492,0.0,2.064
5451642.0,0.00446253,0.0,1.72
5451720.0,0.00756085,0.0,1.72
5451798.0,-0.00214057,0.0,1.72
5451876.0,0.00217679,0.0,2.064
5451955.0,0.00014517,0.0,1.72
5452033.0,-0.01539747,0.0,2.064
5452111.0,0.00618943,0.0,2.064
5452189.0,-0.00183577,0.0,2.408
5452267.0,-0.0051882,0.0,2.064
5452345.0,-0.0156006,0.0,2.064
5452423.0,-0.00158189,0.0,2.064
5452501.0,-0.0046802,0.0,1.72
5452579.0,-0.0156006,0.0,2.064
5452658.0,0.00385301,0.0,2.064
5452736.0,-0.0027501,0.0,2.064
5452814.0,0.00608791,0.0,2.064
5452892.0,-0.00696594,0.0,2.064
5452970.0,0.00243076,0.0,2.064
5453048.0,-0.00503576,0.0,2.064
5453126.0,0.00222763,0.0,2.408
5453204.0,-0.00224217,0.0,2.064
5453283.0,0.00568143,0.0,2.408
5453361.0,0.0044117,0.0,2.752
5453439.0,0.00593547,0.0,2.752
5453517.0,0.01436716,0.0,2.064
5453595.0,0.00740849,0.0,2.752
5453673.0,0.00786565,0.0,2.064
5453751.0,0.01431624,0.0,1.376
5453829.0,0.02254473,0.0,2.064
5453908.0,0.01436716,0.0,2.752
5453986.0,0.01152265,0.0,2.064
5454064.0,-0.00793103,0.0,1.72
5454142.0,0.01233538,0.0,2.408
5454220.0,-0.01148651,0.0,2.064
5454298.0,0.00771321,0.0,1.72
5454376.0,0.01929405,0.0,2.064
5454454.0,-7.27e-06,0.0,2.064
5454532.0,-0.0203752,0.0,2.064
5454611.0,-0.00127709,0.0,2.408
5454689.0,-0.00503576,0.0,2.064
5454767.0,-0.01077538,0.0,2.064
5454845.0,0.01182745,0.0,1.72
5454923.0,-5.803e-05,0.0,2.064
5455001.0,-0.01067378,0.0,2.064
5455079.0,-0.00183577,0.0,2.064
5455157.0,-0.00534049,0.0,1.376
5455235.0,0.01040528,0.0,2.064
5455313.0,-0.01184192,0.0,2.064
5455392.0,0.02147811,0.0,2.064
5455470.0,-0.04368917,0.0,1.032
5455548.0,-0.00478173,0.0,1.376
5455626.0,-0.01036906,0.0,1.72
5455704.0,0.01177661,0.0,2.064
5455782.0,0.01167509,0.0,1.72
5455860.0,-0.00325795,0.0,2.064
5455938.0,-0.01839434,0.0,1.72
5456017.0,0.00237992,0.0,1.72
5456095.0,0.0132497,0.0,1.032
5456173.0,-0.00559445,0.0,2.064
5456251.0,-0.00696594,0.0,2.064
5456329.0,-0.00081992,0.0,1.72
5456407.0,-0.00158189,0.0,2.752
5456485.0,-0.00727059,0.0,1.72
5456563.0,-0.00417228,0.0,1.72
5456642.0,-0.00645794,0.0,2.064
5456720.0,0.01939557,0.0,2.064
5456798.0,-0.01880059,0.0,2.064
5456876.0,-0.01148651,0.0,2.064
5456954.0,-0.01915615,0.0,2.064
5457032.0,0.01045604,0.0,1.72
5457110.0,0.00446253,0.0,1.72
5457188.0,-0.01026746,0.0,2.064
5457266.0,-0.00137861,0.0,2.064
5457345.0,0.02335745,0.0,2.064
5457423.0,-0.01072454,0.0,2.064
5457501.0,0.00349737,0.0,2.064
5457579.0,0.02467803,0.0,2.408
5457657.0,-0.0043754,0.0,2.064
5457735.0,0.00598623,0.0,2.064
5457813.0,0.00425926,0.0,2.064
5457891.0,0.00065302,0.0,1.72
5457969.0,0.00456413,0.0,2.064
5458048.0,-0.02128945,0.0,2.064
5458126.0,-0.00366443,0.0,1.72
5458204.0,0.00684972,0.0,2.408
5458282.0,0.00563067,0.0,2.064
5458360.0,-0.03662889,0.0,1.72
5458438.0,-0.00310566,0.0,1.032
5458516.0,-0.01443246,0.0,1.72
5458594.0,0.00563067,0.0,2.064
5458672.0,0.00090698,0.0,2.064
5458751.0,-0.00422319,0.0,2.408
5458829.0,-0.01316265,0.0,2.064
5458907.0,-0.00056603,0.0,2.752
5458985.0,-0.00473096,0.0,2.064
5459063.0,-0.00478173,0.0,2.064
5459141.0,0.00055142,0.0,2.064
5459219.0,0.00913546,0.0,1.72
5459297.0,-0.0181403,0.0,2.064
5459375.0,0.00497038,0.0,2.064
5459454.0,0.00171963,0.0,2.064
5459532.0,-0.01036906,0.0,1.72
5459610.0,-0.00239454,0.0,1.376
5459688.0,-0.0009216,0.0,2.064
5459766.0,-0.01504199,0.0,2.408
5459844.0,-0.00904841,0.0,1.72
5459922.0,-0.00584849,0.0,2.752
5460000.0,-0.01869906,0.0,2.752
5460079.0,-0.004477,0.0,2.064
5460157.0,-0.00361359,0.0,2.064
5460235.0,0.00105934,0.0,2.408
5460313.0,-0.00056603,0.0,2.064
5460391.0,-0.00325795,0.0,2.064
5460469.0,-0.00930229,0.0,2.064
5460547.0,-0.00163265,0.0,2.752
5460625.0,-0.00396915,0.0,2.064
5460703.0,0.01548446,0.0,2.408
5460782.0,-0.00102312,0.0,2.064
5460860.0,0.00811954,0.0,2.064
5460938.0,-0.0203752,0.0,2.064
5461016.0,-0.0046802,0.0,2.064
5461094.0,-0.00315642,0.0,2.064
5461172.0,0.00375141,0.0,2.064
5461250.0,0.00573235,0.0,2.064
5461328.0,-0.00721983,0.0,2.408
5461406.0,-0.01737841,0.0,2.064
5461485.0,-0.01306097,0.0,2.408
5461563.0,-0.00163265,0.0,2.064
5461641.0,-0.01905463,0.0,2.408
5461719.0,-0.01331501,0.0,2.064
5461797.0,0.00659576,0.0,1.72
5461875.0,0.00111018,0.0,2.064
5461953.0,0.00969408,0.0,2.064
5462031.0,0.01584002,0.0,2.064
5462109.0,-0.00595001,0.0,1.72
5462188.0,0.00085622,0.0,2.064
5462266.0,0.00192283,0.0,2.064
5462344.0,0.00263396,0.0,2.408
5462422.0,-0.01006426,0.0,2.064
5462500.0,-0.00300414,0.0,2.064
5462578.0,-0.00579765,0.0,1.72
5462656.0,-0.00229294,0.0,2.064
5462735.0,-5.803e-05,0.0,2.064
5462813.0,0.00425926,0.0,2.064
5462891.0,-0.00127709,0.0,2.408
5462969.0,0.01335123,0.0,2.064
5463047.0,-0.00569605,0.0,1.72
5463125.0,0.00974499,0.0,2.064
5463203.0,-0.02372748,0.0,2.064
5463281.0,-0.00117548,0.0,1.376
5463359.0,0.00476733,0.0,1.376
5463438.0,-0.00351199,0.0,2.064
5463516.0,0.00283708,0.0,1.72
5463594.0,-0.0372385,0.0,2.064
5463672.0,-0.0140769,0.0,1.376
5463750.0,0.00476733,0.0,2.064
5463828.0,0.00573235,0.0,1.376
5463906.0,0.02041142,0.0,2.064
5463984.0,0.0013133,0.0,1.72
5464062.0,0.00202451,0.0,2.064
5464141.0,-0.00391831,0.0,2.408
5464219.0,-0.00198821,0.0,2.064
5464297.0,0.0132497,0.0,1.376
5464375.0,-0.01011509,0.0,2.064
5464453.0,0.01010048,0.0,2.064
5464531.0,-0.00371511,0.0,1.376
5464609.0,0.00065302,0.0,2.064
5464687.0,-0.00381671,0.0,2.064
5464765.0,-0.00782935,0.0,2.064
5464844.0,0.00872906,0.0,2.064
5464922.0,0.00171963,0.0,2.064
5465000.0,0.00629103,0.0,1.72
5465078.0,-0.01143567,0.0,1.376
5465156.0,0.00984659,0.0,2.064
5465234.0,0.00227832,0.0,2.064
5465312.0,-0.00076916,0.0,2.064
5465390.0,-0.00234385,0.0,2.064
5465469.0,0.00817037,0.0,1.72
5465547.0,0.01477348,0.0,1.72
5465625.0,-0.00666114,0.0,2.064
5465703.0,0.02188436,0.0,2.064
5465781.0,-0.00391831,0.0,1.72
5465859.0,-0.00884528,0.0,2.064
5465937.0,-0.0069151,0.0,2.064
5466015.0,-0.01361973,0.0,1.72
5466093.0,-0.0068135,0.0,2.064
5466172.0,0.01142105,0.0,2.064
5466250.0,0.00756085,0.0,2.064
5466328.0,0.00425926,0.0,2.064
5466406.0,-0.00894688,0.0,2.064
5466484.0,0.01010048,0.0,2.408
5466562.0,-0.01839434,0.0,2.064
5466640.0,0.00278632,0.0,2.064
5466718.0,0.01914161,0.0,2.064
5466796.0,-0.01549907,0.0,2.064
5466875.0,0.01726227,0.0,1.72
5466953.0,-0.0205784,0.0,2.064
5467031.0,0.00319264,0.0,2.064
5467109.0,-0.00046443,0.0,2.064
5467187.0,-0.00335955,0.0,2.064
5467265.0,-0.01367057,0.0,2.064
5467343.0,-0.0156006,0.0,1.72
5467421.0,-0.00539133,0.0,2.064
5467499.0,-0.00010887,0.0,2.064
5467578.0,-0.0068135,0.0,2.064
5467656.0,-0.00909917,0.0,2.064
5467734.0,-0.02581002,0.0,2.408
5467812.0,0.00669736,0.0,2.408
5467890.0,-0.01494031,0.0,2.064
5467968.0,0.00334508,0.0,2.408
5468046.0,-0.00422319,0.0,2.064
5468124.0,-0.00635642,0.0,2.064
5468202.0,0.00029745,0.0,2.064
5468281.0,-0.01717529,0.0,2.064
5468359.0,0.00730696,0.0,1.72
5468437.0,-0.00122632,0.0,2.408
5468515.0,-0.00163265,0.0,2.064
5468593.0,0.02477955,0.0,2.408
5468671.0,-0.01483879,0.0,1.72
5468749.0,0.00070385,0.0,2.064
5468827.0,0.02071615,0.0,2.064
5468906.0,-0.01702285,0.0,2.408
5468984.0,-0.01331501,0.0,2.064
5469062.0,0.00598623,0.0,2.064
5469140.0,-0.01402598,0.0,2.064
5469218.0,-0.00153105,0.0,2.064
5469296.0,0.00029745,0.0,2.064
5469374.0,0.00497038,0.0,2.408
5469452.0,-0.00808332,0.0,1.72
5469531.0,-0.03698446,0.0,3.096
5469609.0,0.0103036,0.0,2.064
5469687.0,-0.00798172,0.0,2.064
5469765.0,0.00171963,0.0,2.064
5469843.0,-0.04206371,0.0,2.064
5469921.0,-0.00671198,0.0,1.72
5469999.0,-0.01052134,0.0,2.064
5470077.0,-0.0198672,0.0,2.752
5470155.0,0.00314188,0.0,2.064
5470233.0,-0.00930229,0.0,2.064
5470312.0,-0.00798172,0.0,2.064
5470390.0,-0.01158803,0.0,2.064
5470468.0,0.01040528,0.0,1.72
5470546.0,-0.00589918,0.0,2.064
5470624.0,-0.02047681,0.0,1.72
5470702.0,-0.00716907,0.0,2.064
5470780.0,-0.01671812,0.0,2.064
5470859.0,-0.00630558,0.0,1.72
5470937.0,-0.00620405,0.0,1.376
5471015.0,-0.00589918,0.0,2.064
5471093.0,-0.02032437,0.0,2.064
5471171.0,-0.00239454,0.0,2.064
5471249.0,-0.01748001,0.0,1.72
5471327.0,-0.00076916,0.0,2.064
5471405.0,0.01939557,0.0,1.72
5471483.0,-0.01199443,0.0,2.408
5471562.0,-0.00269926,0.0,2.064
5471640.0,0.01147189,0.0,2.064
5471718.0,-0.00280086,0.0,1.376
5471796.0,0.01497661,0.0,2.064
5471874.0,0.00309104,0.0,1.376
5471952.0,-0.04013354,0.0,2.064
5472030.0,-0.01158803,0.0,2.064
5472108.0,0.00253236,0.0,1.72
5472186.0,0.02178284,0.0,1.72
5472265.0,-0.02276247,0.0,2.064
5472343.0,-0.00808332,0.0,1.376
5472421.0,-0.00788012,0.0,2.064
5472499.0,-0.0084388,0.0,1.376
5472577.0,-0.00412144,0.0,2.064
5472655.0,0.00268479,0.0,1.72
5472733.0,0.00471642,0.0,1.72
5472811.0,-0.00320719,0.0,1.72
5472889.0,-0.01565151,0.0,2.064
5472967.0,-0.02758769,0.0,1.72
5473046.0,0.00522442,0.0,2.408
5473124.0,-0.0141785,0.0,2.408
5473202.0,0.00339584,0.0,1.72
5473280.0,0.00060225,0.0,2.408
5473358.0,0.00014517,0.0,2.064
5473436.0,0.02132567,0.0,2.064
5473514.0,-0.00417228,0.0,1.376
5473592.0,0.00608791,0.0,2.064
5473671.0,0.01533217,0.0,2.064
5473749.0,-0.00595001,0.0,2.408
5473827.0,-0.00427388,0.0,2.752
5473905.0,0.01512897,0.0,2.064
5473983.0,0.00232923,0.0,2.064
5474061.0,-0.01382293,0.0,2.064
5474139.0,-0.00310566,0.0,2.064
5474217.0,-0.00310566,0.0,2.064
5474295.0,0.00420857,0.0,2.064
5474374.0,0.00959255,0.0,2.064
5474452.0,-0.00950557,0.0,2.064
5474530.0,0.01350359,0.0,2.408
5474608.0,0.01492569,0.0,2.064
5474686.0,0.00578318,0.0,2.064
5474764.0,0.00314188,0.0,1.376
5474842.0,-0.00341039,0.0,2.064
5474920.0,-0.02230531,0.0,2.064
5474999.0,0.02173215,0.0,2.064
5475077.0,0.00776405,0.0,2.064
5475155.0,0.00598623,0.0,2.064
5475233.0,0.0051229,0.0,2.064
5475311.0,0.01137037,0.0,2.064
5475389.0,-0.01681965,0.0,2.064
5475467.0,-0.01554991,0.0,2.064
5475545.0,0.0043101,0.0,1.376
5475623.0,0.00319264,0.0,2.408
5475702.0,-0.00716907,0.0,2.064
5475780.0,-0.01468642,0.0,1.72
5475858.0,-0.01189276,0.0,1.72
5475936.0,-0.00422319,0.0,2.064
5476014.0,0.00156727,0.0,2.408
5476092.0,0.00933851,0.0,2.064
5476170.0,-0.00813408,0.0,1.72
5476248.0,0.00095774,0.0,2.064
5476326.0,-0.01737841,0.0,2.064
5476404.0,-0.00915001,0.0,2.064
5476483.0,-0.0119436,0.0,2.064
5476561.0,0.00187207,0.0,2.752
5476639.0,0.00740849,0.0,2.408
5476717.0,0.00588471,0.0,2.752
5476795.0,-0.00127709,0.0,2.064
5476873.0,-0.004985,0.0,2.408
5476951.0,0.00659576,0.0,2.752
5477030.0,0.00309104,0.0,2.064
5477108.0,-0.00346115,0.0,2.752
5477186.0,-0.00884528,0.0,2.064
5477264.0,-0.01595624,0.0,2.408
5477342.0,-0.00244537,0.0,2.064
5477420.0,-0.01108011,0.0,2.752
5477498.0,0.0091863,0.0,2.064
5477576.0,0.01299567,0.0,2.064
5477655.0,-0.00828659,0.0,2.064
5477733.0,-0.00930229,0.0,2.064
5477811.0,-0.00991189,0.0,2.064
5477889.0,0.00044989,0.0,1.72
5477967.0,-0.02316879,0.0,2.064
5478045.0,-0.01280708,0.0,2.064
5478123.0,-0.00295322,0.0,2.064
5478201.0,-0.01758161,0.0,2.064
5478279.0,0.01751623,0.0,2.064
5478358.0,0.00156727,0.0,2.064
5478436.0,0.00817037,0.0,2.064
5478514.0,0.00679888,0.0,2.064
5478592.0,-0.01168963,0.0,2.064
5478670.0,0.01340199,0.0,1.72
5478748.0,0.00019585,0.0,2.064
5478826.0,-0.01920692,0.0,2.064
5478904.0,0.01010048,0.0,1.376
5478982.0,-0.004985,0.0,2.064
5479060.0,0.01954786,0.0,2.064
5479139.0,-0.01113094,0.0,2.064
5479217.0,0.00598623,0.0,2.408
5479295.0,0.01578933,0.0,1.72
5479373.0,-0.00813408,0.0,2.064
5479451.0,0.00938943,0.0,1.72
5479529.0,0.01111633,0.0,2.064
5479607.0,0.00293868,0.0,1.72
5479685.0,0.01594169,0.0,2.064
5479763.0,-0.004985,0.0,2.064
5479842.0,-0.01113094,0.0,2.064
5479920.0,-0.00605169,0.0,2.064
5479998.0,0.01436716,0.0,2.064
5480076.0,-0.01295945,0.0,1.376
5480154.0,0.00116102,0.0,1.72
5480232.0,-0.01265472,0.0,2.064
5480310.0,0.00116102,0.0,2.064
5480389.0,0.01741471,0.0,2.408
5480467.0,-0.00935313,0.0,2.408
5480545.0,-0.01184192,0.0,2.064
5480623.0,-0.01255312,0.0,2.064
5480701.0,-0.00666114,0.0,2.064
5480779.0,-0.004985,0.0,2.064
5480857.0,-0.00767699,0.0,2.064
5480935.0,-0.00351199,0.0,2.064
5481013.0,-0.00960717,0.0,2.752
5481091.0,-0.00422319,0.0,2.408
5481170.0,-0.0139753,0.0,2.064
5481248.0,0.0044117,0.0,2.064
5481326.0,-0.0164134,0.0,2.064
5481404.0,0.0083735,0.0,2.064
5481482.0,-0.00026131,0.0,2.064
5481560.0,-0.01890219,0.0,2.408
5481638.0,0.00273548,0.0,2.064
5481716.0,-0.02647031,0.0,2.752
5481794.0,0.00146574,0.0,2.408
5481873.0,0.00288792,0.0,2.064
5481951.0,-0.00148021,0.0,1.376
5482029.0,0.00070385,0.0,2.064
5482107.0,-0.00838812,0.0,2.408
5482185.0,-0.01235,0.0,2.064
5482263.0,0.00684972,0.0,2.064
5482341.0,-0.02078153,0.0,2.064
5482419.0,-0.00965786,0.0,2.064
5482497.0,0.00197359,0.0,2.064
5482576.0,0.00258319,0.0,2.064
5482654.0,-0.01534671,0.0,1.72
5482732.0,-0.00452791,0.0,2.064
5482810.0,-0.00229294,0.0,2.064
5482888.0,0.00852594,0.0,1.72
5482966.0,0.00329424,0.0,1.72
5483044.0,0.02188436,0.0,2.064
5483122.0,0.02112255,0.0,1.72
5483201.0,-0.00442624,0.0,1.72
5483279.0,-0.00036283,0.0,2.064
5483357.0,-0.00706754,0.0,1.72
5483435.0,-0.00909917,0.0,2.408
5483513.0,-0.00808332,0.0,3.096
5483591.0,-0.02078153,0.0,2.064
5483669.0,-0.0027501,0.0,1.72
5483747.0,-0.00198821,0.0,1.72
5483826.0,-0.01702285,0.0,2.064
5483904.0,-0.01565151,0.0,2.408
5483982.0,-0.00940389,0.0,2.064
5484060.0,0.00070385,0.0,2.064
5484138.0,-0.00945481,0.0,2.064
5484216.0,0.00766237,0.0,2.064
5484294.0,0.00964331,0.0,2.408
5484372.0,0.00568143,0.0,2.064
5484450.0,0.00065302,0.0,2.064
5484529.0,-0.0115372,0.0,2.408
5484607.0,-0.00894688,0.0,2.064
5484685.0,-0.008642,0.0,3.096
5484763.0,-0.00483264,0.0,2.408
5484841.0,0.00019585,0.0,2.064
5484919.0,-0.02885757,0.0,2.064
5484997.0,-0.00198821,0.0,2.408
5485075.0,-0.00427388,0.0,2.064
5485153.0,0.02447483,0.0,2.064
5485232.0,-0.00645794,0.0,2.064
5485310.0,-0.02240691,0.0,2.064
5485388.0,-0.00600078,0.0,2.064
5485466.0,-0.01910539,0.0,2.064
5485544.0,0.00959255,0.0,2.064
5485622.0,-0.008642,0.0,2.408
5485700.0,4.349e-05,0.0,1.72
5485778.0,-0.00264857,0.0,2.064
5485857.0,-0.02032437,0.0,2.064
5485935.0,-0.00950557,0.0,2.064
5486013.0,-0.00798172,0.0,2.064
5486091.0,0.02589708,0.0,2.064
5486169.0,0.00171963,0.0,2.064
5486247.0,-0.008642,0.0,2.064
5486325.0,0.00055142,0.0,2.064
5486403.0,-0.00823575,0.0,2.064
5486481.0,-0.01854663,0.0,2.064
5486560.0,-0.01798786,0.0,2.408
5486638.0,-0.0141785,0.0,2.064
5486716.0,-0.01763238,0.0,1.72
5486794.0,-0.0046802,0.0,2.064
5486872.0,0.00298952,0.0,1.72
5486950.0,-0.0011248,0.0,2.064
5487028.0,-0.00554376,0.0,1.376
5487106.0,0.00405613,0.0,2.064
5487184.0,-0.01372126,0.0,2.064
5487263.0,-0.00813408,0.0,2.064
5487341.0,-0.00493416,0.0,1.376
5487419.0,-0.00615322,0.0,2.064
5487497.0,-0.00854048,0.0,2.064
5487575.0,0.0173638,0.0,2.064
5487653.0,-0.01270541,0.0,1.72
5487731.0,-0.01433086,0.0,2.064
5487809.0,-0.00716907,0.0,2.064
5487887.0,-0.00087076,0.0,2.064
5487966.0,0.00232923,0.0,2.064
5488044.0,-0.02758769,0.0,2.064
5488122.0,0.00756085,0.0,2.064
5488200.0,-0.01047066,0.0,2.064
5488278.0,-0.01499122,0.0,2.064
5488356.0,-0.00945481,0.0,2.064
5488434.0,-0.00752463,0.0,2.064
5488512.0,0.00532595,0.0,2.064
5488590.0,0.0067482,0.0,2.064
5488669.0,0.0199035,0.0,2.408
5488747.0,0.00827197,0.0,1.72
5488825.0,-0.00808332,0.0,2.064
5488903.0,0.01380839,0.0,2.064
5488981.0,0.01015131,0.0,2.408
5489059.0,-0.00310566,0.0,2.752
5489137.0,0.00593547,0.0,2.064
5489215.0,-0.03667973,0.0,2.064
5489294.0,-0.00351199,0.0,2.064
5489372.0,0.00603707,0.0,2.064
5489450.0,0.00222763,0.0,2.064
5489528.0,-0.01737841,0.0,2.064
5489606.0,-0.00823575,0.0,2.064
5489684.0,-0.01290868,0.0,2.064
5489762.0,-0.00579765,0.0,2.064
5489840.0,0.03453181,0.0,2.064
5489919.0,-0.00559445,0.0,2.064
5489997.0,-0.00818492,0.0,1.72
5490075.0,0.00471642,0.0,2.064
5490153.0,0.01203065,0.0,2.064
5490231.0,0.00380217,0.0,2.064
5490309.0,0.01050688,0.0,2.064
5490387.0,-0.00671198,0.0,2.064
5490465.0,0.00456413,0.0,2.064
5490543.0,-0.00788012,0.0,1.376
5490622.0,0.01294483,0.0,2.064
5490700.0,0.0067482,0.0,1.72
5490778.0,-0.0117404,0.0,2.064
5490856.0,-0.01052134,0.0,2.064
5490934.0,0.01619566,0.0,2.064
5491012.0,-0.00798172,0.0,2.064
5491090.0,0.01660198,0.0,2.408
5491168.0,-0.00325795,0.0,2.408
5491246.0,0.00227832,0.0,1.72
5491325.0,-0.00920077,0.0,2.408
5491403.0,0.00039898,0.0,2.408
5491481.0,-0.00793103,0.0,2.064
5491559.0,0.01279254,0.0,2.064
5491637.0,0.00268479,0.0,2.064
5491715.0,-0.01321341,0.0,2.064
5491793.0,-0.01499122,0.0,2.064
5491871.0,-0.00183577,0.0,2.064
5491950.0,0.01802408,0.0,2.408
5492028.0,-0.01265472,0.0,2.408
5492106.0,-0.01270541,0.0,2.064
5492184.0,0.03412549,0.0,2.064
5492262.0,-0.00117548,0.0,2.064
5492340.0,-0.00584849,0.0,2.064
5492418.0,0.00019585,0.0,2.064
5492496.0,-0.03419087,0.0,2.064
5492574.0,0.00227832,0.0,2.064
5492653.0,-0.00300414,0.0,2.064
5492731.0,0.00776405,0.0,2.064
5492809.0,0.00339584,0.0,2.064
5492887.0,0.01563689,0.0,1.72
5492965.0,-0.00610238,0.0,2.064
5493043.0,-0.00823575,0.0,2.408
5493121.0,0.00522442,0.0,1.72
5493199.0,0.01035451,0.0,2.064
5493277.0,-0.00859132,0.0,2.064
5493356.0,0.00649416,0.0,1.72
5493434.0,-0.00686434,0.0,2.064
5493512.0,0.00349737,0.0,2.064
5493590.0,0.00568143,0.0,1.72
5493668.0,0.01584002,0.0,1.72
5493746.0,0.00075462,0.0,1.72
5493824.0,-0.00711823,0.0,2.064
5493902.0,-0.00930229,0.0,2.064
5493980.0,0.0051229,0.0,2.064
5494058.0,-0.01255312,0.0,2.064
5494137.0,0.0174654,0.0,2.064
5494215.0,0.00583387,0.0,2.064
5494293.0,-0.00478173,0.0,2.064
5494371.0,-0.02083237,0.0,2.064
5494449.0,-0.01158803,0.0,2.064
5494527.0,0.01873528,0.0,1.72
5494605.0,-0.02306719,0.0,2.064
5494683.0,0.00527511,0.0,2.064
5494762.0,-0.00153105,0.0,2.064
5494840.0,0.00425926,0.0,1.72
5494918.0,-0.00640725,0.0,2.064
5494996.0,-0.00361359,0.0,2.064
5495074.0,-0.02184814,0.0,2.064
5495152.0,0.01025284,0.0,1.72
5495230.0,-0.01209596,0.0,2.064
5495309.0,0.0014149,0.0,2.064
5495387.0,-0.00899757,0.0,1.376
5495465.0,-0.00010887,0.0,1.72
5495543.0,-0.00264857,0.0,2.064
5495621.0,0.00390385,0.0,2.064
5495699.0,-0.00122632,0.0,2.064
5495777.0,-0.00727059,0.0,2.064
5495855.0,0.0126401,0.0,2.064
5495933.0,0.00944019,0.0,2.064
5496011.0,-0.01778474,0.0,2.064
5496090.0,-0.0009216,0.0,1.72
5496168.0,0.01172593,0.0,2.064
5496246.0,0.00329424,0.0,2.064
5496324.0,-0.00076916,0.0,2.064
5496402.0,-0.00716907,0.0,2.064
5496480.0,-0.00727059,0.0,2.064
5496558.0,-0.02403236,0.0,2.064
5496636.0,0.01162425,0.0,2.064
5496714.0,-0.00655954,0.0,2.064
5496793.0,-0.00889604,0.0,2.064
5496871.0,-0.00696594,0.0,2.064
5496949.0,-0.03104172,0.0,2.752
5497027.0,0.00603707,0.0,2.064
5497105.0,0.00314188,0.0,2.064
5497183.0,0.00349737,0.0,2.408
5497261.0,0.00263396,0.0,2.064
5497339.0,0.01685595,0.0,1.72
5497417.0,-0.00483264,0.0,2.064
5497496.0,0.01223378,0.0,2.408
5497574.0,0.00842434,0.0,2.064
5497652.0,-0.01148651,0.0,2.408
5497730.0,0.00095774,0.0,1.72
5497808.0,-0.00203897,0.0,2.064
5497886.0,-0.0180387,0.0,1.72
5497964.0,0.02726842,0.0,2.064
5498042.0,-0.01346745,0.0,2.064
5498121.0,-0.00117548,0.0,2.064
5498199.0,0.01832896,0.0,1.72
5498277.0,-0.0009216,0.0,2.064
5498355.0,0.00136414,0.0,2.064
5498433.0,-0.00605169,0.0,2.752
5498511.0,-0.00036283,0.0,2.064
5498589.0,-0.0182419,0.0,1.72
5498667.0,0.00888142,0.0,1.72
5498746.0,0.01187829,0.0,2.408
5498824.0,-0.00569605,0.0,2.064
5498902.0,-0.00097236,0.0,2.064
5498980.0,0.00898303,0.0,1.72
5499058.0,9.425e-05,0.0,1.72
5499136.0,0.02137651,0.0,1.72
5499214.0,-0.0295687,0.0,1.72
5499292.0,0.00136414,0.0,2.408
5499370.0,0.01832896,0.0,2.752
5499449.0,-0.00589918,0.0,2.064
5499527.0,-0.01102934,0.0,2.408
5499605.0,-0.00081992,0.0,2.064
5499683.0,0.00014517,0.0,2.064
5499761.0,-0.00148021,0.0,2.064
5499839.0,0.01675435,0.0,2.752
5499917.0,-0.01595624,0.0,2.064
5499995.0,-0.00229294,0.0,2.064
5500073.0,0.00801794,0.0,2.064
5500152.0,0.00253236,0.0,2.064
5500230.0,0.0044117,0.0,2.064
5500308.0,0.01487501,0.0,2.064
5500386.0,-0.00412144,0.0,2.064
5500464.0,0.00471642,0.0,2.064
5500542.0,0.01848132,0.0,2.064
5500620.0,0.01446868,0.0,2.064
5500698.0,0.00476733,0.0,1.72
5500776.0,-0.00478173,0.0,1.72
5500855.0,0.01248782,0.0,1.72
5500933.0,-0.00935313,0.0,1.72
5501011.0,-0.01697209,0.0,2.064
5501089.0,-0.01311181,0.0,2.408
5501167.0,0.00710376,0.0,2.064
5501245.0,-0.00280086,0.0,1.72
5501323.0,-0.00158189,0.0,2.408
5501401.0,0.00293868,0.0,1.72
5501480.0,-0.00777852,0.0,1.72
5501558.0,-0.01793718,0.0,2.064
5501636.0,0.01004971,0.0,2.408
5501714.0,-0.02418465,0.0,1.376
5501792.0,0.00034829,0.0,2.064
5501870.0,-0.004985,0.0,1.72
5501948.0,0.00583387,0.0,2.064
5502026.0,-0.00315642,0.0,1.72
5502105.0,0.00811954,0.0,2.064
5502183.0,-0.00823575,0.0,2.064
5502261.0,0.02483039,0.0,2.064
5502339.0,0.00588471,0.0,2.064
5502417.0,-0.00026131,0.0,2.064
5502495.0,-0.00767699,0.0,2.064
5502573.0,0.00171963,0.0,2.064
5502651.0,0.00491962,0.0,1.72
5502729.0,-0.00838812,0.0,1.72
5502808.0,-0.0051882,0.0,2.064
5502886.0,0.0014149,0.0,1.72
5502964.0,0.02223993,0.0,2.064
5503042.0,0.00679888,0.0,2.064
5503120.0,-0.00127709,0.0,2.064
5503198.0,0.00679888,0.0,2.064
5503276.0,-0.01661653,0.0,2.064
5503354.0,0.00227832,0.0,2.064
5503432.0,-0.00747379,0.0,2.064
5503510.0,-0.02535293,0.0,2.408
5503589.0,-0.00981037,0.0,2.752
5503667.0,0.00547831,0.0,2.408
5503745.0,0.00507206,0.0,2.064
5503823.0,-0.00747379,0.0,2.064
5503901.0,-0.02941634,0.0,2.064
5503979.0,0.00639263,0.0,1.72
5504057.0,-0.01168963,0.0,2.064
5504135.0,0.00065302,0.0,2.064
5504213.0,0.00385301,0.0,2.064
5504292.0,-0.01250221,0.0,2.064
5504370.0,0.00715445,0.0,2.064
5504448.0,-0.01209596,0.0,2.064
5504526.0,-0.0025469,0.0,2.064
5504604.0,0.02005586,0.0,2.064
5504682.0,-0.01189276,0.0,2.064
5504760.0,-0.00975953,0.0,2.064
5504838.0,-0.00798172,0.0,2.408
5504916.0,-0.00193737,0.0,2.064
5504995.0,-0.00046443,0.0,1.72
5505073.0,-0.00737227,0.0,2.064
5505151.0,0.01192905,0.0,2.064
5505229.0,0.01015131,0.0,1.376
5505307.0,0.01233538,0.0,2.064
5505385.0,0.00649416,0.0,2.064
5505463.0,0.01086229,0.0,2.064
5505542.0,0.00949103,0.0,2.064
5505620.0,0.01365595,0.0,2.064
5505698.0,-0.00442624,0.0,2.408
5505776.0,0.01710998,0.0,1.376
5505854.0,-0.00772783,0.0,2.064
5505932.0,-0.00996258,0.0,2.064
5506010.0,0.0124369,0.0,2.064
5506088.0,0.01634802,0.0,2.752
5506166.0,-0.00767699,0.0,2.752
5506245.0,0.01309727,0.0,2.408
5506323.0,-0.0051882,0.0,2.752
5506401.0,0.00212603,0.0,2.064
5506479.0,-0.00686434,0.0,2.064
5506557.0,-0.00569605,0.0,2.064
5506635.0,-0.0028517,0.0,2.408
5506713.0,0.02381454,0.0,2.064
5506791.0,0.02279869,0.0,2.064
5506869.0,0.00156727,0.0,2.064
5506948.0,-0.00452791,0.0,2.064
5507026.0,-0.02357512,0.0,1.376
5507104.0,-0.00259766,0.0,2.064
5507182.0,-0.02748616,0.0,2.064
5507260.0,-0.00132792,0.0,1.72
5507338.0,0.00395453,0.0,2.408
5507416.0,0.0090847,0.0,2.064
5507494.0,0.01563689,0.0,2.064
5507572.0,-0.00381671,0.0,2.064
5507651.0,-0.02677511,0.0,2.064
5507729.0,0.00344661,0.0,2.064
5507807.0,0.00390385,0.0,2.064
5507885.0,-0.00376595,0.0,2.064
5507963.0,0.01558613,0.0,2.064
5508041.0,-0.00224217,0.0,1.72
5508119.0,-0.00955633,0.0,1.72
5508197.0,0.00319264,0.0,1.72
5508275.0,-0.01356897,0.0,1.72
5508354.0,0.02223993,0.0,2.064
5508432.0,0.0130465,0.0,2.408
5508510.0,-0.00986106,0.0,2.064
5508588.0,0.0215288,0.0,2.064
5508666.0,-0.01626096,0.0,2.064
5508744.0,-0.00097236,0.0,1.032
5508822.0,-0.00772783,0.0,1.376
5508900.0,-0.00975953,0.0,2.408
5508979.0,0.00740849,0.0,2.064
5509057.0,-0.0025469,0.0,1.72
5509135.0,-0.01519435,0.0,1.72
5509213.0,0.00039898,0.0,2.064
5509291.0,-0.00015956,0.0,2.064
5509369.0,0.01528133,0.0,2.064
5509447.0,-0.01108011,0.0,1.72
5509525.0,-0.00076916,0.0,2.064
5509604.0,-0.00168349,0.0,2.408
5509682.0,0.00314188,0.0,2.752
5509760.0,-0.00234385,0.0,2.064
5509838.0,0.01279254,0.0,2.408
5509916.0,0.00248159,0.0,2.064
5509994.0,-0.00117548,0.0,2.064
5510072.0,-0.00686434,0.0,2.408
5510150.0,0.00466566,0.0,2.064
5510228.0,-0.00782935,0.0,2.064
5510306.0,-0.00386755,0.0,2.064
5510385.0,-0.01402598,0.0,2.064
5510463.0,0.01578933,0.0,2.064
5510541.0,-0.027537,0.0,2.064
5510619.0,0.00959255,0.0,1.72
5510697.0,-0.00655954,0.0,2.064
5510775.0,0.00050073,0.0,2.064
5510853.0,-0.01204512,0.0,2.064
5510931.0,-0.00168349,0.0,2.064
5511010.0,-0.00803255,0.0,1.72
5511088.0,-0.01087691,0.0,2.064
5511166.0,-0.00432471,0.0,1.72
5511244.0,-0.0070167,0.0,2.064
5511322.0,-0.0182419,0.0,2.064
5511400.0,0.01929405,0.0,2.064
5511478.0,-0.00208981,0.0,2.408
5511556.0,-0.00021047,0.0,2.064
5511635.0,0.00105934,0.0,2.064
5511713.0,0.01380839,0.0,2.064
5511791.0,0.00938943,0.0,1.72
5511869.0,-0.00036283,0.0,1.376
5511947.0,0.00532595,0.0,2.064
5512025.0,-0.02459097,0.0,2.064
5512103.0,-0.00010887,0.0,2.064
5512181.0,0.00232923,0.0,2.752
5512259.0,-0.01737841,0.0,2.064
5512338.0,0.01025284,0.0,2.408
5512416.0,-0.00330886,0.0,2.064
5512494.0,-0.01260388,0.0,2.064
5512572.0,-0.01265472,0.0,2.064
5512650.0,0.00309104,0.0,1.72
5512728.0,0.00314188,0.0,2.064
5512806.0,0.0090847,0.0,2.064
5512884.0,-0.01900379,0.0,2.064
5512962.0,-0.00076916,0.0,2.064
5513040.0,-0.00148021,0.0,2.064
5513119.0,0.00166887,0.0,1.72
5513197.0,0.00161803,0.0,2.064
5513275.0,0.02122407,0.0,2.064
5513353.0,-0.00026131,0.0,2.064
5513431.0,0.00664667,0.0,2.064
5513509.0,-0.00158189,0.0,2.064
5513587.0,-0.00803255,0.0,2.064
5513665.0,-0.00523889,0.0,1.72
5513744.0,0.02127491,0.0,2.064
5513822.0,-0.01615936,0.0,2.064
5513900.0,0.00679888,0.0,2.408
5513978.0,4.349e-05,0.0,2.064
5514056.0,0.00751001,0.0,2.408
5514134.0,-0.01422926,0.0,2.064
5514212.0,-0.00716907,0.0,2.408
5514290.0,0.00751001,0.0,2.064
5514368.0,0.00212603,0.0,2.064
5514447.0,-0.0066103,0.0,2.064
5514525.0,0.00039898,0.0,2.408
5514603.0,-0.00899757,0.0,2.064
5514681.0,-0.00066756,0.0,2.064
5514759.0,0.01010048,0.0,2.408
5514837.0,-0.00721983,0.0,2.064
5514915.0,0.00456413,0.0,2.064
5514993.0,0.00827197,0.0,2.064
5515071.0,-0.00975953,0.0,2.408
5515150.0,-0.01626096,0.0,2.064
5515228.0,-0.00772783,0.0,2.064
5515306.0,-0.02276247,0.0,2.064
5515384.0,-0.01834343,0.0,2.064
5515462.0,-0.0006168,0.0,1.72
5515540.0,-0.00396915,0.0,2.064
5515618.0,-0.02382908,0.0,2.408
5515696.0,-0.00569605,0.0,2.064
5515775.0,0.01238622,0.0,2.064
5515853.0,-0.01478802,0.0,2.064
5515931.0,0.00771321,0.0,2.064
5516009.0,-0.00635642,0.0,2.064
5516087.0,0.01253858,0.0,2.064
5516165.0,0.00740849,0.0,2.064
5516243.0,-0.03073699,0.0,2.064
5516321.0,-0.01544831,0.0,2.408
5516399.0,-0.00432471,0.0,2.064
5516478.0,-7.27e-06,0.0,2.064
5516556.0,0.01035451,0.0,2.064
5516634.0,-0.00523889,0.0,2.064
5516712.0,-0.0199688,0.0,1.72
5516790.0,0.00095774,0.0,2.064
5516868.0,0.00288792,0.0,1.376
5516946.0,-0.00148021,0.0,2.064
5517024.0,0.00690049,0.0,1.72
5517102.0,-0.00391831,0.0,2.408
5517181.0,-0.00544209,0.0,1.72
5517259.0,-0.01184192,0.0,1.72
5517337.0,-0.00407068,0.0,1.72
5517415.0,-0.00280086,0.0,2.064
5517493.0,-0.01819114,0.0,1.72
5517571.0,-0.00264857,0.0,2.408
5517649.0,-0.00828659,0.0,1.72
5517727.0,-0.0009216,0.0,2.408
5517805.0,0.02259549,0.0,2.064
5517884.0,0.00456413,0.0,2.408
5517962.0,-0.03012746,0.0,2.064
5518040.0,0.01345283,0.0,1.72
5518118.0,-0.00960717,0.0,2.752
5518196.0,0.01568773,0.0,2.064
5518274.0,0.00669736,0.0,1.72
5518352.0,0.01076076,0.0,2.064
5518430.0,-0.00356275,0.0,2.408
5518508.0,0.00893226,0.0,1.376
5518587.0,-0.00066756,0.0,2.064
5518665.0,-0.0028517,0.0,2.064
5518743.0,-0.02484493,0.0,2.064
5518821.0,0.00354828,0.0,2.408
5518899.0,0.01721151,0.0,2.064
5518977.0,0.01482417,0.0,2.064
5519055.0,-0.0122484,0.0,1.032
5519134.0,-0.00290246,0.0,2.064
5519212.0,0.00024669,0.0,2.064
5519290.0,-0.01067378,0.0,2.064
5519368.0,0.0128433,0.0,2.752
5519446.0,0.00014517,0.0,2.064
5519524.0,-0.00716907,0.0,2.064
5519602.0,-0.01260388,0.0,2.064
5519680.0,-0.00310566,0.0,2.064
5519758.0,-0.004477,0.0,1.72
5519837.0,0.0427603,0.0,2.064
5519915.0,0.02340814,0.0,2.064
5519993.0,0.00405613,0.0,2.064
5520071.0,0.00690049,0.0,2.064
5520149.0,0.00100858,0.0,2.064
5520227.0,0.00304028,0.0,2.064
5520305.0,-0.01727681,0.0,1.72
5520383.0,-0.0028517,0.0,2.064
5520461.0,0.0061386,0.0,2.064
5520540.0,0.01741471,0.0,2.064
5520618.0,-0.00483264,0.0,2.064
5520696.0,-0.0011248,0.0,2.064
5520774.0,0.00537671,0.0,2.064
5520852.0,0.00116102,0.0,2.064
5520930.0,0.00370057,0.0,2.064
5521008.0,-0.00102312,0.0,2.064
5521086.0,-0.00752463,0.0,2.064
5521165.0,-0.00635642,0.0,2.752
5521243.0,-0.00208981,0.0,1.72
5521321.0,-0.0045786,0.0,2.064
5521399.0,-0.00244537,0.0,2.064
5521477.0,0.00126254,0.0,2.064
5521555.0,-0.01143567,0.0,2.064
5521633.0,-0.01255312,0.0,2.408
5521711.0,0.00822114,0.0,2.064
5521789.0,-0.00026131,0.0,2.064
5521868.0,-0.00757539,0.0,2.064
5521946.0,-0.00015956,0.0,2.064
5522024.0,0.00288792,0.0,2.064
5522102.0,0.00436086,0.0,2.064
5522180.0,-0.01092775,0.0,2.064
5522258.0,-0.00259766,0.0,2.408
5522336.0,-0.01565151,0.0,2.064
5522414.0,0.01192905,0.0,2.752
5522492.0,0.00420857,0.0,2.064
5522571.0,-0.01143567,0.0,2.064
5522649.0,0.00014517,0.0,1.72
5522727.0,0.0044117,0.0,2.408
5522805.0,-0.00193737,0.0,2.064
5522883.0,0.00847518,0.0,2.408
5522961.0,0.00405613,0.0,2.408
5523039.0,-0.00772783,0.0,2.408
5523117.0,0.00070385,0.0,1.72
5523195.0,-0.01412774,0.0,2.408
5523274.0,-0.00239454,0.0,1.72
5523352.0,-0.01001342,0.0,2.408
5523430.0,-0.00371511,0.0,2.064
5523508.0,-0.00595001,0.0,2.408
5523586.0,0.00867822,0.0,2.064
5523664.0,-0.00625474,0.0,2.064
5523742.0,-0.00168349,0.0,2.064
5523820.0,-0.00452791,0.0,2.064
5523898.0,0.01416388,0.0,1.376
5523977.0,-0.00767699,0.0,2.064
5524055.0,-0.00793103,0.0,2.064
5524133.0,-0.00960717,0.0,1.72
5524211.0,0.0219352,0.0,2.064
5524289.0,-0.00945481,0.0,2.064
5524367.0,0.00476733,0.0,2.064
5524445.0,-0.00854048,0.0,1.72
5524523.0,-0.01717529,0.0,2.064
5524601.0,0.01502744,0.0,1.72
5524680.0,0.00959255,0.0,2.064
5524758.0,-0.00087076,0.0,2.064
5524836.0,-0.00269926,0.0,2.064
5524914.0,-0.00259766,0.0,1.376
5524992.0,0.00649416,0.0,2.064
5525070.0,0.01233538,0.0,1.376
5525148.0,0.00019585,0.0,1.72
5525226.0,0.00085622,0.0,1.72
5525304.0,0.01106556,0.0,2.408
5525383.0,-0.00503576,0.0,1.72
5525461.0,-0.01280708,0.0,2.408
5525539.0,-0.01270541,0.0,1.72
5525617.0,-0.00671198,0.0,1.72
5525695.0,-0.01275625,0.0,1.72
5525773.0,-0.0004136,0.0,2.064
5525851.0,-0.01041982,0.0,2.408
5525930.0,-0.01067378,0.0,2.064
5526008.0,0.0069514,0.0,2.408
5526086.0,0.04184604,0.0,2.408
5526164.0,-0.00767699,0.0,1.72
5526242.0,-0.01529587,0.0,2.064
5526320.0,-0.00168349,0.0,1.72
5526398.0,-0.01001342,0.0,2.064
5526476.0,0.00618943,0.0,2.064
5526554.0,-0.0199688,0.0,3.096
5526633.0,9.425e-05,0.0,1.72
5526711.0,-0.00859132,0.0,2.064
5526789.0,0.00171963,0.0,2.064
5526867.0,0.0014149,0.0,2.064
5526945.0,-0.00346115,0.0,1.376
5527023.0,0.00964331,0.0,2.064
5527101.0,-0.01422926,0.0,2.408
5527179.0,0.00801794,0.0,2.064
5527257.0,0.00557991,0.0,2.064
5527336.0,0.00644347,0.0,1.72
5527414.0,-0.01092775,0.0,2.064
5527492.0,-0.00610238,0.0,2.064
5527570.0,-0.00081992,0.0,2.064
5527648.0,-0.01047066,0.0,1.72
5527726.0,0.01771936,0.0,2.064
5527804.0,0.00786565,0.0,2.752
5527882.0,-0.00462944,0.0,2.064
5527960.0,0.00969408,0.0,2.064
5528039.0,-0.01006426,0.0,1.72
5528117.0,0.00085622,0.0,2.064
5528195.0,-0.01118163,0.0,1.72
5528273.0,0.01309727,0.0,2.064
5528351.0,-0.01961332,0.0,2.752
5528429.0,-0.00823575,0.0,2.064
5528507.0,0.0062402,0.0,2.064
5528585.0,-0.0139753,0.0,2.064
5528664.0,0.01396068,0.0,2.064
5528742.0,-0.00610238,0.0,1.376
5528820.0,0.00883074,0.0,2.064
5528898.0,-0.00183577,0.0,2.064
5528976.0,0.00547831,0.0,2.064
5529054.0,-5.803e-05,0.0,2.408
5529132.0,0.02076691,0.0,2.064
5529210.0,0.00832266,0.0,2.064
5529288.0,-0.01473719,0.0,2.064
5529367.0,-0.00666114,0.0,2.408
5529445.0,0.01177661,0.0,2.064
5529523.0,0.00080545,0.0,2.408
5529601.0,-0.01102934,0.0,2.064
5529679.0,0.00735765,0.0,2.752
5529757.0,-0.00488348,0.0,2.064
5529835.0,-0.02514966,0.0,2.408
5529913.0,0.0083735,0.0,2.064
5529991.0,-0.00528973,0.0,2.408
5530070.0,0.00283708,0.0,2.064
5530148.0,-0.01163887,0.0,2.064
5530226.0,0.0087799,0.0,2.064
5530304.0,-0.01707369,0.0,2.064
5530382.0,0.00817037,0.0,2.064
5530460.0,-0.00584849,0.0,2.064
5530538.0,0.00222763,0.0,1.376
5530616.0,-0.00351199,0.0,3.096
5530694.0,0.0131481,0.0,2.064
5530773.0,-0.00127709,0.0,2.752
5530851.0,-0.00620405,0.0,2.408
5530929.0,-0.00584849,0.0,2.064
5531007.0,0.00715445,0.0,1.72
5531085.0,0.01710998,0.0,1.72
5531163.0,0.00111018,0.0,2.064
5531241.0,0.00039898,0.0,1.72
5531319.0,-0.02134022,0.0,2.064
5531398.0,0.01761783,0.0,2.752
5531476.0,0.01142105,0.0,1.72
5531554.0,0.01253858,0.0,1.72
5531632.0,0.00151651,0.0,1.72
5531710.0,0.0173638,0.0,1.72
5531788.0,-0.01123247,0.0,1.72
5531866.0,0.00222763,0.0,1.72
5531944.0,0.01182745,0.0,2.064
5532022.0,-0.01082622,0.0,1.72
5532101.0,-0.01473719,0.0,2.408
5532179.0,-0.01885143,0.0,1.72
5532257.0,0.00166887,0.0,1.72
5532335.0,0.00756085,0.0,1.72
5532413.0,-0.00767699,0.0,2.064
5532491.0,-0.00955633,0.0,1.72
5532569.0,-0.008642,0.0,2.064
5532647.0,0.00959255,0.0,1.72
5532725.0,0.00811954,0.0,1.72
5532804.0,-0.00879437,0.0,2.064
5532882.0,-0.004477,0.0,2.064
5532960.0,0.00390385,0.0,1.376
5533038.0,-0.00026131,0.0,1.72
5533116.0,-0.00137861,0.0,2.064
5533194.0,-0.01087691,0.0,2.064
5533272.0,0.00359897,0.0,1.72
5533350.0,-0.00747379,0.0,2.408
5533428.0,0.00065302,0.0,2.064
5533507.0,0.01208134,0.0,2.064
5533585.0,0.00557991,0.0,2.408
5533663.0,-0.00737227,0.0,2.064
5533741.0,0.0043101,0.0,2.064
5533819.0,0.00903379,0.0,2.064
5533897.0,-0.00366443,0.0,1.72
5533975.0,-0.02108626,0.0,2.064
5534053.0,0.01071008,0.0,2.064
5534132.0,0.00207519,0.0,1.376
5534210.0,0.00354828,0.0,1.72
5534288.0,0.00207519,0.0,1.72
5534366.0,-0.00046443,0.0,2.408
5534444.0,0.00832266,0.0,1.72
5534522.0,-0.0121468,0.0,2.064
5534600.0,-0.00554376,0.0,2.408
5534678.0,0.00197359,0.0,1.376
5534757.0,0.0044117,0.0,2.064
5534835.0,0.0240685,0.0,2.064
5534913.0,-0.00193737,0.0,2.064
5534991.0,-0.00635642,0.0,1.72
5535069.0,0.01177661,0.0,2.064
5535147.0,-0.0141785,0.0,2.064
5535225.0,0.01162425,0.0,1.72
5535303.0,0.017567,0.0,2.064
5535381.0,-0.00727059,0.0,1.72
5535460.0,-0.01057218,0.0,2.064
5535538.0,0.0013133,0.0,2.064
5535616.0,-0.00386755,0.0,2.064
5535694.0,-0.01052134,0.0,2.752
5535772.0,0.0043101,0.0,2.064
5535850.0,-0.00330886,0.0,2.064
5535928.0,-0.01077538,0.0,2.064
5536006.0,0.01766867,0.0,1.72
5536084.0,0.0090847,0.0,2.064
5536162.0,-0.00259766,0.0,2.064
5536241.0,-0.00168349,0.0,1.72
5536319.0,-0.01123247,0.0,2.064
5536397.0,0.0069514,0.0,2.064
5536475.0,0.00827197,0.0,2.064
5536553.0,-0.00676267,0.0,2.064
5536631.0,0.01177661,0.0,2.064
5536709.0,0.01106556,0.0,2.064
5536788.0,-0.0027501,0.0,2.064
5536866.0,-0.00214057,0.0,2.064
5536944.0,-0.00859132,0.0,2.064
5537022.0,-0.01311181,0.0,2.064
5537100.0,0.00090698,0.0,2.408
5537178.0,0.00364981,0.0,1.72
5537256.0,-0.00127709,0.0,2.752
5537334.0,0.00263396,0.0,2.064
5537412.0,-0.00066756,0.0,2.064
5537491.0,-0.01707369,0.0,2.752
5537569.0,-0.00203897,0.0,2.408
5537647.0,-0.00107388,0.0,2.064
5537725.0,-0.00356275,0.0,2.064
5537803.0,0.00639263,0.0,2.064
5537881.0,-0.00742295,0.0,2.752
5537959.0,-0.00625474,0.0,2.064
5538037.0,-0.00889604,0.0,2.752
5538115.0,0.00243076,0.0,2.064
5538194.0,-0.00224217,0.0,2.064
5538272.0,0.00781481,0.0,2.064
5538350.0,-0.00163265,0.0,2.064
5538428.0,0.01106556,0.0,1.72
5538506.0,0.0132497,0.0,2.064
5538584.0,0.00319264,0.0,2.064
5538662.0,-0.0087436,0.0,2.064
5538740.0,0.01573849,0.0,2.064
5538818.0,0.00700209,0.0,2.064
5538897.0,0.00542762,0.0,2.064
5538975.0,0.01523057,0.0,1.72
5539053.0,0.00745925,0.0,2.064
5539131.0,0.00136414,0.0,2.064
5539209.0,-0.031702,0.0,1.72
5539287.0,0.00542762,0.0,2.408
5539365.0,-0.008642,0.0,2.064
5539443.0,0.00359897,0.0,2.064
5539521.0,-0.00584849,0.0,1.72
5539600.0,-0.01737841,0.0,1.72
5539678.0,-0.00442624,0.0,2.064
5539756.0,-0.004985,0.0,2.064
5539834.0,-0.03439392,0.0,2.752
5539912.0,-0.01544831,0.0,1.72
5539990.0,-0.02139105,0.0,2.064
5540068.0,-0.02636871,0.0,2.408
5540146.0,-0.00203897,0.0,2.064
5540224.0,0.0126401,0.0,1.72
5540303.0,0.00405613,0.0,2.064
5540381.0,0.00136414,0.0,2.064
5540459.0,0.0063418,0.0,2.064
5540537.0,-0.01519435,0.0,2.408
5540615.0,-0.0025469,0.0,1.72
5540693.0,0.00725612,0.0,2.064
5540771.0,-0.0004136,0.0,2.064
5540850.0,-0.00305482,0.0,1.72
5540928.0,0.01045604,0.0,1.72
5541006.0,-0.00386755,0.0,2.064
5541084.0,-0.00727059,0.0,2.064
5541162.0,-0.00280086,0.0,2.064
5541240.0,-0.00818492,0.0,2.064
5541318.0,0.00852594,0.0,1.72
5541396.0,-0.00721983,0.0,2.064
5541474.0,0.00557991,0.0,2.064
5541553.0,-0.00391831,0.0,2.064
5541631.0,0.00111018,0.0,2.064
5541709.0,0.00811954,0.0,2.064
5541787.0,-0.00554376,0.0,2.408
5541865.0,-0.00828659,0.0,2.064
5541943.0,-0.00376595,0.0,2.064
5542021.0,0.00481802,0.0,1.032
5542099.0,-0.00838812,0.0,2.064
5542177.0,0.00817037,0.0,1.72
5542256.0,0.00542762,0.0,2.408
5542334.0,-0.00671198,0.0,2.752
5542412.0,0.00197359,0.0,1.72
5542490.0,0.01167509,0.0,1.72
5542568.0,-0.01290868,0.0,2.064
5542646.0,-0.00376595,0.0,2.064
5542724.0,0.0130465,0.0,2.064
5542802.0,0.01152265,0.0,2.408
5542880.0,0.01218302,0.0,2.752
5542959.0,0.00776405,0.0,2.064
5543037.0,0.00542762,0.0,2.064
5543115.0,-0.01082622,0.0,1.376
5543193.0,0.00278632,0.0,2.064
5543271.0,0.01685595,0.0,2.064
5543349.0,0.00497038,0.0,2.064
5543427.0,-0.00991189,0.0,2.064
5543505.0,-0.00168349,0.0,2.064
5543583.0,0.00745925,0.0,2.064
5543662.0,0.01197982,0.0,2.408
5543740.0,0.01121785,0.0,2.408
5543818.0,-0.01184192,0.0,2.064
5543896.0,-0.01499122,0.0,2.752
5543974.0,-0.00528973,0.0,2.064
5544052.0,-0.01245152,0.0,2.064
5544130.0,0.00994811,0.0,2.752
5544208.0,-0.00407068,0.0,2.408
5544286.0,-0.00473096,0.0,2.064
5544365.0,-0.0181403,0.0,2.064
5544443.0,0.01446868,0.0,2.064
5544521.0,-0.0028517,0.0,2.064
5544599.0,0.00080545,0.0,2.064
5544677.0,0.00725612,0.0,2.408
5544755.0,-0.00899757,0.0,2.064
5544833.0,-0.00188661,0.0,2.408
5544912.0,-7.27e-06,0.0,2.064
5544990.0,0.0087799,0.0,2.064
5545068.0,-0.00869284,0.0,2.064
5545146.0,-0.01905463,0.0,2.752
5545224.0,-0.00168349,0.0,2.064
5545302.0,0.00370057,0.0,2.752
5545380.0,-0.01011509,0.0,2.064
5545458.0,-0.00879437,0.0,2.064
5545536.0,-0.0025469,0.0,1.72
5545615.0,-0.01448322,0.0,2.408
5545693.0,-0.00981037,0.0,2.064
5545771.0,-0.00721983,0.0,2.408
5545849.0,-0.0011248,0.0,2.064
5545927.0,0.00105934,0.0,2.408
5546005.0,-0.00640725,0.0,2.064
5546083.0,0.02381454,0.0,2.064
5546161.0,0.00197359,0.0,2.064
5546239.0,-0.004985,0.0,2.064
5546317.0,-0.01575304,0.0,2.064
5546396.0,0.00679888,0.0,2.064
5546474.0,-0.01184192,0.0,2.064
5546552.0,0.00212603,0.0,1.72
5546630.0,-0.004477,0.0,2.064
5546708.0,-0.01966408,0.0,1.72
5546786.0,-0.02779089,0.0,2.064
5546864.0,-0.01636256,0.0,2.064
5546942.0,0.00568143,0.0,2.064
5547020.0,0.02361142,0.0,2.064
5547099.0,0.00293868,0.0,2.064
5547177.0,-0.00534049,0.0,1.72
5547255.0,-0.01478802,0.0,1.72
5547333.0,-0.01504199,0.0,1.72
5547411.0,-0.00534049,0.0,1.72
5547489.0,-0.01280708,0.0,1.72
5547567.0,0.02112255,0.0,2.064
5547645.0,-0.00818492,0.0,1.376
5547723.0,0.00177047,0.0,2.408
5547802.0,-0.0069151,0.0,2.064
5547880.0,0.00476733,0.0,2.064
5547958.0,0.00105934,0.0,1.72
5548036.0,0.01015131,0.0,2.408
5548114.0,0.00055142,0.0,2.064
5548192.0,0.00817037,0.0,2.064
5548270.0,-0.00361359,0.0,2.408
5548349.0,-0.00589918,0.0,1.72
5548427.0,-0.01651493,0.0,2.064
5548505.0,-0.02012124,0.0,1.72
5548583.0,-0.0066103,0.0,2.064
5548661.0,0.00756085,0.0,2.064
5548739.0,-0.00975953,0.0,2.064
5548817.0,-0.01534671,0.0,2.064
5548895.0,-0.01615936,0.0,2.064
5548973.0,-0.00036283,0.0,2.408
5549052.0,-0.01026746,0.0,2.064
5549130.0,-0.00290246,0.0,2.064
5549208.0,-0.00925161,0.0,2.064
5549286.0,0.01065924,0.0,2.064
5549364.0,-0.00036283,0.0,1.72
5549442.0,0.00903379,0.0,2.064
5549520.0,-0.00386755,0.0,2.752
5549598.0,0.00243076,0.0,2.064
5549676.0,0.00817037,0.0,1.72
5549755.0,0.00476733,0.0,2.064
5549833.0,-0.00163265,0.0,2.064
5549911.0,0.00705292,0.0,1.72
5549989.0,0.01177661,0.0,2.064
5550067.0,0.00593547,0.0,2.064
5550145.0,0.00202451,0.0,2.064
5550223.0,-0.00417228,0.0,3.096
5550301.0,0.02325578,0.0,2.064
5550379.0,-0.00224217,0.0,1.376
5550458.0,0.01853208,0.0,1.72
5550536.0,0.00999888,0.0,2.064
5550614.0,-0.0070167,0.0,2.064
5550692.0,-0.00188661,0.0,2.064
5550770.0,-0.01306097,0.0,2.408
5550848.0,0.01142105,0.0,2.408
5550926.0,-0.00833728,0.0,1.72
5551004.0,0.00898303,0.0,2.064
5551083.0,0.01355443,0.0,2.064
5551161.0,0.00862754,0.0,1.72
5551239.0,-0.01041982,0.0,2.752
5551317.0,-0.00579765,0.0,2.064
5551395.0,0.02305273,0.0,2.064
5551473.0,-0.00686434,0.0,2.064
5551551.0,0.01050688,0.0,2.064
5551629.0,0.00151651,0.0,2.064
5551707.0,0.01055756,0.0,2.408
5551786.0,-0.01026746,0.0,2.064
5551864.0,-0.00366443,0.0,2.064
5551942.0,-0.00066756,0.0,2.752
5552020.0,-0.01168963,0.0,2.752
5552098.0,0.00618943,0.0,2.064
5552176.0,0.006545,0.0,2.064
5552254.0,-0.00798172,0.0,2.064
5552332.0,-0.02266087,0.0,1.72
5552410.0,-0.00056603,0.0,1.72
5552489.0,-0.02570842,0.0,2.064
5552567.0,0.00375141,0.0,2.408
5552645.0,0.00502115,0.0,2.064
5552723.0,-0.01011509,0.0,2.408
5552801.0,0.00471642,0.0,2.064
5552879.0,0.01121785,0.0,2.064
5552957.0,0.03478577,0.0,1.72
5553035.0,0.00248159,0.0,2.064
5553113.0,-0.0070167,0.0,2.064
5553192.0,-0.00772783,0.0,2.064
5553270.0,-0.00904841,0.0,2.064
5553348.0,-0.00335955,0.0,2.064
5553426.0,-0.00711823,0.0,2.064
5553504.0,-0.02418465,0.0,2.064
5553582.0,-0.00706754,0.0,2.064
5553660.0,-0.0181403,0.0,2.408
5553738.0,-0.00315642,0.0,2.064
5553816.0,0.00649416,0.0,2.064
5553895.0,-0.01209596,0.0,2.064
5553973.0,-0.00341039,0.0,2.064
5554051.0,-0.00620405,0.0,2.064
5554129.0,-0.01549907,0.0,2.408
5554207.0,0.02848739,0.0,2.064
5554285.0,-0.00721983,0.0,2.064
5554363.0,-0.00386755,0.0,2.752
5554441.0,0.00029745,0.0,1.72
5554520.0,-0.00391831,0.0,2.064
5554598.0,-0.00249614,0.0,1.72
5554676.0,-0.00935313,0.0,2.064
5554754.0,-0.01387377,0.0,1.376
5554832.0,0.00756085,0.0,2.064
5554910.0,-0.02845117,0.0,1.72
5554988.0,0.00486886,0.0,1.72
5555066.0,-0.00808332,0.0,1.72
5555145.0,-0.00132792,0.0,2.064
5555223.0,0.00405613,0.0,2.064
5555301.0,-0.00305482,0.0,1.376
5555379.0,-0.00183577,0.0,1.72
5555457.0,-0.02672435,0.0,2.064
5555535.0,-0.00407068,0.0,1.72
5555613.0,-0.02306719,0.0,2.408
5555691.0,-0.00361359,0.0,2.064
5555769.0,-0.01087691,0.0,2.064
5555847.0,0.00212603,0.0,1.72
5555926.0,-0.00869284,0.0,2.064
5556004.0,-0.000312,0.0,2.064
5556082.0,-0.00640725,0.0,1.72
5556160.0,0.00801794,0.0,2.064
5556238.0,-0.01656569,0.0,1.72
5556316.0,0.00019585,0.0,1.72
5556394.0,0.00171963,0.0,2.064
5556472.0,-0.00940389,0.0,1.72
5556550.0,0.00527511,0.0,1.376
5556629.0,0.00471642,0.0,1.72
5556707.0,0.00151651,0.0,2.064
5556785.0,-0.0141785,0.0,2.064
5556863.0,-0.02382908,0.0,2.064
5556941.0,0.0085767,0.0,2.064
5557019.0,-0.01143567,0.0,2.064
5557097.0,-0.00366443,0.0,1.376
5557175.0,0.0108116,0.0,2.408
5557254.0,0.00222763,0.0,1.72
5557332.0,-0.03830503,0.0,2.064
5557410.0,-0.01646409,0.0,2.408
5557488.0,-0.00625474,0.0,2.064
5557566.0,0.00791641,0.0,2.064
5557644.0,-0.00376595,0.0,2.064
5557722.0,-0.00295322,0.0,2.064
5557801.0,0.0091863,0.0,1.376
5557879.0,0.01512897,0.0,2.064
5557957.0,-0.01143567,0.0,2.064
5558035.0,0.01528133,0.0,2.064
5558113.0,-0.0087436,0.0,2.408
5558191.0,-0.00920077,0.0,2.064
5558269.0,0.01441792,0.0,2.064
5558347.0,0.02279869,0.0,2.064
5558425.0,-0.00823575,0.0,2.064
5558503.0,-0.0163118,0.0,1.72
5558582.0,-0.02459097,0.0,2.064
5558660.0,0.00852594,0.0,2.752
5558738.0,-0.00595001,0.0,2.752
5558816.0,-0.01834343,0.0,2.064
5558894.0,0.01563689,0.0,2.752
5558972.0,0.0103036,0.0,2.064
5559050.0,-0.00351199,0.0,2.408
5559128.0,-0.03840663,0.0,1.72
5559206.0,-0.01402598,0.0,2.408
5559285.0,-0.01585464,0.0,2.064
5559363.0,-0.00544209,0.0,1.72
5559441.0,-0.00107388,0.0,2.064
5559519.0,-0.01758161,0.0,2.064
5559597.0,-0.00341039,0.0,0.688
5559675.0,0.01487501,0.0,3.096
5559753.0,-0.00183577,0.0,2.064
5559831.0,-0.00391831,0.0,2.064
5559909.0,-0.0198672,0.0,2.064
5559988.0,-0.00513736,0.0,2.064
5560066.0,0.00822114,0.0,1.72
5560144.0,-0.00087076,0.0,2.064
5560222.0,-0.01356897,0.0,2.064
5560300.0,-0.00686434,0.0,2.752
5560378.0,-0.00818492,0.0,2.064
5560456.0,0.01197982,0.0,3.096
5560534.0,-0.00605169,0.0,2.064
5560613.0,0.00065302,0.0,2.064
5560691.0,0.01401152,0.0,2.064
5560769.0,-0.01326417,0.0,2.064
5560847.0,-0.00727059,0.0,2.064
5560925.0,-0.00777852,0.0,2.064
5561003.0,-0.00442624,0.0,2.064
5561081.0,-0.01849587,0.0,2.064
5561159.0,0.0103036,0.0,2.064
5561237.0,-0.00569605,0.0,2.064
5561316.0,-0.00523889,0.0,2.064
5561394.0,0.00060225,0.0,2.064
5561472.0,-0.0051882,0.0,2.064
5561550.0,-0.00071832,0.0,2.064
5561628.0,0.00278632,0.0,2.064
5561706.0,0.00085622,0.0,2.064
5561784.0,-0.01468642,0.0,2.064
5561862.0,0.00258319,0.0,2.064
5561941.0,-0.00117548,0.0,2.064
5562019.0,-0.00960717,0.0,2.064
5562097.0,0.00522442,0.0,2.064
5562175.0,-0.00696594,0.0,2.064
5562253.0,-0.01275625,0.0,2.064
5562331.0,0.01944634,0.0,2.064
5562409.0,0.00486886,0.0,2.064
5562487.0,-0.00427388,0.0,2.064
5562565.0,0.00974499,0.0,2.064
5562644.0,0.00725612,0.0,1.72
5562722.0,0.02965576,0.0,2.064
5562800.0,0.00984659,0.0,2.752
5562878.0,0.00304028,0.0,1.72
5562956.0,-0.02332123,0.0,2.064
5563034.0,0.00730696,0.0,2.064
5563112.0,0.01091313,0.0,1.72
5563190.0,-0.00833728,0.0,2.064
5563268.0,0.00288792,0.0,1.72
5563347.0,0.00085622,0.0,1.72
5563425.0,-0.01570227,0.0,2.064
5563503.0,-0.00493416,0.0,2.408
5563581.0,0.00776405,0.0,2.064
5563659.0,0.00593547,0.0,2.064
5563737.0,-0.01793718,0.0,2.064
5563815.0,-0.000312,0.0,2.064
5563893.0,-0.00412144,0.0,2.064
5563971.0,0.00629103,0.0,2.064
5564050.0,-0.020172,0.0,2.752
5564128.0,-0.00203897,0.0,2.064
5564206.0,-0.01199443,0.0,2.064
5564284.0,0.00659576,0.0,2.064
5564362.0,-0.02159426,0.0,1.72
5564440.0,0.00669736,0.0,1.72
5564518.0,0.00166887,0.0,2.064
5564596.0,0.00740849,0.0,2.064
5564675.0,0.01909085,0.0,2.064
5564753.0,0.00217679,0.0,1.72
5564831.0,0.00710376,0.0,2.064
5564909.0,-0.00696594,0.0,2.064
5564987.0,0.00644347,0.0,2.064
5565065.0,-0.00569605,0.0,1.72
5565143.0,0.01431624,0.0,2.064
5565221.0,-0.02022277,0.0,1.72
5565299.0,-0.00432471,0.0,2.064
5565378.0,-0.00330886,0.0,2.064
5565456.0,0.01385915,0.0,2.064
5565534.0,-0.00813408,0.0,2.064
5565612.0,-0.00833728,0.0,1.72
5565690.0,0.00126254,0.0,1.72
5565768.0,-0.00142952,0.0,2.064
5565846.0,-0.00361359,0.0,1.72
5565924.0,0.00161803,0.0,2.064
5566002.0,-0.00645794,0.0,2.064
5566081.0,-0.02179746,0.0,2.064
5566159.0,0.01203065,0.0,1.72
5566237.0,-0.01163887,0.0,1.376
5566315.0,0.00237992,0.0,2.064
5566393.0,0.00471642,0.0,2.064
5566471.0,-0.00732143,0.0,2.064
5566549.0,-0.00320719,0.0,2.064
5566627.0,-0.0009216,0.0,2.064
5566705.0,-0.01301028,0.0,2.064
5566784.0,0.00288792,0.0,2.064
5566862.0,-0.00295322,0.0,2.064
5566940.0,-0.00203897,0.0,1.72
5567018.0,-0.00848964,0.0,2.064
5567096.0,-0.02189898,0.0,2.408
5567174.0,-0.00671198,0.0,2.408
5567252.0,0.00842434,0.0,2.064
5567331.0,0.00486886,0.0,2.064
5567409.0,0.00298952,0.0,2.064
5567487.0,-0.02078153,0.0,1.72
5567565.0,-0.00087076,0.0,2.064
5567643.0,0.00014517,0.0,1.72
5567721.0,0.01609406,0.0,1.72
5567799.0,0.01385915,0.0,2.064
5567877.0,-0.02347359,0.0,2.064
5567955.0,-0.00488348,0.0,1.72
5568034.0,0.0061386,0.0,2.408
5568112.0,0.03509058,0.0,2.408
5568190.0,-0.01565151,0.0,1.376
5568268.0,-0.00975953,0.0,2.064
5568346.0,-0.00473096,0.0,2.064
5568424.0,-0.01245152,0.0,2.408
5568502.0,0.00187207,0.0,2.064
5568580.0,-0.01488962,0.0,2.064
5568658.0,-0.01057218,0.0,2.408
5568737.0,0.0090847,0.0,2.064
5568815.0,-0.016007,0.0,2.752
5568893.0,0.00212603,0.0,2.408
5568971.0,-5.803e-05,0.0,2.064
5569049.0,0.00527511,0.0,2.064
5569127.0,-0.00137861,0.0,2.064
5569205.0,0.03285575,0.0,2.064
5569283.0,-0.00955633,0.0,2.408
5569361.0,-0.01671812,0.0,2.064
5569439.0,-0.00056603,0.0,2.064
5569518.0,0.00547831,0.0,2.064
5569596.0,-0.01235,0.0,2.408
5569674.0,0.006545,0.0,2.064
5569752.0,-0.00239454,0.0,2.064
5569830.0,-0.00102312,0.0,2.064
5569908.0,0.00237992,0.0,2.064
5569986.0,-0.00762623,0.0,2.064
5570064.0,-0.00036283,0.0,1.72
5570142.0,-0.01306097,0.0,2.408
5570221.0,-0.00798172,0.0,2.064
5570299.0,0.00644347,0.0,2.408
5570377.0,-0.00823575,0.0,2.064
5570455.0,0.01721151,0.0,2.064
5570533.0,-0.00950557,0.0,2.064
5570611.0,0.00364981,0.0,2.064
5570689.0,-0.00341039,0.0,2.064
5570767.0,0.00944019,0.0,2.408
5570846.0,-0.01031814,0.0,2.064
5570924.0,-0.01285785,0.0,1.72
5571002.0,-0.00904841,0.0,2.064
5571080.0,0.01319887,0.0,1.72
5571158.0,-0.01971492,0.0,2.064
5571236.0,0.00537671,0.0,2.064
5571314.0,-0.01006426,0.0,1.72
5571392.0,0.00817037,0.0,2.064
5571471.0,-0.00361359,0.0,1.72
5571549.0,-0.01702285,0.0,2.064
5571627.0,0.02315425,0.0,1.72
5571705.0,-0.02189898,0.0,2.064
5571783.0,-0.01412774,0.0,2.064
5571861.0,-0.00234385,0.0,2.064
5571939.0,0.006545,0.0,2.064
5572017.0,-0.004985,0.0,1.72
5572095.0,-0.00203897,0.0,2.064
5572174.0,-0.00564529,0.0,1.72
5572252.0,-0.00813408,0.0,2.064
5572330.0,-0.01082622,0.0,1.72
5572408.0,0.01512897,0.0,1.72
5572486.0,-0.00305482,0.0,2.064
5572564.0,-0.01123247,0.0,2.408
5572642.0,-0.02149273,0.0,2.064
5572720.0,-0.01026746,0.0,2.064
5572798.0,0.01238622,0.0,2.064
5572877.0,-0.00214057,0.0,2.064
5572955.0,-0.01087691,0.0,2.064
5573033.0,-0.0133657,0.0,2.064
5573111.0,-0.00803255,0.0,2.064
5573189.0,-0.01006426,0.0,2.408
5573267.0,0.00212603,0.0,2.408
5573345.0,9.425e-05,0.0,2.064
5573423.0,-0.00305482,0.0,2.064
5573501.0,0.00090698,0.0,2.064
5573580.0,0.00466566,0.0,1.72
5573658.0,-0.01473719,0.0,2.064
5573736.0,-0.01036906,0.0,2.064
5573814.0,-0.01082622,0.0,1.72
5573892.0,-0.00752463,0.0,2.408
5573970.0,0.00751001,0.0,2.064
5574048.0,0.01528133,0.0,2.064
5574127.0,-0.00940389,0.0,2.064
5574205.0,0.02046219,0.0,2.064
5574283.0,0.01802408,0.0,1.72
5574361.0,-0.00737227,0.0,2.064
5574439.0,-0.01184192,0.0,2.064
5574517.0,-0.00325795,0.0,2.064
5574595.0,-0.0119436,0.0,2.064
5574673.0,0.01761783,0.0,2.064
5574751.0,0.00735765,0.0,1.72
5574830.0,0.01131953,0.0,1.72
5574908.0,0.00024669,0.0,2.064
5574986.0,-0.00427388,0.0,2.752
5575064.0,0.00349737,0.0,2.064
5575142.0,0.00507206,0.0,2.064
5575220.0,-0.01981644,0.0,2.064
5575298.0,-0.00315642,0.0,1.032
5575376.0,0.00436086,0.0,1.72
5575454.0,-0.02001964,0.0,1.72
5575532.0,0.01050688,0.0,2.064
5575611.0,-0.00320719,0.0,2.408
5575689.0,0.01467188,0.0,2.064
5575767.0,-0.00188661,0.0,2.064
5575845.0,0.00273548,0.0,1.72
5575923.0,0.00253236,0.0,2.064
5576001.0,0.00776405,0.0,2.408
5576079.0,-0.00528973,0.0,1.72
5576157.0,-0.01011509,0.0,2.064
5576236.0,0.00105934,0.0,2.064
5576314.0,0.00781481,0.0,2.064
5576392.0,-0.00828659,0.0,2.064
5576470.0,0.01253858,0.0,2.064
5576548.0,0.00375141,0.0,2.408
5576626.0,0.01177661,0.0,1.72
5576704.0,0.0103036,0.0,2.064
5576782.0,0.01426541,0.0,3.096
5576861.0,0.01594169,0.0,2.408
5576939.0,0.00578318,0.0,2.064
5577017.0,-0.00838812,0.0,2.408
5577095.0,0.02198596,0.0,1.72
5577173.0,-0.00610238,0.0,2.064
5577251.0,0.00644347,0.0,2.064
5577329.0,0.0012117,0.0,2.064
5577407.0,-5.803e-05,0.0,2.064
5577485.0,0.00151651,0.0,2.064
5577564.0,0.01634802,0.0,2.064
5577642.0,-0.00915001,0.0,3.096
5577720.0,0.00400537,0.0,1.72
5577798.0,0.00852594,0.0,2.064
5577876.0,-0.01372126,0.0,2.064
5577954.0,0.02797962,0.0,2.408
5578032.0,-0.01331501,0.0,2.408
5578110.0,-0.02601322,0.0,2.064
5578188.0,0.01116716,0.0,2.064
5578266.0,0.00542762,0.0,2.064
5578345.0,-0.01661653,0.0,2.064
5578423.0,-0.00015956,0.0,2.064
5578501.0,-0.01661653,0.0,2.064
5578579.0,0.01355443,0.0,2.752
5578657.0,-0.01458475,0.0,2.064
5578735.0,-0.00234385,0.0,3.096
5578813.0,0.01355443,0.0,2.064
5578891.0,0.0091863,0.0,2.064
5578970.0,-0.00229294,0.0,1.72
5579048.0,0.00222763,0.0,2.064
5579126.0,-0.00341039,0.0,2.064
5579204.0,-0.02387984,0.0,2.064
5579282.0,-0.01082622,0.0,2.408
5579360.0,-0.00879437,0.0,2.064
5579438.0,-0.01062294,0.0,2.064
5579516.0,0.01802408,0.0,2.064
5579595.0,-0.00650878,0.0,2.064
5579673.0,-0.01636256,0.0,2.064
5579751.0,0.00029745,0.0,1.72
5579829.0,-0.00798172,0.0,2.408
5579907.0,0.00817037,0.0,2.064
5579985.0,-0.02220371,0.0,2.064
5580063.0,0.0063418,0.0,2.064
5580141.0,-0.01367057,0.0,2.064
5580219.0,0.00664667,0.0,2.064
5580298.0,0.0091863,0.0,1.72
5580376.0,-0.01605784,0.0,2.064
5580454.0,-0.0122484,0.0,2.064
5580532.0,0.00029745,0.0,2.064
5580610.0,-0.00803255,0.0,2.064
5580688.0,-0.00848964,0.0,2.408
5580766.0,0.00756085,0.0,1.72
5580844.0,-0.00412144,0.0,2.064
5580922.0,0.00832266,0.0,2.064
5581000.0,-0.0051882,0.0,1.72
5581079.0,0.01187829,0.0,2.064
5581157.0,-0.00264857,0.0,2.064
5581235.0,-0.0045786,0.0,2.408
5581313.0,-0.02134022,0.0,2.408
5581391.0,0.0063418,0.0,2.064
5581469.0,0.006545,0.0,1.72
5581547.0,-0.00198821,0.0,1.72
5581625.0,-0.0316004,0.0,2.752
5581704.0,-0.01971492,0.0,2.064
5581782.0,0.01634802,0.0,1.72
5581860.0,0.0012117,0.0,2.064
5581938.0,0.00573235,0.0,2.064
5582016.0,-0.00686434,0.0,2.064
5582094.0,0.01451944,0.0,2.064
5582172.0,-0.00473096,0.0,2.752
5582250.0,0.00339584,0.0,2.064
5582328.0,0.02239244,0.0,2.064
5582407.0,-0.02240691,0.0,2.064
5582485.0,0.00263396,0.0,2.064
5582563.0,-0.00955633,0.0,1.72
5582641.0,0.01421472,0.0,2.408
5582719.0,-0.01935935,0.0,2.064
5582797.0,-0.00168349,0.0,2.064
5582875.0,0.01035451,0.0,2.752
5582954.0,-0.00264857,0.0,2.064
5583032.0,0.00329424,0.0,2.064
5583110.0,-0.0119436,0.0,2.064
5583188.0,-0.00970869,0.0,2.408
5583266.0,-0.00544209,0.0,1.72
5583344.0,-0.00386755,0.0,2.064
5583422.0,-0.00148021,0.0,2.408
5583500.0,-0.00539133,0.0,2.064
5583578.0,0.01035451,0.0,2.408
5583657.0,0.00644347,0.0,2.064
5583735.0,-0.00904841,0.0,2.064
5583813.0,0.02300189,0.0,2.064
5583891.0,-0.01311181,0.0,1.72
5583969.0,0.00872906,0.0,2.064
5584047.0,0.0131481,0.0,2.064
5584125.0,-0.00315642,0.0,2.408
5584203.0,0.0051229,0.0,1.72
5584281.0,0.00832266,0.0,2.064
5584359.0,0.0083735,0.0,1.72
5584438.0,-0.01412774,0.0,1.72
5584516.0,-0.01783558,0.0,1.72
5584594.0,0.00745925,0.0,2.408
5584672.0,0.0108116,0.0,1.72
5584750.0,-0.00351199,0.0,2.064
5584828.0,-0.00097236,0.0,2.408
5584906.0,0.0013133,0.0,2.408
5584984.0,0.00227832,0.0,1.72
5585062.0,-0.0161086,0.0,2.408
5585141.0,0.00105934,0.0,1.72
5585219.0,0.00502115,0.0,2.408
5585297.0,-0.0164134,0.0,2.064
5585375.0,-0.02377832,0.0,3.44
5585453.0,-0.01047066,0.0,2.064
5585531.0,0.00085622,0.0,2.408
5585609.0,-0.00183577,0.0,2.064
5585687.0,-0.01052134,0.0,2.064
5585766.0,0.0051229,0.0,2.064
5585844.0,0.00273548,0.0,2.064
5585922.0,-0.01448322,0.0,2.064
5586000.0,-0.01275625,0.0,2.408
5586078.0,-0.02718144,0.0,2.064
5586156.0,-0.00899757,0.0,2.064
5586234.0,0.00019585,0.0,2.064
5586312.0,-0.01331501,0.0,1.72
5586391.0,0.00710376,0.0,2.064
5586469.0,0.01594169,0.0,2.752
5586547.0,-0.00300414,0.0,2.064
5586625.0,0.01964961,0.0,2.064
5586703.0,0.03067153,0.0,2.064
5586781.0,-0.00173425,0.0,1.72
5586859.0,-0.00534049,0.0,1.376
5586937.0,-0.00747379,0.0,2.064
5587015.0,0.0067482,0.0,2.064
5587094.0,0.0051229,0.0,2.064
5587172.0,-0.00401991,0.0,2.408
5587250.0,-0.02413388,0.0,2.064
5587328.0,-0.00193737,0.0,2.064
5587406.0,-0.00716907,0.0,1.72
5587484.0,0.00583387,0.0,2.064
5587562.0,0.00522442,0.0,2.064
5587640.0,0.00603707,0.0,2.064
5587718.0,0.01731311,0.0,2.064
5587797.0,-0.02814645,0.0,2.064
5587875.0,-0.02702907,0.0,1.72
5587953.0,-0.00772783,0.0,2.064
5588031.0,0.01025284,0.0,2.064
5588109.0,-0.01021662,0.0,2.064
5588187.0,-0.00188661,0.0,1.72
5588265.0,-0.02748616,0.0,2.064
5588343.0,0.00852594,0.0,1.72
5588421.0,0.00202451,0.0,2.408
5588500.0,0.02432247,0.0,1.72
5588578.0,0.02889387,0.0,2.064
5588656.0,-0.01036906,0.0,1.72
5588734.0,-0.01539747,0.0,2.064
5588812.0,-0.00605169,0.0,1.72
5588890.0,-0.00188661,0.0,2.064
5588968.0,-0.00833728,0.0,2.064
5589046.0,0.00690049,0.0,1.72
5589124.0,-0.01554991,0.0,2.064
5589203.0,-0.0009216,0.0,2.064
5589281.0,-0.00148021,0.0,2.064
5589359.0,-0.00549293,0.0,2.064
5589437.0,0.01964961,0.0,2.064
5589515.0,-0.0069151,0.0,1.72
5589593.0,-0.00153105,0.0,2.064
5589671.0,-0.00666114,0.0,2.064
5589749.0,0.01365595,0.0,2.064
5589828.0,0.00177047,0.0,2.408
5589906.0,-0.00071832,0.0,2.064
5589984.0,-0.00127709,0.0,2.064
5590062.0,0.00359897,0.0,2.064
5590140.0,-0.00574696,0.0,1.72
5590218.0,-0.02382908,0.0,2.408
5590296.0,0.00237992,0.0,2.408
5590374.0,-0.00269926,0.0,2.064
5590453.0,0.02020822,0.0,2.064
5590531.0,-0.00767699,0.0,2.064
5590609.0,-0.00432471,0.0,2.064
5590687.0,0.00944019,0.0,2.408
5590765.0,-0.00767699,0.0,1.72
5590843.0,0.00593547,0.0,2.064
5590921.0,-0.01971492,0.0,2.064
5590999.0,0.00100858,0.0,2.064
5591077.0,0.00243076,0.0,2.064
5591155.0,0.0041069,0.0,1.72
5591234.0,-0.01301028,0.0,2.064
5591312.0,0.00161803,0.0,2.064
5591390.0,0.0085767,0.0,2.064
5591468.0,0.00283708,0.0,2.064
5591546.0,0.00502115,0.0,2.064
5591624.0,0.00822114,0.0,2.064
5591702.0,-0.02987343,0.0,1.72
5591780.0,-0.01189276,0.0,2.064
5591859.0,-0.00203897,0.0,1.72
5591937.0,-0.00178509,0.0,2.064
5592015.0,-0.00940389,0.0,2.064
5592093.0,0.01416388,0.0,2.064
5592171.0,0.01274163,0.0,2.408
5592249.0,-0.01240068,0.0,1.376
5592327.0,-0.02682587,0.0,2.752
5592405.0,0.01050688,0.0,1.032
5592484.0,-0.00036283,0.0,2.408
5592562.0,-0.00732143,0.0,2.408
5592640.0,-0.00645794,0.0,2.408
5592718.0,0.00111018,0.0,2.752
5592796.0,-0.00721983,0.0,2.752
5592874.0,0.00791641,0.0,2.064
5592952.0,0.0108116,0.0,2.408
5593030.0,0.00415773,0.0,2.064
5593108.0,-0.01209596,0.0,2.408
5593187.0,0.00034829,0.0,2.408
5593265.0,-0.00894688,0.0,2.752
5593343.0,0.00380217,0.0,2.064
5593421.0,-0.00823575,0.0,2.064
5593499.0,0.01096396,0.0,2.064
5593577.0,-0.00894688,0.0,2.064
5593655.0,-0.00462944,0.0,2.064
5593733.0,0.00171963,0.0,1.72
5593811.0,0.01035451,0.0,2.064
5593890.0,0.00044989,0.0,1.72
5593968.0,-0.00539133,0.0,2.408
5594046.0,-0.00970869,0.0,2.064
5594124.0,-0.00158189,0.0,2.064
5594202.0,0.01355443,0.0,2.064
5594280.0,-0.00772783,0.0,2.064
5594358.0,-0.00351199,0.0,2.064
5594436.0,0.00253236,0.0,2.064
5594514.0,0.00146574,0.0,2.064
5594593.0,0.00888142,0.0,2.064
5594671.0,-0.02012124,0.0,1.72
5594749.0,-0.00859132,0.0,2.064
5594827.0,0.00964331,0.0,2.064
5594905.0,0.00497038,0.0,1.72
5594983.0,0.01370679,0.0,1.72
5595061.0,0.00949103,0.0,2.064
5595139.0,-0.00788012,0.0,1.72
5595217.0,-0.00828659,0.0,2.064
5595295.0,0.00923699,0.0,2.064
5595374.0,-0.00229294,0.0,2.064
5595452.0,-0.04170815,0.0,1.376
5595530.0,0.00725612,0.0,1.72
5595608.0,-0.01138483,0.0,2.064
5595686.0,-0.00803255,0.0,2.064
5595764.0,-0.01108011,0.0,2.408
5595842.0,0.00283708,0.0,2.064
5595921.0,-0.0004136,0.0,2.064
5595999.0,0.00786565,0.0,2.064
5596077.0,0.00014517,0.0,2.064
5596155.0,-0.000312,0.0,1.72
5596233.0,0.00344661,0.0,2.064
5596311.0,-0.00559445,0.0,2.064
5596389.0,-5.803e-05,0.0,2.064
5596467.0,0.00019585,0.0,2.408
5596545.0,0.00659576,0.0,2.064
5596624.0,-0.00107388,0.0,2.064
5596702.0,0.02244313,0.0,1.376
5596780.0,0.01863368,0.0,2.064
5596858.0,0.00400537,0.0,2.064
5596936.0,-0.01001342,0.0,2.064
5597014.0,-0.004477,0.0,2.408
5597092.0,-0.00777852,0.0,2.064
5597170.0,-0.000312,0.0,2.064
5597248.0,-0.0046802,0.0,2.064
5597326.0,0.01909085,0.0,2.064
5597405.0,0.00705292,0.0,2.064
5597483.0,-0.01880059,0.0,2.064
5597561.0,-0.01108011,0.0,2.064
5597639.0,-0.01321341,0.0,2.064
5597717.0,-0.00747379,0.0,2.064
5597795.0,0.00055142,0.0,2.064
5597873.0,-0.01072454,0.0,2.064
5597951.0,0.00359897,0.0,1.72
5598030.0,0.00375141,0.0,2.064
5598108.0,-0.00249614,0.0,1.72
5598186.0,0.00720529,0.0,2.064
5598264.0,0.00552915,0.0,2.064
5598342.0,-0.0011248,0.0,2.064
5598420.0,0.00944019,0.0,2.064
5598498.0,-0.00346115,0.0,2.064
5598576.0,0.01517973,0.0,1.72
5598655.0,0.01426541,0.0,1.376
5598733.0,-0.00478173,0.0,2.064
5598811.0,-0.01158803,0.0,2.064
5598889.0,0.00466566,0.0,1.72
5598967.0,0.00349737,0.0,2.064
5599045.0,0.01360512,0.0,2.408
5599123.0,0.00486886,0.0,1.72
5599201.0,-0.00148021,0.0,1.376
5599280.0,0.02528748,0.0,2.752
5599358.0,-0.00137861,0.0,1.72
5599436.0,-0.00371511,0.0,2.064
5599514.0,-0.00772783,0.0,2.408
5599592.0,-0.0043754,0.0,2.408
5599670.0,0.00044989,0.0,2.064
5599748.0,-0.00935313,0.0,2.752
5599826.0,-0.00534049,0.0,1.72
5599904.0,0.00034829,0.0,2.064
5599982.0,0.00253236,0.0,1.72
5600061.0,0.00050073,0.0,2.408
5600139.0,0.0067482,0.0,1.72
5600217.0,-0.00630558,0.0,2.752
5600295.0,-0.00198821,0.0,1.72
5600373.0,0.01223378,0.0,2.408
5600451.0,-0.00595001,0.0,1.72
5600529.0,0.01812576,0.0,2.752
5600607.0,-0.00376595,0.0,2.408
5600685.0,0.00664667,0.0,2.408
5600764.0,-0.00559445,0.0,2.064
5600842.0,0.00248159,0.0,2.064
5600920.0,-0.00122632,0.0,2.408
5600998.0,-0.00280086,0.0,2.408
5601076.0,-0.01524504,0.0,2.064
5601154.0,-0.00589918,0.0,2.752
5601232.0,0.01822728,0.0,2.752
5601311.0,0.00192283,0.0,2.064
5601389.0,0.01345283,0.0,2.064
5601467.0,0.00486886,0.0,1.72
5601545.0,-0.00452791,0.0,1.376
5601623.0,0.01233538,0.0,1.72
5601701.0,-0.02062909,0.0,1.72
5601779.0,0.00639263,0.0,2.064
5601857.0,0.00375141,0.0,2.752
5601935.0,-0.00300414,0.0,1.72
5602013.0,-0.01316265,0.0,1.72
5602092.0,0.00105934,0.0,2.064
5602170.0,-0.01671812,0.0,2.064
5602248.0,0.00385301,0.0,1.376
5602326.0,-0.01062294,0.0,2.064
5602404.0,0.0014149,0.0,2.064
5602482.0,-0.00767699,0.0,2.064
5602560.0,0.00177047,0.0,2.064
5602638.0,-0.00625474,0.0,2.064
5602716.0,0.00938943,0.0,1.72
5602795.0,0.00253236,0.0,2.064
5602873.0,0.01157349,0.0,1.72
5602951.0,0.00050073,0.0,2.064
5603029.0,-0.01235,0.0,1.72
5603107.0,-0.0087436,0.0,2.064
5603185.0,0.00222763,0.0,1.376
5603263.0,0.00222763,0.0,2.408
5603341.0,-0.00473096,0.0,2.064
5603419.0,-0.00762623,0.0,2.064
5603498.0,0.00852594,0.0,1.72
5603576.0,0.02178284,0.0,2.064
5603654.0,-0.00950557,0.0,2.408
5603732.0,-0.00620405,0.0,2.064
5603810.0,-0.00401991,0.0,1.376
5603888.0,0.00796725,0.0,2.064
5603966.0,-0.02118785,0.0,2.064
5604044.0,-0.01113094,0.0,1.72
5604123.0,0.01675435,0.0,2.064
5604201.0,0.00964331,0.0,2.064
5604279.0,0.0198019,0.0,2.064
5604357.0,-0.01494031,0.0,2.064
5604435.0,0.00349737,0.0,2.064
5604513.0,-0.02189898,0.0,2.064
5604591.0,0.00283708,0.0,2.064
5604669.0,-0.02078153,0.0,2.064
5604748.0,0.01274163,0.0,1.72
5604826.0,-0.00925161,0.0,2.064
5604904.0,0.0041069,0.0,2.408
5604982.0,0.00182131,0.0,2.064
5605060.0,0.00359897,0.0,2.064
5605138.0,-0.0027501,0.0,2.064
5605216.0,0.03265247,0.0,2.064
5605294.0,-0.00214057,0.0,2.064
5605372.0,0.01451944,0.0,2.064
5605451.0,-0.01636256,0.0,2.064
5605529.0,-0.01026746,0.0,2.064
5605607.0,0.0041069,0.0,1.72
5605685.0,0.00542762,0.0,2.064
5605763.0,0.00461482,0.0,2.064
5605841.0,0.00116102,0.0,1.376
5605919.0,0.0128433,0.0,2.064
5605997.0,0.01548446,0.0,1.72
5606075.0,-0.00920077,0.0,1.72
5606153.0,-0.00854048,0.0,2.408
5606232.0,-0.02098466,0.0,1.72
5606310.0,-0.00310566,0.0,2.064
5606388.0,-0.00848964,0.0,2.064
5606466.0,0.00050073,0.0,1.72
5606544.0,-0.01301028,0.0,2.064
5606622.0,-0.01219748,0.0,1.72
5606700.0,0.00136414,0.0,2.064
5606778.0,0.01116716,0.0,1.72
5606857.0,0.00806877,0.0,2.064
5606935.0,-0.00488348,0.0,2.064
5607013.0,0.00329424,0.0,1.72
5607091.0,0.00319264,0.0,2.064
5607169.0,-0.01260388,0.0,2.064
5607247.0,-0.01189276,0.0,2.064
5607325.0,-0.00452791,0.0,2.064
5607403.0,0.01934474,0.0,2.752
5607482.0,0.00380217,0.0,2.408
5607560.0,-0.01062294,0.0,2.064
5607638.0,0.03178899,0.0,2.064
5607716.0,0.0087799,0.0,2.064
5607794.0,0.00116102,0.0,1.72
5607872.0,-0.01092775,0.0,2.408
5607950.0,-0.00605169,0.0,2.408
5608028.0,-0.00711823,0.0,2.064
5608107.0,0.0315351,0.0,2.064
5608185.0,-0.00163265,0.0,2.064
5608263.0,0.00872906,0.0,2.408
5608341.0,0.00248159,0.0,1.72
5608419.0,-0.01006426,0.0,2.408
5608497.0,-0.01895303,0.0,2.064
5608575.0,-0.00300414,0.0,2.064
5608653.0,-0.00513736,0.0,2.752
5608731.0,0.00517358,0.0,2.752
5608810.0,0.01065924,0.0,1.72
5608888.0,-0.00346115,0.0,2.408
5608966.0,-0.00544209,0.0,2.064
5609044.0,-0.02022277,0.0,2.408
5609122.0,0.00014517,0.0,2.064
5609200.0,-0.00808332,0.0,3.096
5609278.0,0.01893841,0.0,1.72
5609356.0,0.01731311,0.0,1.376
5609434.0,-0.00224217,0.0,1.72
5609512.0,0.0085767,0.0,1.72
5609591.0,-0.00193737,0.0,1.72
5609669.0,0.0087799,0.0,2.408
5609747.0,0.0083735,0.0,2.064
5609825.0,-0.00315642,0.0,2.064
5609903.0,-0.00381671,0.0,2.064
5609981.0,-0.01382293,0.0,2.064
5610059.0,-0.01057218,0.0,1.376
5610137.0,0.00232923,0.0,2.064
5610215.0,0.00151651,0.0,2.064
5610294.0,-0.00021047,0.0,1.72
5610372.0,-0.0139753,0.0,1.72
5610450.0,0.03194142,0.0,1.376
5610528.0,-0.01783558,0.0,2.064
5610606.0,-0.00422319,0.0,1.72
5610684.0,0.00232923,0.0,2.064
5610762.0,-0.00813408,0.0,2.064
5610841.0,-0.027537,0.0,1.72
5610919.0,0.01777027,0.0,1.72
5610997.0,0.00491962,0.0,2.408
5611075.0,0.00669736,0.0,1.72
5611153.0,-0.0011248,0.0,2.064
5611231.0,-0.00158189,0.0,1.72
5611309.0,0.00761169,0.0,2.064
5611387.0,-0.00300414,0.0,1.72
5611465.0,-0.0140769,0.0,2.064
5611544.0,-0.01636256,0.0,2.064
5611622.0,-0.01529587,0.0,2.064
5611700.0,0.0014149,0.0,1.72
5611778.0,0.00288792,0.0,2.064
5611856.0,0.00608791,0.0,1.72
5611934.0,-0.01062294,0.0,2.064
5612012.0,-0.01047066,0.0,1.72
5612090.0,-0.00396915,0.0,2.064
5612168.0,-0.008642,0.0,1.72
5612246.0,-0.0027501,0.0,2.064
5612325.0,-0.0066103,0.0,2.064
5612403.0,-0.00452791,0.0,2.064
5612481.0,-0.0045786,0.0,1.72
5612559.0,-0.00412144,0.0,1.72
5612637.0,0.00329424,0.0,2.064
5612715.0,-0.00513736,0.0,2.064
5612793.0,0.00156727,0.0,2.064
5612871.0,-0.02555613,0.0,2.064
5612950.0,0.0087799,0.0,2.408
5613028.0,-0.01102934,0.0,2.064
5613106.0,-0.01072454,0.0,2.064
5613184.0,-0.00554376,0.0,2.408
5613262.0,-0.00930229,0.0,2.064
5613340.0,-0.0011248,0.0,2.064
5613418.0,0.00177047,0.0,2.064
5613496.0,-0.01240068,0.0,2.408
5613575.0,-0.01387377,0.0,2.064
5613653.0,0.00283708,0.0,2.064
5613731.0,-0.00214057,0.0,2.064
5613809.0,0.00933851,0.0,2.064
5613887.0,-0.00087076,0.0,2.064
5613965.0,0.00044989,0.0,2.064
5614043.0,-0.01976568,0.0,2.408
5614121.0,0.00405613,0.0,2.064
5614199.0,-0.0027501,0.0,2.064
5614278.0,0.01131953,0.0,2.064
5614356.0,0.00212603,0.0,2.064
5614434.0,-0.01255312,0.0,2.064
5614512.0,0.00684972,0.0,1.72
5614590.0,-0.01168963,0.0,2.064
5614668.0,-0.00132792,0.0,2.064
5614746.0,0.01096396,0.0,2.064
5614824.0,0.01909085,0.0,1.72
5614902.0,-0.0069151,0.0,2.408
5614981.0,0.00583387,0.0,1.72
5615059.0,0.00293868,0.0,2.064
5615137.0,0.00751001,0.0,1.72
5615215.0,0.01411312,0.0,2.408
5615293.0,-0.01356897,0.0,2.752
5615371.0,0.00268479,0.0,2.408
5615449.0,0.00745925,0.0,2.064
5615527.0,0.00324356,0.0,2.064
5615605.0,-0.01534671,0.0,1.72
5615684.0,0.01213218,0.0,1.72
5615762.0,-0.02042597,0.0,2.064
5615840.0,-0.0087436,0.0,2.064
5615918.0,0.00629103,0.0,1.72
5615996.0,-0.00407068,0.0,2.408
5616074.0,-0.01072454,0.0,2.064
5616152.0,-0.0293655,0.0,2.408
5616230.0,-0.00996258,0.0,2.064
5616308.0,0.00791641,0.0,2.064
5616387.0,-0.0005152,0.0,2.064
5616465.0,-0.00564529,0.0,2.064
5616543.0,-0.00076916,0.0,2.752
5616621.0,-0.00132792,0.0,2.752
5616699.0,0.00344661,0.0,2.064
5616777.0,0.00517358,0.0,2.064
5616855.0,-0.00386755,0.0,2.064
5616934.0,0.0061386,0.0,2.752
5617012.0,-0.00071832,0.0,2.064
5617090.0,-0.02398152,0.0,3.096
5617168.0,0.00715445,0.0,2.064
5617246.0,-0.00650878,0.0,2.064
5617324.0,0.01335123,0.0,2.064
5617402.0,0.00959255,0.0,2.064
5617480.0,0.00720529,0.0,1.376
5617558.0,-0.00066756,0.0,2.064
5617637.0,0.02132567,0.0,1.72
5617715.0,-0.00315642,0.0,1.72
5617793.0,-0.00346115,0.0,1.72
5617871.0,0.00237992,0.0,2.064
5617949.0,-0.01240068,0.0,1.72
5618027.0,-0.02078153,0.0,1.72
5618105.0,-0.00981037,0.0,2.752
5618183.0,0.00100858,0.0,2.064
5618261.0,-0.00859132,0.0,1.72
5618340.0,-0.00219134,0.0,2.408
5618418.0,-0.00945481,0.0,2.064
5618496.0,0.00237992,0.0,1.376
5618574.0,0.01055756,0.0,2.064
5618652.0,0.00039898,0.0,1.72
5618730.0,0.01025284,0.0,1.72
5618808.0,-0.00320719,0.0,2.064
5618886.0,0.00822114,0.0,2.408
5618964.0,-0.01219748,0.0,2.064
5619043.0,0.01416388,0.0,1.72
5619121.0,0.00151651,0.0,1.72
5619199.0,0.02102095,0.0,2.064
5619277.0,-0.01229916,0.0,1.72
5619355.0,-0.00635642,0.0,2.064
5619433.0,-0.00010887,0.0,2.064
5619511.0,-0.00798172,0.0,2.064
5619589.0,0.00334508,0.0,2.408
5619667.0,0.00359897,0.0,2.064
5619746.0,-0.00503576,0.0,2.064
5619824.0,-0.01072454,0.0,1.376
5619902.0,0.01634802,0.0,2.064
5619980.0,0.00263396,0.0,2.064
5620058.0,0.00263396,0.0,2.064
5620136.0,-0.00229294,0.0,2.408
5620214.0,-0.01209596,0.0,2.064
5620292.0,0.02467803,0.0,1.72
5620370.0,-0.00640725,0.0,2.064
5620449.0,-0.02225454,0.0,2.064
5620527.0,0.00883074,0.0,2.064
5620605.0,-0.00071832,0.0,2.064
5620683.0,0.0061386,0.0,2.064
5620761.0,-0.0028517,0.0,2.064
5620839.0,-0.0027501,0.0,2.064
5620917.0,-0.01036906,0.0,2.064
5620996.0,-0.02250843,0.0,2.064
5621074.0,-0.0084388,0.0,2.064
5621152.0,0.00309104,0.0,2.064
5621230.0,0.02020822,0.0,2.064
5621308.0,-0.01808961,0.0,2.064
5621386.0,0.00700209,0.0,2.408
5621464.0,-0.00630558,0.0,2.064
5621542.0,-0.01285785,0.0,2.064
5621620.0,-0.01006426,0.0,2.064
5621699.0,0.00989728,0.0,2.064
5621777.0,-0.01534671,0.0,2.064
5621855.0,-0.0046802,0.0,2.064
5621933.0,-0.00163265,0.0,2.064
5622011.0,0.00263396,0.0,2.064
5622089.0,0.00055142,0.0,2.064
5622167.0,-0.00346115,0.0,2.064
5622245.0,0.00065302,0.0,2.064
5622323.0,-0.01524504,0.0,1.376
5622401.0,-0.0043754,0.0,2.064
5622480.0,-0.00950557,0.0,2.064
5622558.0,-0.01529587,0.0,2.064
5622636.0,-0.00015956,0.0,2.064
5622714.0,-0.00508653,0.0,2.064
5622792.0,-0.0070167,0.0,2.408
5622870.0,0.00100858,0.0,1.72
5622948.0,-0.00605169,0.0,2.064
5623026.0,0.01538293,0.0,1.72
5623104.0,-0.01255312,0.0,2.408
5623183.0,-0.00635642,0.0,2.064
5623261.0,0.00725612,0.0,2.064
5623339.0,-0.000312,0.0,2.064
5623417.0,0.0045133,0.0,2.064
5623495.0,-0.00915001,0.0,2.064
5623573.0,0.01924313,0.0,2.752
5623651.0,0.01223378,0.0,2.064
5623729.0,0.00425926,0.0,2.752
5623807.0,-0.00153105,0.0,2.064
5623886.0,-0.01275625,0.0,2.064
5623964.0,0.00969408,0.0,1.72
5624042.0,-0.00554376,0.0,2.064
5624120.0,-0.00417228,0.0,2.064
5624198.0,0.00720529,0.0,2.064
5624276.0,0.00735765,0.0,1.72
5624354.0,-0.00610238,0.0,2.064
5624432.0,-0.01549907,0.0,2.408
5624511.0,0.02823358,0.0,2.408
5624589.0,-0.01285785,0.0,2.064
5624667.0,-0.02387984,0.0,2.408
5624745.0,0.01543377,0.0,2.064
5624823.0,0.00420857,0.0,1.376
5624901.0,0.00060225,0.0,2.064
5624979.0,-0.00320719,0.0,2.752
5625057.0,-0.00894688,0.0,2.064
5625136.0,-0.0043754,0.0,2.064
5625214.0,-0.00854048,0.0,2.064
5625292.0,0.00486886,0.0,2.064
5625370.0,-0.00859132,0.0,1.376
5625448.0,0.01050688,0.0,1.72
5625526.0,-0.03276861,0.0,2.064
5625604.0,-0.0045786,0.0,1.376
5625682.0,-0.031194,0.0,2.408
5625760.0,-0.00153105,0.0,2.064
5625839.0,0.00319264,0.0,2.408
5625917.0,0.01228454,0.0,1.376
5625995.0,0.0295034,0.0,2.408
5626073.0,0.00090698,0.0,1.72
5626151.0,-0.00986106,0.0,2.064
5626229.0,0.00740849,0.0,2.752
5626307.0,0.00669736,0.0,2.408
5626385.0,0.01959877,0.0,2.064
5626463.0,-0.01331501,0.0,1.72
5626542.0,-0.00859132,0.0,1.72
5626620.0,0.01162425,0.0,1.72
5626698.0,-0.01819114,0.0,2.064
5626776.0,0.00293868,0.0,2.064
5626854.0,-0.01158803,0.0,2.408
5626932.0,-0.00727059,0.0,2.408
5627010.0,0.01487501,0.0,1.72
5627088.0,0.00232923,0.0,2.064
5627167.0,-0.00046443,0.0,1.72
5627245.0,0.01071008,0.0,2.064
5627323.0,-0.02286399,0.0,2.064
5627401.0,0.01299567,0.0,2.064
5627479.0,-0.008642,0.0,2.408
5627557.0,-0.01392446,0.0,2.064
5627635.0,-0.01321341,0.0,2.064
5627713.0,0.00192283,0.0,2.064
5627792.0,-0.01722605,0.0,2.064
5627870.0,-0.00295322,0.0,1.72
5627948.0,-0.00346115,0.0,2.064
5628026.0,0.00202451,0.0,2.064
5628104.0,-0.01138483,0.0,2.064
5628182.0,0.01050688,0.0,2.064
5628260.0,-0.01783558,0.0,2.064
5628338.0,0.00232923,0.0,1.72
5628416.0,-0.00142952,0.0,1.72
5628495.0,0.0043101,0.0,2.064
5628573.0,-0.02022277,0.0,2.064
5628651.0,-0.0122484,0.0,2.064
5628729.0,-0.00264857,0.0,2.064
5628807.0,0.01441792,0.0,2.064
5628885.0,0.00182131,0.0,2.064
5628963.0,-0.00920077,0.0,2.064
5629041.0,0.00202451,0.0,2.064
5629119.0,-0.00838812,0.0,1.72
5629198.0,0.0131481,0.0,2.064
5629276.0,-0.00767699,0.0,2.064
5629354.0,0.0106084,0.0,2.064
5629432.0,0.00151651,0.0,2.064
5629510.0,-0.00909917,0.0,2.064
5629588.0,-0.00234385,0.0,2.064
5629666.0,0.00095774,0.0,2.064
5629744.0,-0.00625474,0.0,2.064
5629822.0,-0.04450181,0.0,2.408
5629901.0,-0.00752463,0.0,2.408
5629979.0,-0.00554376,0.0,2.408
5630057.0,0.00085622,0.0,2.408
5630135.0,0.00400537,0.0,2.064
5630213.0,0.01253858,0.0,2.064
5630291.0,0.00217679,0.0,2.064
5630369.0,-0.00721983,0.0,2.408
5630447.0,-0.01118163,0.0,2.064
5630525.0,0.00720529,0.0,3.096
5630604.0,0.01578933,0.0,2.064
5630682.0,-0.00788012,0.0,2.064
5630760.0,0.01289414,0.0,2.064
5630838.0,-0.00371511,0.0,2.752
5630916.0,0.00761169,0.0,1.72
5630994.0,-0.02088313,0.0,2.064
5631072.0,-0.00534049,0.0,2.064
5631150.0,-0.01199443,0.0,2.064
5631228.0,0.00629103,0.0,2.064
5631306.0,-0.02560682,0.0,2.064
5631385.0,-0.00208981,0.0,1.72
5631463.0,0.00212603,0.0,1.376
5631541.0,-0.00087076,0.0,2.064
5631619.0,0.01507821,0.0,2.064
5631697.0,0.00532595,0.0,1.72
5631775.0,-0.01951172,0.0,1.72
5631853.0,-0.00528973,0.0,2.064
5631932.0,0.00161803,0.0,1.72
5632010.0,0.00735765,0.0,1.72
5632088.0,-0.03190513,0.0,2.064
5632166.0,-0.03419087,0.0,1.72
5632244.0,0.00182131,0.0,1.72
5632322.0,-0.00417228,0.0,2.408
5632400.0,-0.00569605,0.0,1.72
5632478.0,-0.0162102,0.0,2.064
5632556.0,-5.803e-05,0.0,1.72
5632635.0,-0.01671812,0.0,1.72
5632713.0,-0.02362588,0.0,1.72
5632791.0,0.00771321,0.0,2.064
5632869.0,-0.01113094,0.0,1.72
5632947.0,0.01177661,0.0,2.064
5633025.0,0.00573235,0.0,2.064
5633103.0,-0.00859132,0.0,2.064
5633181.0,-0.00066756,0.0,2.064
5633259.0,0.00380217,0.0,1.72
5633338.0,-0.00833728,0.0,2.064
5633416.0,-0.00137861,0.0,2.064
5633494.0,0.00339584,0.0,2.064
5633572.0,-0.01346745,0.0,2.064
5633650.0,-0.0009216,0.0,2.408
5633728.0,-0.00884528,0.0,2.064
5633806.0,-0.01509275,0.0,2.064
5633884.0,-0.0117404,0.0,2.064
5633962.0,-0.00391831,0.0,2.064
5634041.0,0.00111018,0.0,1.72
5634119.0,0.00552915,0.0,2.064
5634197.0,-0.00239454,0.0,2.064
5634275.0,-0.00579765,0.0,2.064
5634353.0,0.00237992,0.0,1.72
5634431.0,0.00207519,0.0,2.064
5634509.0,-0.00102312,0.0,2.064
5634587.0,0.01289414,0.0,2.064
5634665.0,-0.00081992,0.0,2.064
5634744.0,0.02472879,0.0,1.72
5634822.0,-0.00930229,0.0,2.408
5634900.0,-0.01346745,0.0,1.72
5634978.0,-0.02108626,0.0,2.064
5635056.0,-0.00330886,0.0,1.72
5635134.0,-0.0156006,0.0,2.064
5635212.0,0.00415773,0.0,2.064
5635291.0,0.01578933,0.0,1.72
5635369.0,-0.00158189,0.0,2.408
5635447.0,0.01964961,0.0,2.064
5635525.0,-0.00737227,0.0,2.064
5635603.0,-0.0009216,0.0,2.064
5635681.0,-0.00767699,0.0,2.064
5635759.0,0.02183367,0.0,2.064
5635837.0,-0.01412774,0.0,2.064
5635915.0,0.00608791,0.0,2.064
5635994.0,0.00568143,0.0,2.064
5636072.0,0.00822114,0.0,2.408
5636150.0,0.02097019,0.0,2.064
5636228.0,0.00751001,0.0,2.064
5636306.0,-0.00178509,0.0,1.376
5636384.0,0.00867822,0.0,2.064
5636462.0,0.00471642,0.0,2.064
5636540.0,-0.01341653,0.0,2.064
5636618.0,0.00547831,0.0,2.408
5636697.0,-0.02230531,0.0,2.064
5636775.0,0.0087799,0.0,2.064
5636853.0,0.01523057,0.0,2.064
5636931.0,-0.01448322,0.0,2.064
5637009.0,0.00065302,0.0,3.096
5637087.0,-0.01367057,0.0,2.064
5637165.0,-0.00523889,0.0,2.408
5637243.0,-0.000312,0.0,2.064
5637321.0,0.01025284,0.0,2.064
5637399.0,0.00050073,0.0,2.064
5637478.0,-0.01468642,0.0,2.408
5637556.0,-0.02611482,0.0,1.72
5637634.0,-0.00452791,0.0,2.064
5637712.0,0.02091935,0.0,2.064
5637790.0,0.00588471,0.0,2.408
5637868.0,-0.01946088,0.0,2.064
5637946.0,0.00095774,0.0,2.064
5638024.0,-0.00193737,0.0,2.064
5638103.0,-0.00239454,0.0,2.408
5638181.0,0.0045133,0.0,2.408
5638259.0,-0.00305482,0.0,2.752
5638337.0,0.01599246,0.0,2.064
5638415.0,-0.00915001,0.0,2.408
5638493.0,-0.00788012,0.0,2.064
5638571.0,-0.0250989,0.0,2.064
5638649.0,-0.01138483,0.0,2.064
5638728.0,0.00090698,0.0,2.064
5638806.0,-0.00945481,0.0,2.064
5638884.0,0.00425926,0.0,2.064
5638962.0,-0.00818492,0.0,2.752
5639040.0,0.00933851,0.0,1.72
5639118.0,0.02681126,0.0,1.72
5639196.0,-0.00534049,0.0,2.064
5639274.0,0.01665274,0.0,2.064
5639353.0,0.01543377,0.0,1.032
5639431.0,0.01721151,0.0,2.064
5639509.0,-0.01925775,0.0,2.408
5639587.0,-0.00635642,0.0,1.72
5639665.0,-0.00371511,0.0,1.376
5639743.0,0.00217679,0.0,1.72
5639821.0,-0.00188661,0.0,1.376
5639899.0,-0.00579765,0.0,2.064
5639977.0,0.00334508,0.0,1.72
5640055.0,0.01482417,0.0,2.064
5640134.0,0.00745925,0.0,2.064
5640212.0,0.00070385,0.0,2.408
5640290.0,0.00156727,0.0,1.72
5640368.0,0.00126254,0.0,2.064
5640446.0,-0.0004136,0.0,2.064
5640524.0,-0.00727059,0.0,2.064
5640602.0,-0.02067993,0.0,2.064
5640680.0,0.00116102,0.0,2.064
5640758.0,0.00847518,0.0,2.408
5640837.0,0.01441792,0.0,2.064
5640915.0,0.00618943,0.0,2.064
5640993.0,-0.00462944,0.0,2.064
5641071.0,0.01609406,0.0,2.064
5641149.0,-0.01808961,0.0,2.064
5641227.0,-0.01966408,0.0,2.064
5641305.0,0.00243076,0.0,2.064
5641383.0,0.00984659,0.0,2.064
5641461.0,0.00456413,0.0,2.064
5641540.0,-0.00396915,0.0,2.064
5641618.0,0.00222763,0.0,2.064
5641696.0,0.01071008,0.0,1.72
5641774.0,0.00039898,0.0,2.064
5641852.0,0.01665274,0.0,2.064
5641930.0,-0.02286399,0.0,1.72
5642008.0,-0.01326417,0.0,2.408
5642087.0,-0.00544209,0.0,2.064
5642165.0,-0.0087436,0.0,2.064
5642243.0,-0.00564529,0.0,2.408
5642321.0,-0.01382293,0.0,2.064
5642399.0,-0.0028517,0.0,2.064
5642477.0,0.00151651,0.0,2.064
5642555.0,-0.00666114,0.0,2.408
5642633.0,0.00827197,0.0,1.72
5642711.0,-0.00600078,0.0,2.064
5642790.0,-0.00371511,0.0,2.064
5642868.0,0.00243076,0.0,1.376
5642946.0,0.01441792,0.0,1.72
5643024.0,-0.01443246,0.0,2.064
5643102.0,-0.01590532,0.0,1.72
5643180.0,-0.01041982,0.0,2.064
5643258.0,-0.01514351,0.0,2.064
5643336.0,-0.00539133,0.0,2.064
5643414.0,-0.00371511,0.0,2.064
5643493.0,0.0108116,0.0,1.72
5643571.0,0.00481802,0.0,2.064
5643649.0,-0.00361359,0.0,1.72
5643727.0,-0.00503576,0.0,2.064
5643805.0,-0.02352428,0.0,2.064
5643883.0,0.01370679,0.0,2.064
5643961.0,-0.00528973,0.0,2.064
5644039.0,0.00187207,0.0,1.72
5644117.0,0.00791641,0.0,2.752
5644196.0,-0.00559445,0.0,1.72
5644274.0,-0.02128945,0.0,2.064
5644352.0,0.01710998,0.0,2.064
5644430.0,-0.01732758,0.0,2.064
5644508.0,0.00989728,0.0,2.064
5644586.0,0.0103036,0.0,2.408
5644664.0,-0.00290246,0.0,2.064
5644742.0,-0.02718144,0.0,1.72
5644820.0,0.02295105,0.0,2.064
5644899.0,0.00085622,0.0,2.408
5644977.0,-0.00610238,0.0,2.064
5645055.0,-0.00142952,0.0,2.064
5645133.0,-0.01184192,0.0,2.064
5645211.0,0.00629103,0.0,1.72
5645289.0,0.00359897,0.0,1.72
5645367.0,-0.01666729,0.0,2.408
5645445.0,-0.00132792,0.0,2.064
5645524.0,-0.01869906,0.0,2.064
5645602.0,-0.00742295,0.0,2.408
5645680.0,0.00964331,0.0,2.064
5645758.0,0.00649416,0.0,2.064
5645836.0,-0.00838812,0.0,2.064
5645914.0,0.00827197,0.0,2.064
5645992.0,0.01716067,0.0,2.064
5646070.0,0.00212603,0.0,1.72
5646148.0,-0.00188661,0.0,2.408
5646227.0,0.01228454,0.0,2.064
5646305.0,-0.01245152,0.0,2.064
5646383.0,-0.01052134,0.0,2.064
5646461.0,-0.00620405,0.0,2.064
5646539.0,0.0103036,0.0,2.064
5646617.0,-0.01697209,0.0,1.72
5646695.0,-0.0009216,0.0,2.064
5646773.0,-0.01636256,0.0,1.72
5646851.0,0.02589708,0.0,2.752
5646930.0,-0.00401991,0.0,2.064
5647008.0,0.01208134,0.0,2.064
5647086.0,-0.0121468,0.0,2.064
5647164.0,-0.00899757,0.0,2.064
5647242.0,-0.01478802,0.0,1.72
5647320.0,0.01492569,0.0,2.064
5647398.0,-0.00899757,0.0,2.408
5647476.0,-0.00361359,0.0,2.064
5647555.0,0.00415773,0.0,1.72
5647633.0,-0.00422319,0.0,2.064
5647711.0,-0.00310566,0.0,1.376
5647789.0,0.00608791,0.0,1.72
5647867.0,-0.00132792,0.0,1.72
5647945.0,-0.00427388,0.0,2.064
5648023.0,-0.00178509,0.0,1.376
5648101.0,-0.00396915,0.0,1.72
5648180.0,0.00237992,0.0,1.72
5648258.0,0.00390385,0.0,2.064
5648336.0,0.01416388,0.0,1.032
5648414.0,-0.00320719,0.0,2.064
5648492.0,-0.00163265,0.0,1.72
5648570.0,-0.04165731,0.0,1.72
5648648.0,-0.01118163,0.0,2.408
5648726.0,-0.00193737,0.0,1.72
5648804.0,0.00095774,0.0,2.064
5648883.0,-0.00442624,0.0,1.72
5648961.0,0.00192283,0.0,2.064
5649039.0,-0.00803255,0.0,1.72
5649117.0,0.01629718,0.0,2.064
5649195.0,-0.00269926,0.0,2.064
5649273.0,0.00329424,0.0,2.064
5649351.0,-0.00757539,0.0,2.064
5649429.0,0.00618943,0.0,2.064
5649507.0,0.00740849,0.0,2.064
5649586.0,-0.01067378,0.0,2.064
5649664.0,-0.00788012,0.0,2.064
5649742.0,0.01396068,0.0,2.064
5649820.0,-0.01143567,0.0,2.064
5649898.0,-0.01971492,0.0,1.72
5649976.0,-0.00884528,0.0,2.064
5650054.0,-0.0009216,0.0,2.064
5650132.0,-0.00366443,0.0,2.064
5650210.0,-0.00442624,0.0,2.064
5650289.0,-0.00981037,0.0,2.064
5650367.0,0.00989728,0.0,2.064
5650445.0,-0.00168349,0.0,2.064
5650523.0,-0.01930851,0.0,2.064
5650601.0,0.00497038,0.0,2.064
5650679.0,-0.00925161,0.0,2.408
5650757.0,0.00425926,0.0,2.064
5650835.0,0.01543377,0.0,1.72
5650913.0,0.00253236,0.0,2.064
5650992.0,-0.00528973,0.0,1.376
5651070.0,0.01843056,0.0,2.408
5651148.0,-0.02301651,0.0,2.064
5651226.0,-0.00351199,0.0,1.72
5651304.0,-0.0051882,0.0,1.72
5651382.0,0.00781481,0.0,2.408
5651460.0,0.00314188,0.0,1.72
5651538.0,-0.01290868,0.0,1.72
5651616.0,-0.01494031,0.0,2.408
5651695.0,-0.04348597,0.0,2.408
5651773.0,0.01091313,0.0,1.376
5651851.0,-0.00904841,0.0,2.064
5651929.0,0.00370057,0.0,2.064
5652007.0,0.0043101,0.0,2.408
5652085.0,0.00380217,0.0,1.72
5652163.0,-0.02382908,0.0,2.408
5652241.0,-0.01311181,0.0,2.064
5652320.0,-0.01372126,0.0,2.408
5652398.0,0.00055142,0.0,2.064
5652476.0,0.00014517,0.0,3.096
5652554.0,0.00969408,0.0,2.064
5652632.0,-0.00452791,0.0,2.752
5652710.0,0.01157349,0.0,2.064
5652788.0,0.0173638,0.0,2.408
5652866.0,0.00811954,0.0,2.064
5652944.0,0.00309104,0.0,2.064
5653023.0,-0.00909917,0.0,1.72
5653101.0,-0.00148021,0.0,2.064
5653179.0,0.00029745,0.0,2.064
5653257.0,0.00425926,0.0,2.064
5653335.0,0.00060225,0.0,1.72
5653413.0,0.00024669,0.0,1.72
5653491.0,-0.00320719,0.0,2.064
5653569.0,-0.02255927,0.0,2.064
5653647.0,0.0108116,0.0,2.408
5653726.0,0.00283708,0.0,2.064
5653804.0,-0.00351199,0.0,2.064
5653882.0,-0.00574696,0.0,2.064
5653960.0,-0.00666114,0.0,2.064
5654038.0,0.00735765,0.0,2.408
5654116.0,0.00461482,0.0,2.064
5654194.0,0.00456413,0.0,2.064
5654272.0,-0.00214057,0.0,2.064
5654350.0,-0.00386755,0.0,2.064
5654429.0,-0.00244537,0.0,1.72
5654507.0,0.02488123,0.0,1.72
5654585.0,-0.00671198,0.0,2.064
5654663.0,0.00029745,0.0,2.064
5654741.0,0.00370057,0.0,2.408
5654819.0,-0.01819114,0.0,1.72
5654897.0,0.00324356,0.0,2.064
5654975.0,0.00105934,0.0,2.064
5655054.0,0.00883074,0.0,2.064
5655132.0,-0.01006426,0.0,1.72
5655210.0,0.02813191,0.0,2.064
5655288.0,-0.00508653,0.0,2.408
5655366.0,-0.00635642,0.0,2.064
5655444.0,0.00827197,0.0,1.72
5655522.0,0.00182131,0.0,2.064
5655600.0,0.00243076,0.0,1.72
5655679.0,0.01040528,0.0,1.72
5655757.0,0.00075462,0.0,2.064
5655835.0,-0.00208981,0.0,1.376
5655913.0,-0.01158803,0.0,1.72
5655991.0,-0.00528973,0.0,2.408
5656069.0,-0.0069151,0.0,1.376
5656147.0,0.01121785,0.0,2.064
5656225.0,-0.02179746,0.0,1.72
5656303.0,-0.01235,0.0,1.72
5656382.0,0.00568143,0.0,1.72
5656460.0,-0.01351821,0.0,2.064
5656538.0,-0.00965786,0.0,2.752
5656616.0,0.00334508,0.0,2.064
5656694.0,-0.01544831,0.0,2.064
5656772.0,0.01218302,0.0,2.064
5656850.0,0.01558613,0.0,2.064
5656928.0,-0.01341653,0.0,1.72
5657006.0,0.0085767,0.0,2.064
5657085.0,0.01700831,0.0,2.064
5657163.0,-0.00975953,0.0,2.064
5657241.0,-0.00904841,0.0,2.408
5657319.0,0.00832266,0.0,2.408
5657397.0,0.00725612,0.0,1.72
5657475.0,0.01269094,0.0,2.064
5657553.0,0.00984659,0.0,2.064
5657631.0,-0.00452791,0.0,2.064
5657709.0,-0.00381671,0.0,1.72
5657788.0,-0.00452791,0.0,2.408
5657866.0,-0.01235,0.0,2.064
5657944.0,0.00817037,0.0,2.064
5658022.0,-0.00970869,0.0,2.064
5658100.0,-0.01326417,0.0,1.72
5658178.0,0.0220368,0.0,1.376
5658256.0,-0.00183577,0.0,1.72
5658334.0,-0.01590532,0.0,2.064
5658412.0,-0.00310566,0.0,2.064
5658491.0,-0.01245152,0.0,2.064
5658569.0,0.02122407,0.0,2.064
5658647.0,-0.00076916,0.0,2.064
5658725.0,-0.01184192,0.0,1.72
5658803.0,-0.00188661,0.0,2.064
5658881.0,0.00202451,0.0,2.064
5658959.0,0.00436086,0.0,2.064
5659038.0,-0.01260388,0.0,2.752
5659116.0,0.00456413,0.0,1.72
5659194.0,0.01771936,0.0,1.72
5659272.0,-0.01290868,0.0,2.064
5659350.0,-0.03591777,0.0,2.408
5659428.0,-0.00600078,0.0,1.376
5659506.0,-0.01143567,0.0,1.72
5659584.0,-0.00315642,0.0,2.408
5659662.0,-0.00686434,0.0,1.376
5659740.0,-0.00473096,0.0,2.064
5659819.0,-0.00579765,0.0,1.72
5659897.0,0.00090698,0.0,2.752
5659975.0,0.00766237,0.0,2.064
5660053.0,0.00776405,0.0,1.72
5660131.0,-0.00264857,0.0,2.064
5660209.0,-0.0084388,0.0,2.064
5660287.0,0.00994811,0.0,1.72
5660365.0,0.00334508,0.0,2.064
5660443.0,0.00060225,0.0,2.064
5660522.0,0.00314188,0.0,1.72
5660600.0,-0.00752463,0.0,2.064
5660678.0,-0.00747379,0.0,2.064
5660756.0,-0.004985,0.0,2.064
5660834.0,0.00573235,0.0,2.752
5660912.0,-0.00986106,0.0,2.408
5660990.0,0.00339584,0.0,2.064
5661068.0,-0.00295322,0.0,2.064
5661146.0,-0.0068135,0.0,2.408
5661225.0,0.00568143,0.0,2.064
5661303.0,-0.0028517,0.0,2.064
5661381.0,-0.00158189,0.0,2.408
5661459.0,-0.00432471,0.0,2.752
5661537.0,-0.00290246,0.0,2.408
5661615.0,0.00197359,0.0,2.064
5661693.0,0.03473501,0.0,2.064
5661771.0,-0.00132792,0.0,2.752
5661850.0,0.00156727,0.0,2.064
5661928.0,-0.01773398,0.0,2.408
5662006.0,-0.0122484,0.0,2.064
5662084.0,-0.00975953,0.0,2.064
5662162.0,0.01040528,0.0,2.064
5662240.0,-0.00757539,0.0,2.064
5662318.0,0.00740849,0.0,1.72
5662396.0,-0.01829266,0.0,2.064
5662474.0,-0.01255312,0.0,2.064
5662553.0,-0.00828659,0.0,2.064
5662631.0,-0.02052749,0.0,2.408
5662709.0,0.00273548,0.0,2.064
5662787.0,-0.00214057,0.0,2.064
5662865.0,-0.00833728,0.0,2.064
5662943.0,0.00796725,0.0,2.064
5663021.0,-0.0084388,0.0,2.064
5663099.0,0.01822728,0.0,2.064
5663177.0,-0.0004136,0.0,2.408
5663256.0,0.00253236,0.0,2.064
5663334.0,-0.02001964,0.0,2.064
5663412.0,-0.00158189,0.0,2.064
5663490.0,0.00751001,0.0,1.72
5663568.0,-0.02154342,0.0,2.064
5663646.0,0.01228454,0.0,2.064
5663724.0,-0.00686434,0.0,2.064
5663802.0,-0.00132792,0.0,2.064
5663880.0,-0.02184814,0.0,2.408
5663959.0,0.01817652,0.0,1.376
5664037.0,-5.803e-05,0.0,2.064
5664115.0,0.00248159,0.0,1.376
5664193.0,-0.00335955,0.0,2.064
5664271.0,0.00050073,0.0,1.72
5664349.0,-0.03022899,0.0,2.064
5664427.0,-0.00666114,0.0,2.064
5664505.0,-0.00081992,0.0,2.064
5664584.0,0.00248159,0.0,2.064
5664662.0,0.00019585,0.0,2.408
5664740.0,-0.01422926,0.0,1.72
5664818.0,-0.02814645,0.0,2.064
5664896.0,-0.01189276,0.0,2.064
5664974.0,-0.00676267,0.0,2.064
5665052.0,0.01416388,0.0,1.72
5665130.0,-0.00249614,0.0,2.064
5665209.0,0.00375141,0.0,2.064
5665287.0,-0.02073077,0.0,2.064
5665365.0,-0.00219134,0.0,2.064
5665443.0,-0.01270541,0.0,2.064
5665521.0,-0.01412774,0.0,2.408
5665599.0,0.00928783,0.0,2.408
5665677.0,-0.00137861,0.0,2.064
5665755.0,-7.27e-06,0.0,2.408
5665833.0,-0.01062294,0.0,2.064
5665912.0,-0.0087436,0.0,1.72
5665990.0,-0.01473719,0.0,2.064
5666068.0,-0.01118163,0.0,2.064
5666146.0,-0.008642,0.0,1.72
5666224.0,-0.01031814,0.0,2.408
5666302.0,-0.01712438,0.0,2.064
5666380.0,-0.00173425,0.0,2.064
5666458.0,-0.01280708,0.0,2.064
5666536.0,0.00420857,0.0,2.064
5666615.0,0.00243076,0.0,2.064
5666693.0,-0.00264857,0.0,2.064
5666771.0,-0.01971492,0.0,2.408
5666849.0,-0.00640725,0.0,2.064
5666927.0,0.00791641,0.0,2.408
5667005.0,0.00314188,0.0,2.064
5667083.0,0.00471642,0.0,2.408
5667161.0,-0.00650878,0.0,1.376
5667240.0,0.00608791,0.0,1.72
5667318.0,0.01477348,0.0,2.064
5667396.0,-0.00148021,0.0,2.064
5667474.0,-0.01615936,0.0,2.408
5667552.0,-0.01605784,0.0,2.408
5667630.0,-0.00508653,0.0,2.408
5667708.0,9.425e-05,0.0,1.72
5667786.0,-0.01697209,0.0,2.064
5667864.0,-0.00523889,0.0,2.064
5667942.0,-0.00727059,0.0,1.376
5668021.0,-0.00280086,0.0,2.752
5668099.0,-0.0068135,0.0,2.064
5668177.0,0.00867822,0.0,2.064
5668255.0,-0.00351199,0.0,2.408
5668333.0,0.00456413,0.0,2.064
5668411.0,-0.00630558,0.0,2.064
5668489.0,-0.00386755,0.0,2.064
5668567.0,0.00964331,0.0,2.064
5668646.0,0.0106084,0.0,2.064
5668724.0,0.00664667,0.0,2.064
5668802.0,-0.00076916,0.0,1.72
5668880.0,0.00832266,0.0,2.064
5668958.0,-0.01509275,0.0,2.064
5669036.0,-0.01666729,0.0,2.408
5669114.0,-0.0139753,0.0,2.064
5669192.0,0.01142105,0.0,2.408
5669271.0,-0.01687056,0.0,2.408
5669349.0,-0.02108626,0.0,2.064
5669427.0,-0.00508653,0.0,2.064
5669505.0,-0.0009216,0.0,2.408
5669583.0,-0.0119436,0.0,2.064
5669661.0,0.00400537,0.0,1.72
5669739.0,-0.00935313,0.0,2.064
5669817.0,-0.00544209,0.0,3.096
5669895.0,-0.00727059,0.0,2.064
5669974.0,-0.01072454,0.0,2.064
5670052.0,0.00253236,0.0,2.064
5670130.0,-0.00818492,0.0,2.064
5670208.0,0.0063418,0.0,1.72
5670286.0,0.00375141,0.0,2.064
5670364.0,0.006545,0.0,2.752
5670442.0,-0.0164134,0.0,1.72
5670520.0,0.00050073,0.0,2.408
5670598.0,-0.01788634,0.0,2.064
5670677.0,0.01045604,0.0,2.064
5670755.0,-0.00249614,0.0,2.064
5670833.0,0.01401152,0.0,2.064
5670911.0,-0.02464181,0.0,2.064
5670989.0,0.01192905,0.0,2.064
5671067.0,-0.03810191,0.0,1.72
5671145.0,-0.00229294,0.0,2.064
5671223.0,-0.00569605,0.0,1.72
5671301.0,0.00715445,0.0,1.72
5671379.0,9.425e-05,0.0,1.72
5671458.0,-0.02134022,0.0,1.72
5671536.0,0.00436086,0.0,1.72
5671614.0,-0.00513736,0.0,2.408
5671692.0,-0.00808332,0.0,2.064
5671770.0,0.00415773,0.0,2.064
5671848.0,-0.01692125,0.0,1.72
5671926.0,0.00547831,0.0,2.064
5672005.0,0.01213218,0.0,1.72
5672083.0,-0.01519435,0.0,2.064
5672161.0,0.0130465,0.0,2.064
5672239.0,0.02559235,0.0,2.064
5672317.0,0.00486886,0.0,2.408
5672395.0,0.00461482,0.0,2.064
5672473.0,0.00217679,0.0,2.064
5672551.0,-0.00589918,0.0,2.064
5672629.0,-0.01539747,0.0,2.064
5672708.0,-0.02377832,0.0,2.064
5672786.0,-0.01331501,0.0,2.064
5672864.0,4.349e-05,0.0,2.408
5672942.0,-0.01895303,0.0,2.064
5673020.0,0.01533217,0.0,2.064
5673098.0,0.0043101,0.0,2.408
5673176.0,-0.00010887,0.0,2.064
5673254.0,-0.0043754,0.0,2.064
5673332.0,-0.00036283,0.0,2.408
5673411.0,-0.00462944,0.0,2.752
5673489.0,-0.00584849,0.0,2.064
5673567.0,-0.00010887,0.0,2.064
5673645.0,-0.00264857,0.0,1.72
5673723.0,-0.00026131,0.0,2.064
5673801.0,0.01096396,0.0,2.064
5673879.0,-0.00920077,0.0,2.064
5673957.0,0.01345283,0.0,1.72
5674035.0,-0.00767699,0.0,2.064
5674114.0,0.00014517,0.0,2.752
5674192.0,-0.00808332,0.0,2.064
5674270.0,-0.00727059,0.0,2.064
5674348.0,-0.00168349,0.0,1.72
5674426.0,-0.00305482,0.0,1.72
5674504.0,-0.01981644,0.0,2.064
5674582.0,-0.004985,0.0,2.064
5674660.0,0.00334508,0.0,2.064
5674738.0,0.00283708,0.0,2.064
5674817.0,-0.01453406,0.0,2.064
5674895.0,0.0128433,0.0,2.064
5674973.0,0.00486886,0.0,2.064
5675051.0,-0.004985,0.0,1.72
5675129.0,-0.00315642,0.0,2.064
5675207.0,0.01624642,0.0,2.064
5675285.0,-0.01016586,0.0,2.064
5675364.0,-0.00544209,0.0,2.752
5675442.0,0.00202451,0.0,2.064
5675520.0,-0.00361359,0.0,2.064
5675598.0,-0.02245774,0.0,1.376
5675676.0,0.00761169,0.0,2.408
5675754.0,-0.00488348,0.0,2.064
5675832.0,0.02122407,0.0,1.72
5675910.0,0.01517973,0.0,2.408
5675988.0,-0.01148651,0.0,2.064
5676067.0,-0.00574696,0.0,2.408
5676145.0,-0.00193737,0.0,2.064
5676223.0,-0.03256541,0.0,2.408
5676301.0,-0.00848964,0.0,1.72
5676379.0,-0.00828659,0.0,2.064
5676457.0,0.00969408,0.0,2.064
5676535.0,0.00293868,0.0,2.064
5676613.0,-0.00107388,0.0,2.408
5676691.0,-0.00407068,0.0,2.064
5676770.0,0.01517973,0.0,2.408
5676848.0,-0.00280086,0.0,1.376
5676926.0,0.00903379,0.0,2.752
5677004.0,0.00618943,0.0,2.064
5677082.0,-0.01047066,0.0,2.408
5677160.0,-0.00158189,0.0,2.408
5677238.0,0.01589093,0.0,2.064
5677316.0,-0.00742295,0.0,2.064
5677394.0,0.00309104,0.0,2.752
5677473.0,-0.00818492,0.0,2.064
5677551.0,-0.0164134,0.0,2.064
5677629.0,0.00679888,0.0,2.064
5677707.0,0.0197003,0.0,2.064
5677785.0,0.01507821,0.0,2.064
5677863.0,0.00791641,0.0,2.064
5677941.0,0.01121785,0.0,1.72
5678019.0,-0.00132792,0.0,2.064
5678098.0,-0.00889604,0.0,1.72
5678176.0,-0.0025469,0.0,2.064
5678254.0,0.00725612,0.0,2.064
5678332.0,0.00425926,0.0,2.064
5678410.0,-0.00970869,0.0,2.064
5678488.0,0.00801794,0.0,2.064
5678566.0,0.0087799,0.0,2.064
5678644.0,-0.01859747,0.0,2.064
5678722.0,-0.00163265,0.0,2.064
5678801.0,0.00888142,0.0,2.752
5678879.0,0.00563067,0.0,2.064
5678957.0,0.00349737,0.0,2.064
5679035.0,0.00237992,0.0,2.064
5679113.0,0.00151651,0.0,2.064
5679191.0,-0.00767699,0.0,2.064
5679269.0,-0.00391831,0.0,2.064
5679347.0,0.01274163,0.0,2.064
5679425.0,0.00329424,0.0,1.72
5679504.0,0.00751001,0.0,2.408
5679582.0,0.00974499,0.0,1.72
5679660.0,-0.00737227,0.0,2.064
5679738.0,0.01309727,0.0,2.064
5679816.0,0.00212603,0.0,2.064
5679894.0,0.01680511,0.0,1.376
5679972.0,0.00212603,0.0,2.064
5680050.0,-0.01737841,0.0,1.72
5680128.0,-0.01077538,0.0,2.408
5680207.0,-0.01742925,0.0,1.376
5680285.0,-0.01844503,0.0,1.72
5680363.0,-0.01844503,0.0,1.72
5680441.0,-0.00727059,0.0,1.72
5680519.0,0.0132497,0.0,1.72
5680597.0,-0.00899757,0.0,2.408
5680675.0,-0.01250221,0.0,1.72
5680753.0,-0.01240068,0.0,2.408
5680831.0,-0.00320719,0.0,1.72
5680910.0,-0.00290246,0.0,2.064
5680988.0,-0.00569605,0.0,1.376
5681066.0,0.01716067,0.0,2.064
5681144.0,0.0067482,0.0,2.064
5681222.0,-0.00721983,0.0,2.064
5681300.0,0.0130465,0.0,2.064
5681378.0,0.00888142,0.0,2.064
5681456.0,-0.01387377,0.0,2.064
5681535.0,0.01995434,0.0,2.408
5681613.0,-0.01260388,0.0,1.72
5681691.0,0.00187207,0.0,1.72
5681769.0,-0.00264857,0.0,2.064
5681847.0,0.01182745,0.0,2.064
5681925.0,0.00278632,0.0,2.064
5682003.0,-0.00269926,0.0,2.064
5682081.0,0.00842434,0.0,2.408
5682159.0,-0.00940389,0.0,2.064
5682238.0,0.00720529,0.0,2.064
5682316.0,-0.00859132,0.0,2.064
5682394.0,0.00395453,0.0,1.72
5682472.0,0.01761783,0.0,2.064
5682550.0,-0.0203752,0.0,2.064
5682628.0,0.00380217,0.0,2.064
5682706.0,-0.01428002,0.0,2.064
5682784.0,-0.00777852,0.0,2.064
5682863.0,0.00791641,0.0,2.064
5682941.0,-0.02499737,0.0,2.064
5683019.0,0.01406236,0.0,2.064
5683097.0,-0.0045786,0.0,2.408
5683175.0,0.00989728,0.0,2.064
5683253.0,0.00354828,0.0,2.064
5683331.0,0.01924313,0.0,1.72
5683409.0,-0.02230531,0.0,2.064
5683487.0,0.00959255,0.0,2.064
5683566.0,-0.01006426,0.0,1.72
5683644.0,0.00796725,0.0,1.72
5683722.0,0.01253858,0.0,2.064
5683800.0,-0.00351199,0.0,2.064
5683878.0,-0.00137861,0.0,2.408
5683956.0,0.0130465,0.0,2.064
5684034.0,0.01065924,0.0,1.376
5684112.0,-0.01387377,0.0,2.064
5684190.0,-0.00696594,0.0,2.408
5684268.0,0.00375141,0.0,2.064
5684347.0,-0.01844503,0.0,2.064
5684425.0,0.00014517,0.0,2.064
5684503.0,0.00065302,0.0,2.064
5684581.0,-0.00732143,0.0,1.376
5684659.0,0.0013133,0.0,3.096
5684737.0,-0.01534671,0.0,2.408
5684815.0,-0.01265472,0.0,2.064
5684893.0,-0.00163265,0.0,2.064
5684972.0,0.00476733,0.0,2.752
5685050.0,-0.00208981,0.0,1.72
5685128.0,0.01228454,0.0,2.752
5685206.0,-0.00711823,0.0,1.72
5685284.0,0.00786565,0.0,1.72
5685362.0,0.01253858,0.0,2.064
5685440.0,0.01248782,0.0,2.752
5685518.0,-0.00107388,0.0,2.064
5685597.0,0.01426541,0.0,2.408
5685675.0,-0.00574696,0.0,2.064
5685753.0,0.00740849,0.0,2.408
5685831.0,0.00959255,0.0,1.72
5685909.0,-0.02255927,0.0,2.408
5685987.0,0.01741471,0.0,2.064
5686065.0,0.00263396,0.0,2.408
5686143.0,-0.00097236,0.0,2.408
5686221.0,-0.00488348,0.0,2.408
5686300.0,-0.01240068,0.0,2.064
5686378.0,0.01599246,0.0,2.064
5686456.0,-0.00381671,0.0,2.064
5686534.0,0.00354828,0.0,2.064
5686612.0,-0.00396915,0.0,2.064
5686690.0,0.02244313,0.0,2.064
5686768.0,0.01457028,0.0,2.064
5686846.0,0.01680511,0.0,2.064
5686924.0,0.00425926,0.0,2.064
5687003.0,-0.01092775,0.0,2.064
5687081.0,0.01604322,0.0,1.72
5687159.0,0.00136414,0.0,2.064
5687237.0,0.01025284,0.0,2.064
5687315.0,-0.01092775,0.0,2.064
5687393.0,-0.00493416,0.0,1.72
5687471.0,-0.0164134,0.0,2.064
5687549.0,0.00263396,0.0,2.064
5687627.0,-0.00752463,0.0,2.064
5687706.0,-0.01590532,0.0,2.064
5687784.0,-0.0121468,0.0,1.376
5687862.0,0.00034829,0.0,2.064
5687940.0,-0.01900379,0.0,1.72
5688018.0,0.02259549,0.0,2.064
5688096.0,-0.00066756,0.0,1.72
5688174.0,-0.00417228,0.0,1.72
5688252.0,0.01091313,0.0,1.72
5688330.0,0.00090698,0.0,1.72
5688409.0,9.425e-05,0.0,1.72
5688487.0,-0.01280708,0.0,2.064
5688565.0,-0.00859132,0.0,1.72
5688643.0,0.0132497,0.0,1.72
5688721.0,0.0045133,0.0,1.72
5688799.0,0.00156727,0.0,2.064
5688877.0,0.0043101,0.0,1.72
5688956.0,0.00298952,0.0,2.064
5689034.0,-0.0069151,0.0,2.408
5689112.0,-0.0028517,0.0,2.408
5689190.0,-0.01128323,0.0,2.064
5689268.0,-0.00346115,0.0,2.064
5689346.0,-0.00859132,0.0,2.064
5689424.0,0.01548446,0.0,1.376
5689502.0,-0.00655954,0.0,2.408
5689580.0,-0.00869284,0.0,2.064
5689659.0,0.01517973,0.0,2.064
5689737.0,-0.0066103,0.0,2.408
5689815.0,0.00070385,0.0,2.064
5689893.0,0.01142105,0.0,2.064
5689971.0,0.00644347,0.0,1.72
5690049.0,-0.00137861,0.0,1.72
5690127.0,0.00019585,0.0,1.72
5690205.0,-0.0027501,0.0,2.064
5690283.0,-0.00534049,0.0,2.064
5690362.0,-0.00259766,0.0,2.064
5690440.0,-0.0386606,0.0,2.408
5690518.0,-0.00249614,0.0,2.064
5690596.0,-0.00732143,0.0,1.72
5690674.0,-0.00107388,0.0,1.72
5690752.0,-0.00208981,0.0,2.064
5690830.0,-0.02885757,0.0,1.72
5690908.0,-0.00046443,0.0,2.064
5690986.0,-0.00711823,0.0,2.064
5691064.0,-0.00528973,0.0,2.064
5691143.0,-0.00346115,0.0,2.064
5691221.0,0.01487501,0.0,1.376
5691299.0,-0.00071832,0.0,1.72
5691377.0,-0.02098466,0.0,2.064
5691455.0,0.00070385,0.0,2.408
5691533.0,-0.01646409,0.0,2.408
5691611.0,-0.00178509,0.0,2.064
5691689.0,0.00085622,0.0,2.064
5691768.0,-0.01102934,0.0,2.064
5691846.0,-0.00848964,0.0,2.064
5691924.0,-0.00645794,0.0,1.72
5692002.0,-0.00483264,0.0,2.064
5692080.0,0.00644347,0.0,2.408
5692158.0,0.00222763,0.0,1.72
5692236.0,0.00568143,0.0,2.064
5692314.0,-0.00828659,0.0,2.752
5692393.0,0.00959255,0.0,2.408
5692471.0,-0.01402598,0.0,2.064
5692549.0,-0.00975953,0.0,2.408
5692627.0,-0.00879437,0.0,2.064
5692705.0,0.00974499,0.0,2.408
5692783.0,-0.00122632,0.0,1.72
5692861.0,0.00187207,0.0,1.376
5692939.0,-0.01062294,0.0,2.408
5693017.0,-0.01509275,0.0,2.408
5693096.0,0.00466566,0.0,2.064
5693174.0,-0.02316879,0.0,1.72
5693252.0,-0.00122632,0.0,2.064
5693330.0,0.00055142,0.0,2.752
5693408.0,-0.00727059,0.0,2.064
5693486.0,-0.00346115,0.0,2.064
5693564.0,-0.00010887,0.0,1.72
5693642.0,0.01599246,0.0,2.064
5693720.0,-0.01793718,0.0,2.064
5693799.0,-0.00996258,0.0,2.064
5693877.0,0.01248782,0.0,2.064
5693955.0,0.02071615,0.0,2.064
5694033.0,-0.00208981,0.0,2.064
5694111.0,-0.01499122,0.0,2.064
5694189.0,0.00944019,0.0,2.064
5694267.0,-0.00280086,0.0,1.72
5694345.0,0.00497038,0.0,1.72
5694423.0,-0.01768314,0.0,2.752
5694502.0,-0.00427388,0.0,2.064
5694580.0,-0.02393061,0.0,2.064
5694658.0,0.01055756,0.0,2.064
5694736.0,-0.00686434,0.0,2.064
5694814.0,0.01208134,0.0,2.064
5694892.0,0.00100858,0.0,2.064
5694970.0,0.00928783,0.0,2.064
5695048.0,-0.00193737,0.0,2.064
5695126.0,0.00893226,0.0,3.096
5695205.0,0.00583387,0.0,1.72
5695283.0,0.00847518,0.0,2.064
5695361.0,0.00248159,0.0,1.376
5695439.0,-0.01382293,0.0,2.064
5695517.0,0.00014517,0.0,2.064
5695595.0,0.00065302,0.0,2.064
5695673.0,-0.00462944,0.0,2.064
5695751.0,-0.01529587,0.0,1.72
5695830.0,0.00395453,0.0,2.064
5695908.0,0.01340199,0.0,2.064
5695986.0,-0.00574696,0.0,2.064
5696064.0,-0.0181403,0.0,2.064
5696142.0,-0.00229294,0.0,2.064
5696220.0,-0.0066103,0.0,2.408
5696298.0,0.01604322,0.0,1.72
5696376.0,-0.01748001,0.0,2.408
5696455.0,-0.01041982,0.0,2.064
5696533.0,0.00253236,0.0,2.064
5696611.0,-0.02652115,0.0,2.064
5696689.0,0.00618943,0.0,2.064
5696767.0,-0.01661653,0.0,2.064
5696845.0,-0.00889604,0.0,2.064
5696923.0,-0.00803255,0.0,2.064
5697001.0,0.00202451,0.0,2.064
5697079.0,-0.0066103,0.0,2.064
5697158.0,0.01004971,0.0,1.72
5697236.0,0.00039898,0.0,2.064
5697314.0,0.02472879,0.0,1.72
5697392.0,-0.00158189,0.0,2.064
5697470.0,-0.00838812,0.0,2.064
5697548.0,-0.0068135,0.0,2.064
5697626.0,-0.00945481,0.0,2.064
5697704.0,-0.00523889,0.0,1.72
5697782.0,-0.0069151,0.0,2.064
5697861.0,-0.008642,0.0,1.032
5697939.0,0.00618943,0.0,1.72
5698017.0,-0.01702285,0.0,2.064
5698095.0,0.00364981,0.0,2.064
5698173.0,-0.00823575,0.0,2.064
5698251.0,-0.00752463,0.0,2.064
5698329.0,0.00476733,0.0,2.064
5698407.0,0.01401152,0.0,2.064
5698485.0,-0.00102312,0.0,2.064
5698564.0,0.0051229,0.0,2.064
5698642.0,-0.00513736,0.0,2.064
5698720.0,0.00288792,0.0,2.408
5698798.0,-0.00026131,0.0,2.064
5698876.0,0.01045604,0.0,2.064
5698954.0,-0.00142952,0.0,2.064
5699032.0,0.00425926,0.0,2.752
5699111.0,-0.00234385,0.0,2.064
5699189.0,0.00090698,0.0,2.408
5699267.0,-0.00625474,0.0,2.408
5699345.0,0.02132567,0.0,2.064
5699423.0,-0.00117548,0.0,2.064
5699501.0,-0.00442624,0.0,2.064
5699579.0,0.00283708,0.0,2.064
5699657.0,-0.02123869,0.0,1.72
5699735.0,-0.00462944,0.0,2.408
5699813.0,0.02350974,0.0,2.064
5699892.0,0.01335123,0.0,1.72
5699970.0,0.00014517,0.0,2.408
5700048.0,-0.00473096,0.0,2.064
5700126.0,-0.00813408,0.0,2.064
5700204.0,0.00166887,0.0,2.064
5700282.0,-0.01062294,0.0,2.752
5700360.0,-0.01377217,0.0,2.064
5700438.0,-0.03927012,0.0,1.72
5700516.0,-0.00462944,0.0,2.752
5700595.0,-0.00772783,0.0,2.064
5700673.0,-0.00214057,0.0,2.064
5700751.0,0.00461482,0.0,2.064
5700829.0,-0.01483879,0.0,2.064
5700907.0,-0.03114332,0.0,2.064
5700985.0,0.00761169,0.0,2.064
5701063.0,-0.02748616,0.0,2.752
5701141.0,-0.00208981,0.0,2.064
5701219.0,0.00588471,0.0,2.064
5701298.0,-0.0187499,0.0,2.064
5701376.0,-0.00640725,0.0,2.064
5701454.0,-0.00127709,0.0,2.064
5701532.0,-0.01118163,0.0,2.064
5701610.0,0.01258934,0.0,2.064
5701688.0,0.00024669,0.0,2.408
5701766.0,0.00217679,0.0,2.752
5701844.0,0.01497661,0.0,2.064
5701923.0,-0.01311181,0.0,2.064
5702001.0,0.0309255,0.0,2.064
5702079.0,-0.01778474,0.0,2.064
5702157.0,-0.00102312,0.0,2.064
5702235.0,-0.00503576,0.0,2.064
5702313.0,-0.02179746,0.0,1.72
5702391.0,0.00055142,0.0,2.064
5702469.0,-0.01331501,0.0,2.064
5702547.0,0.01873528,0.0,2.064
5702626.0,-0.01133407,0.0,2.064
5702704.0,0.01065924,0.0,1.376
5702782.0,0.00979575,0.0,2.064
5702860.0,-0.00528973,0.0,2.064
5702938.0,-0.00833728,0.0,1.72
5703016.0,-0.01016586,0.0,2.064
5703094.0,0.0014149,0.0,1.72
5703172.0,0.00105934,0.0,2.064
5703250.0,0.0063418,0.0,2.064
5703329.0,-0.00879437,0.0,2.064
5703407.0,-0.00970869,0.0,1.72
5703485.0,0.01111633,0.0,2.064
5703563.0,0.01350359,0.0,2.064
5703641.0,-0.01463559,0.0,2.064
5703719.0,-0.00508653,0.0,1.376
5703797.0,-0.00168349,0.0,2.408
5703875.0,-0.00361359,0.0,2.064
5703953.0,-0.00732143,0.0,2.064
5704032.0,0.00222763,0.0,1.376
5704110.0,-0.01930851,0.0,2.064
5704188.0,-0.02078153,0.0,1.72
5704266.0,0.01441792,0.0,2.064
5704344.0,-0.00376595,0.0,1.72
5704422.0,0.02071615,0.0,2.064
5704500.0,0.00542762,0.0,1.376
5704579.0,-0.00528973,0.0,2.064
5704657.0,-0.01717529,0.0,2.752
5704735.0,-0.01280708,0.0,2.064
5704813.0,-0.00655954,0.0,2.064
5704891.0,-0.00676267,0.0,2.064
5704969.0,-0.01849587,0.0,2.064
5705047.0,-0.00346115,0.0,1.72
5705125.0,-0.01067378,0.0,2.064
5705203.0,-0.00158189,0.0,1.72
5705282.0,-0.00762623,0.0,2.064
5705360.0,-0.00503576,0.0,2.408
5705438.0,0.02371302,0.0,2.064
5705516.0,-0.00808332,0.0,2.064
5705594.0,-0.01057218,0.0,2.064
5705672.0,-0.00417228,0.0,2.064
5705750.0,0.0087799,0.0,1.72
5705828.0,0.01548446,0.0,2.408
5705906.0,0.03397305,0.0,2.064
5705985.0,0.00436086,0.0,2.064
5706063.0,0.02747154,0.0,2.064
5706141.0,0.0197003,0.0,2.064
5706219.0,0.00999888,0.0,2.064
5706297.0,-0.00640725,0.0,2.064
5706375.0,0.01172593,0.0,2.064
5706453.0,0.00852594,0.0,2.064
5706531.0,-0.0187499,0.0,2.064
5706609.0,0.00705292,0.0,2.064
5706688.0,0.00588471,0.0,1.72
5706766.0,0.01502744,0.0,2.408
5706844.0,0.01147189,0.0,2.408
5706922.0,-0.00945481,0.0,2.064
5707000.0,0.01177661,0.0,2.064
5707078.0,0.01004971,0.0,2.064
5707156.0,-0.00412144,0.0,2.064
5707234.0,-0.00793103,0.0,2.408
5707313.0,0.0087799,0.0,2.064
5707391.0,-0.02255927,0.0,2.064
5707469.0,-0.0009216,0.0,2.064
5707547.0,-0.02306719,0.0,1.376
5707625.0,0.00055142,0.0,2.064
5707703.0,-0.0051882,0.0,2.408
5707781.0,-0.0163118,0.0,2.064
5707859.0,-0.00305482,0.0,2.408
5707937.0,0.00446253,0.0,1.72
5708016.0,-0.02570842,0.0,2.408
5708094.0,0.00034829,0.0,1.72
5708172.0,0.00359897,0.0,2.064
5708250.0,-0.00381671,0.0,2.064
5708328.0,0.00314188,0.0,2.408
5708406.0,0.00888142,0.0,2.064
5708484.0,0.01700831,0.0,2.408
5708562.0,-0.00600078,0.0,2.064
5708640.0,-0.00503576,0.0,2.408
5708719.0,-0.00163265,0.0,2.064
5708797.0,0.00923699,0.0,2.408
5708875.0,-0.02007048,0.0,2.064
5708953.0,-0.01722605,0.0,2.064
5709031.0,-0.00595001,0.0,2.064
5709109.0,-0.00981037,0.0,1.376
5709187.0,-0.01961332,0.0,1.72
5709265.0,0.01045604,0.0,2.064
5709343.0,-0.00341039,0.0,1.72
5709422.0,-0.01062294,0.0,2.752
5709500.0,0.02168124,0.0,2.064
5709578.0,-0.00376595,0.0,2.408
5709656.0,0.00044989,0.0,2.064
5709734.0,-0.01240068,0.0,2.064
5709812.0,-0.00584849,0.0,2.064
5709890.0,-0.01885143,0.0,2.064
5709968.0,0.01589093,0.0,2.064
5710046.0,0.00039898,0.0,1.72
5710125.0,0.00476733,0.0,2.064
5710203.0,-0.01326417,0.0,2.064
5710281.0,-0.01148651,0.0,2.064
5710359.0,-0.00127709,0.0,2.064
5710437.0,0.00090698,0.0,1.72
5710515.0,-0.00081992,0.0,1.72
5710593.0,-0.00630558,0.0,2.064
5710671.0,0.00060225,0.0,2.064
5710749.0,-0.00087076,0.0,2.408
5710828.0,-0.0004136,0.0,1.376
5710906.0,-0.00478173,0.0,2.064
5710984.0,-0.01438162,0.0,1.72
5711062.0,0.01045604,0.0,2.064
5711140.0,0.00060225,0.0,1.72
5711218.0,-0.00026131,0.0,2.064
5711296.0,-0.03688286,0.0,1.376
5711375.0,0.01492569,0.0,2.064
5711453.0,0.00339584,0.0,2.064
5711531.0,0.01126876,0.0,2.064
5711609.0,0.0108116,0.0,2.064
5711687.0,-0.00808332,0.0,1.72
5711765.0,0.00070385,0.0,2.064
5711843.0,0.00720529,0.0,2.064
5711921.0,-0.01519435,0.0,1.72
5711999.0,0.00923699,0.0,2.064
5712077.0,-0.00452791,0.0,2.064
5712156.0,0.00969408,0.0,2.064
5712234.0,-0.00970869,0.0,1.72
5712312.0,-0.02169578,0.0,2.064
5712390.0,-0.01275625,0.0,2.064
5712468.0,0.00578318,0.0,2.064
5712546.0,0.00237992,0.0,2.064
5712624.0,-0.00488348,0.0,2.064
5712702.0,0.00375141,0.0,2.064
5712780.0,0.00324356,0.0,2.064
5712859.0,-5.803e-05,0.0,2.064
5712937.0,-0.01991804,0.0,1.032
5713015.0,-0.00767699,0.0,2.064
5713093.0,0.00019585,0.0,2.064
5713171.0,-0.01235,0.0,2.064
5713249.0,-0.0070167,0.0,2.752
5713327.0,0.00456413,0.0,2.064
5713406.0,-0.00310566,0.0,2.064
5713484.0,-0.00417228,0.0,1.72
5713562.0,0.00568143,0.0,2.064
5713640.0,-0.00996258,0.0,2.064
5713718.0,-0.00122632,0.0,2.064
5713796.0,-0.00686434,0.0,2.064
5713874.0,0.00217679,0.0,2.064
5713952.0,0.00222763,0.0,2.064
5714030.0,-0.00193737,0.0,2.064
5714109.0,0.00039898,0.0,2.064
5714187.0,-0.02073077,0.0,1.376
5714265.0,0.0197003,0.0,2.064
5714343.0,-0.00305482,0.0,2.064
5714421.0,-0.01778474,0.0,2.064
5714499.0,-0.01290868,0.0,2.064
5714577.0,0.0083735,0.0,2.064
5714655.0,-0.00259766,0.0,2.064
5714733.0,0.00903379,0.0,1.72
5714812.0,0.00629103,0.0,2.064
5714890.0,-0.01006426,0.0,1.72
5714968.0,0.0013133,0.0,2.064
5715046.0,-0.00325795,0.0,2.408
5715124.0,-0.00721983,0.0,2.064
5715202.0,0.00171963,0.0,2.064
5715280.0,0.01517973,0.0,2.408
5715358.0,-0.00610238,0.0,1.72
5715436.0,-0.01331501,0.0,2.064
5715515.0,0.00095774,0.0,2.064
5715593.0,-0.00833728,0.0,2.064
5715671.0,-0.01128323,0.0,1.72
5715749.0,0.00979575,0.0,2.408
5715827.0,0.00354828,0.0,2.064
5715905.0,-0.000312,0.0,2.064
5715983.0,-0.00813408,0.0,2.064
5716061.0,0.00608791,0.0,2.408
5716139.0,0.010202,0.0,2.064
5716218.0,-0.00528973,0.0,2.408
5716296.0,0.00481802,0.0,1.72
5716374.0,-0.00757539,0.0,2.408
5716452.0,-0.00513736,0.0,2.064
5716530.0,0.01533217,0.0,2.408
5716608.0,0.00822114,0.0,2.064
5716686.0,-0.00239454,0.0,2.408
5716764.0,-0.016007,0.0,2.064
5716843.0,0.00309104,0.0,2.408
5716921.0,0.00491962,0.0,2.064
5716999.0,-0.00996258,0.0,2.064
5717077.0,0.00583387,0.0,1.72
5717155.0,-0.01052134,0.0,2.408
5717233.0,-0.01468642,0.0,2.064
5717311.0,0.01436716,0.0,2.064
5717389.0,0.00288792,0.0,2.408
5717467.0,0.00415773,0.0,2.064
5717546.0,-0.00407068,0.0,2.064
5717624.0,-0.00259766,0.0,2.064
5717702.0,0.00786565,0.0,2.064
5717780.0,-0.0087436,0.0,2.064
5717858.0,0.00903379,0.0,2.064
5717936.0,-0.00854048,0.0,2.408
5718014.0,0.01690671,0.0,2.064
5718092.0,0.01233538,0.0,1.72
5718170.0,0.00344661,0.0,2.064
5718249.0,-0.00991189,0.0,1.376
5718327.0,0.0012117,0.0,1.376
5718405.0,0.01162425,0.0,1.376
5718483.0,-0.0005152,0.0,1.72
5718561.0,-0.00610238,0.0,1.72
5718639.0,-0.00625474,0.0,2.064
5718717.0,0.00405613,0.0,1.376
5718795.0,-0.02032437,0.0,2.064
5718873.0,-0.0084388,0.0,1.376
5718952.0,-0.00600078,0.0,2.408
5719030.0,0.0061386,0.0,1.72
5719108.0,0.0069514,0.0,2.064
5719186.0,-0.0122484,0.0,2.064
5719264.0,-0.01316265,0.0,2.064
5719342.0,-0.00198821,0.0,2.064
5719420.0,0.01629718,0.0,2.064
5719498.0,-0.01854663,0.0,2.408
5719577.0,0.00436086,0.0,2.064
5719655.0,-0.01687056,0.0,2.064
5719733.0,-0.01260388,0.0,2.752
5719811.0,-0.00341039,0.0,2.064
5719889.0,-0.00854048,0.0,2.064
5719967.0,0.00202451,0.0,2.064
5720045.0,-0.00320719,0.0,2.064
5720123.0,0.00182131,0.0,2.064
5720202.0,-0.00478173,0.0,2.064
5720280.0,-0.00102312,0.0,3.096
5720358.0,-0.0025469,0.0,2.064
5720436.0,0.00258319,0.0,2.064
5720514.0,0.01543377,0.0,2.064
5720592.0,-0.0115372,0.0,2.064
5720670.0,-0.00153105,0.0,1.72
5720748.0,-0.00737227,0.0,2.064
5720826.0,0.00507206,0.0,2.064
5720905.0,0.01370679,0.0,2.064
5720983.0,-0.00503576,0.0,2.064
5721061.0,-0.00173425,0.0,2.064
5721139.0,-0.00539133,0.0,2.064
5721217.0,0.0013133,0.0,2.064
5721295.0,-0.00178509,0.0,1.72
5721373.0,0.01116716,0.0,2.064
5721451.0,-0.00986106,0.0,2.064
5721529.0,-0.0133657,0.0,2.064
5721608.0,-0.01422926,0.0,2.064
5721686.0,0.00436086,0.0,2.064
5721764.0,0.02340814,0.0,2.064
5721842.0,-0.00097236,0.0,2.064
5721920.0,0.00222763,0.0,2.064
5721998.0,-0.00097236,0.0,2.064
5722076.0,-0.0162102,0.0,2.064
5722154.0,-0.01311181,0.0,2.064
5722232.0,-5.803e-05,0.0,2.064
5722311.0,-0.01768314,0.0,2.064
5722389.0,-0.01311181,0.0,2.064
5722467.0,-0.00015956,0.0,1.376
5722545.0,0.01233538,0.0,2.064
5722623.0,-0.01163887,0.0,2.064
5722701.0,-0.00193737,0.0,2.408
5722779.0,0.01126876,0.0,2.064
5722857.0,-0.00909917,0.0,2.752
5722936.0,-0.00889604,0.0,2.064
5723014.0,0.00385301,0.0,2.064
5723092.0,0.01614475,0.0,2.064
5723170.0,-0.00676267,0.0,1.72
5723248.0,0.00207519,0.0,2.064
5723326.0,0.00248159,0.0,2.064
5723404.0,-0.00742295,0.0,2.408
5723482.0,-0.00036283,0.0,1.72
5723560.0,0.0238653,0.0,1.376
5723639.0,0.00720529,0.0,2.752
5723717.0,-0.01163887,0.0,1.72
5723795.0,-0.01473719,0.0,2.064
5723873.0,-0.00193737,0.0,2.064
5723951.0,0.01883689,0.0,2.752
5724029.0,-0.02657183,0.0,2.064
5724107.0,-0.00320719,0.0,2.408
5724185.0,-0.00579765,0.0,2.064
5724263.0,0.00568143,0.0,2.064
5724342.0,-0.00828659,0.0,2.064
5724420.0,-0.02123869,0.0,2.064
5724498.0,0.01345283,0.0,2.064
5724576.0,-0.01138483,0.0,3.096
5724654.0,0.00608791,0.0,2.064
5724732.0,-0.00483264,0.0,1.72
5724810.0,-0.01057218,0.0,1.72
5724888.0,0.01721151,0.0,2.064
5724966.0,0.02020822,0.0,2.064
5725044.0,0.01492569,0.0,1.72
5725123.0,0.00329424,0.0,2.408
5725201.0,-0.00798172,0.0,2.064
5725279.0,-0.00366443,0.0,2.064
5725357.0,-0.01615936,0.0,1.72
5725435.0,0.0198019,0.0,2.064
5725513.0,-0.0117404,0.0,2.064
5725591.0,0.01644962,0.0,2.064
5725670.0,-0.0087436,0.0,2.064
5725748.0,0.00491962,0.0,2.408
5725826.0,0.0083735,0.0,1.376
5725904.0,0.00542762,0.0,2.064
5725982.0,-0.00122632,0.0,2.064
5726060.0,-0.00828659,0.0,2.408
5726138.0,-0.0027501,0.0,1.376
5726216.0,-0.01113094,0.0,2.064
5726294.0,-0.01306097,0.0,1.376
5726373.0,-0.0004136,0.0,1.72
5726451.0,0.00329424,0.0,1.376
5726529.0,-0.0025469,0.0,1.72
5726607.0,-0.01097858,0.0,1.376
5726685.0,0.0110148,0.0,2.408
5726763.0,-0.01138483,0.0,1.72
5726841.0,-0.01488962,0.0,1.72
5726919.0,-0.00884528,0.0,2.408
5726997.0,-0.00828659,0.0,2.064
5727076.0,0.00517358,0.0,1.72
5727154.0,-0.00630558,0.0,2.064
5727232.0,-0.00894688,0.0,2.064
5727310.0,-0.02520057,0.0,1.376
5727388.0,0.00359897,0.0,2.064
5727466.0,-0.01438162,0.0,2.064
5727544.0,0.03590323,0.0,2.064
5727622.0,-0.01483879,0.0,2.408
5727700.0,-0.01021662,0.0,2.064
5727779.0,0.01228454,0.0,2.064
5727857.0,0.00944019,0.0,2.064
5727935.0,-0.00782935,0.0,2.064
5728013.0,-0.02078153,0.0,2.064
5728091.0,0.01203065,0.0,2.064
5728169.0,-0.00894688,0.0,2.408
5728247.0,-0.00396915,0.0,2.064
5728325.0,0.00354828,0.0,2.064
5728404.0,-0.0156006,0.0,1.72
5728482.0,0.00740849,0.0,2.064
5728560.0,0.00944019,0.0,2.064
5728638.0,0.01121785,0.0,2.064
5728716.0,-0.0084388,0.0,2.752
5728794.0,-0.01036906,0.0,2.064
5728872.0,-0.00589918,0.0,2.064
5728950.0,0.00319264,0.0,2.064
5729028.0,-0.00203897,0.0,2.064
5729107.0,-0.00869284,0.0,2.064
5729185.0,0.0108116,0.0,2.064
5729263.0,0.00258319,0.0,2.752
5729341.0,0.00375141,0.0,2.064
5729419.0,0.02589708,0.0,2.064
5729497.0,-0.00589918,0.0,1.72
5729575.0,-0.00904841,0.0,2.064
5729653.0,-0.01255312,0.0,1.72
5729731.0,0.00268479,0.0,2.064
5729810.0,-0.01351821,0.0,1.72
5729888.0,-0.00630558,0.0,2.064
5729966.0,-0.00325795,0.0,2.064
5730044.0,-0.00940389,0.0,2.064
5730122.0,0.01086229,0.0,2.752
5730200.0,0.00751001,0.0,1.376
5730278.0,0.00446253,0.0,2.064
5730356.0,0.00552915,0.0,2.064
5730434.0,0.00187207,0.0,2.064
5730513.0,-0.00640725,0.0,1.72
5730591.0,0.00232923,0.0,2.408
5730669.0,-0.01219748,0.0,2.064
5730747.0,0.01929405,0.0,2.064
5730825.0,0.00872906,0.0,2.064
5730903.0,-0.01885143,0.0,1.376
5730981.0,-0.00554376,0.0,1.72
5731059.0,0.00644347,0.0,2.408
5731137.0,-0.02149273,0.0,1.72
5731216.0,-0.01301028,0.0,2.064
5731294.0,-0.02159426,0.0,1.376
5731372.0,-0.004985,0.0,2.064
5731450.0,-0.00341039,0.0,1.72
5731528.0,0.00029745,0.0,1.72
5731606.0,0.00796725,0.0,2.064
5731684.0,0.00039898,0.0,2.064
5731763.0,-0.00909917,0.0,2.064
5731841.0,0.01594169,0.0,1.72
5731919.0,-0.00854048,0.0,2.064
5731997.0,-0.00417228,0.0,2.064
5732075.0,0.01680511,0.0,2.064
5732153.0,0.00029745,0.0,1.72
5732231.0,-0.00478173,0.0,2.064
5732309.0,0.0108116,0.0,2.408
5732387.0,0.02564304,0.0,2.064
5732466.0,-0.00818492,0.0,1.72
5732544.0,0.0085767,0.0,2.064
5732622.0,0.01152265,0.0,1.376
5732700.0,0.00248159,0.0,2.064
5732778.0,-0.00371511,0.0,1.72
5732856.0,-0.00224217,0.0,2.064
5732934.0,-0.0119436,0.0,2.408
5733012.0,-0.0066103,0.0,2.408
5733090.0,-0.01346745,0.0,1.72
5733169.0,-0.0027501,0.0,2.064
5733247.0,0.01441792,0.0,1.376
5733325.0,0.00491962,0.0,2.064
5733403.0,-0.00696594,0.0,2.064
5733481.0,-0.01473719,0.0,2.064
5733559.0,0.03966198,0.0,2.408
5733637.0,-0.00127709,0.0,2.408
5733715.0,0.00974499,0.0,2.064
5733793.0,-0.00335955,0.0,2.408
5733872.0,0.00217679,0.0,2.064
5733950.0,-0.00559445,0.0,2.064
5734028.0,0.00486886,0.0,2.064
5734106.0,-0.00686434,0.0,2.408
5734184.0,-0.0119436,0.0,2.408
5734262.0,-0.00579765,0.0,2.064
5734340.0,-0.01143567,0.0,2.064
5734418.0,0.01096396,0.0,2.064
5734496.0,-0.01900379,0.0,1.376
5734575.0,0.01253858,0.0,2.064
5734653.0,-0.00615322,0.0,3.096
5734731.0,-0.00427388,0.0,1.72
5734809.0,0.01309727,0.0,2.408
5734887.0,0.0051229,0.0,2.408
5734965.0,0.00497038,0.0,1.72
5735043.0,-0.00335955,0.0,1.376
5735121.0,-0.00589918,0.0,2.064
5735199.0,0.01167509,0.0,2.064
5735278.0,0.01182745,0.0,2.064
5735356.0,0.00034829,0.0,2.408
5735434.0,-0.02545446,0.0,2.064
5735512.0,0.00751001,0.0,2.064
5735590.0,0.01934474,0.0,2.064
5735668.0,0.010202,0.0,2.064
5735746.0,-0.00158189,0.0,2.064
5735825.0,0.00598623,0.0,2.064
5735903.0,0.00375141,0.0,2.408
5735981.0,-0.00747379,0.0,2.064
5736059.0,-0.00219134,0.0,2.064
5736137.0,-0.000312,0.0,2.064
5736215.0,0.01350359,0.0,1.72
5736293.0,-0.00203897,0.0,1.72
5736371.0,0.00720529,0.0,2.408
5736449.0,0.00532595,0.0,2.064
5736528.0,-0.01478802,0.0,1.72
5736606.0,-0.00640725,0.0,2.064
5736684.0,0.01228454,0.0,2.064
5736762.0,-0.01524504,0.0,2.408
5736840.0,0.01731311,0.0,1.72
5736918.0,-0.01240068,0.0,2.064
5736996.0,-0.00793103,0.0,2.408
5737074.0,-0.00569605,0.0,2.752
5737152.0,9.425e-05,0.0,2.408
5737230.0,0.00187207,0.0,3.096
5737309.0,-0.0133657,0.0,2.064
5737387.0,-0.02697824,0.0,2.064
5737465.0,0.00984659,0.0,2.064
5737543.0,-0.00325795,0.0,2.408
5737621.0,0.00298952,0.0,2.064
5737699.0,-0.01026746,0.0,3.096
5737777.0,-0.01422926,0.0,2.064
5737856.0,-0.00295322,0.0,2.064
5737934.0,0.00034829,0.0,2.064
5738012.0,-0.00884528,0.0,2.064
5738090.0,-0.00056603,0.0,1.72
5738168.0,-0.00879437,0.0,2.064
5738246.0,0.01248782,0.0,1.72
5738324.0,-0.00224217,0.0,2.064
5738402.0,-0.00325795,0.0,2.752
5738480.0,0.01091313,0.0,2.064
5738559.0,-0.00127709,0.0,2.064
5738637.0,-0.01184192,0.0,2.064
5738715.0,0.00938943,0.0,2.064
5738793.0,-0.00772783,0.0,2.064
5738871.0,0.00415773,0.0,2.064
5738949.0,-0.01209596,0.0,2.064
5739027.0,0.00268479,0.0,1.72
5739105.0,-0.00742295,0.0,1.72
5739183.0,-0.03266709,0.0,2.064
5739262.0,-0.02677511,0.0,1.376
5739340.0,0.00949103,0.0,1.72
5739418.0,0.00532595,0.0,1.72
5739496.0,0.0043101,0.0,1.72
5739574.0,-0.01321341,0.0,2.064
5739652.0,-0.00615322,0.0,2.064
5739730.0,0.0069514,0.0,1.72
5739808.0,0.00786565,0.0,2.064
5739886.0,0.00989728,0.0,1.376
5739965.0,-0.00848964,0.0,2.064
5740043.0,-0.00605169,0.0,1.376
5740121.0,-0.00899757,0.0,2.064
5740199.0,0.00085622,0.0,2.064
5740277.0,0.00938943,0.0,2.064
5740355.0,0.00065302,0.0,1.72
5740433.0,0.0041069,0.0,2.064
5740511.0,-0.00335955,0.0,2.064
5740589.0,0.00867822,0.0,2.408
5740668.0,-0.00107388,0.0,1.376
5740746.0,0.00502115,0.0,2.064
5740824.0,-0.00534049,0.0,2.064
5740902.0,-0.00589918,0.0,2.064
5740980.0,-0.00600078,0.0,2.064
5741058.0,0.00248159,0.0,2.064
5741136.0,0.01319887,0.0,1.72
5741214.0,0.00847518,0.0,1.72
5741292.0,-0.00315642,0.0,2.408
5741371.0,0.00288792,0.0,2.064
5741449.0,0.00420857,0.0,2.064
5741527.0,-0.00351199,0.0,2.064
5741605.0,-0.00381671,0.0,2.064
5741683.0,0.00588471,0.0,2.064
5741761.0,0.01573849,0.0,2.064
5741839.0,-0.00188661,0.0,2.064
5741917.0,0.00664667,0.0,2.064
5741996.0,-0.00630558,0.0,2.752
5742074.0,-0.02799416,0.0,2.064
5742152.0,0.00415773,0.0,2.064
5742230.0,0.00263396,0.0,2.064
5742308.0,0.0132497,0.0,2.064
5742386.0,-0.01356897,0.0,2.064
5742464.0,-0.01438162,0.0,2.064
5742542.0,-0.01930851,0.0,2.064
5742621.0,0.00359897,0.0,1.032
5742699.0,-0.00513736,0.0,2.064
5742777.0,0.00984659,0.0,1.72
5742855.0,0.00050073,0.0,1.376
5742933.0,-0.00899757,0.0,1.72
5743011.0,0.01076076,0.0,2.064
5743089.0,0.01868445,0.0,2.064
5743167.0,-0.00346115,0.0,1.72
5743245.0,-0.00549293,0.0,2.064
5743323.0,-0.00650878,0.0,1.376
5743402.0,-0.00396915,0.0,2.752
5743480.0,0.00542762,0.0,2.064
5743558.0,-0.01488962,0.0,1.72
5743636.0,-0.0028517,0.0,1.376
5743714.0,0.00913546,0.0,2.408
5743792.0,-0.00737227,0.0,2.752
5743870.0,-0.00747379,0.0,2.408
5743948.0,0.00039898,0.0,2.064
5744026.0,0.01594169,0.0,2.752
5744105.0,0.00761169,0.0,2.064
5744183.0,-0.00595001,0.0,1.72
5744261.0,-0.00462944,0.0,2.064
5744339.0,-0.01519435,0.0,2.064
5744417.0,-0.00401991,0.0,2.064
5744495.0,-0.00676267,0.0,2.064
5744573.0,-0.01651493,0.0,2.064
5744652.0,0.0128433,0.0,2.752
5744730.0,-0.00356275,0.0,1.376
5744808.0,-0.01123247,0.0,2.408
5744886.0,0.00029745,0.0,2.064
5744964.0,0.00136414,0.0,2.064
5745042.0,0.00420857,0.0,2.064
5745120.0,0.00273548,0.0,2.064
5745198.0,0.00999888,0.0,2.064
5745276.0,0.00070385,0.0,2.408
5745355.0,0.00705292,0.0,2.064
5745433.0,-0.00046443,0.0,2.064
5745511.0,0.00151651,0.0,2.064
5745589.0,-0.0043754,0.0,2.064
5745667.0,0.00354828,0.0,2.064
5745745.0,-0.004985,0.0,2.064
5745823.0,0.02579555,0.0,2.064
5745901.0,-0.03546068,0.0,2.064
5745979.0,-0.00234385,0.0,2.064
5746057.0,-0.01270541,0.0,1.72
5746136.0,0.00090698,0.0,2.408
5746214.0,0.00415773,0.0,1.72
5746292.0,-0.00564529,0.0,2.064
5746370.0,-0.00427388,0.0,2.064
5746448.0,0.00400537,0.0,2.064
5746526.0,0.00659576,0.0,1.72
5746604.0,-0.00422319,0.0,2.064
5746682.0,-0.00412144,0.0,2.064
5746760.0,0.01370679,0.0,2.064
5746839.0,-0.01031814,0.0,1.72
5746917.0,0.00268479,0.0,2.064
5746995.0,-0.00244537,0.0,2.064
5747073.0,-0.02484493,0.0,2.064
5747151.0,0.00070385,0.0,2.408
5747229.0,-0.00305482,0.0,2.064
5747307.0,-0.0336321,0.0,2.064
5747385.0,-0.01026746,0.0,2.064
5747463.0,0.00740849,0.0,2.408
5747542.0,0.01441792,0.0,2.064
5747620.0,-0.00564529,0.0,2.064
5747698.0,0.00811954,0.0,1.72
5747776.0,0.01253858,0.0,1.376
5747854.0,0.02483039,0.0,1.72
5747932.0,-0.00975953,0.0,2.064
5748010.0,-0.00249614,0.0,2.064
5748089.0,0.01162425,0.0,1.72
5748167.0,-0.00158189,0.0,2.064
5748245.0,-0.01316265,0.0,2.064
5748323.0,0.02361142,0.0,1.72
5748401.0,-0.01859747,0.0,1.72
5748479.0,0.00563067,0.0,1.72
5748557.0,-0.01676896,0.0,2.064
5748635.0,-0.0011248,0.0,2.408
5748713.0,-0.00325795,0.0,2.064
5748792.0,0.00288792,0.0,2.064
5748870.0,-0.00127709,0.0,2.064
5748948.0,-0.00981037,0.0,2.064
5749026.0,-0.00315642,0.0,1.72
5749104.0,0.00639263,0.0,2.064
5749182.0,-0.00208981,0.0,2.408
5749260.0,0.00502115,0.0,2.064
5749338.0,0.00735765,0.0,2.064
5749416.0,0.02284945,0.0,1.72
5749495.0,0.00166887,0.0,2.064
5749573.0,-0.00727059,0.0,1.72
5749651.0,-0.00600078,0.0,2.064
5749729.0,-0.01707369,0.0,2.064
5749807.0,0.02818267,0.0,1.72
5749885.0,-0.01626096,0.0,2.064
5749963.0,0.00786565,0.0,2.064
5750041.0,-0.00478173,0.0,2.064
5750119.0,0.00273548,0.0,2.064
5750198.0,0.00684972,0.0,2.064
5750276.0,0.0085767,0.0,2.064
5750354.0,0.00578318,0.0,2.064
5750432.0,0.00969408,0.0,2.752
5750510.0,-0.01661653,0.0,2.064
5750588.0,-0.00432471,0.0,2.064
5750666.0,-0.00376595,0.0,3.096
5750744.0,-0.00422319,0.0,2.408
5750823.0,-0.00173425,0.0,2.064
5750901.0,-0.00584849,0.0,2.064
5750979.0,0.00359897,0.0,2.752
5751057.0,9.425e-05,0.0,2.064
5751135.0,-0.00295322,0.0,2.408
5751213.0,0.02721765,0.0,2.408
5751291.0,-0.004985,0.0,1.72
5751369.0,0.00187207,0.0,1.032
5751448.0,0.00232923,0.0,2.064
5751526.0,0.0043101,0.0,2.064
5751604.0,-0.00478173,0.0,2.064
5751682.0,9.425e-05,0.0,2.408
5751760.0,-0.01387377,0.0,2.408
5751838.0,0.01482417,0.0,2.064
5751916.0,0.0061386,0.0,1.72
5751994.0,-0.00620405,0.0,2.064
5752072.0,0.01411312,0.0,2.408
5752150.0,0.00304028,0.0,2.064
5752229.0,-0.00645794,0.0,2.064
5752307.0,0.00552915,0.0,2.064
5752385.0,-0.01946088,0.0,2.064
5752463.0,0.00944019,0.0,2.064
5752541.0,-0.00615322,0.0,2.064
5752619.0,-0.00793103,0.0,1.72
5752697.0,-0.00975953,0.0,2.064
5752775.0,0.01573849,0.0,2.408
5752853.0,0.00283708,0.0,2.064
5752932.0,0.00105934,0.0,2.064
5753010.0,-0.01072454,0.0,1.72
5753088.0,0.01396068,0.0,2.064
5753166.0,-0.00432471,0.0,1.376
5753244.0,-0.01387377,0.0,2.064
5753322.0,-0.00290246,0.0,1.376
5753400.0,-0.00183577,0.0,2.064
5753479.0,-0.01544831,0.0,2.064
5753557.0,-0.03530824,0.0,2.064
5753635.0,-0.00823575,0.0,2.064
5753713.0,-0.00153105,0.0,2.064
5753791.0,-0.01285785,0.0,2.064
5753869.0,0.00192283,0.0,2.064
5753947.0,-0.01301028,0.0,2.064
5754025.0,0.00436086,0.0,2.064
5754103.0,-0.00219134,0.0,2.064
5754182.0,0.00273548,0.0,2.064
5754260.0,-0.0009216,0.0,2.064
5754338.0,0.00979575,0.0,2.064
5754416.0,-0.0087436,0.0,1.72
5754494.0,0.01548446,0.0,2.064
5754572.0,0.00248159,0.0,2.408
5754650.0,0.00202451,0.0,2.064
5754728.0,0.01015131,0.0,2.408
5754806.0,-0.04277484,0.0,2.064
5754885.0,-0.00401991,0.0,2.064
5754963.0,0.00491962,0.0,1.72
5755041.0,0.01685595,0.0,2.064
5755119.0,0.00938943,0.0,2.064
5755197.0,0.00380217,0.0,2.064
5755275.0,-0.00640725,0.0,2.064
5755353.0,0.00761169,0.0,2.064
5755431.0,-0.02134022,0.0,2.064
5755509.0,-0.0384574,0.0,2.064
5755588.0,0.01614475,0.0,2.064
5755666.0,-0.00234385,0.0,1.72
5755744.0,-0.01438162,0.0,2.064
5755822.0,-0.00996258,0.0,1.72
5755900.0,0.00136414,0.0,2.064
5755978.0,0.00999888,0.0,2.064
5756056.0,0.00588471,0.0,1.72
5756134.0,-0.01453406,0.0,1.376
5756212.0,0.0014149,0.0,2.064
5756290.0,0.00060225,0.0,2.064
5756369.0,0.00034829,0.0,1.72
5756447.0,-0.00427388,0.0,2.064
5756525.0,0.00156727,0.0,2.408
5756603.0,0.01411312,0.0,1.72
5756681.0,0.00994811,0.0,2.064
5756759.0,-0.00899757,0.0,1.72
5756837.0,-0.02098466,0.0,2.408
5756915.0,0.00872906,0.0,2.064
5756994.0,0.0063418,0.0,2.752
5757072.0,0.00182131,0.0,2.064
5757150.0,-0.00544209,0.0,2.752
5757228.0,0.0012117,0.0,2.064
5757306.0,0.00481802,0.0,2.064
5757384.0,-0.02555613,0.0,2.064
5757462.0,0.00786565,0.0,1.72
5757540.0,-0.00772783,0.0,2.064
5757619.0,0.00202451,0.0,2.064
5757697.0,-0.01087691,0.0,2.064
5757775.0,0.00933851,0.0,2.408
5757853.0,0.00085622,0.0,2.408
5757931.0,0.00039898,0.0,2.064
5758009.0,-0.00356275,0.0,1.72
5758087.0,0.02350974,0.0,2.752
5758165.0,0.00359897,0.0,2.064
5758243.0,-0.00478173,0.0,2.064
5758322.0,0.00227832,0.0,2.408
5758400.0,-0.01722605,0.0,2.064
5758478.0,-0.00412144,0.0,2.064
5758556.0,-0.0336321,0.0,1.72
5758634.0,-0.0011248,0.0,2.064
5758712.0,0.00288792,0.0,1.72
5758790.0,-0.00346115,0.0,2.064
5758868.0,-0.00244537,0.0,2.064
5758946.0,-0.00188661,0.0,2.064
5759025.0,-0.00208981,0.0,2.064
5759103.0,-0.00813408,0.0,2.064
5759181.0,0.00527511,0.0,3.096
5759259.0,-0.0117404,0.0,1.72
5759337.0,0.02269716,0.0,2.064
5759415.0,-0.00224217,0.0,1.72
5759493.0,-0.00554376,0.0,2.064
5759571.0,0.00095774,0.0,2.064
5759649.0,0.01385915,0.0,2.064
5759728.0,-0.01595624,0.0,2.064
5759806.0,-0.00300414,0.0,1.72
5759884.0,0.00903379,0.0,1.72
5759962.0,-0.0115372,0.0,2.064
5760040.0,0.02620181,0.0,1.72
5760118.0,-0.00280086,0.0,1.72
5760196.0,-0.00716907,0.0,1.72
5760274.0,-0.00107388,0.0,2.064
5760353.0,0.0051229,0.0,1.72
5760431.0,-0.00407068,0.0,1.376
5760509.0,-0.01133407,0.0,1.72
5760587.0,0.0041069,0.0,1.72
5760665.0,-0.02733387,0.0,2.064
5760743.0,0.00024669,0.0,2.064
5760821.0,0.0041069,0.0,2.064
5760899.0,-0.00574696,0.0,2.064
5760978.0,0.00542762,0.0,2.064
5761056.0,-0.00142952,0.0,1.376
5761134.0,0.0013133,0.0,2.064
5761212.0,-0.00214057,0.0,1.376
5761290.0,0.00375141,0.0,2.064
5761368.0,-0.00341039,0.0,2.064
5761446.0,0.01710998,0.0,2.064
5761524.0,-0.00315642,0.0,1.376
5761602.0,-0.00554376,0.0,2.064
5761681.0,-0.00320719,0.0,2.064
5761759.0,-0.004985,0.0,2.064
5761837.0,0.02604937,0.0,1.376
5761915.0,-0.00777852,0.0,2.408
5761993.0,0.00994811,0.0,2.064
5762071.0,-0.02108626,0.0,2.064
5762149.0,0.00222763,0.0,1.72
5762227.0,0.00126254,0.0,2.064
5762305.0,0.01203065,0.0,2.064
5762384.0,0.01594169,0.0,2.064
5762462.0,0.00197359,0.0,2.408
5762540.0,0.00659576,0.0,2.064
5762618.0,-0.01473719,0.0,2.064
5762696.0,0.01045604,0.0,1.72
5762774.0,-0.00356275,0.0,2.064
5762852.0,0.01365595,0.0,1.72
5762930.0,0.00888142,0.0,2.064
5763009.0,-0.00605169,0.0,2.064
5763087.0,-0.00711823,0.0,2.064
5763165.0,0.00126254,0.0,2.064
5763243.0,-0.00381671,0.0,2.064
5763321.0,0.00136414,0.0,2.064
5763399.0,-0.01047066,0.0,1.72
5763477.0,-0.01402598,0.0,2.064
5763555.0,-0.00295322,0.0,2.064
5763633.0,-0.00559445,0.0,2.064
5763712.0,0.01035451,0.0,2.064
5763790.0,-0.00544209,0.0,2.064
5763868.0,-0.00925161,0.0,2.064
5763946.0,0.00705292,0.0,2.064
5764024.0,-0.00203897,0.0,2.064
5764102.0,0.01411312,0.0,2.064
5764180.0,-0.00325795,0.0,2.064
5764258.0,0.00161803,0.0,2.064
5764336.0,-0.00442624,0.0,2.064
5764415.0,-0.00396915,0.0,2.408
5764493.0,0.00298952,0.0,2.064
5764571.0,0.01898932,0.0,2.064
5764649.0,-0.00915001,0.0,1.72
5764727.0,-0.01041982,0.0,1.72
5764805.0,0.00237992,0.0,1.72
5764883.0,-0.00148021,0.0,2.064
5764961.0,-0.01229916,0.0,2.064
5765039.0,-0.02001964,0.0,2.408
5765118.0,0.00039898,0.0,1.72
5765196.0,-0.00706754,0.0,2.064
5765274.0,-0.00635642,0.0,2.064
5765352.0,-0.0011248,0.0,1.376
5765430.0,-0.01666729,0.0,2.064
5765508.0,-0.00351199,0.0,2.408
5765586.0,0.00436086,0.0,1.72
5765664.0,0.01883689,0.0,1.72
5765742.0,-0.00341039,0.0,2.064
5765821.0,0.00202451,0.0,2.064
5765899.0,0.00222763,0.0,2.064
5765977.0,-0.00879437,0.0,2.408
5766055.0,-0.00158189,0.0,2.064
5766133.0,-0.0181403,0.0,2.752
5766211.0,0.01634802,0.0,2.064
5766289.0,-0.00666114,0.0,2.064
5766367.0,0.00817037,0.0,2.064
5766445.0,-0.00595001,0.0,2.064
5766524.0,-0.00010887,0.0,2.064
5766602.0,0.00324356,0.0,2.064
5766680.0,0.01893841,0.0,2.064
5766758.0,-0.00737227,0.0,2.752
5766836.0,-0.01367057,0.0,2.064
5766914.0,-0.00762623,0.0,2.064
5766992.0,0.00684972,0.0,2.064
5767070.0,-0.00361359,0.0,2.064
5767149.0,0.00684972,0.0,2.408
5767227.0,0.00207519,0.0,2.752
5767305.0,0.0128433,0.0,2.408
5767383.0,0.006545,0.0,2.408
5767461.0,-0.01849587,0.0,2.408
5767539.0,-0.01829266,0.0,2.408
5767617.0,0.00471642,0.0,2.064
5767695.0,0.00491962,0.0,2.064
5767774.0,-0.00381671,0.0,1.72
5767852.0,-0.00762623,0.0,2.752
5767930.0,0.01330039,0.0,2.064
5768008.0,-0.01519435,0.0,1.376
5768086.0,0.0091863,0.0,1.72
5768164.0,0.01462097,0.0,2.064
5768242.0,-0.00854048,0.0,1.376
5768320.0,-0.00478173,0.0,2.064
5768398.0,-0.004477,0.0,2.064
5768477.0,-0.0205784,0.0,1.72
5768555.0,0.01584002,0.0,2.064
5768633.0,-0.000312,0.0,1.72
5768711.0,-0.00356275,0.0,2.408
5768789.0,-0.00122632,0.0,1.72
5768867.0,-0.000312,0.0,2.064
5768945.0,-0.01229916,0.0,2.064
5769023.0,-0.00320719,0.0,2.064
5769101.0,-0.00315642,0.0,1.72
5769180.0,-0.00493416,0.0,2.064
5769258.0,0.01716067,0.0,2.064
5769336.0,0.00116102,0.0,2.064
5769414.0,-0.00214057,0.0,1.376
5769492.0,0.0131481,0.0,1.376
5769570.0,0.01162425,0.0,1.72
5769648.0,-0.00188661,0.0,2.064
5769726.0,0.00055142,0.0,1.72
5769804.0,0.03371916,0.0,2.064
5769883.0,-0.00676267,0.0,2.064
5769961.0,-0.00879437,0.0,2.064
5770039.0,-0.02113709,0.0,1.72
5770117.0,0.00014517,0.0,2.064
5770195.0,0.01106556,0.0,2.064
5770273.0,0.00684972,0.0,2.064
5770351.0,-0.00925161,0.0,2.408
5770429.0,0.00095774,0.0,2.064
5770507.0,-0.00320719,0.0,2.064
5770586.0,0.00050073,0.0,2.064
5770664.0,-0.0046802,0.0,2.064
5770742.0,-0.01245152,0.0,1.376
5770820.0,-0.01402598,0.0,2.064
5770898.0,-0.0046802,0.0,2.064
5770976.0,0.01451944,0.0,2.064
5771054.0,-0.00686434,0.0,2.752
5771133.0,0.00024669,0.0,2.064
5771211.0,0.00202451,0.0,2.064
5771289.0,0.00542762,0.0,2.064
5771367.0,0.00928783,0.0,2.064
5771445.0,0.0173638,0.0,2.064
5771523.0,-0.00767699,0.0,2.408
5771601.0,-0.01737841,0.0,2.752
5771679.0,0.01528133,0.0,2.064
5771757.0,-0.00366443,0.0,2.064
5771836.0,-0.004477,0.0,2.064
5771914.0,-0.0051882,0.0,2.064
5771992.0,-0.00229294,0.0,1.72
5772070.0,0.00781481,0.0,2.064
5772148.0,-0.01041982,0.0,2.064
5772226.0,-0.00645794,0.0,2.064
5772304.0,0.00177047,0.0,1.72
5772382.0,-0.00991189,0.0,2.064
5772460.0,-0.0156006,0.0,2.064
5772539.0,-0.00671198,0.0,1.72
5772617.0,0.03183982,0.0,2.064
5772695.0,0.00100858,0.0,2.064
5772773.0,-0.01478802,0.0,1.72
5772851.0,-0.01748001,0.0,2.064
5772929.0,0.01360512,0.0,2.064
5773007.0,0.00370057,0.0,2.064
5773085.0,-0.02291483,0.0,1.376
5773163.0,0.00725612,0.0,2.064
5773241.0,-0.00396915,0.0,1.376
5773320.0,-0.00655954,0.0,2.064
5773398.0,0.00735765,0.0,2.408
5773476.0,0.00364981,0.0,1.72
5773554.0,0.00405613,0.0,2.064
5773632.0,0.00801794,0.0,1.72
5773710.0,0.00014517,0.0,2.408
5773788.0,-0.00234385,0.0,1.72
5773866.0,-0.00838812,0.0,2.408
5773944.0,-0.00315642,0.0,2.064
5774023.0,-0.00777852,0.0,3.096
5774101.0,-0.00305482,0.0,2.064
5774179.0,-0.00600078,0.0,2.064
5774257.0,0.00436086,0.0,1.72
5774335.0,0.0062402,0.0,2.064
5774413.0,-0.00330886,0.0,2.064
5774491.0,0.00044989,0.0,2.064
5774569.0,0.00557991,0.0,2.064
5774648.0,-0.00833728,0.0,2.064
5774726.0,0.0061386,0.0,1.72
5774804.0,0.01233538,0.0,2.064
5774882.0,-0.00264857,0.0,2.064
5774960.0,4.349e-05,0.0,1.72
5775038.0,0.00034829,0.0,2.064
5775116.0,0.00598623,0.0,2.064
5775194.0,-0.00803255,0.0,2.408
5775273.0,0.00329424,0.0,2.408
5775351.0,-0.00208981,0.0,2.064
5775429.0,-0.00564529,0.0,2.064
5775507.0,0.00085622,0.0,2.064
5775585.0,-0.01047066,0.0,1.72
5775663.0,0.01639878,0.0,2.064
5775741.0,-0.00234385,0.0,2.408
5775819.0,0.00253236,0.0,2.064
5775897.0,-0.00523889,0.0,2.064
5775976.0,-0.00589918,0.0,2.064
5776054.0,0.0012117,0.0,1.72
5776132.0,-0.00925161,0.0,1.376
5776210.0,-0.02398152,0.0,1.376
5776288.0,-0.00356275,0.0,1.376
5776366.0,-0.00539133,0.0,1.376
5776444.0,-0.01895303,0.0,2.064
5776522.0,-0.01092775,0.0,2.064
5776600.0,0.01360512,0.0,2.064
5776679.0,-0.01082622,0.0,1.72
5776757.0,-0.0006168,0.0,1.72
5776835.0,-0.01016586,0.0,1.72
5776913.0,0.00781481,0.0,1.72
5776991.0,-0.00305482,0.0,2.064
5777069.0,-0.00711823,0.0,1.72
5777147.0,0.00725612,0.0,1.72
5777225.0,-0.00777852,0.0,1.72
5777303.0,0.00182131,0.0,2.064
5777382.0,-0.00676267,0.0,2.064
5777460.0,0.01594169,0.0,2.064
5777538.0,-0.00076916,0.0,2.064
5777616.0,0.00888142,0.0,2.064
5777694.0,-0.00046443,0.0,2.408
5777772.0,0.00116102,0.0,2.064
5777850.0,-0.00168349,0.0,2.064
5777928.0,-0.01275625,0.0,1.72
5778007.0,-0.00823575,0.0,2.064
5778085.0,0.00197359,0.0,1.72
5778163.0,-0.00234385,0.0,2.064
5778241.0,-0.01346745,0.0,2.752
5778319.0,0.01116716,0.0,2.064
5778397.0,-0.00178509,0.0,2.064
5778475.0,0.00867822,0.0,2.064
5778553.0,-0.0182419,0.0,2.064
5778631.0,-0.00056603,0.0,2.064
5778710.0,0.00227832,0.0,2.064
5778788.0,-0.02347359,0.0,2.064
5778866.0,-0.01250221,0.0,2.408
5778944.0,0.01269094,0.0,2.064
5779022.0,-0.00620405,0.0,2.064
5779100.0,0.02041142,0.0,2.064
5779178.0,0.00278632,0.0,1.72
5779256.0,0.00400537,0.0,2.064
5779334.0,-0.0199688,0.0,2.064
5779413.0,0.00156727,0.0,2.408
5779491.0,-0.01880059,0.0,2.408
5779569.0,0.00583387,0.0,3.096
5779647.0,-0.00452791,0.0,2.064
5779725.0,0.00725612,0.0,2.064
5779803.0,-0.04780333,0.0,2.064
5779881.0,-0.00132792,0.0,2.064
5779959.0,0.00974499,0.0,2.064
5780037.0,-0.00762623,0.0,2.408
5780116.0,0.00745925,0.0,2.064
5780194.0,0.00542762,0.0,2.064
5780272.0,0.00309104,0.0,1.72
5780350.0,0.01213218,0.0,2.064
5780428.0,0.00034829,0.0,1.72
5780506.0,-0.00666114,0.0,2.064
5780584.0,0.00329424,0.0,2.064
5780662.0,-0.00478173,0.0,2.064
5780740.0,-0.00940389,0.0,2.064
5780819.0,-0.00036283,0.0,2.064
5780897.0,0.00725612,0.0,2.408
5780975.0,-0.00879437,0.0,2.064
5781053.0,-0.00960717,0.0,2.408
5781131.0,-0.01041982,0.0,1.72
5781209.0,0.00928783,0.0,2.064
5781287.0,0.00710376,0.0,1.72
5781366.0,0.01396068,0.0,2.408
5781444.0,-0.03165117,0.0,1.72
5781522.0,0.00436086,0.0,2.064
5781600.0,-0.00310566,0.0,1.376
5781678.0,0.02716682,0.0,1.376
5781756.0,0.00380217,0.0,1.032
5781834.0,-0.00071832,0.0,2.408
5781912.0,0.01685595,0.0,1.72
5781990.0,-0.00081992,0.0,2.064
5782069.0,-0.01514351,0.0,2.064
5782147.0,0.0132497,0.0,2.064
5782225.0,-0.00777852,0.0,1.72
5782303.0,-0.01041982,0.0,2.064
5782381.0,-0.00264857,0.0,1.72
5782459.0,-0.01285785,0.0,2.064
5782537.0,-0.02235607,0.0,1.72
5782615.0,0.00278632,0.0,2.064
5782693.0,-0.00493416,0.0,1.72
5782772.0,-0.00610238,0.0,2.408
5782850.0,-0.00889604,0.0,2.064
5782928.0,-0.00107388,0.0,1.72
5783006.0,-0.01478802,0.0,2.064
5783084.0,-0.01057218,0.0,2.064
5783162.0,-0.00686434,0.0,2.064
5783240.0,-0.00193737,0.0,2.064
5783318.0,-0.00386755,0.0,2.064
5783396.0,-0.00488348,0.0,1.72
5783475.0,-0.00478173,0.0,2.064
5783553.0,-0.016007,0.0,2.064
5783631.0,0.00598623,0.0,2.408
5783709.0,0.01299567,0.0,2.408
5783787.0,-0.0070167,0.0,1.72
5783865.0,0.01111633,0.0,2.064
5783943.0,-0.00127709,0.0,2.408
5784021.0,0.00248159,0.0,2.064
5784100.0,-0.02403236,0.0,1.72
5784178.0,0.00969408,0.0,2.408
5784256.0,-0.02377832,0.0,2.064
5784334.0,0.00766237,0.0,2.064
5784412.0,-0.00026131,0.0,1.72
5784490.0,-0.00117548,0.0,2.064
5784568.0,0.00989728,0.0,2.064
5784646.0,0.00867822,0.0,2.408
5784724.0,0.00202451,0.0,2.064
5784803.0,-0.02535293,0.0,2.064
5784881.0,-0.00630558,0.0,2.752
5784959.0,0.02518595,0.0,1.72
5785037.0,0.01858285,0.0,1.72
5785115.0,0.0179734,0.0,2.064
5785193.0,-0.00544209,0.0,2.064
5785271.0,-0.00503576,0.0,1.72
5785349.0,-0.00757539,0.0,2.064
5785427.0,-0.00503576,0.0,2.752
5785506.0,-0.00295322,0.0,2.064
5785584.0,0.00075462,0.0,2.064
5785662.0,-0.00879437,0.0,1.72
5785740.0,-0.004477,0.0,2.064
5785818.0,0.00304028,0.0,1.376
5785896.0,0.01573849,0.0,2.752
5785974.0,-0.00330886,0.0,2.064
5786052.0,0.03107793,0.0,2.064
5786130.0,0.0063418,0.0,2.408
5786209.0,-0.0028517,0.0,2.752
5786287.0,-0.00584849,0.0,2.064
5786365.0,0.00161803,0.0,2.064
5786443.0,-0.00137861,0.0,2.064
5786521.0,-0.01565151,0.0,1.72
5786599.0,0.00380217,0.0,2.064
5786677.0,-0.01118163,0.0,3.096
5786755.0,0.00944019,0.0,2.064
5786834.0,-0.00158189,0.0,2.064
5786912.0,-0.00838812,0.0,2.064
5786990.0,-0.0005152,0.0,2.408
5787068.0,-0.01240068,0.0,2.064
5787146.0,-0.01346745,0.0,2.064
5787224.0,-0.01565151,0.0,2.064
5787302.0,-0.01676896,0.0,2.064
5787380.0,0.01487501,0.0,2.408
5787459.0,0.0221384,0.0,2.064
5787537.0,-0.01143567,0.0,2.064
5787615.0,-0.02215302,0.0,2.064
5787693.0,0.01126876,0.0,2.064
5787771.0,-0.0070167,0.0,2.064
5787849.0,-0.00620405,0.0,2.064
5787927.0,-0.00244537,0.0,2.408
5788005.0,-0.00808332,0.0,2.064
5788083.0,0.00263396,0.0,1.376
5788161.0,0.01660198,0.0,2.064
5788240.0,-0.02240691,0.0,1.376
5788318.0,0.01340199,0.0,2.064
5788396.0,-0.01402598,0.0,2.064
5788474.0,0.00024669,0.0,1.72
5788552.0,0.00944019,0.0,1.376
5788630.0,-0.01295945,0.0,2.064
5788708.0,-0.02555613,0.0,1.376
5788786.0,-0.02088313,0.0,2.064
5788864.0,0.0130465,0.0,1.376
5788943.0,0.01071008,0.0,2.064
5789021.0,-0.01021662,0.0,2.064
5789099.0,-0.00107388,0.0,1.72
5789177.0,-0.00412144,0.0,2.064
5789255.0,-0.00097236,0.0,1.72
5789333.0,0.00095774,0.0,2.064
5789411.0,0.00161803,0.0,2.064
5789489.0,0.01096396,0.0,1.72
5789567.0,-0.01311181,0.0,2.064
5789646.0,-0.00904841,0.0,2.752
5789724.0,0.00999888,0.0,2.064
5789802.0,-0.00666114,0.0,1.72
5789880.0,-0.00386755,0.0,1.72
5789958.0,-0.0084388,0.0,2.064
5790036.0,0.00116102,0.0,1.72
5790114.0,0.00380217,0.0,1.376
5790192.0,-0.0119436,0.0,2.064
5790271.0,-0.00523889,0.0,1.72
5790349.0,-0.00950557,0.0,1.72
5790427.0,-0.01951172,0.0,2.408
5790505.0,-0.0133657,0.0,2.064
5790583.0,-0.01036906,0.0,1.72
5790661.0,-0.01778474,0.0,2.064
5790739.0,0.00568143,0.0,2.064
5790817.0,0.00273548,0.0,2.064
5790896.0,-0.01681965,0.0,2.064
5790974.0,0.01203065,0.0,2.408
5791052.0,0.01010048,0.0,2.064
5791130.0,-0.01031814,0.0,2.064
5791208.0,-0.01163887,0.0,1.72
5791286.0,0.0014149,0.0,2.064
5791364.0,0.00090698,0.0,1.72
5791442.0,0.01477348,0.0,2.064
5791520.0,-0.00407068,0.0,2.752
5791599.0,0.00044989,0.0,2.408
5791677.0,0.00969408,0.0,2.064
5791755.0,-0.01341653,0.0,2.064
5791833.0,0.00720529,0.0,2.064
5791911.0,0.02483039,0.0,2.064
5791989.0,0.00151651,0.0,2.064
5792067.0,-0.00021047,0.0,2.064
5792145.0,-0.01692125,0.0,1.72
5792223.0,-0.00838812,0.0,2.408
5792302.0,0.01197982,0.0,1.72
5792380.0,0.0130465,0.0,2.752
5792458.0,-0.01062294,0.0,2.064
5792536.0,0.00740849,0.0,1.72
5792614.0,0.00151651,0.0,1.72
5792692.0,-0.02067993,0.0,2.408
5792770.0,0.00751001,0.0,2.408
5792848.0,0.01025284,0.0,2.752
5792926.0,0.01203065,0.0,1.72
5793005.0,0.01258934,0.0,2.064
5793083.0,-0.01488962,0.0,1.376
5793161.0,-0.01534671,0.0,2.408
5793239.0,0.00126254,0.0,2.064
5793317.0,-0.00137861,0.0,2.064
5793395.0,0.00095774,0.0,2.408
5793473.0,0.00329424,0.0,2.064
5793551.0,-0.03312418,0.0,2.408
5793630.0,0.01721151,0.0,2.064
5793708.0,-0.01316265,0.0,1.72
5793786.0,0.00405613,0.0,1.72
5793864.0,0.01111633,0.0,1.72
5793942.0,0.0013133,0.0,2.064
5794020.0,-0.01108011,0.0,2.408
5794098.0,-0.0069151,0.0,2.064
5794176.0,-0.00117548,0.0,2.064
5794254.0,-0.01311181,0.0,2.064
5794333.0,-0.0011248,0.0,2.064
5794411.0,-0.01742925,0.0,1.72
5794489.0,0.00989728,0.0,1.72
5794567.0,-0.02809576,0.0,2.408
5794645.0,-0.00544209,0.0,1.72
5794723.0,0.00359897,0.0,2.064
5794801.0,0.0174654,0.0,2.064
5794879.0,0.00309104,0.0,1.72
5794958.0,0.00055142,0.0,1.72
5795036.0,-0.00046443,0.0,1.376
5795114.0,-0.00295322,0.0,2.064
5795192.0,-0.02255927,0.0,2.064
5795270.0,-0.00361359,0.0,2.064
5795348.0,0.00116102,0.0,1.376
5795426.0,0.00415773,0.0,2.064
5795504.0,-0.00635642,0.0,1.72
5795582.0,-0.01128323,0.0,2.064
5795661.0,0.00400537,0.0,1.72
5795739.0,-0.00605169,0.0,2.064
5795817.0,-0.02144182,0.0,2.064
5795895.0,-0.01209596,0.0,2.064
5795973.0,0.0069514,0.0,1.72
5796051.0,-0.03800031,0.0,2.064
5796129.0,-0.00823575,0.0,1.72
5796207.0,0.01238622,0.0,1.72
5796285.0,0.01248782,0.0,2.064
5796364.0,-0.00097236,0.0,2.064
5796442.0,-0.00757539,0.0,1.376
5796520.0,0.00944019,0.0,2.408
5796598.0,0.00319264,0.0,1.72
5796676.0,-0.01565151,0.0,2.064
5796754.0,-0.0068135,0.0,1.72
5796832.0,-0.00716907,0.0,2.064
5796910.0,0.00903379,0.0,2.064
5796988.0,0.0110148,0.0,2.064
5797067.0,0.00471642,0.0,2.408
5797145.0,0.02041142,0.0,2.064
5797223.0,-0.01534671,0.0,2.064
5797301.0,-0.00503576,0.0,2.064
5797379.0,-0.02169578,0.0,2.064
5797457.0,-0.03088928,0.0,2.064
5797535.0,0.00532595,0.0,2.064
5797613.0,-0.00371511,0.0,2.408
5797691.0,-0.01123247,0.0,2.064
5797770.0,0.00944019,0.0,2.064
5797848.0,-0.00015956,0.0,2.408
5797926.0,-0.00732143,0.0,2.064
5798004.0,0.01015131,0.0,2.064
5798082.0,0.02239244,0.0,2.064
5798160.0,-0.01067378,0.0,2.752
5798238.0,-0.00290246,0.0,2.064
5798316.0,-0.01097858,0.0,2.064
5798395.0,-0.00076916,0.0,2.064
5798473.0,0.01385915,0.0,2.064
5798551.0,0.00669736,0.0,2.064
5798629.0,-0.00401991,0.0,2.064
5798707.0,0.00166887,0.0,2.064
5798785.0,-0.01275625,0.0,2.064
5798863.0,0.00436086,0.0,2.408
5798941.0,-0.00671198,0.0,2.408
5799020.0,-0.0139753,0.0,2.064
5799098.0,0.01197982,0.0,1.72
5799176.0,0.00202451,0.0,2.064
5799254.0,-0.00244537,0.0,1.72
5799332.0,0.00486886,0.0,2.064
5799410.0,0.00928783,0.0,2.408
5799488.0,-0.00269926,0.0,2.064
5799566.0,0.00400537,0.0,2.064
5799644.0,0.00740849,0.0,2.408
5799723.0,-0.01026746,0.0,2.064
5799801.0,-0.01951172,0.0,2.064
5799879.0,-0.00330886,0.0,2.064
5799957.0,-0.01412774,0.0,2.752
5800035.0,-0.00102312,0.0,2.064
5800113.0,-0.00640725,0.0,2.408
5800191.0,-0.00087076,0.0,2.064
5800269.0,-0.00132792,0.0,2.752
5800347.0,0.00639263,0.0,1.72
5800425.0,0.01238622,0.0,2.752
5800504.0,-0.00081992,0.0,2.408
5800582.0,-0.01092775,0.0,2.408
5800660.0,-0.00630558,0.0,1.72
5800738.0,0.00024669,0.0,2.408
5800816.0,0.01050688,0.0,2.064
5800894.0,0.00603707,0.0,2.064
5800972.0,-0.00528973,0.0,2.064
5801050.0,0.00740849,0.0,1.72
5801129.0,0.00928783,0.0,2.408
5801207.0,0.00065302,0.0,2.064
5801285.0,-0.00589918,0.0,2.064
5801363.0,-0.00234385,0.0,2.064
5801441.0,-0.00833728,0.0,2.064
5801519.0,-0.00574696,0.0,2.064
5801597.0,-0.00452791,0.0,2.064
5801675.0,0.01726227,0.0,2.064
5801754.0,-0.01534671,0.0,1.72
5801832.0,0.00359897,0.0,2.408
5801910.0,0.00192283,0.0,2.408
5801988.0,-0.0025469,0.0,2.064
5802066.0,-0.00788012,0.0,2.064
5802144.0,0.01584002,0.0,1.72
5802222.0,0.01848132,0.0,2.064
5802300.0,0.00979575,0.0,2.064
5802378.0,-0.01097858,0.0,2.064
5802457.0,-0.00264857,0.0,1.72
5802535.0,0.00080545,0.0,2.064
5802613.0,-0.00727059,0.0,2.064
5802691.0,-0.01280708,0.0,2.064
5802769.0,-0.0051882,0.0,1.72
5802847.0,0.01401152,0.0,1.376
5802925.0,0.01528133,0.0,1.72
5803003.0,-0.01712438,0.0,2.064
5803081.0,0.00715445,0.0,1.72
5803160.0,0.01467188,0.0,2.064
5803238.0,-0.01768314,0.0,1.72
5803316.0,-0.01290868,0.0,2.064
5803394.0,-0.02200058,0.0,1.376
5803472.0,0.0087799,0.0,2.064
5803550.0,-0.00650878,0.0,1.72
5803628.0,-0.00239454,0.0,2.064
5803706.0,0.00375141,0.0,2.408
5803784.0,0.00507206,0.0,2.064
5803863.0,-0.01575304,0.0,2.064
5803941.0,-0.00351199,0.0,2.064
5804019.0,-0.00026131,0.0,2.064
5804097.0,0.01594169,0.0,2.064
5804175.0,0.03310956,0.0,1.72
5804253.0,0.00217679,0.0,2.064
5804331.0,-0.00848964,0.0,2.064
5804409.0,-0.00625474,0.0,2.064
5804487.0,-0.00158189,0.0,2.064
5804566.0,0.00730696,0.0,1.72
5804644.0,0.00801794,0.0,2.064
5804722.0,-0.00264857,0.0,2.064
5804800.0,-0.00645794,0.0,2.408
5804878.0,-0.00757539,0.0,2.064
5804956.0,-0.01168963,0.0,2.064
5805034.0,-0.00798172,0.0,2.064
5805112.0,0.01609406,0.0,2.064
5805191.0,-0.00407068,0.0,2.064
5805269.0,-0.00706754,0.0,2.064
5805347.0,0.01203065,0.0,2.064
5805425.0,-0.02240691,0.0,2.064
5805503.0,-0.00244537,0.0,2.408
5805581.0,0.00100858,0.0,1.72
5805659.0,-0.0084388,0.0,2.064
5805737.0,-0.00290246,0.0,2.064
5805816.0,0.00405613,0.0,1.72
5805894.0,0.0044117,0.0,1.376
5805972.0,-0.00904841,0.0,2.064
5806050.0,0.01914161,0.0,2.064
5806128.0,-0.00142952,0.0,2.064
5806206.0,-0.00493416,0.0,2.064
5806284.0,-0.00762623,0.0,2.064
5806362.0,-0.00630558,0.0,2.064
5806440.0,0.00872906,0.0,1.376
5806519.0,-0.004477,0.0,2.064
5806597.0,-0.00163265,0.0,1.72
5806675.0,0.01512897,0.0,2.064
5806753.0,-0.01260388,0.0,2.064
5806831.0,-0.01402598,0.0,1.72
5806909.0,0.00212603,0.0,2.064
5806987.0,-0.00772783,0.0,1.376
5807065.0,0.00329424,0.0,2.408
5807143.0,0.00268479,0.0,2.064
5807222.0,0.01096396,0.0,2.408
5807300.0,0.00263396,0.0,2.064
5807378.0,-0.01732758,0.0,2.408
5807456.0,0.0085767,0.0,2.064
5807534.0,0.00390385,0.0,2.752
5807612.0,-0.004985,0.0,2.064
5807690.0,0.00390385,0.0,1.72
5807768.0,-0.00010887,0.0,2.064
5807847.0,0.01035451,0.0,2.064
5807925.0,0.02061462,0.0,2.408
5808003.0,-0.01199443,0.0,2.064
5808081.0,-0.00127709,0.0,2.064
5808159.0,-0.00280086,0.0,2.064
5808237.0,0.00806877,0.0,2.064
5808315.0,-0.01941019,0.0,2.064
5808393.0,0.00014517,0.0,2.064
5808471.0,0.00105934,0.0,2.064
5808550.0,0.00573235,0.0,2.064
5808628.0,-0.02565766,0.0,2.064
5808706.0,-0.00173425,0.0,2.064
5808784.0,-0.01671812,0.0,2.408
5808862.0,-0.01250221,0.0,2.064
5808940.0,0.02010662,0.0,2.064
5809018.0,-0.01072454,0.0,2.064
5809096.0,-0.00168349,0.0,2.408
5809174.0,-0.00366443,0.0,2.064
5809253.0,-0.02149273,0.0,2.064
5809331.0,0.01401152,0.0,2.752
5809409.0,-0.00269926,0.0,2.064
5809487.0,-0.01301028,0.0,1.72
5809565.0,-0.00259766,0.0,1.72
5809643.0,-0.00579765,0.0,1.72
5809721.0,0.00700209,0.0,1.376
5809799.0,-0.02382908,0.0,2.408
5809877.0,-0.00940389,0.0,1.376
5809956.0,0.00293868,0.0,2.752
5810034.0,0.02315425,0.0,1.376
5810112.0,0.00517358,0.0,2.064
5810190.0,0.00730696,0.0,1.376
5810268.0,-0.00696594,0.0,2.064
5810346.0,0.00659576,0.0,2.064
5810424.0,-0.00300414,0.0,2.064
5810502.0,0.01812576,0.0,2.064
5810580.0,-0.00478173,0.0,2.064
5810659.0,0.00182131,0.0,2.064
5810737.0,-0.00981037,0.0,1.376
5810815.0,-0.01554991,0.0,2.064
5810893.0,-0.00620405,0.0,2.064
5810971.0,-0.00107388,0.0,2.064
5811049.0,0.00136414,0.0,2.752
5811127.0,0.00542762,0.0,2.064
5811205.0,-0.00650878,0.0,2.064
5811283.0,0.0062402,0.0,1.72
5811362.0,0.00359897,0.0,2.064
5811440.0,-0.00351199,0.0,2.064
5811518.0,0.01071008,0.0,2.064
5811596.0,-0.0087436,0.0,2.408
5811674.0,0.01934474,0.0,2.064
5811752.0,-0.00488348,0.0,2.064
5811830.0,0.00568143,0.0,2.064
5811908.0,0.01401152,0.0,2.064
5811987.0,-0.02357512,0.0,1.72
5812065.0,-0.01184192,0.0,2.064
5812143.0,0.01274163,0.0,2.064
5812221.0,-0.0043754,0.0,2.064
5812299.0,-0.01422926,0.0,2.064
5812377.0,-0.00158189,0.0,2.064
5812455.0,-0.02987343,0.0,2.064
5812533.0,-0.0028517,0.0,1.376
5812612.0,0.0013133,0.0,2.064
5812690.0,0.01142105,0.0,2.064
5812768.0,-0.00620405,0.0,2.064
5812846.0,-0.01976568,0.0,2.064
5812924.0,-0.03576541,0.0,1.72
5813002.0,-0.00183577,0.0,2.064
5813080.0,-0.00026131,0.0,2.064
5813158.0,0.02579555,0.0,2.064
5813236.0,-0.01133407,0.0,2.064
5813314.0,0.02183367,0.0,2.408
5813393.0,0.00273548,0.0,2.064
5813471.0,0.0063418,0.0,2.064
5813549.0,-0.0133657,0.0,2.064
5813627.0,-0.01671812,0.0,2.064
5813705.0,-0.0115372,0.0,2.408
5813783.0,-0.00259766,0.0,1.72
5813861.0,0.01467188,0.0,2.752
5813939.0,-5.803e-05,0.0,2.408
5814017.0,-0.00066756,0.0,2.408
5814096.0,-0.02535293,0.0,2.064
5814174.0,0.01467188,0.0,2.064
5814252.0,-0.00808332,0.0,2.064
5814330.0,0.00192283,0.0,2.408
5814408.0,-0.00407068,0.0,2.064
5814486.0,0.0061386,0.0,2.408
5814564.0,-0.01240068,0.0,2.408
5814642.0,-0.00950557,0.0,2.408
5814721.0,0.01426541,0.0,2.064
5814799.0,0.00923699,0.0,2.064
5814877.0,0.00517358,0.0,2.752
5814955.0,-0.01092775,0.0,2.064
5815033.0,-0.00579765,0.0,1.72
5815111.0,-0.01229916,0.0,2.064
5815189.0,-0.01539747,0.0,2.064
5815267.0,0.01837972,0.0,2.064
5815346.0,0.00339584,0.0,2.064
5815424.0,-0.00539133,0.0,2.064
5815502.0,0.0173638,0.0,2.064
5815580.0,-0.00010887,0.0,2.064
5815658.0,0.00517358,0.0,2.408
5815736.0,-0.00036283,0.0,2.064
5815814.0,0.01228454,0.0,2.064
5815892.0,-0.00671198,0.0,2.408
5815970.0,0.00126254,0.0,2.064
5816049.0,-0.00427388,0.0,2.408
5816127.0,-0.00798172,0.0,2.064
5816205.0,-0.00183577,0.0,2.064
5816283.0,-0.00021047,0.0,2.064
5816361.0,-0.0070167,0.0,2.064
5816439.0,0.00608791,0.0,2.408
5816517.0,-0.00046443,0.0,2.408
5816595.0,-0.00224217,0.0,1.72
5816673.0,0.02284945,0.0,2.064
5816752.0,0.01203065,0.0,2.064
5816830.0,-0.00772783,0.0,2.064
5816908.0,-0.01204512,0.0,2.064
5816986.0,0.00237992,0.0,2.064
5817064.0,0.00761169,0.0,2.408
5817142.0,-0.01031814,0.0,1.376
5817220.0,0.00364981,0.0,1.72
5817298.0,0.00085622,0.0,1.376
5817376.0,0.0128433,0.0,2.064
5817455.0,-0.01915615,0.0,2.064
5817533.0,0.00994811,0.0,2.064
5817611.0,0.00552915,0.0,1.72
5817689.0,-0.00935313,0.0,2.752
5817767.0,-0.00793103,0.0,2.064
5817845.0,0.00309104,0.0,1.72
5817923.0,-0.02596238,0.0,2.064
5818002.0,0.01685595,0.0,2.064
5818080.0,-0.01539747,0.0,2.064
5818158.0,-0.00371511,0.0,2.064
5818236.0,0.01289414,0.0,2.408
5818314.0,-0.00940389,0.0,2.064
5818392.0,0.00944019,0.0,2.064
5818470.0,-0.0117404,0.0,2.408
5818548.0,-0.0162102,0.0,2.064
5818626.0,0.00207519,0.0,2.064
5818705.0,0.00629103,0.0,2.064
5818783.0,-0.01494031,0.0,1.72
5818861.0,0.0132497,0.0,2.064
5818939.0,0.00715445,0.0,2.408
5819017.0,-0.00650878,0.0,2.064
5819095.0,0.01213218,0.0,2.408
5819173.0,0.01233538,0.0,1.376
5819251.0,0.00928783,0.0,2.064
5819329.0,-0.01793718,0.0,2.064
5819408.0,0.00588471,0.0,2.064
5819486.0,-0.01900379,0.0,2.752
5819564.0,0.01396068,0.0,1.72
5819642.0,-0.01331501,0.0,2.064
5819720.0,-0.00620405,0.0,2.408
5819798.0,-0.01001342,0.0,2.064
5819876.0,0.01563689,0.0,1.72
5819954.0,0.01228454,0.0,2.064
5820032.0,0.00776405,0.0,2.064
5820110.0,-0.0181403,0.0,2.064
5820189.0,-0.01092775,0.0,2.064
5820267.0,-0.00330886,0.0,1.72
5820345.0,-0.00280086,0.0,2.064
5820423.0,-0.00015956,0.0,1.72
5820501.0,0.01208134,0.0,2.064
5820579.0,-0.00407068,0.0,2.064
5820657.0,-0.004477,0.0,2.408
5820735.0,0.02147811,0.0,2.752
5820813.0,0.02142727,0.0,2.064
5820892.0,-0.00711823,0.0,2.064
5820970.0,-0.01102934,0.0,2.408
5821048.0,-0.00904841,0.0,2.064
5821126.0,-0.00930229,0.0,2.408
5821204.0,0.00263396,0.0,2.064
5821282.0,0.00537671,0.0,2.408
5821360.0,0.00171963,0.0,2.064
5821439.0,-0.00854048,0.0,1.72
5821517.0,0.01111633,0.0,2.064
5821595.0,0.00527511,0.0,2.064
5821673.0,-0.00076916,0.0,1.72
5821751.0,0.00329424,0.0,2.064
5821829.0,0.00050073,0.0,2.064
5821907.0,0.01964961,0.0,2.408
5821985.0,0.0108116,0.0,2.064
5822063.0,-0.00483264,0.0,2.064
5822142.0,-0.00452791,0.0,2.064
5822220.0,0.0108116,0.0,2.064
5822298.0,-0.00026131,0.0,2.408
5822376.0,-0.02499737,0.0,2.064
5822454.0,-0.01072454,0.0,2.064
5822532.0,-0.0068135,0.0,3.096
5822610.0,0.00659576,0.0,2.064
5822688.0,-0.00401991,0.0,2.064
5822766.0,-0.01666729,0.0,2.408
5822844.0,-0.00168349,0.0,2.064
5822923.0,-0.05090165,0.0,2.064
5823001.0,-0.01062294,0.0,2.064
5823079.0,0.00827197,0.0,2.064
5823157.0,0.00507206,0.0,2.064
5823235.0,-0.00528973,0.0,2.064
5823313.0,0.00888142,0.0,2.064
5823391.0,-0.01113094,0.0,2.064
5823469.0,0.00497038,0.0,2.064
5823547.0,-0.00788012,0.0,2.064
5823626.0,0.02269716,0.0,1.72
5823704.0,0.01502744,0.0,1.72
5823782.0,0.0063418,0.0,2.408
5823860.0,-0.00793103,0.0,1.72
5823938.0,-0.01448322,0.0,2.064
5824016.0,-0.01001342,0.0,2.064
5824094.0,-0.00777852,0.0,1.376
5824172.0,0.01655122,0.0,1.72
5824251.0,0.01528133,0.0,2.064
5824329.0,-0.00407068,0.0,2.064
5824407.0,-0.00056603,0.0,1.72
5824485.0,0.00481802,0.0,2.064
5824563.0,-0.03190513,0.0,1.72
5824641.0,-0.00630558,0.0,2.064
5824719.0,-0.00137861,0.0,1.376
5824798.0,-0.00137861,0.0,2.064
5824876.0,0.01650038,0.0,2.064
5824954.0,-0.00610238,0.0,2.064
5825032.0,0.00923699,0.0,2.064
5825110.0,0.00598623,0.0,2.064
5825188.0,-0.01306097,0.0,2.064
5825266.0,0.00192283,0.0,2.064
5825344.0,-0.01839434,0.0,1.72
5825422.0,-0.01219748,0.0,2.064
5825500.0,0.01228454,0.0,2.064
5825579.0,-0.02520057,0.0,1.72
5825657.0,-0.01011509,0.0,1.72
5825735.0,-0.0005152,0.0,2.064
5825813.0,-0.01001342,0.0,2.064
5825891.0,-0.00203897,0.0,2.064
5825969.0,-0.01605784,0.0,1.72
5826047.0,-0.00899757,0.0,2.064
5826125.0,-0.00894688,0.0,3.096
5826203.0,-0.01702285,0.0,1.72
5826282.0,0.01010048,0.0,2.064
5826360.0,-0.00208981,0.0,2.408
5826438.0,0.00283708,0.0,1.376
5826516.0,-0.00655954,0.0,2.064
5826594.0,0.00735765,0.0,1.032
5826672.0,0.01904001,0.0,2.064
5826750.0,-0.00432471,0.0,2.064
5826828.0,0.00065302,0.0,2.408
5826906.0,0.00532595,0.0,2.064
5826985.0,0.01873528,0.0,2.064
5827063.0,0.00197359,0.0,2.064
5827141.0,-0.00173425,0.0,2.408
5827219.0,-0.01006426,0.0,2.064
5827297.0,-0.02895925,0.0,2.064
5827375.0,-0.00915001,0.0,2.064
5827453.0,0.0126401,0.0,2.064
5827531.0,0.00573235,0.0,2.064
5827609.0,-0.01687056,0.0,2.064
5827688.0,-0.00371511,0.0,2.064
5827766.0,0.00827197,0.0,1.72
5827844.0,0.0103036,0.0,2.064
5827922.0,-0.00071832,0.0,2.064
5828000.0,0.00075462,0.0,2.064
5828078.0,-0.01240068,0.0,2.064
5828156.0,-0.00666114,0.0,2.064
5828235.0,0.00872906,0.0,2.064
5828313.0,0.0061386,0.0,1.72
5828391.0,0.00862754,0.0,2.752
5828469.0,0.01716067,0.0,1.72
5828547.0,0.02300189,0.0,2.064
5828625.0,4.349e-05,0.0,2.064
5828703.0,0.00766237,0.0,2.752
5828781.0,-0.0084388,0.0,2.064
5828859.0,0.00547831,0.0,2.064
5828938.0,-0.01138483,0.0,2.064
5829016.0,0.0091863,0.0,2.408
5829094.0,-0.01448322,0.0,2.064
5829172.0,-0.03327662,0.0,2.408
5829250.0,0.00304028,0.0,2.064
5829328.0,0.01954786,0.0,2.408
5829406.0,0.00491962,0.0,2.064
5829484.0,-0.0027501,0.0,2.408
5829562.0,0.01365595,0.0,2.064
5829641.0,0.00182131,0.0,2.064
5829719.0,-0.00330886,0.0,2.064
5829797.0,0.01670351,0.0,2.064
5829875.0,0.00065302,0.0,2.064
5829953.0,0.00126254,0.0,2.064
5830031.0,0.0126401,0.0,2.064
5830109.0,-0.00462944,0.0,2.408
5830187.0,-0.0122484,0.0,2.064
5830265.0,-0.01849587,0.0,1.376
5830344.0,0.0124369,0.0,2.064
5830422.0,0.00288792,0.0,2.408
5830500.0,0.01523057,0.0,2.064
5830578.0,-0.01168963,0.0,2.064
5830656.0,-0.00208981,0.0,1.72
5830734.0,0.00420857,0.0,2.064
5830812.0,-0.00996258,0.0,1.376
5830890.0,0.0051229,0.0,2.064
5830968.0,-0.00214057,0.0,1.72
5831047.0,-0.00940389,0.0,1.72
5831125.0,0.00425926,0.0,2.064
5831203.0,0.00039898,0.0,2.064
5831281.0,-0.016007,0.0,2.064
5831359.0,0.01213218,0.0,2.064
5831437.0,0.02015746,0.0,2.064
5831515.0,0.00776405,0.0,1.72
5831593.0,0.00212603,0.0,1.72
5831671.0,0.00491962,0.0,2.064
5831750.0,0.01111633,0.0,1.72
5831828.0,0.00867822,0.0,1.72
5831906.0,-0.0119436,0.0,1.72
5831984.0,-0.0006168,0.0,1.72
5832062.0,-0.00188661,0.0,2.064
5832140.0,0.00207519,0.0,2.064
5832218.0,0.0061386,0.0,1.72
5832297.0,0.02483039,0.0,2.064
5832375.0,-0.01443246,0.0,2.408
5832453.0,-0.00960717,0.0,1.376
5832531.0,0.01431624,0.0,2.064
5832609.0,0.00044989,0.0,1.376
5832687.0,-0.02291483,0.0,2.064
5832765.0,-0.02489585,0.0,2.064
5832843.0,0.00100858,0.0,2.064
5832921.0,-0.01697209,0.0,2.408
5832999.0,-0.01387377,0.0,2.408
5833078.0,-0.00432471,0.0,2.064
5833156.0,-0.01483879,0.0,1.72
5833234.0,0.0045133,0.0,2.064
5833312.0,-0.00264857,0.0,1.72
5833390.0,-0.00132792,0.0,2.064
5833468.0,-0.00879437,0.0,2.064
5833546.0,-0.008642,0.0,2.064
5833624.0,-0.00315642,0.0,2.752
5833702.0,0.00100858,0.0,2.064
5833781.0,0.00949103,0.0,2.064
5833859.0,0.0045133,0.0,2.064
5833937.0,-0.01549907,0.0,2.064
5834015.0,0.00044989,0.0,2.408
5834093.0,-0.01499122,0.0,2.408
5834171.0,-0.00828659,0.0,2.408
5834249.0,0.00253236,0.0,2.408
5834328.0,0.00761169,0.0,1.72
5834406.0,-0.00772783,0.0,2.064
5834484.0,0.00359897,0.0,1.72
5834562.0,0.00563067,0.0,1.72
5834640.0,-0.00483264,0.0,1.72
5834718.0,0.00111018,0.0,2.064
5834796.0,-0.01341653,0.0,2.064
5834874.0,-0.0087436,0.0,2.752
5834952.0,0.01192905,0.0,1.72
5835031.0,0.0221384,0.0,1.72
5835109.0,-0.031702,0.0,2.064
5835187.0,-0.00432471,0.0,2.064
5835265.0,-0.00838812,0.0,2.064
5835343.0,0.00928783,0.0,1.72
5835421.0,-0.01798786,0.0,2.064
5835499.0,-0.01041982,0.0,2.064
5835577.0,-0.01732758,0.0,2.064
5835655.0,-0.00539133,0.0,2.752
5835734.0,-0.01615936,0.0,2.064
5835812.0,-0.00752463,0.0,2.064
5835890.0,0.00187207,0.0,2.064
5835968.0,0.00309104,0.0,2.064
5836046.0,0.00476733,0.0,2.064
5836124.0,-0.00417228,0.0,2.064
5836202.0,0.00974499,0.0,2.064
5836280.0,0.00644347,0.0,2.408
5836358.0,-0.00996258,0.0,1.72
5836437.0,0.00517358,0.0,2.408
5836515.0,0.00735765,0.0,2.064
5836593.0,-0.01778474,0.0,2.408
5836671.0,-0.00838812,0.0,2.064
5836749.0,-0.03220985,0.0,2.408
5836827.0,0.00476733,0.0,2.064
5836905.0,0.00334508,0.0,2.752
5836983.0,0.01924313,0.0,1.72
5837061.0,0.00044989,0.0,2.408
5837139.0,-0.00300414,0.0,2.064
5837218.0,-0.00142952,0.0,2.408
5837296.0,-0.01783558,0.0,1.72
5837374.0,-0.0198672,0.0,1.72
5837452.0,0.01253858,0.0,2.064
5837530.0,0.00324356,0.0,1.72
5837608.0,-0.01570227,0.0,1.72
5837686.0,0.01055756,0.0,1.72
5837764.0,-0.00564529,0.0,2.064
5837843.0,0.00039898,0.0,1.72
5837921.0,-0.00777852,0.0,2.408
5837999.0,-0.00198821,0.0,1.72
5838077.0,0.01294483,0.0,2.064
5838155.0,-0.00666114,0.0,1.72
5838233.0,0.00756085,0.0,2.064
5838311.0,-0.00595001,0.0,2.064
5838389.0,-0.00686434,0.0,2.064
5838468.0,-0.01661653,0.0,2.408
5838546.0,0.00380217,0.0,2.064
5838624.0,0.00273548,0.0,1.72
5838702.0,0.00085622,0.0,2.064
5838780.0,-0.0087436,0.0,2.064
5838858.0,0.0132497,0.0,1.72
5838936.0,-0.01946088,0.0,1.376
5839014.0,-0.00686434,0.0,2.064
5839092.0,-0.02738464,0.0,1.72
5839171.0,0.01385915,0.0,2.064
5839249.0,-0.00737227,0.0,1.376
5839327.0,-0.00137861,0.0,1.72
5839405.0,0.00268479,0.0,1.376
5839483.0,0.00080545,0.0,1.72
5839561.0,-0.00696594,0.0,1.72
5839639.0,0.00507206,0.0,2.064
5839717.0,-0.00335955,0.0,2.752
5839795.0,-0.020172,0.0,1.72
5839874.0,-0.008642,0.0,2.064
5839952.0,-0.00244537,0.0,2.064
5840030.0,0.00095774,0.0,2.064
5840108.0,0.00085622,0.0,2.064
5840186.0,-0.01433086,0.0,2.064
5840264.0,0.00044989,0.0,2.408
5840342.0,-0.02291483,0.0,2.064
5840420.0,-0.01346745,0.0,2.408
5840498.0,0.01406236,0.0,1.72
5840577.0,-0.00381671,0.0,2.064
5840655.0,-0.01250221,0.0,1.72
5840733.0,-0.0027501,0.0,2.064
5840811.0,0.00598623,0.0,2.064
5840889.0,-0.00757539,0.0,2.064
5840967.0,0.00725612,0.0,2.408
5841045.0,0.02097019,0.0,2.064
5841124.0,0.00222763,0.0,2.064
5841202.0,0.01279254,0.0,2.064
5841280.0,-0.02093397,0.0,2.064
5841358.0,0.01436716,0.0,2.064
5841436.0,-0.004985,0.0,2.408
5841514.0,-0.01219748,0.0,2.064
5841592.0,0.01223378,0.0,2.064
5841670.0,-0.02235607,0.0,2.064
5841748.0,-0.020172,0.0,2.064
5841827.0,0.02467803,0.0,2.064
5841905.0,0.00024669,0.0,1.376
5841983.0,-0.00178509,0.0,2.064
5842061.0,0.00629103,0.0,2.064
5842139.0,0.00588471,0.0,2.064
5842217.0,-0.03190513,0.0,2.408
5842295.0,-0.02423541,0.0,2.064
5842373.0,0.00237992,0.0,2.064
5842451.0,0.01731311,0.0,2.408
5842530.0,0.00547831,0.0,1.72
5842608.0,-0.00854048,0.0,1.72
5842686.0,-0.00767699,0.0,1.72
5842764.0,-0.00300414,0.0,2.064
5842842.0,-0.00813408,0.0,1.376
5842920.0,0.00171963,0.0,2.064
5842998.0,-0.00635642,0.0,2.408
5843076.0,0.00532595,0.0,2.752
5843154.0,-0.00671198,0.0,2.064
5843232.0,-0.00193737,0.0,2.752
5843311.0,-0.01301028,0.0,2.064
5843389.0,-0.00280086,0.0,1.376
5843467.0,0.01462097,0.0,2.064
5843545.0,-0.00584849,0.0,2.752
5843623.0,0.00354828,0.0,2.064
5843701.0,-0.01483879,0.0,2.064
5843779.0,-0.00401991,0.0,2.064
5843858.0,0.00227832,0.0,1.72
5843936.0,0.01004971,0.0,2.064
5844014.0,-0.01351821,0.0,2.408
5844092.0,-0.00168349,0.0,2.064
5844170.0,0.02254473,0.0,2.064
5844248.0,0.00583387,0.0,2.064
5844326.0,0.00568143,0.0,2.064
5844404.0,0.0221384,0.0,1.376
5844482.0,0.00044989,0.0,2.064
5844561.0,0.00593547,0.0,2.064
5844639.0,-0.01859747,0.0,2.064
5844717.0,-0.00198821,0.0,2.408
5844795.0,0.01528133,0.0,2.064
5844873.0,0.01507821,0.0,2.064
5844951.0,-0.0198672,0.0,2.752
5845029.0,0.00065302,0.0,2.064
5845107.0,-0.01250221,0.0,2.752
5845185.0,-0.00462944,0.0,2.408
5845264.0,0.01177661,0.0,2.408
5845342.0,-0.00036283,0.0,2.064
5845420.0,-0.00899757,0.0,2.064
5845498.0,-0.01935935,0.0,2.064
5845576.0,-0.00076916,0.0,2.064
5845654.0,-0.01295945,0.0,2.064
5845732.0,0.0045133,0.0,1.72
5845810.0,0.02198596,0.0,2.752
5845888.0,0.0045133,0.0,2.064
5845966.0,-0.00711823,0.0,2.064
5846045.0,0.00898303,0.0,2.064
5846123.0,-0.01052134,0.0,2.064
5846201.0,-0.0121468,0.0,1.376
5846279.0,-0.0087436,0.0,2.064
5846357.0,-0.02194974,0.0,2.064
5846435.0,-0.00574696,0.0,2.064
5846513.0,-0.01087691,0.0,1.72
5846591.0,-0.01052134,0.0,2.064
5846670.0,0.00969408,0.0,1.72
5846748.0,0.00502115,0.0,1.72
5846826.0,-0.00178509,0.0,1.72
5846904.0,0.00395453,0.0,2.064
5846982.0,-0.0004136,0.0,1.72
5847060.0,-0.01773398,0.0,2.064
5847138.0,0.0043101,0.0,1.72
5847216.0,0.00273548,0.0,2.064
5847294.0,0.00344661,0.0,2.064
5847373.0,0.00161803,0.0,2.064
5847451.0,-0.00432471,0.0,1.72
5847529.0,-0.00595001,0.0,2.064
5847607.0,-0.0068135,0.0,2.408
5847685.0,0.00065302,0.0,2.064
5847763.0,0.00232923,0.0,2.408
5847841.0,-0.01925775,0.0,2.064
5847919.0,-0.00391831,0.0,2.064
5847998.0,-0.00554376,0.0,2.064
5848076.0,0.00314188,0.0,2.064
5848154.0,-0.00330886,0.0,2.064
5848232.0,-0.00356275,0.0,2.064
5848310.0,-0.004477,0.0,2.408
5848388.0,0.00029745,0.0,2.064
5848466.0,-0.01052134,0.0,2.064
5848544.0,-0.02250843,0.0,2.064
5848622.0,-0.00148021,0.0,2.064
5848701.0,0.01467188,0.0,1.72
5848779.0,-0.01199443,0.0,2.064
5848857.0,0.00136414,0.0,2.064
5848935.0,0.00288792,0.0,2.064
5849013.0,0.01131953,0.0,2.064
5849091.0,-0.0141785,0.0,2.064
5849169.0,-0.01808961,0.0,2.064
5849247.0,-0.00528973,0.0,2.064
5849325.0,0.00171963,0.0,1.72
5849404.0,-0.00742295,0.0,2.064
5849482.0,-0.00193737,0.0,1.72
5849560.0,0.01964961,0.0,2.752
5849638.0,-0.01097858,0.0,2.408
5849716.0,0.02863991,0.0,2.064
5849794.0,-0.01575304,0.0,2.064
5849872.0,-0.00015956,0.0,2.408
5849950.0,0.00339584,0.0,1.72
5850029.0,0.00969408,0.0,2.408
5850107.0,-0.00351199,0.0,2.064
5850185.0,0.00212603,0.0,2.408
5850263.0,0.01589093,0.0,2.064
5850341.0,-0.00330886,0.0,2.408
5850419.0,0.01096396,0.0,2.064
5850497.0,0.01695755,0.0,2.064
5850575.0,-0.000312,0.0,2.064
5850654.0,-0.0043754,0.0,2.064
5850732.0,-0.00503576,0.0,2.064
5850810.0,0.00598623,0.0,2.408
5850888.0,-0.00610238,0.0,2.408
5850966.0,-0.01585464,0.0,2.064
5851044.0,-0.00894688,0.0,1.72
5851122.0,-0.01671812,0.0,2.408
5851200.0,0.00161803,0.0,2.064
5851278.0,-0.00026131,0.0,1.72
5851357.0,-0.00666114,0.0,2.408
5851435.0,0.00751001,0.0,2.408
5851513.0,9.425e-05,0.0,1.376
5851591.0,-0.0046802,0.0,2.408
5851669.0,-0.00432471,0.0,2.408
5851747.0,-0.01529587,0.0,2.064
5851825.0,-0.00554376,0.0,2.064
5851903.0,0.02183367,0.0,3.096
5851981.0,-0.00899757,0.0,2.064
5852059.0,-0.00955633,0.0,2.064
5852138.0,-0.02052749,0.0,2.064
5852216.0,-0.00122632,0.0,2.064
5852294.0,0.01949717,0.0,1.72
5852372.0,0.00852594,0.0,2.064
5852450.0,-0.0005152,0.0,2.064
5852528.0,-0.00965786,0.0,2.064
5852606.0,-0.00742295,0.0,2.752
5852684.0,-0.00097236,0.0,2.064
5852763.0,0.01111633,0.0,2.064
5852841.0,-0.01372126,0.0,2.064
5852919.0,-0.00666114,0.0,2.064
5852997.0,-0.00610238,0.0,1.72
5853075.0,-0.00224217,0.0,2.064
5853153.0,-0.00391831,0.0,2.752
5853231.0,-0.00117548,0.0,2.064
5853309.0,-0.00305482,0.0,1.376
5853388.0,0.0051229,0.0,2.064
5853466.0,-0.00264857,0.0,1.72
5853544.0,0.00085622,0.0,2.064
5853622.0,-0.00752463,0.0,1.72
5853700.0,-0.01041982,0.0,1.72
5853778.0,0.00771321,0.0,1.72
5853856.0,-0.02052749,0.0,2.408
5853934.0,-0.00854048,0.0,1.72
5854012.0,0.01848132,0.0,2.064
5854090.0,0.00852594,0.0,2.064
5854169.0,0.02305273,0.0,2.064
5854247.0,0.00486886,0.0,1.376
5854325.0,-0.0004136,0.0,2.064
5854403.0,-0.02067993,0.0,2.064
5854481.0,-0.00793103,0.0,2.064
5854559.0,-0.02225454,0.0,2.064
5854637.0,0.00669736,0.0,2.064
5854715.0,-0.01585464,0.0,2.408
5854794.0,-0.00391831,0.0,2.064
5854872.0,0.01716067,0.0,2.064
5854950.0,-0.01265472,0.0,1.72
5855028.0,0.00491962,0.0,2.408
5855106.0,-0.01676896,0.0,2.064
5855184.0,-0.00818492,0.0,2.064
5855262.0,0.00690049,0.0,2.064
5855340.0,-0.00859132,0.0,2.064
5855419.0,-0.00808332,0.0,2.064
5855497.0,0.00954171,0.0,1.72
5855575.0,0.01380839,0.0,2.064
5855653.0,-0.00600078,0.0,2.064
5855731.0,-0.00823575,0.0,1.72
5855809.0,-0.02306719,0.0,2.408
5855887.0,0.00217679,0.0,2.408
5855965.0,-0.00869284,0.0,2.064
5856043.0,0.01076076,0.0,1.376
5856122.0,0.00984659,0.0,2.064
5856200.0,0.00354828,0.0,2.064
5856278.0,0.01777027,0.0,2.064
5856356.0,-0.01514351,0.0,2.408
5856434.0,0.0051229,0.0,2.064
5856512.0,-0.00407068,0.0,2.408
5856590.0,0.00928783,0.0,2.064
5856668.0,-0.00244537,0.0,1.72
5856746.0,0.02264625,0.0,2.064
5856825.0,-0.00203897,0.0,2.064
5856903.0,0.00100858,0.0,2.408
5856981.0,-0.00224217,0.0,2.064
5857059.0,-0.00589918,0.0,2.064
5857137.0,0.00278632,0.0,1.72
5857215.0,-0.00422319,0.0,2.064
5857293.0,0.01964961,0.0,2.064
5857371.0,0.01152265,0.0,2.064
5857449.0,0.02056379,0.0,2.064
5857528.0,-0.02088313,0.0,2.064
5857606.0,-0.0027501,0.0,2.064
5857684.0,-0.01646409,0.0,2.064
5857762.0,0.0041069,0.0,2.752
5857840.0,-0.00757539,0.0,2.064
5857918.0,0.01578933,0.0,3.096
5857996.0,-0.00513736,0.0,2.064
5858074.0,-0.01458475,0.0,2.064
5858152.0,0.00380217,0.0,2.064
5858231.0,-0.01443246,0.0,2.408
5858309.0,0.00359897,0.0,2.064
5858387.0,-0.01087691,0.0,2.408
5858465.0,-0.00630558,0.0,2.064
5858543.0,0.00055142,0.0,2.408
5858621.0,-0.01097858,0.0,2.064
5858699.0,-0.01036906,0.0,2.752
5858777.0,-0.00869284,0.0,1.72
5858856.0,-0.00219134,0.0,2.064
5858934.0,-0.00280086,0.0,1.376
5859012.0,-0.00081992,0.0,2.064
5859090.0,-0.00483264,0.0,2.408
5859168.0,0.00618943,0.0,2.064
5859246.0,-0.00828659,0.0,2.064
5859324.0,0.01619566,0.0,1.376
5859402.0,-0.01920692,0.0,1.72
5859480.0,-0.00432471,0.0,1.72
5859559.0,-0.01148651,0.0,2.064
5859637.0,-0.02408304,0.0,3.096
5859715.0,0.01370679,0.0,2.408
5859793.0,-0.00178509,0.0,2.064
5859871.0,-0.01727681,0.0,2.064
5859949.0,0.0063418,0.0,1.72
5860027.0,0.01401152,0.0,2.064
5860105.0,0.02081782,0.0,1.72
5860183.0,-0.00407068,0.0,2.064
5860262.0,-0.01428002,0.0,1.72
5860340.0,0.02767482,0.0,2.064
5860418.0,0.00781481,0.0,1.376
5860496.0,0.02036059,0.0,2.064
5860574.0,-0.00107388,0.0,1.72
5860652.0,-0.0162102,0.0,2.064
5860730.0,-0.00081992,0.0,1.72
5860808.0,-0.00823575,0.0,2.064
5860886.0,0.00888142,0.0,1.376
5860965.0,0.00364981,0.0,2.064
5861043.0,0.0178718,0.0,2.064
5861121.0,0.01187829,0.0,2.064
5861199.0,0.00745925,0.0,2.064
5861277.0,-0.00493416,0.0,2.064
5861355.0,0.01385915,0.0,2.064
5861433.0,0.01700831,0.0,2.064
5861512.0,-0.01123247,0.0,2.064
5861590.0,0.00664667,0.0,1.376
5861668.0,-0.00549293,0.0,2.064
5861746.0,-0.00462944,0.0,2.064
5861824.0,0.02173215,0.0,2.064
5861902.0,-0.00716907,0.0,2.064
5861980.0,-0.00107388,0.0,2.064
5862058.0,0.01909085,0.0,2.064
5862136.0,-0.00381671,0.0,2.064
5862215.0,0.00354828,0.0,2.064
5862293.0,0.00776405,0.0,2.064
5862371.0,-0.00234385,0.0,2.064
5862449.0,0.01345283,0.0,2.064
5862527.0,0.00227832,0.0,2.064
5862605.0,0.0063418,0.0,2.064
5862683.0,-0.00777852,0.0,2.064
5862761.0,0.03250011,0.0,2.064
5862839.0,-0.01179123,0.0,2.064
5862917.0,-0.00239454,0.0,2.064
5862996.0,-0.0139753,0.0,2.064
5863074.0,0.00273548,0.0,2.064
5863152.0,0.01162425,0.0,2.064
5863230.0,-0.00554376,0.0,2.064
5863308.0,-0.00290246,0.0,2.064
5863386.0,-0.00600078,0.0,2.064
5863464.0,-0.00366443,0.0,2.064
5863542.0,0.00344661,0.0,2.064
5863621.0,0.00598623,0.0,2.064
5863699.0,-0.01422926,0.0,3.096
5863777.0,-0.00351199,0.0,1.72
5863855.0,0.00329424,0.0,1.72
5863933.0,-0.01372126,0.0,2.064
5864011.0,0.01111633,0.0,2.064
5864089.0,-0.00554376,0.0,2.064
5864167.0,0.02391621,0.0,1.72
5864245.0,-0.00508653,0.0,1.72
5864324.0,-0.00305482,0.0,2.064
5864402.0,-0.00610238,0.0,1.72
5864480.0,-0.00452791,0.0,1.72
5864558.0,0.01512897,0.0,2.408
5864636.0,0.00766237,0.0,1.72
5864714.0,0.00273548,0.0,2.064
5864792.0,0.02229076,0.0,1.72
5864870.0,-0.00757539,0.0,2.752
5864949.0,0.01462097,0.0,2.064
5865027.0,0.03554766,0.0,2.408
5865105.0,-0.0004136,0.0,1.72
5865183.0,-0.00488348,0.0,2.408
5865261.0,-0.00544209,0.0,2.064
5865339.0,-0.00879437,0.0,1.72
5865417.0,-0.0156006,0.0,2.064
5865495.0,-0.01356897,0.0,2.408
5865573.0,-0.00021047,0.0,2.064
5865652.0,-0.04572072,0.0,2.408
5865730.0,0.0237637,0.0,2.064
5865808.0,0.00491962,0.0,2.752
5865886.0,-0.02022277,0.0,1.376
5865964.0,-0.02149273,0.0,1.72
5866042.0,0.01482417,0.0,2.064
5866120.0,-0.00417228,0.0,2.064
5866198.0,0.00039898,0.0,2.064
5866276.0,-0.0045786,0.0,2.064
5866354.0,-0.0006168,0.0,2.064
5866433.0,-0.00803255,0.0,1.72
5866511.0,0.02188436,0.0,2.064
5866589.0,-0.00269926,0.0,2.064
5866667.0,-7.27e-06,0.0,1.72
5866745.0,-0.00686434,0.0,2.064
5866823.0,-0.00478173,0.0,2.064
5866901.0,-0.00777852,0.0,1.72
5866980.0,-0.01707369,0.0,2.064
5867058.0,0.01365595,0.0,1.376
5867136.0,-0.01712438,0.0,2.064
5867214.0,-0.01697209,0.0,1.72
5867292.0,-0.03124484,0.0,1.72
5867370.0,0.00527511,0.0,2.064
5867448.0,0.00019585,0.0,2.408
5867526.0,-0.00427388,0.0,2.064
5867604.0,0.00243076,0.0,2.064
5867683.0,0.01015131,0.0,1.72
5867761.0,-0.01041982,0.0,2.408
5867839.0,-0.00716907,0.0,1.72
5867917.0,-0.01301028,0.0,2.064
5867995.0,-0.00346115,0.0,2.064
5868073.0,-0.00239454,0.0,1.376
5868151.0,0.00085622,0.0,1.72
5868229.0,0.02940172,0.0,1.72
5868307.0,-0.00965786,0.0,1.376
5868386.0,-0.000312,0.0,2.408
5868464.0,-0.00696594,0.0,1.72
5868542.0,-0.01077538,0.0,1.72
5868620.0,0.01411312,0.0,1.72
5868698.0,-0.0156006,0.0,2.064
5868776.0,0.01482417,0.0,2.064
5868854.0,0.00928783,0.0,2.064
5868932.0,-0.00503576,0.0,1.72
5869011.0,-0.00478173,0.0,2.064
5869089.0,0.00344661,0.0,2.064
5869167.0,0.01269094,0.0,1.72
5869245.0,-0.00600078,0.0,2.752
5869323.0,0.00405613,0.0,2.064
5869401.0,-0.01402598,0.0,2.064
5869479.0,-0.01377217,0.0,2.064
5869557.0,0.00034829,0.0,2.064
5869635.0,-0.00163265,0.0,2.064
5869714.0,0.02462719,0.0,2.064
5869792.0,0.00375141,0.0,2.064
5869870.0,-0.00310566,0.0,2.064
5869948.0,-0.01036906,0.0,2.064
5870026.0,-0.01184192,0.0,2.064
5870104.0,0.00786565,0.0,2.064
5870182.0,0.00532595,0.0,2.064
5870260.0,-0.00493416,0.0,2.064
5870338.0,0.00080545,0.0,2.064
5870417.0,0.02117339,0.0,2.064
5870495.0,0.02538908,0.0,2.064
5870573.0,0.00070385,0.0,2.064
5870651.0,-0.00894688,0.0,2.064
5870729.0,-0.01565151,0.0,2.064
5870807.0,-0.00945481,0.0,2.408
5870885.0,-0.02042597,0.0,2.064
5870963.0,0.00669736,0.0,2.064
5871041.0,-0.01128323,0.0,2.408
5871120.0,-0.00376595,0.0,2.064
5871198.0,0.00883074,0.0,2.064
5871276.0,0.01721151,0.0,2.064
5871354.0,-0.00198821,0.0,2.064
5871432.0,-0.00752463,0.0,1.72
5871510.0,0.01451944,0.0,2.408
5871588.0,-0.01179123,0.0,2.064
5871666.0,0.00527511,0.0,2.752
5871744.0,-0.00280086,0.0,2.064
5871823.0,0.00720529,0.0,2.408
5871901.0,-0.0069151,0.0,2.064
5871979.0,0.00151651,0.0,2.064
5872057.0,-0.00539133,0.0,2.064
5872135.0,-0.00417228,0.0,3.096
5872213.0,-0.00818492,0.0,2.064
5872291.0,-0.01422926,0.0,2.752
5872369.0,0.00862754,0.0,2.064
5872448.0,0.00019585,0.0,2.064
5872526.0,0.0041069,0.0,2.408
5872604.0,-0.0004136,0.0,2.064
5872682.0,-0.00081992,0.0,1.72
5872760.0,0.00182131,0.0,2.064
5872838.0,-0.00076916,0.0,2.408
5872916.0,-0.008642,0.0,2.064
5872994.0,0.00146574,0.0,1.72
5873073.0,-0.00132792,0.0,2.064
5873151.0,-0.00762623,0.0,2.064
5873229.0,0.01182745,0.0,2.064
5873307.0,-0.00625474,0.0,2.064
5873385.0,-0.01742925,0.0,2.064
5873463.0,-0.00417228,0.0,2.064
5873541.0,-0.00341039,0.0,2.408
5873619.0,-0.00777852,0.0,2.064
5873697.0,0.02117339,0.0,1.72
5873776.0,-0.01844503,0.0,2.064
5873854.0,-0.00239454,0.0,1.72
5873932.0,0.00690049,0.0,1.72
5874010.0,-0.01935935,0.0,2.064
5874088.0,0.0083735,0.0,2.408
5874166.0,0.01335123,0.0,2.064
5874244.0,-0.01133407,0.0,2.064
5874322.0,-0.01717529,0.0,2.064
5874400.0,-0.01133407,0.0,2.064
5874478.0,-0.02194974,0.0,1.72
5874557.0,-0.00904841,0.0,2.064
5874635.0,-0.00026131,0.0,2.064
5874713.0,0.01507821,0.0,1.72
5874791.0,0.00954171,0.0,2.408
5874869.0,-0.01280708,0.0,2.064
5874947.0,0.00207519,0.0,1.376
5875025.0,-0.01199443,0.0,2.064
5875103.0,-0.01057218,0.0,2.064
5875181.0,0.00425926,0.0,1.72
5875260.0,0.01197982,0.0,1.72
5875338.0,-0.00193737,0.0,2.064
5875416.0,0.00090698,0.0,1.72
5875494.0,-0.01067378,0.0,2.064
5875572.0,-0.01067378,0.0,2.064
5875650.0,0.01396068,0.0,2.064
5875728.0,0.01487501,0.0,1.376
5875806.0,0.01523057,0.0,2.064
5875885.0,0.00080545,0.0,1.72
5875963.0,9.425e-05,0.0,2.064
5876041.0,-0.00813408,0.0,2.064
5876119.0,0.01599246,0.0,2.064
5876197.0,0.00339584,0.0,2.064
5876275.0,-0.00224217,0.0,1.72
5876353.0,0.02147811,0.0,2.064
5876432.0,-0.02454021,0.0,2.752
5876510.0,0.00171963,0.0,2.064
5876588.0,0.00080545,0.0,2.408
5876666.0,-0.00401991,0.0,2.408
5876744.0,0.02442399,0.0,2.752
5876822.0,0.00502115,0.0,2.064
5876900.0,0.00649416,0.0,2.408
5876978.0,-0.01666729,0.0,1.72
5877056.0,-0.01189276,0.0,2.064
5877134.0,-0.0164134,0.0,3.096
5877213.0,-0.00081992,0.0,2.064
5877291.0,-0.02393061,0.0,2.408
5877369.0,0.00090698,0.0,2.064
5877447.0,0.00044989,0.0,2.064
5877525.0,-0.02565766,0.0,1.72
5877603.0,0.01025284,0.0,2.064
5877681.0,-0.0163118,0.0,2.064
5877759.0,0.00502115,0.0,2.064
5877837.0,-0.00747379,0.0,2.064
5877916.0,0.00227832,0.0,2.064
5877994.0,0.00202451,0.0,2.064
5878072.0,0.00024669,0.0,1.72
5878150.0,0.02173215,0.0,2.064
5878228.0,-0.01306097,0.0,2.064
5878306.0,0.0085767,0.0,2.408
5878384.0,-0.01052134,0.0,2.064
5878462.0,0.00989728,0.0,2.064
5878540.0,0.01919237,0.0,2.064
5878619.0,-0.01052134,0.0,2.064
5878697.0,0.00105934,0.0,2.064
5878775.0,0.00253236,0.0,1.72
5878853.0,0.00649416,0.0,2.064
5878931.0,-0.01158803,0.0,2.408
5879009.0,-0.00234385,0.0,2.064
5879087.0,-0.00132792,0.0,2.064
5879166.0,0.01208134,0.0,2.064
5879244.0,-0.00899757,0.0,2.064
5879322.0,-0.00432471,0.0,1.72
5879400.0,0.00756085,0.0,2.064
5879478.0,-0.00610238,0.0,2.064
5879556.0,0.0013133,0.0,2.064
5879634.0,0.00893226,0.0,2.408
5879712.0,-0.00696594,0.0,2.064
5879790.0,0.01959877,0.0,2.064
5879869.0,-0.00026131,0.0,2.064
5879947.0,-0.00630558,0.0,2.064
5880025.0,-0.00046443,0.0,1.376
5880103.0,-0.01478802,0.0,2.064
5880181.0,-7.27e-06,0.0,2.064
5880259.0,-0.00889604,0.0,2.064
5880337.0,-0.01575304,0.0,1.72
5880415.0,0.01457028,0.0,2.064
5880493.0,0.00573235,0.0,1.72
5880572.0,-0.00493416,0.0,1.376
5880650.0,-0.00173425,0.0,2.064
5880728.0,-0.00208981,0.0,2.064
5880806.0,0.00248159,0.0,1.72
5880884.0,-0.00203897,0.0,2.064
5880962.0,-0.00848964,0.0,1.376
5881040.0,-0.00716907,0.0,1.72
5881118.0,-0.00854048,0.0,1.72
5881196.0,0.00044989,0.0,2.064
5881275.0,0.00476733,0.0,1.72
5881353.0,-0.00087076,0.0,2.064
5881431.0,0.00304028,0.0,2.064
5881509.0,-0.00513736,0.0,2.064
5881587.0,0.0090847,0.0,2.408
5881665.0,0.00786565,0.0,2.064
5881743.0,-0.00473096,0.0,2.064
5881821.0,0.03168746,0.0,1.72
5881899.0,-0.00772783,0.0,2.064
5881978.0,-0.00884528,0.0,2.064
5882056.0,-0.00122632,0.0,2.064
5882134.0,-0.00854048,0.0,2.064
5882212.0,-0.00569605,0.0,2.064
5882290.0,-0.00595001,0.0,2.064
5882368.0,-0.00153105,0.0,2.064
5882446.0,-0.00107388,0.0,2.064
5882524.0,-0.00198821,0.0,2.064
5882602.0,-0.00198821,0.0,2.064
5882681.0,0.0012117,0.0,2.408
5882759.0,0.01695755,0.0,2.064
5882837.0,-0.00513736,0.0,1.72
5882915.0,0.02731926,0.0,1.72
5882993.0,-0.02154342,0.0,2.064
5883071.0,-0.01250221,0.0,1.72
5883149.0,-0.00081992,0.0,2.064
5883228.0,-0.02230531,0.0,1.72
5883306.0,-0.00010887,0.0,2.064
5883384.0,-0.00564529,0.0,2.064
5883462.0,0.00359897,0.0,2.064
5883540.0,-0.0009216,0.0,2.064
5883618.0,0.00984659,0.0,1.376
5883696.0,0.00842434,0.0,2.064
5883774.0,-0.00564529,0.0,2.064
5883852.0,-0.01529587,0.0,2.064
5883930.0,-0.01163887,0.0,2.752
5884009.0,-0.00401991,0.0,2.408
5884087.0,-0.02200058,0.0,2.064
5884165.0,0.01274163,0.0,2.064
5884243.0,-0.00493416,0.0,2.064
5884321.0,0.01802408,0.0,1.376
5884399.0,-0.0011248,0.0,2.064
5884477.0,-0.00036283,0.0,2.752
5884555.0,-0.01047066,0.0,1.72
5884633.0,-0.00244537,0.0,2.064
5884712.0,-0.00198821,0.0,2.064
5884790.0,0.00171963,0.0,2.064
5884868.0,-0.0139753,0.0,1.72
5884946.0,0.01274163,0.0,2.064
5885024.0,-0.03246389,0.0,1.72
5885102.0,0.0069514,0.0,2.064
5885180.0,-0.00686434,0.0,2.064
5885258.0,-0.00371511,0.0,2.752
5885336.0,-0.00280086,0.0,1.72
5885415.0,-0.00295322,0.0,2.752
5885493.0,-0.00564529,0.0,2.064
5885571.0,-0.00046443,0.0,1.72
5885649.0,0.0108116,0.0,2.064
5885727.0,-0.01295945,0.0,1.72
5885805.0,0.00756085,0.0,2.064
5885883.0,0.00364981,0.0,2.064
5885961.0,0.0061386,0.0,1.72
5886039.0,0.00893226,0.0,1.72
5886118.0,-0.00808332,0.0,1.376
5886196.0,-0.01468642,0.0,2.064
5886274.0,0.00253236,0.0,1.72
5886352.0,0.00817037,0.0,2.064
5886430.0,-0.00970869,0.0,2.752
5886508.0,-0.00422319,0.0,2.064
5886586.0,-0.00427388,0.0,2.064
5886664.0,0.0012117,0.0,2.064
5886743.0,0.0103036,0.0,2.064
5886821.0,-0.00645794,0.0,1.72
5886899.0,-0.01595624,0.0,2.064
5886977.0,0.01517973,0.0,2.064
5887055.0,-0.00645794,0.0,2.064
5887133.0,-0.00010887,0.0,2.064
5887211.0,-0.00798172,0.0,2.064
5887289.0,-0.03053371,0.0,2.064
5887368.0,0.00547831,0.0,1.376
5887446.0,0.0013133,0.0,2.064
5887524.0,-0.00996258,0.0,2.064
5887602.0,0.00507206,0.0,2.064
5887680.0,-0.00625474,0.0,2.408
5887758.0,0.01096396,0.0,2.064
5887836.0,-0.00280086,0.0,1.72
5887914.0,-0.04216539,0.0,1.72
5887992.0,-0.00782935,0.0,2.064
5888071.0,-0.01092775,0.0,2.064
5888149.0,0.01507821,0.0,2.064
5888227.0,-0.01829266,0.0,2.752
5888305.0,-0.01910539,0.0,2.064
5888383.0,0.00044989,0.0,2.408
5888461.0,-0.00975953,0.0,2.064
5888539.0,0.0199035,0.0,2.064
5888617.0,0.00730696,0.0,1.72
5888695.0,0.00817037,0.0,2.064
5888774.0,0.00314188,0.0,1.72
5888852.0,-0.00305482,0.0,1.72
5888930.0,-0.00315642,0.0,2.408
5889008.0,-0.01265472,0.0,2.064
5889086.0,0.01396068,0.0,2.064
5889164.0,0.00786565,0.0,2.064
5889242.0,-0.00330886,0.0,1.72
5889320.0,-0.00208981,0.0,2.064
5889399.0,-0.01946088,0.0,2.064
5889477.0,0.0179734,0.0,2.064
5889555.0,0.00563067,0.0,2.064
5889633.0,0.00491962,0.0,2.064
5889711.0,0.00151651,0.0,1.72
5889789.0,0.00893226,0.0,1.72
5889867.0,0.01710998,0.0,2.064
5889945.0,0.00542762,0.0,2.064
5890024.0,-0.00325795,0.0,2.064
5890102.0,-0.01433086,0.0,2.064
5890180.0,0.00126254,0.0,2.064
5890258.0,-0.01519435,0.0,2.064
5890336.0,-0.02459097,0.0,2.064
5890414.0,-0.02489585,0.0,2.064
5890492.0,0.00497038,0.0,2.064
5890570.0,0.01411312,0.0,2.064
5890648.0,-0.01021662,0.0,2.408
5890727.0,0.00029745,0.0,2.064
5890805.0,0.00309104,0.0,2.408
5890883.0,0.00090698,0.0,2.064
5890961.0,0.00293868,0.0,2.408
5891039.0,-0.01905463,0.0,1.72
5891117.0,-0.01463559,0.0,1.72
5891195.0,-0.00732143,0.0,2.064
5891273.0,0.01665274,0.0,2.064
5891351.0,0.00720529,0.0,2.064
5891429.0,0.01914161,0.0,2.064
5891508.0,-0.00737227,0.0,2.064
5891586.0,-0.00534049,0.0,2.064
5891664.0,-0.00356275,0.0,2.064
5891742.0,-0.00244537,0.0,2.064
5891820.0,0.0126401,0.0,2.064
5891898.0,0.00436086,0.0,2.064
5891976.0,-0.00645794,0.0,2.408
5892054.0,-0.00310566,0.0,2.408
5892132.0,-0.02408304,0.0,2.408
5892211.0,0.01497661,0.0,2.064
5892289.0,-0.00305482,0.0,2.064
5892367.0,0.00527511,0.0,2.064
5892445.0,0.02234153,0.0,2.064
5892523.0,-0.01778474,0.0,2.064
5892601.0,0.00517358,0.0,1.72
5892679.0,-0.01306097,0.0,1.376
5892757.0,-0.00452791,0.0,2.064
5892836.0,0.0069514,0.0,1.032
5892914.0,-0.00808332,0.0,1.376
5892992.0,-0.01158803,0.0,2.064
5893070.0,-0.01539747,0.0,1.72
5893148.0,-0.01072454,0.0,1.72
5893226.0,0.0044117,0.0,2.064
5893304.0,-0.0028517,0.0,1.72
5893382.0,-0.00178509,0.0,1.72
5893461.0,0.00720529,0.0,1.72
5893539.0,-0.00975953,0.0,1.72
5893617.0,-0.01011509,0.0,1.72
5893695.0,0.00268479,0.0,2.064
5893773.0,-0.00706754,0.0,2.064
5893851.0,-0.00442624,0.0,2.064
5893929.0,0.00497038,0.0,2.064
5894007.0,-0.01646409,0.0,2.064
5894085.0,-0.02210218,0.0,2.064
5894164.0,0.01568773,0.0,1.72
5894242.0,-0.00777852,0.0,2.064
5894320.0,-0.00071832,0.0,2.408
5894398.0,-0.01763238,0.0,2.064
5894476.0,-0.00330886,0.0,2.064
5894554.0,-0.00442624,0.0,2.064
5894632.0,-0.00925161,0.0,2.064
5894710.0,0.02462719,0.0,2.064
5894788.0,-0.00401991,0.0,2.064
5894866.0,-0.02520057,0.0,2.064
5894945.0,-0.02245774,0.0,2.064
5895023.0,-0.00153105,0.0,2.064
5895101.0,0.02366218,0.0,2.064
5895179.0,-0.00889604,0.0,2.064
5895257.0,-0.00325795,0.0,2.064
5895335.0,0.01167509,0.0,2.064
5895413.0,-0.00889604,0.0,2.064
5895491.0,-0.00564529,0.0,2.064
5895570.0,0.00766237,0.0,2.064
5895648.0,0.00456413,0.0,2.064
5895726.0,0.00786565,0.0,1.72
5895804.0,0.00568143,0.0,2.064
5895882.0,-0.00249614,0.0,2.064
5895960.0,0.00669736,0.0,2.064
5896038.0,-0.01544831,0.0,2.064
5896116.0,-0.00752463,0.0,2.064
5896195.0,-0.00376595,0.0,2.064
5896273.0,0.00700209,0.0,2.064
5896351.0,0.00618943,0.0,2.064
5896429.0,-0.01128323,0.0,2.064
5896507.0,-0.0180387,0.0,2.064
5896585.0,0.00156727,0.0,2.064
5896663.0,-0.00173425,0.0,2.064
5896741.0,-0.0084388,0.0,1.72
5896820.0,0.00253236,0.0,2.408
5896898.0,-0.0161086,0.0,2.408
5896976.0,0.02325578,0.0,2.064
5897054.0,-0.00772783,0.0,1.72
5897132.0,0.01203065,0.0,2.064
5897210.0,0.01121785,0.0,2.064
5897288.0,0.00669736,0.0,2.752
5897366.0,0.00070385,0.0,2.064
5897444.0,0.01131953,0.0,2.408
5897522.0,0.00298952,0.0,2.064
5897601.0,-0.01011509,0.0,2.752
5897679.0,0.00182131,0.0,1.72
5897757.0,-0.01316265,0.0,2.064
5897835.0,0.00461482,0.0,2.408
5897913.0,0.00690049,0.0,2.064
5897991.0,0.01385915,0.0,2.064
5898069.0,0.00364981,0.0,2.064
5898147.0,0.0044117,0.0,2.064
5898225.0,-0.01900379,0.0,2.064
5898304.0,-0.02987343,0.0,1.376
5898382.0,-0.00137861,0.0,2.408
5898460.0,-0.00214057,0.0,2.064
5898538.0,-0.0141785,0.0,2.064
5898616.0,-0.01748001,0.0,2.408
5898694.0,0.00481802,0.0,2.064
5898772.0,0.0091863,0.0,1.72
5898850.0,0.00801794,0.0,1.72
5898928.0,-0.00640725,0.0,2.064
5899007.0,0.00309104,0.0,1.72
5899085.0,-0.01229916,0.0,1.72
5899163.0,0.0051229,0.0,2.408
5899241.0,-0.00854048,0.0,1.72
5899319.0,0.00222763,0.0,1.72
5899397.0,-0.00554376,0.0,2.064
5899475.0,0.00583387,0.0,1.72
5899554.0,-0.00127709,0.0,1.72
5899632.0,-0.00757539,0.0,1.72
5899710.0,0.00740849,0.0,2.064
5899788.0,0.00893226,0.0,1.72
5899866.0,-0.000312,0.0,2.064
5899944.0,-0.01255312,0.0,2.064
5900022.0,0.01076076,0.0,2.064
5900100.0,-0.01438162,0.0,1.72
5900178.0,0.00019585,0.0,2.064
5900257.0,0.00090698,0.0,2.408
5900335.0,0.02010662,0.0,2.064
5900413.0,0.00370057,0.0,1.376
5900491.0,0.01035451,0.0,2.064
5900569.0,0.00192283,0.0,2.064
5900647.0,-0.00965786,0.0,2.064
5900725.0,0.0012117,0.0,2.064
5900803.0,0.01771936,0.0,1.376
5900881.0,-0.03515588,0.0,1.376
5900960.0,0.0061386,0.0,2.064
5901038.0,0.02503359,0.0,1.72
5901116.0,0.00151651,0.0,2.408
5901194.0,-0.01311181,0.0,1.376
5901272.0,0.00288792,0.0,1.72
5901350.0,-0.0046802,0.0,2.408
5901428.0,-0.00341039,0.0,2.064
5901506.0,-0.00493416,0.0,1.72
5901584.0,-0.02083237,0.0,2.408
5901663.0,-0.0117404,0.0,2.064
5901741.0,0.00959255,0.0,1.72
5901819.0,0.00436086,0.0,2.064
5901897.0,0.00253236,0.0,2.064
5901975.0,0.00517358,0.0,2.064
5902053.0,-0.00046443,0.0,1.72
5902131.0,0.0062402,0.0,2.064
5902209.0,0.01848132,0.0,2.064
5902287.0,-0.01092775,0.0,2.408
5902365.0,-0.01102934,0.0,2.064
5902444.0,0.00349737,0.0,2.064
5902522.0,-0.00554376,0.0,2.064
5902600.0,-0.004477,0.0,1.72
5902678.0,-0.00381671,0.0,1.72
5902756.0,-0.00269926,0.0,2.064
5902834.0,0.00563067,0.0,2.064
5902912.0,-0.01438162,0.0,1.72
5902991.0,0.00019585,0.0,2.064
5903069.0,-0.00655954,0.0,2.064
5903147.0,-0.0133657,0.0,2.064
5903225.0,-0.00148021,0.0,2.064
5903303.0,-0.01148651,0.0,1.72
5903381.0,0.0041069,0.0,2.064
5903459.0,-0.00930229,0.0,2.752
5903537.0,0.00984659,0.0,1.72
5903615.0,-0.00848964,0.0,2.064
5903694.0,-0.00706754,0.0,2.064
5903772.0,0.00959255,0.0,2.064
5903850.0,-0.00676267,0.0,1.72
5903928.0,-0.03043219,0.0,2.064
5904006.0,0.00050073,0.0,2.064
5904084.0,-0.00036283,0.0,2.064
5904162.0,-0.00640725,0.0,2.064
5904240.0,-5.803e-05,0.0,2.408
5904318.0,-0.00361359,0.0,2.064
5904397.0,-0.01280708,0.0,2.408
5904475.0,0.01091313,0.0,2.064
5904553.0,0.00796725,0.0,2.408
5904631.0,-0.0203752,0.0,2.064
5904709.0,-0.01636256,0.0,2.408
5904787.0,0.00380217,0.0,2.064
5904865.0,-0.00066756,0.0,2.752
5904943.0,-0.00838812,0.0,2.064
5905021.0,0.00065302,0.0,2.408
5905100.0,0.01223378,0.0,1.72
5905178.0,0.00740849,0.0,2.064
5905256.0,-0.00655954,0.0,2.064
5905334.0,-0.00955633,0.0,2.064
5905412.0,-0.00219134,0.0,2.064
5905490.0,0.00751001,0.0,2.064
5905568.0,0.0215288,0.0,2.064
5905646.0,0.00385301,0.0,2.064
5905724.0,-0.01255312,0.0,1.72
5905803.0,-0.00523889,0.0,2.064
5905881.0,0.00329424,0.0,2.064
5905959.0,0.00502115,0.0,2.408
5906037.0,-0.02062909,0.0,2.408
5906115.0,0.01462097,0.0,1.376
5906193.0,-0.01057218,0.0,2.064
5906271.0,-0.00046443,0.0,1.72
5906350.0,-0.00234385,0.0,1.72
5906428.0,-0.01488962,0.0,1.376
5906506.0,-0.00848964,0.0,2.064
5906584.0,0.00949103,0.0,1.376
5906662.0,-0.00848964,0.0,2.064
5906740.0,-0.01758161,0.0,2.064
5906818.0,-0.00381671,0.0,2.064
5906896.0,0.00034829,0.0,2.064
5906974.0,-0.00224217,0.0,2.064
5907053.0,-0.01422926,0.0,1.72
5907131.0,-0.00163265,0.0,2.064
5907209.0,-0.00193737,0.0,2.408
5907287.0,-0.01529587,0.0,2.064
5907365.0,-0.01087691,0.0,2.064
5907443.0,0.00822114,0.0,2.064
5907521.0,0.01528133,0.0,2.064
5907599.0,0.01477348,0.0,1.72
5907677.0,-0.00407068,0.0,1.72
5907755.0,0.00842434,0.0,2.408
5907834.0,-0.0027501,0.0,1.72
5907912.0,-0.02194974,0.0,2.064
5907990.0,0.00603707,0.0,2.064
5908068.0,-0.00534049,0.0,2.064
5908146.0,0.00913546,0.0,1.72
5908224.0,0.01223378,0.0,2.064
5908302.0,0.0013133,0.0,2.064
5908380.0,0.00618943,0.0,2.064
5908458.0,0.00273548,0.0,2.408
5908537.0,-0.00203897,0.0,2.064
5908615.0,-7.27e-06,0.0,2.064
5908693.0,-0.00208981,0.0,2.064
5908771.0,-0.00615322,0.0,1.72
5908849.0,9.425e-05,0.0,2.064
5908927.0,0.0197003,0.0,2.064
5909005.0,0.00395453,0.0,2.408
5909084.0,0.00730696,0.0,2.064
5909162.0,-0.01671812,0.0,2.064
5909240.0,-0.00833728,0.0,2.064
5909318.0,0.00390385,0.0,2.064
5909396.0,-0.00483264,0.0,2.064
5909474.0,0.0051229,0.0,2.064
5909552.0,-0.01118163,0.0,2.064
5909630.0,0.00883074,0.0,2.408
5909708.0,-0.01240068,0.0,2.064
5909787.0,-0.00513736,0.0,2.408
5909865.0,0.00527511,0.0,2.064
5909943.0,-0.01301028,0.0,1.376
5910021.0,-0.00015956,0.0,2.064
5910099.0,-0.00417228,0.0,2.064
5910177.0,-0.01351821,0.0,2.064
5910255.0,0.00237992,0.0,2.064
5910333.0,-0.00539133,0.0,2.408
5910411.0,0.0220368,0.0,2.752
5910490.0,0.00375141,0.0,2.064
5910568.0,0.00791641,0.0,2.408
5910646.0,-0.01839434,0.0,2.064
5910724.0,0.00796725,0.0,2.752
5910802.0,0.01558613,0.0,2.408
5910880.0,0.00349737,0.0,2.408
5910958.0,-0.00625474,0.0,2.064
5911036.0,0.00060225,0.0,1.72
5911114.0,0.00557991,0.0,2.064
5911193.0,-0.00630558,0.0,2.064
5911271.0,0.01553529,0.0,2.064
5911349.0,-0.02377832,0.0,3.096
5911427.0,-0.00747379,0.0,2.064
5911505.0,0.0045133,0.0,1.72
5911583.0,-0.00909917,0.0,2.064
5911661.0,-0.02103549,0.0,2.064
5911739.0,0.00959255,0.0,1.376
5911817.0,-0.00803255,0.0,2.064
5911896.0,0.00547831,0.0,1.72
5911974.0,-0.01123247,0.0,2.064
5912052.0,-0.00610238,0.0,2.408
5912130.0,-0.00960717,0.0,2.064
5912208.0,0.006545,0.0,2.064
5912286.0,-0.02281331,0.0,2.064
5912364.0,0.01228454,0.0,2.408
5912442.0,-0.00178509,0.0,1.72
5912520.0,-0.01788634,0.0,2.064
5912599.0,0.00085622,0.0,2.408
5912677.0,0.00847518,0.0,2.064
5912755.0,-0.02184814,0.0,1.376
5912833.0,-0.00305482,0.0,2.064
5912911.0,-0.00132792,0.0,1.376
5912989.0,-0.02982266,0.0,2.064
5913067.0,0.01121785,0.0,1.72
5913146.0,-0.00153105,0.0,2.064
5913224.0,-0.0198672,0.0,1.72
5913302.0,0.01700831,0.0,2.064
5913380.0,0.00339584,0.0,1.72
5913458.0,-0.00534049,0.0,2.064
5913536.0,0.01609406,0.0,1.72
5913614.0,-0.00970869,0.0,2.064
5913692.0,0.00136414,0.0,1.72
5913770.0,0.00573235,0.0,2.064
5913848.0,-0.00772783,0.0,2.408
5913927.0,-0.00214057,0.0,2.064
5914005.0,0.01004971,0.0,2.064
5914083.0,-0.01036906,0.0,2.064
5914161.0,0.00364981,0.0,2.064
5914239.0,0.0045133,0.0,1.72
5914317.0,0.00019585,0.0,2.064
5914395.0,0.00314188,0.0,1.72
5914473.0,-0.01519435,0.0,2.064
5914551.0,-0.00574696,0.0,2.408
5914630.0,-0.00508653,0.0,2.064
5914708.0,0.01065924,0.0,2.064
5914786.0,0.01426541,0.0,2.064
5914864.0,0.0041069,0.0,2.064
5914942.0,-0.02189898,0.0,2.064
5915020.0,0.01279254,0.0,2.064
5915098.0,-0.00620405,0.0,2.752
5915176.0,-0.01026746,0.0,2.064
5915254.0,0.00212603,0.0,2.064
5915333.0,-0.0139753,0.0,2.064
5915411.0,0.0045133,0.0,2.064
5915489.0,0.00872906,0.0,2.064
5915567.0,0.01253858,0.0,2.064
5915645.0,-0.02824805,0.0,2.064
5915723.0,-0.00574696,0.0,2.064
5915801.0,-0.00513736,0.0,2.064
5915880.0,-0.02779089,0.0,2.408
5915958.0,0.00304028,0.0,2.064
5916036.0,-0.01062294,0.0,1.376
5916114.0,-0.00422319,0.0,2.408
5916192.0,0.01050688,0.0,2.064
5916270.0,-0.01707369,0.0,2.064
5916348.0,-0.00239454,0.0,2.408
5916426.0,-0.01270541,0.0,2.064
5916504.0,0.00588471,0.0,2.064
5916583.0,-0.00859132,0.0,2.408
5916661.0,-0.00407068,0.0,2.064
5916739.0,-0.00264857,0.0,2.064
5916817.0,-0.00229294,0.0,2.064
5916895.0,-0.00686434,0.0,2.408
5916973.0,-0.0141785,0.0,2.064
5917051.0,-0.0005152,0.0,2.064
5917129.0,0.00994811,0.0,2.064
5917207.0,0.00679888,0.0,2.064
5917286.0,-0.01199443,0.0,2.064
5917364.0,0.00710376,0.0,2.408
5917442.0,-0.01123247,0.0,2.752
5917520.0,-0.00376595,0.0,2.064
5917598.0,0.00395453,0.0,2.064
5917676.0,0.0083735,0.0,2.408
5917754.0,0.00034829,0.0,2.064
5917832.0,-0.00544209,0.0,2.408
5917910.0,-0.00269926,0.0,2.408
5917989.0,-0.00640725,0.0,2.752
5918067.0,-0.01250221,0.0,2.064
5918145.0,0.00359897,0.0,2.408
5918223.0,0.00039898,0.0,1.72
5918301.0,-0.02504806,0.0,2.064
5918379.0,0.00090698,0.0,2.408
5918457.0,0.01065924,0.0,2.064
5918535.0,-0.00920077,0.0,2.064
5918613.0,-0.00015956,0.0,2.064
5918692.0,0.00329424,0.0,2.064
5918770.0,-0.00056603,0.0,2.064
5918848.0,0.00786565,0.0,2.064
5918926.0,0.00055142,0.0,2.064
5919004.0,0.01071008,0.0,2.064
5919082.0,-0.01138483,0.0,2.064
5919160.0,-0.00214057,0.0,2.064
5919238.0,-0.00635642,0.0,2.408
5919317.0,-0.0087436,0.0,2.064
5919395.0,-0.00473096,0.0,2.064
5919473.0,0.00969408,0.0,2.064
5919551.0,-0.00559445,0.0,1.72
5919629.0,0.01385915,0.0,2.408
5919707.0,0.02279869,0.0,1.72
5919785.0,-0.0205784,0.0,2.064
5919863.0,-0.01829266,0.0,2.064
5919941.0,-0.00899757,0.0,2.752
5920020.0,0.00588471,0.0,2.064
5920098.0,-0.00706754,0.0,2.064
5920176.0,-0.01798786,0.0,2.064
5920254.0,-0.01341653,0.0,2.064
5920332.0,-0.00071832,0.0,1.376
5920410.0,0.00679888,0.0,2.064
5920488.0,-0.01494031,0.0,1.72
5920566.0,-0.00056603,0.0,2.064
5920644.0,-0.0121468,0.0,1.72
5920723.0,0.00999888,0.0,2.064
5920801.0,0.00497038,0.0,2.064
5920879.0,0.00400537,0.0,1.72
5920957.0,0.00253236,0.0,1.72
5921035.0,0.01553529,0.0,2.064
5921113.0,-0.0139753,0.0,2.064
5921191.0,0.01065924,0.0,2.752
5921269.0,-0.00148021,0.0,1.72
5921347.0,-0.00417228,0.0,2.064
5921426.0,-0.00909917,0.0,2.064
5921504.0,0.00801794,0.0,2.064
5921582.0,0.00344661,0.0,1.032
5921660.0,-0.02961954,0.0,2.064
5921738.0,-0.00163265,0.0,2.064
5921816.0,-0.00889604,0.0,2.064
5921894.0,0.00862754,0.0,2.064
5921972.0,0.00156727,0.0,2.064
5922051.0,-0.00198821,0.0,2.064
5922129.0,-0.01702285,0.0,1.72
5922207.0,-0.00640725,0.0,2.064
5922285.0,0.00491962,0.0,1.72
5922363.0,0.00182131,0.0,2.064
5922441.0,0.00542762,0.0,2.408
5922519.0,0.02005586,0.0,2.064
5922597.0,-0.0133657,0.0,2.064
5922676.0,0.01142105,0.0,2.064
5922754.0,-0.00945481,0.0,2.064
5922832.0,-0.01108011,0.0,2.064
5922910.0,0.00481802,0.0,2.064
5922988.0,0.00471642,0.0,2.408
5923066.0,0.01294483,0.0,2.064
5923144.0,0.00187207,0.0,2.064
5923222.0,0.0013133,0.0,2.064
5923300.0,-0.0068135,0.0,2.408
5923379.0,4.349e-05,0.0,1.72
5923457.0,-0.00915001,0.0,2.408
5923535.0,0.00370057,0.0,2.064
5923613.0,0.00014517,0.0,2.064
5923691.0,-0.01961332,0.0,2.408
5923769.0,0.00669736,0.0,2.064
5923847.0,-0.00625474,0.0,2.064
5923925.0,-0.00975953,0.0,1.72
5924003.0,0.02223993,0.0,2.064
5924082.0,0.00090698,0.0,1.72
5924160.0,-0.00168349,0.0,2.064
5924238.0,0.00532595,0.0,1.72
5924316.0,0.00375141,0.0,2.064
5924394.0,0.01121785,0.0,2.064
5924472.0,-0.01707369,0.0,2.064
5924550.0,0.00248159,0.0,2.064
5924628.0,-0.01966408,0.0,1.72
5924706.0,-0.00671198,0.0,2.064
5924785.0,0.01695755,0.0,2.064
5924863.0,-0.00757539,0.0,2.064
5924941.0,0.00314188,0.0,2.408
5925019.0,0.00278632,0.0,2.064
5925097.0,0.00420857,0.0,2.408
5925175.0,-0.01844503,0.0,1.72
5925253.0,-0.01047066,0.0,2.064
5925331.0,0.01238622,0.0,1.72
5925409.0,-0.02352428,0.0,2.064
5925488.0,-0.02098466,0.0,2.064
5925566.0,0.00801794,0.0,2.408
5925644.0,0.00268479,0.0,2.064
5925722.0,0.00060225,0.0,1.72
5925800.0,0.00070385,0.0,2.064
5925878.0,0.02904616,0.0,2.064
5925956.0,-0.00899757,0.0,2.064
5926034.0,-0.01133407,0.0,2.752
5926113.0,0.01411312,0.0,2.408
5926191.0,-0.00772783,0.0,1.376
5926269.0,0.02330661,0.0,2.064
5926347.0,0.02117339,0.0,2.064
5926425.0,-0.00579765,0.0,2.064
5926503.0,-0.00132792,0.0,2.064
5926581.0,0.01451944,0.0,2.752
5926659.0,0.01507821,0.0,1.72
5926738.0,0.00745925,0.0,2.064
5926816.0,-0.00610238,0.0,1.376
5926894.0,-0.00528973,0.0,2.408
5926972.0,0.00324356,0.0,2.064
5927050.0,0.01091313,0.0,2.408
5927128.0,-0.00554376,0.0,2.064
5927206.0,-0.00452791,0.0,2.064
5927284.0,-0.02194974,0.0,2.064
5927362.0,-0.00579765,0.0,2.064
5927441.0,-0.00224217,0.0,2.064
5927519.0,0.00273548,0.0,2.064
5927597.0,-0.0158038,0.0,2.064
5927675.0,-0.00188661,0.0,2.064
5927753.0,0.00293868,0.0,2.064
5927831.0,-0.00148021,0.0,2.064
5927909.0,-0.00818492,0.0,2.064
5927987.0,0.00273548,0.0,2.064
5928065.0,-0.00589918,0.0,2.064
5928143.0,0.00862754,0.0,2.064
5928222.0,-0.00813408,0.0,2.064
5928300.0,-0.0162102,0.0,2.064
5928378.0,0.00177047,0.0,2.064
5928456.0,-0.01636256,0.0,2.064
5928534.0,0.00273548,0.0,2.064
5928612.0,-0.01575304,0.0,2.064
5928690.0,-0.0009216,0.0,2.064
5928768.0,-0.01275625,0.0,2.064
5928847.0,0.01492569,0.0,2.064
5928925.0,-0.00686434,0.0,2.064
5929003.0,0.00461482,0.0,2.064
5929081.0,0.00029745,0.0,2.064
5929159.0,0.00756085,0.0,2.064
5929237.0,-0.00965786,0.0,2.064
5929315.0,-0.00391831,0.0,2.064
5929393.0,0.0130465,0.0,2.064
5929472.0,0.00603707,0.0,1.72
5929550.0,0.00720529,0.0,2.064
5929628.0,0.00781481,0.0,2.064
5929706.0,-0.0139753,0.0,2.064
5929784.0,-0.02814645,0.0,2.752
5929862.0,0.0237637,0.0,2.064
5929940.0,0.00949103,0.0,2.064
5930018.0,0.00400537,0.0,2.064
5930097.0,-0.0070167,0.0,2.064
5930175.0,0.00329424,0.0,2.064
5930253.0,-0.00193737,0.0,2.064
5930331.0,-0.01011509,0.0,2.408
5930409.0,0.0259986,0.0,2.064
5930487.0,0.01228454,0.0,2.064
5930565.0,-0.00021047,0.0,2.064
5930643.0,0.00938943,0.0,2.064
5930721.0,-0.00386755,0.0,1.72
5930799.0,0.00557991,0.0,2.064
5930878.0,-0.02606398,0.0,2.064
5930956.0,0.01131953,0.0,2.064
5931034.0,-0.00473096,0.0,2.064
5931112.0,-0.0163118,0.0,2.408
5931190.0,0.00100858,0.0,1.72
5931268.0,-0.01235,0.0,2.408
5931346.0,0.01071008,0.0,2.064
5931424.0,-0.01148651,0.0,1.72
5931502.0,-0.0006168,0.0,2.064
5931581.0,-0.00305482,0.0,3.44
5931659.0,0.00136414,0.0,2.064
5931737.0,-0.00630558,0.0,2.064
5931815.0,-0.00386755,0.0,2.064
5931893.0,0.02137651,0.0,2.064
5931971.0,0.00913546,0.0,1.72
5932049.0,-0.00793103,0.0,2.408
5932127.0,-0.00137861,0.0,2.064
5932205.0,-0.00528973,0.0,2.064
5932284.0,-0.02733387,0.0,2.064
5932362.0,-0.00239454,0.0,1.72
5932440.0,-0.00747379,0.0,2.064
5932518.0,0.01650038,0.0,2.064
5932596.0,0.00375141,0.0,2.064
5932674.0,-0.00818492,0.0,2.064
5932752.0,0.00207519,0.0,2.408
5932831.0,-0.01646409,0.0,2.408
5932909.0,0.0062402,0.0,1.72
5932987.0,-0.00422319,0.0,2.064
5933065.0,0.00629103,0.0,1.72
5933143.0,-0.00777852,0.0,1.72
5933221.0,0.00664667,0.0,1.72
5933299.0,0.01517973,0.0,2.064
5933377.0,0.00659576,0.0,2.064
5933455.0,-0.01001342,0.0,1.376
5933534.0,0.01385915,0.0,2.064
5933612.0,-0.00503576,0.0,1.376
5933690.0,0.01741471,0.0,1.72
5933768.0,-0.01108011,0.0,1.376
5933846.0,0.01106556,0.0,1.72
5933924.0,-0.0025469,0.0,1.72
5934002.0,-0.00925161,0.0,2.064
5934080.0,-0.00239454,0.0,2.408
5934158.0,0.01111633,0.0,2.408
5934236.0,0.01050688,0.0,2.064
5934315.0,-0.00610238,0.0,2.064
5934393.0,-0.01473719,0.0,2.064
5934471.0,-0.00290246,0.0,2.064
5934549.0,-0.00214057,0.0,2.064
5934627.0,0.017567,0.0,2.408
5934705.0,0.00781481,0.0,2.408
5934783.0,-0.00925161,0.0,2.408
5934861.0,-0.01235,0.0,2.064
5934939.0,-0.0156006,0.0,2.064
5935018.0,-0.016007,0.0,1.72
5935096.0,0.01309727,0.0,1.72
5935174.0,0.01116716,0.0,1.72
5935252.0,-0.01341653,0.0,2.064
5935330.0,-0.00127709,0.0,1.72
5935408.0,-0.03530824,0.0,1.72
5935486.0,0.00461482,0.0,2.064
5935564.0,-0.02281331,0.0,2.064
5935643.0,0.00949103,0.0,2.064
5935721.0,-0.01006426,0.0,2.064
5935799.0,0.00979575,0.0,2.064
5935877.0,-0.000312,0.0,2.752
5935955.0,-0.01306097,0.0,2.064
5936033.0,-0.01021662,0.0,2.064
5936111.0,-0.00244537,0.0,2.064
5936189.0,0.00055142,0.0,2.064
5936268.0,-0.00341039,0.0,2.064
5936346.0,4.349e-05,0.0,2.408
5936424.0,-0.02220371,0.0,2.064
5936502.0,0.01096396,0.0,2.408
5936580.0,0.00243076,0.0,2.064
5936658.0,0.01365595,0.0,2.064
5936736.0,0.00690049,0.0,2.064
5936814.0,0.00334508,0.0,2.408
5936892.0,0.00177047,0.0,2.064
5936971.0,-0.00396915,0.0,1.72
5937049.0,-0.00178509,0.0,2.064
5937127.0,-0.00208981,0.0,2.408
5937205.0,-0.01209596,0.0,2.064
5937283.0,-0.00203897,0.0,2.408
5937361.0,-0.01438162,0.0,2.064
5937439.0,-0.00158189,0.0,2.408
5937517.0,0.00486886,0.0,2.064
5937595.0,0.00436086,0.0,2.408
5937674.0,-0.01036906,0.0,2.408
5937752.0,0.00293868,0.0,2.064
5937830.0,-0.0045786,0.0,2.064
5937908.0,-0.00259766,0.0,2.752
5937986.0,-0.00955633,0.0,2.064
5938064.0,-0.01702285,0.0,1.72
5938142.0,0.00649416,0.0,1.72
5938220.0,-0.01590532,0.0,2.752
5938298.0,0.00100858,0.0,2.064
5938377.0,-0.00970869,0.0,2.064
5938455.0,0.00527511,0.0,2.064
5938533.0,-0.03124484,0.0,2.064
5938611.0,-0.0011248,0.0,1.376
5938689.0,0.00334508,0.0,2.064
5938767.0,0.01071008,0.0,2.064
5938845.0,0.01700831,0.0,2.064
5938923.0,0.00370057,0.0,2.408
5939002.0,0.01909085,0.0,2.064
5939080.0,0.01010048,0.0,2.064
5939158.0,0.01578933,0.0,2.064
5939236.0,0.0287922,0.0,2.064
5939314.0,-0.01834343,0.0,1.72
5939392.0,-0.02067993,0.0,2.064
5939470.0,-0.0046802,0.0,1.376
5939548.0,0.01802408,0.0,2.064
5939626.0,-0.00188661,0.0,2.064
5939705.0,0.01197982,0.0,2.064
5939783.0,-0.01219748,0.0,2.064
5939861.0,-0.01189276,0.0,1.72
5939939.0,0.0043101,0.0,1.72
5940017.0,-0.00808332,0.0,1.72
5940095.0,0.0108116,0.0,1.376
5940173.0,-0.00554376,0.0,1.72
5940251.0,0.00659576,0.0,1.72
5940329.0,0.00222763,0.0,2.064
5940408.0,-0.03657813,0.0,1.72
5940486.0,0.00136414,0.0,2.064
5940564.0,-0.01753085,0.0,1.72
5940642.0,0.00237992,0.0,2.064
5940720.0,0.0069514,0.0,2.064
5940798.0,-0.00508653,0.0,1.72
5940876.0,-0.00650878,0.0,1.72
5940954.0,-0.00879437,0.0,2.064
5941032.0,0.01634802,0.0,2.064
5941111.0,-0.01885143,0.0,2.408
5941189.0,-0.00229294,0.0,2.064
5941267.0,-0.0051882,0.0,2.064
5941345.0,-0.00615322,0.0,1.72
5941423.0,0.00288792,0.0,2.064
5941501.0,-0.01133407,0.0,2.064
5941579.0,-0.01087691,0.0,2.064
5941657.0,0.01553529,0.0,1.72
5941735.0,0.00090698,0.0,2.064
5941814.0,-0.00021047,0.0,2.064
5941892.0,-0.00615322,0.0,1.72
5941970.0,0.0083735,0.0,2.064
5942048.0,0.01121785,0.0,2.064
5942126.0,-0.00828659,0.0,1.72
5942204.0,-0.0181403,0.0,2.064
5942282.0,0.02930019,0.0,2.408
5942361.0,-0.01636256,0.0,2.064
5942439.0,0.00491962,0.0,2.064
5942517.0,-0.03027983,0.0,2.064
5942595.0,0.00969408,0.0,2.064
5942673.0,0.0014149,0.0,2.064
5942751.0,0.01208134,0.0,2.064
5942829.0,0.01416388,0.0,2.752
5942907.0,0.00359897,0.0,2.064
5942985.0,0.00690049,0.0,2.408
5943064.0,-0.0236768,0.0,2.408
5943142.0,-0.00422319,0.0,2.408
5943220.0,0.00095774,0.0,2.408
5943298.0,0.00552915,0.0,2.064
5943376.0,-0.00442624,0.0,2.408
5943454.0,-0.01301028,0.0,2.064
5943532.0,-0.01057218,0.0,2.064
5943610.0,-0.0028517,0.0,1.72
5943688.0,0.02782711,0.0,2.064
5943767.0,-0.0005152,0.0,2.064
5943845.0,0.00420857,0.0,2.064
5943923.0,-0.01753085,0.0,2.064
5944001.0,0.00979575,0.0,2.064
5944079.0,0.0043101,0.0,2.408
5944157.0,0.00527511,0.0,1.72
5944235.0,0.00024669,0.0,2.064
5944313.0,0.00552915,0.0,2.408
5944391.0,-0.00559445,0.0,2.408
5944470.0,0.00751001,0.0,2.064
5944548.0,0.00690049,0.0,2.408
5944626.0,0.01335123,0.0,2.064
5944704.0,0.00405613,0.0,1.376
5944782.0,-0.00290246,0.0,2.064
5944860.0,0.01335123,0.0,3.44
5944938.0,0.0199035,0.0,2.064
5945016.0,-0.01275625,0.0,2.064
5945094.0,-0.01235,0.0,2.064
5945173.0,0.0062402,0.0,2.064
5945251.0,-0.00036283,0.0,2.064
5945329.0,0.00761169,0.0,1.72
5945407.0,-0.02885757,0.0,2.064
5945485.0,0.00944019,0.0,2.064
5945563.0,-0.01702285,0.0,2.752
5945641.0,-0.00427388,0.0,1.72
5945719.0,0.0243733,0.0,2.064
5945798.0,0.00298952,0.0,2.064
5945876.0,-0.00371511,0.0,2.064
5945954.0,-0.01346745,0.0,2.064
5946032.0,-0.016007,0.0,2.064
5946110.0,0.00024669,0.0,2.408
5946188.0,0.01446868,0.0,2.064
5946266.0,0.00481802,0.0,1.72
5946344.0,-0.01133407,0.0,2.064
5946422.0,-0.01575304,0.0,2.064
5946501.0,-0.00777852,0.0,2.064
5946579.0,0.00537671,0.0,1.376
5946657.0,0.00095774,0.0,1.72
5946735.0,0.00603707,0.0,2.064
5946813.0,-0.02682587,0.0,2.064
5946891.0,-0.00036283,0.0,1.72
5946969.0,-0.00493416,0.0,2.064
5947047.0,0.01340199,0.0,1.376
5947125.0,-0.02073077,0.0,2.064
5947204.0,0.00385301,0.0,2.064
5947282.0,-0.01229916,0.0,1.72
5947360.0,0.00537671,0.0,2.752
5947438.0,0.00425926,0.0,2.064
5947516.0,0.00872906,0.0,2.064
5947594.0,-0.0028517,0.0,2.064
5947672.0,0.00745925,0.0,2.064
5947750.0,0.00593547,0.0,1.72
5947828.0,0.01523057,0.0,2.064
5947907.0,-0.0182419,0.0,2.064
5947985.0,-0.01199443,0.0,2.064
5948063.0,-0.00955633,0.0,2.064
5948141.0,0.0043101,0.0,2.064
5948219.0,0.00222763,0.0,2.064
5948297.0,0.00573235,0.0,2.064
5948375.0,-0.00752463,0.0,2.064
5948453.0,0.01096396,0.0,2.064
5948532.0,0.0124369,0.0,2.064
5948610.0,-0.02118785,0.0,2.064
5948688.0,-0.00788012,0.0,1.72
5948766.0,-0.01844503,0.0,2.064
5948844.0,-0.00762623,0.0,2.064
5948922.0,0.00913546,0.0,1.72
5949000.0,0.00217679,0.0,2.064
5949078.0,0.02422094,0.0,2.064
5949156.0,0.01639878,0.0,2.064
5949235.0,-0.00462944,0.0,2.064
5949313.0,0.00461482,0.0,2.064
5949391.0,0.00151651,0.0,1.72
5949469.0,0.00583387,0.0,2.752
5949547.0,-0.00838812,0.0,1.376
5949625.0,-0.00574696,0.0,2.752
5949703.0,-0.00513736,0.0,2.064
5949781.0,-0.01067378,0.0,2.064
5949859.0,-0.00965786,0.0,2.408
5949938.0,0.01177661,0.0,2.064
5950016.0,-5.803e-05,0.0,2.064
5950094.0,-0.00727059,0.0,2.408
5950172.0,-0.00142952,0.0,1.72
5950250.0,-0.02433708,0.0,2.064
5950328.0,0.00034829,0.0,2.064
5950406.0,0.00014517,0.0,2.408
5950484.0,-0.01753085,0.0,2.064
5950563.0,-0.0069151,0.0,2.064
5950641.0,0.00578318,0.0,2.064
5950719.0,-0.01615936,0.0,3.096
5950797.0,0.00288792,0.0,2.408
5950875.0,-0.01651493,0.0,2.064
5950953.0,-0.01158803,0.0,2.752
5951031.0,0.0062402,0.0,2.408
5951109.0,-0.00808332,0.0,2.064
5951187.0,-0.00595001,0.0,2.064
5951266.0,0.0063418,0.0,1.376
5951344.0,0.00202451,0.0,2.408
5951422.0,-0.00589918,0.0,2.064
5951500.0,0.01147189,0.0,2.064
5951578.0,0.00298952,0.0,1.72
5951656.0,-0.02184814,0.0,2.408
5951734.0,-0.00584849,0.0,2.064
5951812.0,0.00751001,0.0,2.064
5951890.0,0.00385301,0.0,2.408
5951969.0,0.00050073,0.0,1.72
5952047.0,0.00034829,0.0,1.72
5952125.0,-0.01981644,0.0,1.72
5952203.0,-0.01930851,0.0,2.752
5952281.0,0.01091313,0.0,2.064
5952359.0,0.0061386,0.0,2.064
5952437.0,-0.00645794,0.0,1.72
5952515.0,0.01238622,0.0,2.064
5952594.0,-0.00234385,0.0,1.72
5952672.0,-0.00574696,0.0,2.064
5952750.0,-0.01036906,0.0,2.064
5952828.0,0.01390999,0.0,2.064
5952906.0,-0.00305482,0.0,1.72
5952984.0,-0.00970869,0.0,1.72
5953062.0,-0.00574696,0.0,2.064
5953140.0,-0.00747379,0.0,2.064
5953219.0,-0.0046802,0.0,2.064
5953297.0,-0.02408304,0.0,2.064
5953375.0,0.00248159,0.0,1.376
5953453.0,-0.00788012,0.0,2.064
5953531.0,-0.01722605,0.0,2.408
5953609.0,-0.00021047,0.0,2.064
5953687.0,-0.00513736,0.0,2.064
5953765.0,0.00385301,0.0,2.064
5953843.0,0.01208134,0.0,2.064
5953921.0,-0.00076916,0.0,2.064
5954000.0,-0.00442624,0.0,2.064
5954078.0,0.00862754,0.0,2.064
5954156.0,-0.01041982,0.0,2.064
5954234.0,0.0062402,0.0,2.064
5954312.0,-0.00214057,0.0,2.408
5954390.0,0.00105934,0.0,2.064
5954468.0,0.01131953,0.0,2.064
5954546.0,-0.00879437,0.0,2.064
5954624.0,0.00207519,0.0,2.064
5954703.0,-0.00158189,0.0,2.408
5954781.0,0.00136414,0.0,2.064
5954859.0,0.01436716,0.0,2.064
5954937.0,0.00690049,0.0,2.064
5955015.0,0.00588471,0.0,2.064
5955093.0,-0.01158803,0.0,2.064
5955171.0,-0.0087436,0.0,2.408
5955249.0,-0.01123247,0.0,2.408
5955328.0,-0.00214057,0.0,2.064
5955406.0,-0.02306719,0.0,2.064
5955484.0,-0.00158189,0.0,2.064
5955562.0,0.00187207,0.0,2.064
5955640.0,-0.00686434,0.0,2.064
5955718.0,0.00227832,0.0,2.064
5955796.0,-0.00208981,0.0,2.064
5955874.0,-0.00950557,0.0,2.064
5955953.0,-0.0070167,0.0,2.064
5956031.0,0.00705292,0.0,2.064
5956109.0,0.00116102,0.0,1.72
5956187.0,0.00105934,0.0,1.376
5956265.0,-0.00081992,0.0,1.72
5956343.0,0.00116102,0.0,1.72
5956421.0,-0.00854048,0.0,2.408
5956499.0,-0.00320719,0.0,1.72
5956577.0,-0.01946088,0.0,2.408
5956656.0,-0.00503576,0.0,2.064
5956734.0,0.01238622,0.0,2.064
5956812.0,-0.01509275,0.0,2.064
5956890.0,-0.00026131,0.0,2.064
5956968.0,-0.01681965,0.0,2.408
5957046.0,-0.0250989,0.0,3.44
5957124.0,0.02401774,0.0,2.064
5957202.0,0.01680511,0.0,2.408
5957280.0,-0.00884528,0.0,1.72
5957359.0,0.00959255,0.0,2.752
5957437.0,0.00700209,0.0,1.72
5957515.0,-0.01077538,0.0,2.064
5957593.0,-0.00986106,0.0,2.064
5957671.0,-0.00269926,0.0,2.064
5957749.0,-0.01930851,0.0,2.408
5957827.0,-0.0139753,0.0,2.064
5957905.0,-0.00107388,0.0,2.064
5957983.0,-0.00671198,0.0,2.408
5958062.0,-0.01168963,0.0,2.064
5958140.0,-0.01880059,0.0,2.408
5958218.0,-0.01326417,0.0,2.064
5958296.0,0.0108116,0.0,2.752
5958374.0,0.00029745,0.0,1.72
5958452.0,-0.00595001,0.0,2.064
5958530.0,-0.01565151,0.0,2.064
5958608.0,-0.00158189,0.0,2.064
5958686.0,-0.0084388,0.0,1.72
5958765.0,-0.01001342,0.0,2.064
5958843.0,-0.0141785,0.0,2.064
5958921.0,-0.00625474,0.0,2.064
5958999.0,-0.00412144,0.0,2.064
5959077.0,-0.00163265,0.0,2.408
5959155.0,0.00390385,0.0,2.064
5959233.0,0.02091935,0.0,1.72
5959311.0,-0.0140769,0.0,2.064
5959390.0,-0.00046443,0.0,1.032
5959468.0,0.00705292,0.0,2.064
5959546.0,-0.00970869,0.0,2.408
5959624.0,-0.00859132,0.0,2.064
5959702.0,-0.01900379,0.0,2.408
5959780.0,-0.03932089,0.0,1.376
5959858.0,-0.01001342,0.0,1.72
5959936.0,0.0106084,0.0,2.064
5960014.0,-0.00269926,0.0,1.376
5960093.0,0.00390385,0.0,2.064
5960171.0,-0.00046443,0.0,1.72
5960249.0,0.01462097,0.0,2.064
5960327.0,-0.00584849,0.0,2.064
5960405.0,0.01055756,0.0,2.064
5960483.0,-0.0009216,0.0,1.376
5960561.0,-0.000312,0.0,2.064
5960639.0,-0.00107388,0.0,2.752
5960717.0,-0.00386755,0.0,1.72
5960796.0,0.00197359,0.0,2.064
5960874.0,0.00126254,0.0,2.064
5960952.0,0.00293868,0.0,2.064
5961030.0,0.00466566,0.0,1.72
5961108.0,0.00949103,0.0,2.064
5961186.0,0.02483039,0.0,2.064
5961264.0,0.00461482,0.0,2.064
5961343.0,-0.00945481,0.0,2.408
5961421.0,-0.02291483,0.0,2.064
5961499.0,-0.0043754,0.0,2.064
5961577.0,-0.01102934,0.0,2.064
5961655.0,-0.02164502,0.0,2.064
5961733.0,-0.01717529,0.0,2.408
5961811.0,-0.00056603,0.0,2.064
5961889.0,-0.01504199,0.0,2.408
5961967.0,-0.0084388,0.0,2.064
5962045.0,-0.01382293,0.0,2.064
5962124.0,-0.01204512,0.0,2.064
5962202.0,0.00898303,0.0,2.064
5962280.0,-0.00330886,0.0,1.72
5962358.0,0.0012117,0.0,2.064
5962436.0,-0.01656569,0.0,2.064
5962514.0,0.00339584,0.0,2.408
5962592.0,-0.0164134,0.0,2.064
5962670.0,0.00090698,0.0,2.064
5962749.0,0.00842434,0.0,2.064
5962827.0,-0.00127709,0.0,2.064
5962905.0,0.00436086,0.0,2.408
5962983.0,-0.00503576,0.0,2.064
5963061.0,-0.01524504,0.0,2.064
5963139.0,-0.00102312,0.0,2.408
5963217.0,0.0061386,0.0,1.72
5963295.0,0.00842434,0.0,2.064
5963373.0,0.01827812,0.0,2.064
5963452.0,-0.00239454,0.0,2.064
5963530.0,0.00720529,0.0,2.408
5963608.0,0.00527511,0.0,2.064
5963686.0,0.00060225,0.0,2.752
5963764.0,0.00801794,0.0,2.408
5963842.0,0.00248159,0.0,2.408
5963920.0,0.00801794,0.0,2.064
5963998.0,-0.00935313,0.0,2.064
5964076.0,0.00304028,0.0,1.72
5964154.0,-0.01951172,0.0,2.752
5964233.0,0.00999888,0.0,2.064
5964311.0,0.02894463,0.0,3.096
5964389.0,0.00019585,0.0,2.064
5964467.0,0.01665274,0.0,2.408
5964545.0,-0.00478173,0.0,2.064
5964623.0,-0.00371511,0.0,2.752
5964701.0,-0.01920692,0.0,2.064
5964780.0,-0.004477,0.0,2.064
5964858.0,-0.01280708,0.0,2.064
5964936.0,-0.01529587,0.0,2.408
5965014.0,-0.01971492,0.0,2.064
5965092.0,-0.01108011,0.0,2.064
5965170.0,0.00243076,0.0,2.064
5965248.0,-0.00859132,0.0,2.408
5965326.0,0.01218302,0.0,2.064
5965404.0,0.04164284,0.0,2.064
5965482.0,-0.00945481,0.0,2.064
5965561.0,0.00171963,0.0,2.064
5965639.0,-0.00523889,0.0,2.752
5965717.0,0.00608791,0.0,2.064
5965795.0,-0.02128945,0.0,2.064
5965873.0,-0.01920692,0.0,2.064
5965951.0,-0.01483879,0.0,2.064
5966029.0,0.00090698,0.0,2.064
5966107.0,0.0061386,0.0,1.72
5966185.0,-0.00107388,0.0,1.72
5966264.0,-0.00401991,0.0,2.064
5966342.0,0.00217679,0.0,1.72
5966420.0,-0.0051882,0.0,1.72
5966498.0,-0.02007048,0.0,2.064
5966576.0,-0.00087076,0.0,2.064
5966654.0,-0.01702285,0.0,2.408
5966732.0,-0.00605169,0.0,2.064
5966810.0,-0.01626096,0.0,2.064
5966888.0,-0.01245152,0.0,2.064
5966967.0,0.01330039,0.0,1.72
5967045.0,0.00156727,0.0,2.064
5967123.0,-0.00193737,0.0,1.72
5967201.0,0.00090698,0.0,2.408
5967279.0,0.00237992,0.0,2.064
5967357.0,0.01406236,0.0,2.408
5967435.0,-0.01753085,0.0,1.72
5967513.0,-0.00630558,0.0,1.72
5967592.0,0.00319264,0.0,2.064
5967670.0,-0.00645794,0.0,2.064
5967748.0,0.01909085,0.0,1.72
5967826.0,-0.00727059,0.0,2.408
5967904.0,-0.00366443,0.0,2.408
5967982.0,-0.01102934,0.0,2.408
5968060.0,-0.01326417,0.0,2.064
5968138.0,0.00014517,0.0,2.752
5968217.0,-0.00462944,0.0,2.064
5968295.0,0.01497661,0.0,2.064
5968373.0,-0.01656569,0.0,2.064
5968451.0,-0.00686434,0.0,2.064
5968529.0,0.00420857,0.0,2.064
5968607.0,0.01543377,0.0,2.064
5968685.0,-0.00178509,0.0,2.064
5968763.0,-0.00569605,0.0,2.064
5968841.0,0.0106084,0.0,2.064
5968920.0,-0.00396915,0.0,2.064
5968998.0,0.01893841,0.0,2.064
5969076.0,-0.00635642,0.0,1.72
5969154.0,0.00725612,0.0,2.064
5969232.0,0.00806877,0.0,2.064
5969310.0,0.00278632,0.0,2.064
5969388.0,0.00029745,0.0,2.064
5969466.0,-0.01671812,0.0,2.064
5969544.0,0.00944019,0.0,2.408
5969623.0,0.00263396,0.0,2.064
5969701.0,-0.01590532,0.0,2.408
5969779.0,-0.01448322,0.0,2.408
5969857.0,-0.00310566,0.0,2.064
5969935.0,-0.00193737,0.0,2.408
5970013.0,-0.00508653,0.0,2.408
5970091.0,-0.00193737,0.0,2.064
5970169.0,-0.01666729,0.0,2.408
5970248.0,9.425e-05,0.0,2.064
5970326.0,-0.00315642,0.0,2.752
5970404.0,-0.00503576,0.0,2.064
5970482.0,-0.01285785,0.0,2.408
5970560.0,0.01431624,0.0,2.064
5970638.0,0.00751001,0.0,2.752
5970716.0,-0.01301028,0.0,2.064
5970794.0,-0.00930229,0.0,2.064
5970872.0,0.00207519,0.0,1.72
5970951.0,0.00050073,0.0,2.064
5971029.0,-0.00808332,0.0,2.064
5971107.0,-0.0069151,0.0,2.064
5971185.0,0.00547831,0.0,2.064
5971263.0,-0.00610238,0.0,2.064
5971341.0,0.01441792,0.0,2.064
5971419.0,-0.00534049,0.0,1.376
5971497.0,-0.01209596,0.0,2.064
5971576.0,0.00791641,0.0,2.408
5971654.0,-0.00747379,0.0,2.064
5971732.0,-0.00310566,0.0,2.064
5971810.0,0.00014517,0.0,2.064
5971888.0,0.00705292,0.0,2.064
5971966.0,-0.00214057,0.0,2.064
5972044.0,0.01777027,0.0,2.064
5972122.0,0.00552915,0.0,2.064
5972200.0,-0.00808332,0.0,1.376
5972278.0,-0.01605784,0.0,2.064
5972357.0,-0.00371511,0.0,1.376
5972435.0,0.00293868,0.0,2.064
5972513.0,-0.00214057,0.0,1.376
5972591.0,0.0043101,0.0,2.064
5972669.0,-0.00595001,0.0,1.72
5972747.0,0.0110148,0.0,2.064
5972825.0,-0.00630558,0.0,2.752
5972903.0,-0.01935935,0.0,2.408
5972981.0,-0.00462944,0.0,2.064
5973060.0,0.01192905,0.0,2.064
5973138.0,0.00273548,0.0,2.064
5973216.0,-0.01189276,0.0,1.72
5973294.0,-0.00432471,0.0,2.408
5973372.0,-0.00320719,0.0,2.064
5973450.0,-0.00554376,0.0,2.064
5973528.0,0.02097019,0.0,2.064
5973606.0,0.00024669,0.0,2.064
5973684.0,0.00024669,0.0,2.064
5973763.0,-0.00391831,0.0,2.064
5973841.0,0.00197359,0.0,2.064
5973919.0,0.00395453,0.0,1.72
5973997.0,0.01340199,0.0,2.064
5974075.0,-0.01011509,0.0,2.408
5974153.0,-0.0051882,0.0,2.064
5974231.0,-0.00473096,0.0,2.064
5974310.0,-0.00854048,0.0,2.064
5974388.0,0.0041069,0.0,2.064
5974466.0,0.01853208,0.0,1.72
5974544.0,-0.01052134,0.0,2.064
5974622.0,-0.01189276,0.0,2.064
5974700.0,-0.00066756,0.0,2.064
5974778.0,0.02797962,0.0,2.064
5974856.0,-0.00854048,0.0,1.72
5974934.0,0.01670351,0.0,2.064
5975012.0,0.00227832,0.0,2.064
5975091.0,-0.00833728,0.0,1.72
5975169.0,-0.01143567,0.0,1.72
5975247.0,0.01065924,0.0,1.72
5975325.0,0.01035451,0.0,2.752
5975403.0,-0.00335955,0.0,2.064
5975481.0,-0.00407068,0.0,2.064
5975559.0,0.00436086,0.0,1.72
5975637.0,-0.00178509,0.0,1.72
5975716.0,-0.01722605,0.0,2.064
5975794.0,-0.0025469,0.0,2.408
5975872.0,-0.00513736,0.0,2.408
5975950.0,0.01721151,0.0,2.064
5976028.0,0.00395453,0.0,2.064
5976106.0,0.00888142,0.0,2.064
5976184.0,-0.01991804,0.0,2.064
5976262.0,-0.01133407,0.0,2.064
5976340.0,-0.00605169,0.0,2.752
5976419.0,-0.00655954,0.0,2.064
5976497.0,-0.00163265,0.0,2.408
5976575.0,-0.0115372,0.0,2.408
5976653.0,0.00126254,0.0,1.72
5976731.0,0.00197359,0.0,2.064
5976809.0,-0.00244537,0.0,2.408
5976887.0,-0.00183577,0.0,2.064
5976965.0,-0.01229916,0.0,2.752
5977044.0,-0.00076916,0.0,2.064
5977122.0,0.00461482,0.0,2.408
5977200.0,0.01345283,0.0,2.408
5977278.0,0.00243076,0.0,2.064
5977356.0,-0.004477,0.0,2.064
5977434.0,-0.0006168,0.0,2.064
5977512.0,-0.00391831,0.0,2.064
5977590.0,-0.00915001,0.0,2.064
5977669.0,-0.01483879,0.0,2.752
5977747.0,0.00298952,0.0,2.064
5977825.0,0.01766867,0.0,2.064
5977903.0,0.01385915,0.0,2.064
5977981.0,-0.00351199,0.0,2.064
5978059.0,0.0041069,0.0,1.376
5978137.0,0.00684972,0.0,2.064
5978215.0,-0.00198821,0.0,2.064
5978293.0,0.00593547,0.0,2.064
5978371.0,0.01680511,0.0,2.752
5978450.0,0.0063418,0.0,2.064
5978528.0,0.00852594,0.0,2.064
5978606.0,-0.00894688,0.0,2.064
5978684.0,-0.00620405,0.0,2.064
5978762.0,-0.02164502,0.0,1.72
5978840.0,-0.00869284,0.0,1.72
5978918.0,0.00202451,0.0,2.064
5978996.0,-0.00122632,0.0,2.064
5979074.0,-0.01240068,0.0,2.064
5979153.0,-0.01529587,0.0,1.376
5979231.0,0.00019585,0.0,2.064
5979309.0,-0.02438777,0.0,1.376
5979387.0,-0.00432471,0.0,2.064
5979465.0,-0.01778474,0.0,2.064
5979543.0,0.00771321,0.0,2.064
5979621.0,-0.00198821,0.0,2.064
5979699.0,-0.01306097,0.0,2.064
5979777.0,0.01406236,0.0,2.064
5979856.0,0.00522442,0.0,2.064
5979934.0,0.00395453,0.0,2.064
5980012.0,-0.01712438,0.0,1.72
5980090.0,0.00933851,0.0,2.064
5980168.0,-0.01021662,0.0,2.064
5980246.0,-0.00173425,0.0,2.064
5980324.0,0.00552915,0.0,2.064
5980403.0,-0.0140769,0.0,2.064
5980481.0,-0.00503576,0.0,2.064
5980559.0,-0.00356275,0.0,2.064
5980637.0,0.00248159,0.0,2.064
5980715.0,-0.0162102,0.0,2.064
5980793.0,-0.01306097,0.0,2.064
5980871.0,0.00639263,0.0,2.408
5980949.0,-0.02413388,0.0,2.064
5981027.0,-0.02641955,0.0,2.408
5981106.0,-0.0025469,0.0,2.064
5981184.0,0.01700831,0.0,2.064
5981262.0,-0.0205784,0.0,2.064
5981340.0,-0.00803255,0.0,2.408
5981418.0,0.0014149,0.0,2.408
5981496.0,0.00664667,0.0,2.064
5981574.0,0.01533217,0.0,2.064
5981652.0,-0.02123869,0.0,2.064
5981730.0,4.349e-05,0.0,3.096
5981809.0,0.0013133,0.0,2.064
5981887.0,0.00547831,0.0,2.752
5981965.0,-0.02073077,0.0,2.408
5982043.0,-0.00564529,0.0,2.064
5982121.0,0.01436716,0.0,2.064
5982199.0,0.01523057,0.0,2.408
5982277.0,0.00080545,0.0,2.064
5982355.0,0.01863368,0.0,1.72
5982433.0,0.01167509,0.0,2.064
5982512.0,-0.00264857,0.0,1.72
5982590.0,-0.00838812,0.0,2.064
5982668.0,-0.02525126,0.0,2.408
5982746.0,0.01182745,0.0,2.064
5982824.0,-0.01412774,0.0,2.064
5982902.0,-0.00884528,0.0,2.064
5982980.0,-0.00295322,0.0,2.064
5983058.0,-0.01951172,0.0,2.064
5983136.0,0.00583387,0.0,2.064
5983215.0,-0.00183577,0.0,2.408
5983293.0,0.00268479,0.0,2.064
5983371.0,-0.00645794,0.0,2.408
5983449.0,0.00608791,0.0,2.064
5983527.0,0.00339584,0.0,2.064
5983605.0,-0.02382908,0.0,2.064
5983683.0,0.00405613,0.0,2.064
5983761.0,-0.01036906,0.0,2.064
5983839.0,-0.00234385,0.0,2.064
5983918.0,-0.00828659,0.0,2.064
5983996.0,-0.02647031,0.0,2.064
5984074.0,0.0198019,0.0,1.376
5984152.0,-0.01732758,0.0,2.064
5984230.0,-0.01524504,0.0,1.376
5984308.0,0.00024669,0.0,1.72
5984386.0,-0.00747379,0.0,2.408
5984464.0,0.02310341,0.0,2.064
5984543.0,0.03011285,0.0,2.064
5984621.0,-0.01006426,0.0,2.064
5984699.0,0.00268479,0.0,1.72
5984777.0,0.00258319,0.0,2.064
5984855.0,-0.000312,0.0,1.376
5984933.0,-0.0027501,0.0,2.408
5985011.0,0.00730696,0.0,2.408
5985089.0,-0.01108011,0.0,1.72
5985167.0,-0.01748001,0.0,2.064
5985246.0,0.02056379,0.0,2.408
5985324.0,0.00420857,0.0,2.064
5985402.0,0.0067482,0.0,1.376
5985480.0,0.00867822,0.0,2.064
5985558.0,-0.01295945,0.0,2.064
5985636.0,0.00227832,0.0,2.064
5985714.0,-0.00960717,0.0,2.408
5985792.0,0.00740849,0.0,2.408
5985870.0,0.00705292,0.0,2.064
5985949.0,0.00715445,0.0,2.064
5986027.0,-0.01021662,0.0,2.064
5986105.0,-0.01392446,0.0,1.72
5986183.0,-0.00386755,0.0,2.064
5986261.0,-0.01615936,0.0,2.064
5986339.0,-0.01001342,0.0,2.064
5986417.0,-0.00010887,0.0,2.064
5986495.0,-0.00803255,0.0,2.064
5986573.0,-0.00386755,0.0,2.064
5986652.0,-0.00071832,0.0,2.064
5986730.0,-0.00767699,0.0,2.064
5986808.0,9.425e-05,0.0,2.064
5986886.0,-0.00584849,0.0,2.064
5986964.0,0.01010048,0.0,2.408
5987042.0,0.00136414,0.0,2.064
5987120.0,0.02569388,0.0,2.064
5987198.0,-0.01443246,0.0,2.064
5987277.0,0.00491962,0.0,2.064
5987355.0,-0.00879437,0.0,2.064
5987433.0,0.00578318,0.0,2.752
5987511.0,-0.01565151,0.0,2.408
5987589.0,0.00349737,0.0,2.064
5987667.0,-0.00056603,0.0,2.064
5987745.0,-0.0158038,0.0,2.064
5987823.0,-0.02352428,0.0,2.064
5987902.0,-0.0133657,0.0,2.064
5987980.0,0.00288792,0.0,2.064
5988058.0,0.00349737,0.0,2.408
5988136.0,0.01040528,0.0,2.064
5988214.0,-0.00244537,0.0,2.408
5988292.0,-0.00203897,0.0,2.064
5988370.0,0.01964961,0.0,2.064
5988448.0,-0.02829889,0.0,2.064
5988526.0,-0.01488962,0.0,2.064
5988605.0,0.01258934,0.0,2.064
5988683.0,-0.0119436,0.0,2.064
5988761.0,0.00405613,0.0,2.408
5988839.0,-0.00854048,0.0,1.72
5988917.0,-0.0119436,0.0,2.064
5988995.0,-0.00036283,0.0,2.064
5989073.0,-0.01260388,0.0,2.064
5989151.0,-0.01570227,0.0,1.72
5989229.0,-0.00645794,0.0,2.064
5989308.0,-0.0011248,0.0,2.064
5989386.0,0.00771321,0.0,2.064
5989464.0,0.00156727,0.0,2.064
5989542.0,-0.00930229,0.0,2.408
5989620.0,-0.01412774,0.0,1.72
5989698.0,-0.00935313,0.0,2.064
5989776.0,0.00740849,0.0,1.72
5989854.0,-0.00762623,0.0,1.72
5989932.0,-0.00996258,0.0,1.72
5990011.0,0.01111633,0.0,2.752
5990089.0,-0.00671198,0.0,2.064
5990167.0,-0.00330886,0.0,2.408
5990245.0,0.00542762,0.0,1.72
5990323.0,0.00583387,0.0,2.064
5990401.0,-0.01026746,0.0,1.72
5990479.0,-0.0293655,0.0,2.064
5990557.0,0.03148426,0.0,2.752
5990636.0,0.0051229,0.0,2.064
5990714.0,0.00116102,0.0,2.064
5990792.0,-0.01687056,0.0,2.064
5990870.0,-0.00320719,0.0,1.032
5990948.0,-0.000312,0.0,1.72
5991026.0,0.02163048,0.0,2.064
5991104.0,-0.00981037,0.0,1.72
5991182.0,0.01045604,0.0,1.72
5991261.0,0.01258934,0.0,2.408
5991339.0,-0.01280708,0.0,1.376
5991417.0,0.02630333,0.0,1.72
5991495.0,-0.00828659,0.0,2.064
5991573.0,-0.01367057,0.0,2.408
5991651.0,-0.0051882,0.0,1.376
5991729.0,-0.00909917,0.0,2.064
5991807.0,-0.00808332,0.0,2.064
5991885.0,0.00212603,0.0,2.064
5991964.0,-0.00391831,0.0,2.064
5992042.0,-0.00341039,0.0,2.064
5992120.0,-0.00671198,0.0,2.064
5992198.0,0.00847518,0.0,1.032
5992276.0,-0.0005152,0.0,2.064
5992354.0,0.00334508,0.0,2.064
5992432.0,0.01690671,0.0,2.064
5992510.0,-0.00788012,0.0,2.408
5992588.0,0.01025284,0.0,1.72
5992667.0,0.017567,0.0,2.064
5992745.0,-0.00534049,0.0,2.408
5992823.0,0.00888142,0.0,2.064
5992901.0,0.01040528,0.0,2.408
5992979.0,-0.01133407,0.0,2.064
5993057.0,0.00476733,0.0,2.064
5993135.0,-0.00727059,0.0,2.064
5993213.0,-0.00869284,0.0,2.064
5993291.0,-0.02012124,0.0,2.408
5993370.0,0.01365595,0.0,2.064
5993448.0,-0.01859747,0.0,2.408
5993526.0,-0.00767699,0.0,2.064
5993604.0,0.02107171,0.0,2.064
5993682.0,0.00578318,0.0,2.064
5993760.0,-0.01387377,0.0,2.064
5993838.0,0.00827197,0.0,2.064
5993916.0,-0.01021662,0.0,2.752
5993994.0,-0.01636256,0.0,2.064
5994072.0,-0.00904841,0.0,2.408
5994151.0,-0.00315642,0.0,2.064
5994229.0,0.02147811,0.0,2.408
5994307.0,-0.02027368,0.0,2.752
5994385.0,-0.01636256,0.0,2.752
5994463.0,0.01106556,0.0,2.064
5994541.0,-0.01819114,0.0,2.064
5994619.0,0.02610028,0.0,2.064
5994697.0,-0.00422319,0.0,2.408
5994776.0,0.0062402,0.0,2.064
5994854.0,0.00989728,0.0,2.408
5994932.0,-0.00269926,0.0,1.72
5995010.0,-0.01697209,0.0,2.064
5995088.0,-0.01615936,0.0,2.064
5995166.0,-0.01615936,0.0,2.064
5995244.0,-0.00442624,0.0,1.72
5995322.0,-0.01956248,0.0,2.064
5995401.0,-0.00777852,0.0,2.408
5995479.0,0.00705292,0.0,2.064
5995557.0,-0.0004136,0.0,2.064
5995635.0,-0.00102312,0.0,1.72
5995713.0,-0.01067378,0.0,2.064
5995791.0,0.00182131,0.0,2.064
5995869.0,0.00385301,0.0,2.408
5995947.0,0.00502115,0.0,2.064
5996026.0,0.01091313,0.0,2.064
5996104.0,0.0069514,0.0,2.064
5996182.0,-0.01361973,0.0,2.064
5996260.0,-0.00021047,0.0,2.064
5996338.0,-0.00391831,0.0,2.064
5996416.0,-0.01209596,0.0,1.72
5996494.0,0.01106556,0.0,1.376
5996572.0,-0.00620405,0.0,1.72
5996650.0,-0.02108626,0.0,2.064
5996729.0,-0.01245152,0.0,1.72
5996807.0,-0.00544209,0.0,2.408
5996885.0,-0.00351199,0.0,1.376
5996963.0,-0.0158038,0.0,2.064
5997041.0,0.00263396,0.0,1.376
5997119.0,0.00517358,0.0,2.064
5997197.0,-0.00838812,0.0,1.72
5997275.0,-0.00081992,0.0,2.064
5997353.0,-0.00269926,0.0,2.752
5997431.0,-0.00036283,0.0,2.064
5997510.0,0.01355443,0.0,2.064
5997588.0,0.00832266,0.0,2.064
5997666.0,-0.02337207,0.0,2.064
5997744.0,-0.00991189,0.0,1.376
5997822.0,0.01380839,0.0,1.72
5997900.0,0.02498275,0.0,1.72
5997978.0,-0.0028517,0.0,2.064
5998056.0,-0.00198821,0.0,2.408
5998134.0,-0.01097858,0.0,2.064
5998213.0,0.01208134,0.0,2.064
5998291.0,-0.01438162,0.0,1.72
5998369.0,-0.00427388,0.0,2.064
5998447.0,-0.02850201,0.0,2.064
5998525.0,0.00146574,0.0,2.064
5998603.0,-0.00950557,0.0,2.064
5998681.0,0.01751623,0.0,2.064
5998759.0,-0.00752463,0.0,2.064
5998838.0,-0.00671198,0.0,2.064
5998916.0,0.01827812,0.0,2.064
5998994.0,-0.00117548,0.0,1.72
5999072.0,-0.00534049,0.0,2.064
5999150.0,-0.0011248,0.0,2.752
5999228.0,0.00182131,0.0,2.064
5999306.0,-0.02083237,0.0,2.064
5999384.0,0.01116716,0.0,2.064
5999463.0,-0.00833728,0.0,2.064
5999541.0,-0.00635642,0.0,2.064
5999619.0,0.00801794,0.0,2.752
5999697.0,0.01385915,0.0,1.72
5999775.0,0.00598623,0.0,2.064
5999853.0,-0.01102934,0.0,2.064
5999931.0,0.00466566,0.0,2.752
6000009.0,-0.01712438,0.0,2.064
6000087.0,-0.01204512,0.0,2.064
6000165.0,-0.01204512,0.0,2.064
6000244.0,-0.01062294,0.0,2.408
6000322.0,0.00385301,0.0,2.064
6000400.0,-0.00473096,0.0,2.064
6000478.0,-0.00706754,0.0,1.72
6000556.0,0.00847518,0.0,2.752
6000634.0,-0.00589918,0.0,2.064
6000712.0,0.00400537,0.0,2.064
6000790.0,-0.00904841,0.0,1.72
6000868.0,-0.0025469,0.0,2.064
6000947.0,0.00415773,0.0,2.408
6001025.0,-0.00193737,0.0,1.376
6001103.0,0.00491962,0.0,2.408
6001181.0,-0.00163265,0.0,2.064
6001259.0,-0.01615936,0.0,2.064
6001337.0,-0.00803255,0.0,1.72
6001415.0,0.0106084,0.0,2.064
6001493.0,0.00913546,0.0,2.408
6001572.0,-0.01443246,0.0,1.72
6001650.0,-0.02184814,0.0,2.064
6001728.0,-0.00097236,0.0,2.408
6001806.0,-0.02179746,0.0,1.376
6001884.0,-0.00127709,0.0,1.72
6001962.0,0.01015131,0.0,1.72
6002040.0,-0.01219748,0.0,2.064
6002119.0,0.0083735,0.0,2.064
6002197.0,-0.00137861,0.0,2.064
6002275.0,0.01253858,0.0,1.376
6002353.0,0.0045133,0.0,2.408
6002431.0,-0.00854048,0.0,2.064
6002509.0,-0.00198821,0.0,2.064
6002587.0,0.01253858,0.0,1.032
6002665.0,-0.00630558,0.0,2.064
6002743.0,-0.00899757,0.0,2.408
6002822.0,0.01416388,0.0,2.064
6002900.0,0.00024669,0.0,2.064
6002978.0,0.00557991,0.0,2.064
6003056.0,-0.01768314,0.0,1.72
6003134.0,0.00182131,0.0,1.376
6003212.0,0.00984659,0.0,2.064
6003290.0,-0.00737227,0.0,2.064
6003368.0,0.01639878,0.0,2.064
6003446.0,0.01274163,0.0,2.752
6003524.0,0.00187207,0.0,2.064
6003603.0,0.00329424,0.0,1.72
6003681.0,-0.01844503,0.0,2.064
6003759.0,0.00192283,0.0,2.064
6003837.0,-0.01433086,0.0,2.064
6003915.0,0.00248159,0.0,2.064
6003993.0,0.00491962,0.0,2.408
6004071.0,0.00817037,0.0,2.064
6004149.0,-0.01087691,0.0,2.064
6004228.0,-0.00315642,0.0,2.064
6004306.0,0.01548446,0.0,2.064
6004384.0,-0.01626096,0.0,2.064
6004462.0,-0.00015956,0.0,2.064
6004540.0,0.00690049,0.0,2.064
6004618.0,0.00197359,0.0,2.064
6004696.0,-0.0046802,0.0,2.408
6004774.0,0.00583387,0.0,2.064
6004852.0,0.00314188,0.0,2.064
6004931.0,0.00938943,0.0,2.064
6005009.0,-0.004985,0.0,2.064
6005087.0,-0.00452791,0.0,1.72
6005165.0,-0.01011509,0.0,2.408
6005243.0,-0.00859132,0.0,2.408
6005321.0,0.01477348,0.0,2.408
6005399.0,-0.00046443,0.0,2.064
6005477.0,0.00979575,0.0,2.408
6005555.0,0.01289414,0.0,2.064
6005634.0,-0.00330886,0.0,2.064
6005712.0,-0.0291623,0.0,2.064
6005790.0,-0.00015956,0.0,2.408
6005868.0,0.00268479,0.0,2.064
6005946.0,-0.00153105,0.0,3.096
6006024.0,0.03305887,0.0,2.064
6006102.0,-0.00483264,0.0,2.064
6006180.0,0.01319887,0.0,2.064
6006258.0,-0.02271171,0.0,2.064
6006337.0,-0.0045786,0.0,2.064
6006415.0,-0.00341039,0.0,2.408
6006493.0,0.00288792,0.0,2.408
6006571.0,-0.00158189,0.0,2.408
6006649.0,-0.02321956,0.0,2.064
6006727.0,-0.02225454,0.0,2.064
6006805.0,-0.00655954,0.0,2.064
6006883.0,0.01131953,0.0,1.72
6006961.0,-0.00965786,0.0,2.064
6007040.0,-0.02494653,0.0,2.408
6007118.0,-0.01930851,0.0,2.752
6007196.0,-0.00986106,0.0,2.064
6007274.0,-0.00528973,0.0,2.064
6007352.0,-0.00305482,0.0,1.72
6007430.0,4.349e-05,0.0,2.064
6007508.0,-0.00803255,0.0,1.72
6007586.0,-0.00503576,0.0,2.064
6007664.0,-0.00584849,0.0,2.064
6007743.0,0.00700209,0.0,2.408
6007821.0,-0.0069151,0.0,2.064
6007899.0,-0.01473719,0.0,2.408
6007977.0,0.00618943,0.0,2.064
6008055.0,0.00380217,0.0,2.064
6008133.0,-0.00828659,0.0,2.064
6008211.0,-0.00341039,0.0,2.064
6008290.0,-0.00056603,0.0,2.408
6008368.0,0.01406236,0.0,2.064
6008446.0,0.00161803,0.0,2.408
6008524.0,-0.00899757,0.0,2.064
6008602.0,0.01528133,0.0,2.064
6008680.0,0.0090847,0.0,2.064
6008758.0,-0.00071832,0.0,1.376
6008836.0,0.00248159,0.0,1.72
6008914.0,0.00893226,0.0,2.752
6008993.0,0.0045133,0.0,1.72
6009071.0,0.00822114,0.0,2.064
6009149.0,0.00024669,0.0,3.096
6009227.0,-0.00178509,0.0,1.72
6009305.0,-0.01798786,0.0,2.064
6009383.0,0.00456413,0.0,1.72
6009461.0,-0.00325795,0.0,2.408
6009539.0,0.00415773,0.0,2.064
6009617.0,-0.01702285,0.0,2.064
6009696.0,0.00537671,0.0,2.408
6009774.0,-0.01509275,0.0,2.064
6009852.0,0.00811954,0.0,2.408
6009930.0,-0.01041982,0.0,2.064
6010008.0,-0.0006168,0.0,2.064
6010086.0,0.01528133,0.0,2.064
6010164.0,-0.00026131,0.0,1.72
6010242.0,-0.01763238,0.0,2.408
6010321.0,-0.01778474,0.0,2.064
6010399.0,0.00537671,0.0,2.064
6010477.0,-0.0070167,0.0,2.064
6010555.0,-0.00239454,0.0,2.064
6010633.0,-0.016007,0.0,2.064
6010711.0,-0.01367057,0.0,2.064
6010789.0,0.01197982,0.0,2.064
6010867.0,0.00522442,0.0,2.064
6010945.0,-0.01168963,0.0,2.064
6011024.0,-0.03007663,0.0,2.064
6011102.0,0.00502115,0.0,2.064
6011180.0,0.00116102,0.0,2.064
6011258.0,0.01492569,0.0,2.064
6011336.0,-0.00528973,0.0,2.064
6011414.0,0.00751001,0.0,1.72
6011492.0,-7.27e-06,0.0,2.064
6011570.0,-0.00269926,0.0,2.064
6011648.0,0.01949717,0.0,2.064
6011727.0,0.00161803,0.0,2.064
6011805.0,-0.00300414,0.0,2.064
6011883.0,-0.00762623,0.0,2.064
6011961.0,0.00324356,0.0,2.752
6012039.0,0.00349737,0.0,2.064
6012117.0,-0.00178509,0.0,2.408
6012195.0,0.00999888,0.0,2.064
6012273.0,0.00304028,0.0,2.408
6012351.0,-0.02088313,0.0,2.064
6012430.0,0.00202451,0.0,2.064
6012508.0,-0.00559445,0.0,2.064
6012586.0,0.00481802,0.0,2.064
6012664.0,-0.00305482,0.0,2.064
6012742.0,0.00608791,0.0,2.752
6012820.0,0.00806877,0.0,2.064
6012898.0,-0.03617173,0.0,2.064
6012977.0,0.02036059,0.0,2.064
6013055.0,-0.0025469,0.0,2.064
6013133.0,-0.00219134,0.0,2.064
6013211.0,-0.0045786,0.0,2.064
6013289.0,-0.01280708,0.0,2.408
6013367.0,-0.004985,0.0,2.064
6013445.0,-0.00244537,0.0,2.064
6013523.0,0.0012117,0.0,2.064
6013601.0,-0.01240068,0.0,2.064
6013680.0,-0.01057218,0.0,1.376
6013758.0,0.00288792,0.0,2.064
6013836.0,-0.02235607,0.0,2.064
6013914.0,-0.00107388,0.0,2.064
6013992.0,-0.01240068,0.0,2.408
6014070.0,-0.00803255,0.0,2.064
6014148.0,-0.01448322,0.0,1.72
6014226.0,-0.00879437,0.0,2.408
6014304.0,0.00364981,0.0,1.72
6014382.0,-0.00955633,0.0,2.064
6014461.0,0.00563067,0.0,1.72
6014539.0,-0.00356275,0.0,2.408
6014617.0,-0.0004136,0.0,1.72
6014695.0,-0.00102312,0.0,2.064
6014773.0,-0.00315642,0.0,2.064
6014851.0,0.00832266,0.0,2.064
6014929.0,0.00827197,0.0,2.064
6015007.0,-0.01392446,0.0,2.064
6015085.0,0.00659576,0.0,2.408
6015164.0,-0.01118163,0.0,1.72
6015242.0,-0.01463559,0.0,2.064
6015320.0,-0.0051882,0.0,2.064
6015398.0,-0.00132792,0.0,2.064
6015476.0,-0.00295322,0.0,1.72
6015554.0,-0.02134022,0.0,2.064
6015632.0,-0.00828659,0.0,2.064
6015710.0,-0.00127709,0.0,2.064
6015789.0,-0.00930229,0.0,2.752
6015867.0,0.00309104,0.0,1.72
6015945.0,0.00370057,0.0,2.064
6016023.0,0.00872906,0.0,2.064
6016101.0,-0.01666729,0.0,2.064
6016179.0,-0.01077538,0.0,2.064
6016257.0,0.00715445,0.0,2.064
6016335.0,0.00781481,0.0,2.408
6016414.0,0.00243076,0.0,1.72
6016492.0,0.01584002,0.0,2.064
6016570.0,-0.02144182,0.0,2.064
6016648.0,0.01162425,0.0,2.064
6016726.0,-0.00981037,0.0,1.376
6016804.0,-0.00122632,0.0,2.064
6016882.0,-0.01463559,0.0,2.064
6016960.0,-0.00214057,0.0,2.064
6017038.0,-0.01280708,0.0,2.408
6017117.0,-0.00686434,0.0,2.064
6017195.0,0.01771936,0.0,1.72
6017273.0,0.02828434,0.0,1.72
6017351.0,-0.00163265,0.0,2.064
6017429.0,-0.00625474,0.0,2.064
6017507.0,-0.00615322,0.0,2.752
6017585.0,0.00207519,0.0,2.408
6017663.0,0.00065302,0.0,2.752
6017741.0,-0.00015956,0.0,2.064
6017820.0,0.00806877,0.0,2.064
6017898.0,-0.00229294,0.0,2.064
6017976.0,-0.01422926,0.0,2.408
6018054.0,-0.01905463,0.0,2.064
6018132.0,-0.01138483,0.0,2.752
6018210.0,0.00745925,0.0,2.064
6018288.0,-0.00158189,0.0,2.752
6018366.0,0.02117339,0.0,1.72
6018444.0,-0.00021047,0.0,2.064
6018523.0,-0.00615322,0.0,2.064
6018601.0,0.00207519,0.0,2.064
6018679.0,0.00649416,0.0,2.064
6018757.0,0.00664667,0.0,2.408
6018835.0,-0.00513736,0.0,2.408
6018913.0,-0.01585464,0.0,2.064
6018991.0,-0.00315642,0.0,2.064
6019069.0,-0.00183577,0.0,2.064
6019147.0,-0.01275625,0.0,2.064
6019226.0,0.0043101,0.0,1.72
6019304.0,-0.01428002,0.0,2.064
6019382.0,-0.00478173,0.0,2.408
6019460.0,0.00283708,0.0,2.064
6019538.0,-0.01067378,0.0,1.72
6019616.0,0.01629718,0.0,2.064
6019694.0,-0.0163118,0.0,1.72
6019772.0,-0.01311181,0.0,2.064
6019851.0,-0.00488348,0.0,1.376
6019929.0,-0.00478173,0.0,2.064
6020007.0,0.00136414,0.0,1.72
6020085.0,-0.01006426,0.0,2.408
6020163.0,-0.004985,0.0,2.064
6020241.0,0.00964331,0.0,2.064
6020319.0,-0.00635642,0.0,2.064
6020397.0,0.00827197,0.0,2.064
6020475.0,-0.00696594,0.0,1.72
6020554.0,0.00111018,0.0,2.064
6020632.0,0.00212603,0.0,2.408
6020710.0,-0.01758161,0.0,2.064
6020788.0,-0.01753085,0.0,2.408
6020866.0,0.00334508,0.0,2.064
6020944.0,-0.01773398,0.0,2.064
6021022.0,-0.00737227,0.0,2.064
6021100.0,0.02218916,0.0,2.408
6021179.0,-5.803e-05,0.0,2.408
6021257.0,0.0174654,0.0,2.064
6021335.0,-0.01565151,0.0,2.408
6021413.0,0.00756085,0.0,2.064
6021491.0,0.01563689,0.0,2.064
6021569.0,0.01766867,0.0,1.376
6021647.0,0.0012117,0.0,1.72
6021725.0,0.01446868,0.0,2.064
6021803.0,-0.01097858,0.0,1.72
6021881.0,-0.01006426,0.0,2.064
6021960.0,0.00552915,0.0,2.408
6022038.0,0.01208134,0.0,2.064
6022116.0,0.00705292,0.0,2.064
6022194.0,-0.01753085,0.0,2.064
6022272.0,-0.0005152,0.0,2.064
6022350.0,-0.01163887,0.0,2.064
6022428.0,0.00359897,0.0,2.408
6022506.0,0.02005586,0.0,1.72
6022584.0,0.00872906,0.0,2.064
6022663.0,-0.00544209,0.0,2.064
6022741.0,0.00283708,0.0,2.064
6022819.0,0.00044989,0.0,2.064
6022897.0,-0.0043754,0.0,2.064
6022975.0,-0.00244537,0.0,2.064
6023053.0,0.00491962,0.0,2.064
6023131.0,0.0067482,0.0,2.752
6023209.0,0.00522442,0.0,2.064
6023288.0,0.00278632,0.0,2.064
6023366.0,0.01624642,0.0,2.408
6023444.0,-0.00300414,0.0,1.72
6023522.0,-0.004985,0.0,2.064
6023600.0,-0.01783558,0.0,2.064
6023678.0,-0.01361973,0.0,2.064
6023756.0,0.01040528,0.0,2.064
6023834.0,0.01142105,0.0,2.064
6023913.0,0.0012117,0.0,2.064
6023991.0,0.00827197,0.0,2.408
6024069.0,-0.00833728,0.0,2.064
6024147.0,0.00314188,0.0,1.72
6024225.0,-0.01605784,0.0,2.064
6024303.0,0.00202451,0.0,2.408
6024381.0,0.00959255,0.0,2.408
6024459.0,0.01553529,0.0,2.064
6024537.0,0.00395453,0.0,2.064
6024616.0,-0.01199443,0.0,2.064
6024694.0,0.01035451,0.0,2.064
6024772.0,0.01335123,0.0,2.064
6024850.0,-0.02220371,0.0,2.064
6024928.0,-0.01052134,0.0,2.408
6025006.0,0.00730696,0.0,2.064
6025084.0,-0.00249614,0.0,2.064
6025162.0,-0.00320719,0.0,2.064
6025240.0,-0.01285785,0.0,2.064
6025319.0,0.00065302,0.0,1.72
6025397.0,-0.02296559,0.0,2.064
6025475.0,-0.00894688,0.0,2.064
6025553.0,-0.02387984,0.0,1.72
6025631.0,-0.004985,0.0,2.064
6025709.0,0.00029745,0.0,2.408
6025787.0,0.01213218,0.0,2.064
6025865.0,-0.00432471,0.0,1.72
6025943.0,-0.01453406,0.0,2.064
6026022.0,0.01751623,0.0,2.064
6026100.0,-0.01006426,0.0,2.064
6026178.0,-0.00046443,0.0,2.064
6026256.0,0.00415773,0.0,2.408
6026334.0,0.00192283,0.0,2.064
6026412.0,0.0061386,0.0,2.064
6026490.0,0.00466566,0.0,2.064
6026568.0,-0.00605169,0.0,1.72
6026646.0,-0.00295322,0.0,2.064
6026725.0,-0.00422319,0.0,2.064
6026803.0,0.00156727,0.0,2.064
6026881.0,-0.00198821,0.0,2.064
6026959.0,0.00659576,0.0,2.752
6027037.0,0.02086851,0.0,2.064
6027115.0,0.00060225,0.0,1.376
6027193.0,0.01680511,0.0,2.408
6027272.0,0.00060225,0.0,2.064
6027350.0,-0.00148021,0.0,2.064
6027428.0,-0.00153105,0.0,2.408
6027506.0,-0.02164502,0.0,2.064
6027584.0,-0.00828659,0.0,2.064
6027662.0,-0.004985,0.0,1.72
6027740.0,-0.00782935,0.0,2.064
6027818.0,0.01248782,0.0,1.72
6027896.0,-0.01798786,0.0,2.064
6027974.0,0.02330661,0.0,2.064
6028053.0,-0.01118163,0.0,2.064
6028131.0,0.00334508,0.0,2.064
6028209.0,0.01045604,0.0,2.064
6028287.0,0.0087799,0.0,2.064
6028365.0,-0.00960717,0.0,1.72
6028443.0,-0.01168963,0.0,2.064
6028521.0,-0.0066103,0.0,2.064
6028599.0,0.01223378,0.0,2.064
6028677.0,-0.01687056,0.0,2.064
6028756.0,0.00116102,0.0,2.064
6028834.0,-0.01209596,0.0,2.064
6028912.0,0.01197982,0.0,2.064
6028990.0,-0.00904841,0.0,2.064
6029068.0,-0.00325795,0.0,1.72
6029146.0,-0.0004136,0.0,2.064
6029224.0,-0.00513736,0.0,2.064
6029302.0,0.00034829,0.0,2.064
6029380.0,-0.00595001,0.0,2.064
6029459.0,0.01492569,0.0,2.064
6029537.0,0.01446868,0.0,2.064
6029615.0,0.0130465,0.0,2.064
6029693.0,-0.004985,0.0,2.064
6029771.0,0.01655122,0.0,2.408
6029849.0,-0.01331501,0.0,2.064
6029927.0,0.00222763,0.0,2.064
6030006.0,-0.00158189,0.0,2.064
6030084.0,-0.02174654,0.0,2.064
6030162.0,-0.00071832,0.0,2.408
6030240.0,-0.00163265,0.0,2.064
6030318.0,0.01467188,0.0,2.408
6030396.0,-0.00589918,0.0,2.064
6030474.0,-0.00808332,0.0,3.096
6030552.0,0.01634802,0.0,2.064
6030630.0,0.00471642,0.0,2.408
6030709.0,0.01071008,0.0,2.064
6030787.0,-0.01819114,0.0,2.064
6030865.0,-0.0133657,0.0,2.064
6030943.0,-0.00772783,0.0,2.064
6031021.0,-0.02438777,0.0,2.064
6031099.0,0.00324356,0.0,2.064
6031177.0,0.00415773,0.0,2.064
6031255.0,-0.01570227,0.0,2.064
6031333.0,0.00019585,0.0,2.064
6031412.0,-0.00310566,0.0,2.064
6031490.0,-0.00803255,0.0,2.064
6031568.0,-0.00036283,0.0,2.064
6031646.0,0.00156727,0.0,2.064
6031724.0,-0.01585464,0.0,2.752
6031802.0,-0.00899757,0.0,2.064
6031880.0,-0.00183577,0.0,1.376
6031958.0,-0.00869284,0.0,2.064
6032036.0,0.01050688,0.0,2.064
6032115.0,-0.00036283,0.0,2.064
6032193.0,-0.01108011,0.0,1.376
6032271.0,-0.00981037,0.0,2.408
6032349.0,0.00146574,0.0,1.72
6032427.0,-0.00823575,0.0,2.064
6032505.0,0.00278632,0.0,1.72
6032583.0,-0.01158803,0.0,2.408
6032661.0,-0.02616558,0.0,1.72
6032739.0,-0.01158803,0.0,2.064
6032818.0,-0.0187499,0.0,1.032
6032896.0,0.02604937,0.0,2.064
6032974.0,0.00552915,0.0,2.408
6033052.0,-0.00960717,0.0,2.064
6033130.0,0.02279869,0.0,2.064
6033208.0,0.00024669,0.0,2.064
6033286.0,0.00603707,0.0,2.064
6033365.0,-0.00122632,0.0,2.064
6033443.0,-0.00026131,0.0,2.064
6033521.0,0.00999888,0.0,2.408
6033599.0,-0.02235607,0.0,2.064
6033677.0,0.00649416,0.0,2.064
6033755.0,-0.00315642,0.0,1.72
6033833.0,-0.00137861,0.0,2.064
6033911.0,0.00095774,0.0,2.064
6033989.0,-0.00539133,0.0,1.72
6034067.0,0.00253236,0.0,2.064
6034146.0,-0.00854048,0.0,2.408
6034224.0,0.00710376,0.0,1.376
6034302.0,-0.00356275,0.0,1.72
6034380.0,-0.00782935,0.0,2.064
6034458.0,0.00095774,0.0,2.064
6034536.0,0.00573235,0.0,2.064
6034614.0,0.0124369,0.0,2.064
6034692.0,-0.0122484,0.0,2.064
6034770.0,0.00263396,0.0,2.064
6034849.0,-0.00432471,0.0,1.72
6034927.0,-0.00107388,0.0,2.064
6035005.0,-0.00066756,0.0,2.408
6035083.0,0.00771321,0.0,2.064
6035161.0,0.00745925,0.0,2.064
6035239.0,0.00751001,0.0,2.064
6035317.0,-0.00422319,0.0,2.064
6035395.0,-0.00168349,0.0,2.064
6035473.0,-0.00442624,0.0,2.064
6035552.0,0.01253858,0.0,2.064
6035630.0,-0.01666729,0.0,2.064
6035708.0,-5.803e-05,0.0,2.064
6035786.0,0.00730696,0.0,2.064
6035864.0,0.00690049,0.0,2.064
6035942.0,-0.00320719,0.0,2.064
6036020.0,-0.00889604,0.0,2.064
6036098.0,0.02183367,0.0,2.064
6036177.0,-0.00503576,0.0,2.408
6036255.0,0.00923699,0.0,2.064
6036333.0,0.02300189,0.0,2.408
6036411.0,-0.00772783,0.0,1.72
6036489.0,-0.00650878,0.0,2.064
6036567.0,0.00969408,0.0,2.064
6036645.0,-0.02042597,0.0,2.408
6036723.0,0.00136414,0.0,2.064
6036802.0,-0.01697209,0.0,2.064
6036880.0,-0.00401991,0.0,2.064
6036958.0,0.00720529,0.0,2.064
6037036.0,-0.02001964,0.0,2.064
6037114.0,-0.00142952,0.0,2.408
6037192.0,0.00969408,0.0,2.064
6037270.0,0.00415773,0.0,3.096
6037348.0,-0.00142952,0.0,1.72
6037426.0,0.00923699,0.0,2.064
6037505.0,-0.01438162,0.0,2.064
6037583.0,-0.00889604,0.0,2.064
6037661.0,0.02513519,0.0,2.064
6037739.0,-0.0187499,0.0,2.064
6037817.0,0.00385301,0.0,2.064
6037895.0,-0.0205784,0.0,2.064
6037973.0,0.00583387,0.0,2.408
6038051.0,-0.01128323,0.0,2.064
6038129.0,-0.00757539,0.0,2.064
6038208.0,-0.00056603,0.0,1.72
6038286.0,0.02528748,0.0,2.064
6038364.0,-0.00894688,0.0,1.72
6038442.0,0.00268479,0.0,2.064
6038520.0,-0.00915001,0.0,2.752
6038598.0,0.01802408,0.0,2.064
6038676.0,0.00273548,0.0,1.72
6038754.0,-0.02164502,0.0,1.72
6038832.0,0.02015746,0.0,1.376
6038910.0,-0.01473719,0.0,2.064
6038989.0,0.00502115,0.0,1.376
6039067.0,-0.01519435,0.0,2.064
6039145.0,0.01274163,0.0,1.72
6039223.0,-0.01316265,0.0,2.064
6039301.0,0.01116716,0.0,2.064
6039379.0,0.01802408,0.0,2.064
6039457.0,0.01451944,0.0,1.72
6039535.0,0.00847518,0.0,2.064
6039614.0,-0.02357512,0.0,2.408
6039692.0,0.00151651,0.0,2.064
6039770.0,-0.00671198,0.0,2.408
6039848.0,-0.01148651,0.0,2.064
6039926.0,0.00319264,0.0,2.064
6040004.0,-0.00549293,0.0,2.064
6040082.0,0.01330039,0.0,1.72
6040160.0,-0.01072454,0.0,2.064
6040239.0,-0.00869284,0.0,2.064
6040317.0,0.00258319,0.0,1.72
6040395.0,-0.00803255,0.0,2.064
6040473.0,-0.01072454,0.0,2.064
6040551.0,0.01233538,0.0,2.064
6040629.0,-0.01250221,0.0,1.72
6040707.0,-0.00376595,0.0,2.064
6040785.0,0.03610643,0.0,2.064
6040863.0,0.00542762,0.0,2.752
6040942.0,0.00583387,0.0,2.064
6041020.0,0.00781481,0.0,2.064
6041098.0,0.00872906,0.0,2.064
6041176.0,0.00319264,0.0,2.064
6041254.0,-0.00076916,0.0,1.376
6041332.0,-0.00569605,0.0,2.064
6041410.0,-0.01478802,0.0,2.064
6041488.0,0.00872906,0.0,2.064
6041566.0,-0.02255927,0.0,2.752
6041645.0,0.00288792,0.0,1.72
6041723.0,0.00568143,0.0,2.064
6041801.0,-0.01661653,0.0,2.064
6041879.0,0.00888142,0.0,2.408
6041957.0,-0.0236768,0.0,2.064
6042035.0,0.01071008,0.0,2.408
6042113.0,-0.000312,0.0,2.064
6042191.0,0.00796725,0.0,2.064
6042269.0,-0.02504806,0.0,2.064
6042348.0,0.01487501,0.0,2.408
6042426.0,-0.00975953,0.0,2.064
6042504.0,0.00187207,0.0,2.064
6042582.0,-0.00742295,0.0,2.064
6042660.0,0.01045604,0.0,2.408
6042738.0,-0.00630558,0.0,1.72
6042816.0,-0.0069151,0.0,2.064
6042895.0,-0.00584849,0.0,2.408
6042973.0,-0.01651493,0.0,2.064
6043051.0,0.01411312,0.0,1.72
6043129.0,0.006545,0.0,2.064
6043207.0,-0.00097236,0.0,2.408
6043285.0,0.00583387,0.0,2.064
6043363.0,-0.01854663,0.0,1.72
6043441.0,0.00085622,0.0,1.72
6043519.0,0.01604322,0.0,2.064
6043598.0,0.01431624,0.0,1.72
6043676.0,-0.00335955,0.0,1.72
6043754.0,0.00603707,0.0,2.064
6043832.0,-0.00229294,0.0,1.72
6043910.0,0.00801794,0.0,2.064
6043988.0,0.00903379,0.0,2.064
6044066.0,-0.01885143,0.0,1.376
6044144.0,-0.01245152,0.0,2.064
6044222.0,0.01660198,0.0,2.064
6044301.0,0.01355443,0.0,1.376
6044379.0,-0.02362588,0.0,1.376
6044457.0,0.00867822,0.0,1.72
6044535.0,-0.01047066,0.0,1.376
6044613.0,0.02208756,0.0,2.752
6044691.0,0.00070385,0.0,1.376
6044769.0,-0.00940389,0.0,2.064
6044847.0,-0.00305482,0.0,2.064
6044925.0,-0.016007,0.0,2.064
6045004.0,0.00735765,0.0,1.376
6045082.0,-0.01351821,0.0,2.064
6045160.0,-0.008642,0.0,2.752
6045238.0,-0.01504199,0.0,2.064
6045316.0,0.00161803,0.0,2.064
6045394.0,0.01492569,0.0,2.064
6045472.0,-0.00442624,0.0,2.064
6045550.0,0.00222763,0.0,2.064
6045629.0,0.01279254,0.0,2.064
6045707.0,-0.00523889,0.0,2.064
6045785.0,0.0240685,0.0,2.064
6045863.0,-0.00793103,0.0,2.064
6045941.0,-0.01123247,0.0,2.064
6046019.0,0.0311287,0.0,2.064
6046097.0,-0.01011509,0.0,2.064
6046175.0,-0.01565151,0.0,2.064
6046253.0,0.02411927,0.0,1.72
6046332.0,-0.01382293,0.0,2.064
6046410.0,-0.00564529,0.0,2.408
6046488.0,-0.00239454,0.0,2.064
6046566.0,-0.00595001,0.0,2.064
6046644.0,-0.00015956,0.0,2.064
6046722.0,-0.00269926,0.0,2.064
6046800.0,-0.00117548,0.0,1.72
6046878.0,-0.00401991,0.0,2.064
6046956.0,-0.00239454,0.0,2.064
6047035.0,-0.01590532,0.0,2.064
6047113.0,0.01964961,0.0,2.408
6047191.0,-0.00102312,0.0,2.064
6047269.0,-0.03500352,0.0,2.064
6047347.0,0.00517358,0.0,1.72
6047425.0,-0.01219748,0.0,2.064
6047503.0,0.00761169,0.0,2.064
6047581.0,-0.00483264,0.0,1.72
6047659.0,0.0131481,0.0,2.064
6047738.0,0.01071008,0.0,2.064
6047816.0,-0.01306097,0.0,2.064
6047894.0,0.01685595,0.0,2.064
6047972.0,0.00395453,0.0,2.064
6048050.0,-0.00208981,0.0,2.408
6048128.0,0.0124369,0.0,2.064
6048206.0,0.0124369,0.0,2.064
6048284.0,0.00649416,0.0,2.064
6048362.0,-0.01382293,0.0,2.408
6048441.0,0.00928783,0.0,2.064
6048519.0,0.01345283,0.0,2.408
6048597.0,-0.00386755,0.0,1.72
6048675.0,0.01675435,0.0,2.408
6048753.0,0.00801794,0.0,2.064
6048831.0,0.01086229,0.0,2.064
6048909.0,0.00100858,0.0,2.064
6048987.0,0.01096396,0.0,2.408
6049066.0,-0.01097858,0.0,2.064
6049144.0,-0.00198821,0.0,2.064
6049222.0,0.01639878,0.0,2.064
6049300.0,0.00116102,0.0,2.064
6049378.0,-0.01057218,0.0,2.064
6049456.0,-0.01509275,0.0,2.064
6049534.0,-0.01031814,0.0,1.72
6049612.0,-0.02139105,0.0,2.064
6049691.0,-0.02565766,0.0,1.72
6049769.0,-0.00066756,0.0,1.376
6049847.0,0.0126401,0.0,1.72
6049925.0,-0.00925161,0.0,1.72
6050003.0,-0.01361973,0.0,1.72
6050081.0,-0.008642,0.0,2.064
6050159.0,0.01426541,0.0,2.064
6050237.0,-0.0045786,0.0,2.064
6050315.0,0.0090847,0.0,2.064
6050393.0,0.00055142,0.0,1.72
6050472.0,0.00568143,0.0,2.064
6050550.0,-0.01646409,0.0,1.72
6050628.0,-0.00564529,0.0,2.064
6050706.0,-0.01829266,0.0,2.408
6050784.0,-0.00335955,0.0,2.064
6050862.0,-0.01549907,0.0,1.72
6050940.0,0.00283708,0.0,2.064
6051018.0,-0.0205784,0.0,1.72
6051097.0,0.01639878,0.0,1.72
6051175.0,-0.00015956,0.0,2.064
6051253.0,0.01426541,0.0,2.408
6051331.0,-0.01235,0.0,2.064
6051409.0,-0.01143567,0.0,2.064
6051487.0,-0.00904841,0.0,2.408
6051565.0,-0.01956248,0.0,2.064
6051643.0,0.00608791,0.0,2.064
6051721.0,-0.01295945,0.0,2.064
6051800.0,0.01716067,0.0,1.72
6051878.0,0.00309104,0.0,2.064
6051956.0,-0.00589918,0.0,2.064
6052034.0,0.00461482,0.0,1.72
6052112.0,0.00684972,0.0,1.72
6052190.0,-0.00330886,0.0,2.064
6052268.0,0.02315425,0.0,2.064
6052346.0,-0.00721983,0.0,1.376
6052424.0,-0.00386755,0.0,2.064
6052502.0,-0.0070167,0.0,2.064
6052581.0,0.01279254,0.0,2.064
6052659.0,-0.01036906,0.0,2.752
6052737.0,-0.01748001,0.0,2.064
6052815.0,-0.01240068,0.0,2.408
6052893.0,-0.00970869,0.0,2.064
6052971.0,0.01487501,0.0,2.064
6053049.0,-0.00706754,0.0,2.064
6053128.0,-0.0164134,0.0,2.064
6053206.0,-0.00930229,0.0,2.408
6053284.0,-0.00986106,0.0,2.064
6053362.0,-0.00965786,0.0,2.064
6053440.0,-0.00742295,0.0,1.72
6053518.0,0.01421472,0.0,2.064
6053596.0,-0.00935313,0.0,1.72
6053674.0,0.00070385,0.0,2.064
6053752.0,-0.00026131,0.0,2.064
6053831.0,-0.00859132,0.0,2.064
6053909.0,-0.00422319,0.0,2.064
6053987.0,-0.00818492,0.0,2.064
6054065.0,-0.00940389,0.0,2.064
6054143.0,-0.02540362,0.0,1.72
6054221.0,-0.02012124,0.0,1.72
6054299.0,0.00024669,0.0,2.064
6054377.0,-0.01590532,0.0,2.064
6054455.0,9.425e-05,0.0,2.752
6054534.0,-0.00214057,0.0,2.752
6054612.0,-0.00229294,0.0,1.72
6054690.0,-0.02194974,0.0,2.064
6054768.0,-0.00229294,0.0,2.064
6054846.0,0.00690049,0.0,2.064
6054924.0,-0.00127709,0.0,2.064
6055002.0,0.01289414,0.0,2.752
6055080.0,-0.00528973,0.0,2.064
6055158.0,-0.00153105,0.0,2.064
6055237.0,-0.00473096,0.0,2.064
6055315.0,-0.00666114,0.0,2.064
6055393.0,0.00192283,0.0,1.376
6055471.0,-0.00640725,0.0,2.064
6055549.0,-0.0068135,0.0,2.064
6055627.0,-0.00026131,0.0,2.064
6055705.0,-0.00371511,0.0,2.408
6055783.0,0.01253858,0.0,1.376
6055861.0,-0.0005152,0.0,2.064
6055940.0,-0.01499122,0.0,1.376
6056018.0,0.00593547,0.0,2.064
6056096.0,0.01294483,0.0,1.72
6056174.0,0.00608791,0.0,2.064
6056252.0,-0.00696594,0.0,2.064
6056330.0,0.00024669,0.0,1.72
6056408.0,-0.01534671,0.0,1.376
6056487.0,-0.01494031,0.0,2.064
6056565.0,0.01533217,0.0,2.064
6056643.0,0.00446253,0.0,1.72
6056721.0,-0.00021047,0.0,2.064
6056799.0,0.00080545,0.0,1.72
6056877.0,0.01050688,0.0,1.72
6056955.0,-0.00757539,0.0,2.408
6057033.0,0.00065302,0.0,1.72
6057111.0,0.00024669,0.0,2.064
6057190.0,-0.01864815,0.0,1.72
6057268.0,-0.00193737,0.0,2.064
6057346.0,-0.00894688,0.0,2.064
6057424.0,0.01248782,0.0,2.064
6057502.0,0.01538293,0.0,2.752
6057580.0,0.00791641,0.0,1.72
6057658.0,0.00629103,0.0,1.72
6057736.0,-0.00036283,0.0,2.064
6057814.0,0.00547831,0.0,2.064
6057893.0,0.01553529,0.0,2.064
6057971.0,0.0103036,0.0,2.064
6058049.0,-0.00676267,0.0,2.064
6058127.0,0.00019585,0.0,2.064
6058205.0,-0.01240068,0.0,2.064
6058283.0,-0.00142952,0.0,2.064
6058361.0,0.00258319,0.0,2.064
6058439.0,0.00202451,0.0,1.376
6058517.0,-0.01966408,0.0,1.72
6058596.0,0.006545,0.0,2.064
6058674.0,-0.02118785,0.0,2.064
6058752.0,-0.00026131,0.0,2.064
6058830.0,-0.0027501,0.0,2.064
6058908.0,0.00309104,0.0,2.408
6058986.0,-0.00427388,0.0,2.064
6059064.0,-0.0051882,0.0,2.408
6059142.0,0.04174437,0.0,2.064
6059220.0,0.00370057,0.0,1.72
6059299.0,0.00664667,0.0,2.408
6059377.0,0.01055756,0.0,2.408
6059455.0,0.00527511,0.0,2.408
6059533.0,4.349e-05,0.0,2.064
6059611.0,-0.02200058,0.0,2.408
6059689.0,-0.008642,0.0,1.72
6059767.0,0.00832266,0.0,2.064
6059845.0,-0.01849587,0.0,2.064
6059924.0,0.01086229,0.0,2.064
6060002.0,-0.01316265,0.0,2.064
6060080.0,0.01457028,0.0,2.064
6060158.0,-0.00183577,0.0,2.752
6060236.0,0.0083735,0.0,2.408
6060314.0,0.00822114,0.0,2.064
6060392.0,0.01162425,0.0,2.408
6060470.0,-0.00640725,0.0,1.72
6060548.0,-0.00640725,0.0,2.752
6060627.0,0.00278632,0.0,2.064
6060705.0,-0.00203897,0.0,1.72
6060783.0,0.00811954,0.0,2.064
6060861.0,0.00237992,0.0,2.064
6060939.0,-0.00615322,0.0,1.376
6061017.0,-0.01859747,0.0,2.064
6061095.0,-0.00782935,0.0,2.064
6061173.0,0.0043101,0.0,2.064
6061251.0,-0.01585464,0.0,2.064
6061330.0,-0.01392446,0.0,2.064
6061408.0,-0.00615322,0.0,2.064
6061486.0,-0.00015956,0.0,2.408
6061564.0,9.425e-05,0.0,2.064
6061642.0,0.01558613,0.0,2.064
6061720.0,0.01543377,0.0,2.064
6061798.0,0.00415773,0.0,2.408
6061876.0,0.00187207,0.0,2.064
6061954.0,0.00375141,0.0,1.72
6062033.0,-0.01676896,0.0,2.064
6062111.0,-0.00889604,0.0,1.72
6062189.0,0.00324356,0.0,1.72
6062267.0,-0.00711823,0.0,2.064
6062345.0,-0.01976568,0.0,2.064
6062423.0,-0.00716907,0.0,2.064
6062501.0,-0.00696594,0.0,2.064
6062579.0,0.00319264,0.0,1.376
6062658.0,-0.01209596,0.0,2.064
6062736.0,-0.00935313,0.0,1.72
6062814.0,-0.00234385,0.0,2.064
6062892.0,-0.02382908,0.0,2.064
6062970.0,0.00029745,0.0,2.064
6063048.0,-0.01605784,0.0,2.064
6063126.0,0.01111633,0.0,2.064
6063204.0,-0.0119436,0.0,2.064
6063283.0,0.02401774,0.0,2.064
6063361.0,-0.00610238,0.0,2.064
6063439.0,-0.00173425,0.0,1.72
6063517.0,0.00842434,0.0,2.064
6063595.0,-0.0068135,0.0,2.064
6063673.0,-0.008642,0.0,2.064
6063751.0,-0.00544209,0.0,2.064
6063829.0,-0.01026746,0.0,2.064
6063907.0,0.01451944,0.0,2.064
6063986.0,-0.00066756,0.0,2.064
6064064.0,0.00136414,0.0,2.064
6064142.0,-0.008642,0.0,2.064
6064220.0,-0.00610238,0.0,2.064
6064298.0,-0.01585464,0.0,2.064
6064376.0,-0.01890219,0.0,2.064
6064454.0,-0.00620405,0.0,2.064
6064532.0,-0.00996258,0.0,2.064
6064610.0,-0.00945481,0.0,2.064
6064689.0,0.00776405,0.0,1.72
6064767.0,0.00359897,0.0,2.064
6064845.0,-0.0066103,0.0,2.064
6064923.0,0.00090698,0.0,2.064
6065001.0,0.0062402,0.0,2.064
6065079.0,0.01065924,0.0,2.064
6065157.0,0.00710376,0.0,2.064
6065235.0,-0.00721983,0.0,1.72
6065313.0,-0.00183577,0.0,2.064
6065391.0,-0.02743547,0.0,2.064
6065470.0,-0.00386755,0.0,2.064
6065548.0,-0.02093397,0.0,2.408
6065626.0,0.00395453,0.0,2.408
6065704.0,-0.00244537,0.0,2.064
6065782.0,0.00573235,0.0,2.408
6065860.0,-0.00793103,0.0,2.064
6065938.0,-0.0028517,0.0,2.064
6066016.0,0.0061386,0.0,1.72
6066094.0,0.01609406,0.0,3.096
6066173.0,-0.02301651,0.0,2.064
6066251.0,-0.00137861,0.0,2.064
6066329.0,0.00415773,0.0,1.72
6066407.0,0.00822114,0.0,1.72
6066485.0,-0.01301028,0.0,1.72
6066563.0,-0.0043754,0.0,2.064
6066641.0,-0.00894688,0.0,2.064
6066720.0,0.00436086,0.0,2.064
6066798.0,0.00547831,0.0,2.408
6066876.0,-0.00859132,0.0,2.064
6066954.0,0.00095774,0.0,2.064
6067032.0,-0.00549293,0.0,1.376
6067110.0,-0.00208981,0.0,2.064
6067188.0,0.00507206,0.0,2.064
6067266.0,0.02538908,0.0,2.064
6067344.0,-0.00559445,0.0,2.064
6067423.0,-0.01742925,0.0,2.064
6067501.0,-0.01143567,0.0,2.064
6067579.0,-0.02682587,0.0,2.064
6067657.0,0.00659576,0.0,1.72
6067735.0,-0.03429239,0.0,2.408
6067813.0,-0.00015956,0.0,2.064
6067891.0,-0.01829266,0.0,2.408
6067969.0,-0.01941019,0.0,1.376
6068047.0,-0.00361359,0.0,2.064
6068126.0,-0.02027368,0.0,2.064
6068204.0,0.01782096,0.0,1.72
6068282.0,-0.00950557,0.0,1.376
6068360.0,0.00339584,0.0,2.064
6068438.0,-0.0025469,0.0,2.752
6068516.0,0.03341429,0.0,1.72
6068594.0,-0.00224217,0.0,2.064
6068672.0,-0.00833728,0.0,2.064
6068750.0,0.00090698,0.0,2.064
6068829.0,-0.00224217,0.0,2.064
6068907.0,-0.01605784,0.0,2.064
6068985.0,0.00044989,0.0,1.72
6069063.0,0.0061386,0.0,2.064
6069141.0,-0.00158189,0.0,2.064
6069219.0,0.00171963,0.0,2.064
6069297.0,0.00329424,0.0,2.064
6069376.0,-0.00757539,0.0,1.72
6069454.0,0.01269094,0.0,2.064
6069532.0,0.00811954,0.0,1.376
6069610.0,0.00974499,0.0,2.064
6069688.0,0.00095774,0.0,2.064
6069766.0,0.03006201,0.0,2.064
6069844.0,0.01309727,0.0,2.064
6069922.0,0.00476733,0.0,2.064
6070000.0,0.0041069,0.0,1.72
6070078.0,-0.01468642,0.0,2.408
6070157.0,-0.0117404,0.0,2.064
6070235.0,-0.00208981,0.0,2.064
6070313.0,0.00679888,0.0,2.064
6070391.0,-0.00544209,0.0,2.752
6070469.0,0.0063418,0.0,2.064
6070547.0,0.00984659,0.0,2.064
6070625.0,0.01050688,0.0,2.064
6070703.0,-0.0027501,0.0,2.064
6070781.0,0.01197982,0.0,2.064
6070860.0,-0.0164134,0.0,2.064
6070938.0,0.00725612,0.0,2.408
6071016.0,-0.01869906,0.0,2.064
6071094.0,-0.00295322,0.0,2.064
6071172.0,0.00573235,0.0,2.064
6071250.0,-0.00188661,0.0,2.064
6071328.0,-0.00595001,0.0,1.376
6071406.0,-0.01819114,0.0,2.064
6071484.0,0.00639263,0.0,2.064
6071563.0,-0.00513736,0.0,2.064
6071641.0,-0.0084388,0.0,2.752
6071719.0,-0.00742295,0.0,2.064
6071797.0,-0.01880059,0.0,2.752
6071875.0,0.00192283,0.0,2.064
6071953.0,-0.00645794,0.0,2.064
6072031.0,-0.00493416,0.0,1.72
6072109.0,-0.01443246,0.0,1.72
6072188.0,0.00618943,0.0,2.408
6072266.0,0.0087799,0.0,1.72
6072344.0,0.00547831,0.0,2.064
6072422.0,-0.00838812,0.0,2.064
6072500.0,-0.01570227,0.0,2.064
6072578.0,0.01086229,0.0,2.064
6072656.0,0.00100858,0.0,1.72
6072734.0,-0.00584849,0.0,2.064
6072813.0,-0.01687056,0.0,2.064
6072891.0,0.01390999,0.0,1.72
6072969.0,-0.00142952,0.0,2.064
6073047.0,-0.0087436,0.0,1.376
6073125.0,0.00740849,0.0,1.376
6073203.0,0.00497038,0.0,2.064
6073281.0,-0.01331501,0.0,1.72
6073359.0,0.00207519,0.0,1.72
6073437.0,0.02340814,0.0,2.752
6073516.0,-0.00991189,0.0,1.72
6073594.0,0.00888142,0.0,1.72
6073672.0,-0.00356275,0.0,2.064
6073750.0,-0.01971492,0.0,1.72
6073828.0,-0.01905463,0.0,2.064
6073906.0,-0.00640725,0.0,2.064
6073984.0,-0.02454021,0.0,2.064
6074062.0,-0.0025469,0.0,2.064
6074140.0,-0.01270541,0.0,1.72
6074219.0,-0.0119436,0.0,2.064
6074297.0,-0.01016586,0.0,2.064
6074375.0,0.01355443,0.0,1.72
6074453.0,-0.00386755,0.0,1.72
6074531.0,-0.00803255,0.0,1.72
6074609.0,-0.01143567,0.0,2.064
6074687.0,0.0067482,0.0,2.752
6074765.0,-0.00503576,0.0,2.064
6074843.0,-0.00386755,0.0,2.408
6074922.0,-0.01072454,0.0,2.064
6075000.0,-0.00981037,0.0,2.064
6075078.0,-0.00346115,0.0,1.72
6075156.0,0.00883074,0.0,2.064
6075234.0,-0.00747379,0.0,2.408
6075312.0,0.00507206,0.0,2.064
6075390.0,-0.02042597,0.0,2.064
6075468.0,0.00969408,0.0,1.72
6075547.0,0.00105934,0.0,1.72
6075625.0,-0.00163265,0.0,1.72
6075703.0,-0.0335305,0.0,2.408
6075781.0,0.01919237,0.0,2.064
6075859.0,-0.0205784,0.0,1.032
6075937.0,-0.00341039,0.0,2.064
6076015.0,-0.00442624,0.0,1.72
6076093.0,-0.00696594,0.0,1.72
6076172.0,-0.00940389,0.0,2.064
6076250.0,0.00151651,0.0,2.064
6076328.0,0.00146574,0.0,1.72
6076406.0,-0.01001342,0.0,1.376
6076484.0,-0.000312,0.0,2.408
6076562.0,-0.0027501,0.0,2.064
6076640.0,0.01197982,0.0,2.064
6076718.0,0.00522442,0.0,2.408
6076796.0,0.00258319,0.0,2.064
6076875.0,-0.01646409,0.0,1.72
6076953.0,-0.00208981,0.0,1.72
6077031.0,-0.00178509,0.0,2.064
6077109.0,-0.00412144,0.0,1.376
6077187.0,0.00029745,0.0,1.72
6077265.0,0.02350974,0.0,2.064
6077343.0,-7.27e-06,0.0,2.064
6077421.0,-0.00401991,0.0,2.064
6077499.0,0.00791641,0.0,2.064
6077578.0,-0.00396915,0.0,1.72
6077656.0,0.01644962,0.0,2.064
6077734.0,-0.01301028,0.0,2.752
6077812.0,-0.01387377,0.0,2.064
6077890.0,0.00034829,0.0,2.064
6077968.0,0.01639878,0.0,2.408
6078046.0,0.02218916,0.0,2.064
6078124.0,-0.00198821,0.0,1.72
6078202.0,0.0124369,0.0,2.064
6078281.0,-0.01925775,0.0,3.096
6078359.0,-0.00686434,0.0,2.064
6078437.0,0.00146574,0.0,2.064
6078515.0,0.01705907,0.0,2.064
6078593.0,-0.00793103,0.0,2.064
6078671.0,-0.01946088,0.0,1.376
6078749.0,0.01055756,0.0,2.064
6078827.0,-0.00711823,0.0,2.064
6078905.0,-0.01057218,0.0,2.064
6078983.0,0.00989728,0.0,2.064
6079062.0,-0.00300414,0.0,1.72
6079140.0,-0.00904841,0.0,2.064
6079218.0,0.00202451,0.0,2.064
6079296.0,-0.01666729,0.0,2.064
6079374.0,-0.01280708,0.0,2.064
6079452.0,-0.01097858,0.0,2.064
6079530.0,-0.01001342,0.0,2.752
6079608.0,-0.02682587,0.0,2.064
6079686.0,-0.004985,0.0,1.72
6079765.0,0.00517358,0.0,2.064
6079843.0,0.00349737,0.0,1.72
6079921.0,-0.00671198,0.0,2.064
6079999.0,-0.02001964,0.0,1.72
6080077.0,0.00136414,0.0,2.064
6080155.0,-0.01697209,0.0,2.064
6080233.0,0.0128433,0.0,2.408
6080312.0,-0.00183577,0.0,1.72
6080390.0,0.00751001,0.0,2.064
6080468.0,-0.00173425,0.0,2.064
6080546.0,-0.0066103,0.0,2.064
6080624.0,0.00608791,0.0,1.376
6080702.0,-0.00122632,0.0,2.064
6080780.0,0.00735765,0.0,2.064
6080858.0,-0.00721983,0.0,2.064
6080936.0,0.0126401,0.0,2.408
6081014.0,0.00253236,0.0,1.72
6081093.0,-0.00198821,0.0,2.064
6081171.0,0.01253858,0.0,1.72
6081249.0,-0.00645794,0.0,2.064
6081327.0,-0.0277402,0.0,2.064
6081405.0,0.00888142,0.0,2.064
6081483.0,0.00557991,0.0,2.752
6081561.0,-0.01544831,0.0,2.064
6081639.0,-0.01179123,0.0,2.064
6081718.0,0.00593547,0.0,1.72
6081796.0,0.00065302,0.0,2.064
6081874.0,0.01208134,0.0,2.064
6081952.0,-0.00579765,0.0,2.064
6082030.0,-0.0318036,0.0,2.064
6082108.0,0.00156727,0.0,2.064
6082186.0,-0.00808332,0.0,2.064
6082264.0,-0.00564529,0.0,2.064
6082342.0,0.00212603,0.0,2.064
6082421.0,0.00222763,0.0,1.376
6082499.0,-0.02225454,0.0,1.72
6082577.0,-0.00534049,0.0,2.064
6082655.0,0.00400537,0.0,2.064
6082733.0,0.00136414,0.0,2.064
6082811.0,-0.00554376,0.0,2.064
6082889.0,-0.01570227,0.0,1.72
6082968.0,0.00344661,0.0,2.408
6083046.0,0.00436086,0.0,2.064
6083124.0,-0.01534671,0.0,2.064
6083202.0,-0.00066756,0.0,2.064
6083280.0,-0.00432471,0.0,2.408
6083358.0,0.00537671,0.0,2.064
6083436.0,0.01197982,0.0,2.064
6083514.0,-0.01488962,0.0,2.064
6083592.0,-0.02220371,0.0,2.064
6083671.0,-0.02438777,0.0,1.72
6083749.0,-0.00407068,0.0,2.064
6083827.0,0.00039898,0.0,1.72
6083905.0,0.00684972,0.0,2.064
6083983.0,-0.00325795,0.0,2.408
6084061.0,0.018075,0.0,2.064
6084139.0,0.0014149,0.0,1.72
6084217.0,-0.00290246,0.0,2.064
6084295.0,-0.02560682,0.0,2.064
6084373.0,0.0044117,0.0,2.064
6084452.0,-0.0069151,0.0,2.064
6084530.0,0.0043101,0.0,2.752
6084608.0,-0.01448322,0.0,1.72
6084686.0,-0.0139753,0.0,2.064
6084764.0,-0.03510512,0.0,3.096
6084842.0,0.00126254,0.0,2.064
6084920.0,-0.01204512,0.0,1.72
6084998.0,-0.0182419,0.0,1.72
6085077.0,0.00629103,0.0,2.064
6085155.0,0.01436716,0.0,2.408
6085233.0,-0.03038135,0.0,2.064
6085311.0,0.00222763,0.0,2.064
6085389.0,-0.01158803,0.0,2.064
6085467.0,0.00872906,0.0,1.376
6085545.0,-0.00747379,0.0,2.064
6085623.0,0.00207519,0.0,2.064
6085701.0,-0.01651493,0.0,1.72
6085780.0,0.01599246,0.0,2.752
6085858.0,-0.0006168,0.0,2.064
6085936.0,-0.01163887,0.0,2.064
6086014.0,0.00801794,0.0,1.72
6086092.0,-0.00488348,0.0,2.064
6086170.0,0.0013133,0.0,1.72
6086248.0,0.00116102,0.0,2.064
6086326.0,-0.00330886,0.0,2.064
6086404.0,-0.0117404,0.0,2.064
6086483.0,0.00217679,0.0,2.064
6086561.0,-0.00168349,0.0,2.064
6086639.0,0.01223378,0.0,2.064
6086717.0,-0.00366443,0.0,1.376
6086795.0,0.01213218,0.0,1.72
6086873.0,0.01157349,0.0,2.064
6086951.0,0.00090698,0.0,2.064
6087029.0,0.00380217,0.0,2.752
6087107.0,-0.01087691,0.0,2.064
6087186.0,-0.01016586,0.0,2.064
6087264.0,-0.02200058,0.0,1.032
6087342.0,-0.00523889,0.0,2.064
6087420.0,0.00136414,0.0,2.064
6087498.0,-0.00224217,0.0,2.064
6087576.0,-0.0006168,0.0,1.72
6087654.0,0.00324356,0.0,2.064
6087732.0,-0.00823575,0.0,1.72
6087810.0,-0.000312,0.0,2.064
6087889.0,0.00725612,0.0,2.064
6087967.0,-0.01229916,0.0,1.72
6088045.0,-0.01412774,0.0,2.064
6088123.0,0.00532595,0.0,2.064
6088201.0,-0.00975953,0.0,2.064
6088279.0,-0.0119436,0.0,2.408
6088357.0,0.01258934,0.0,1.72
6088435.0,-0.00290246,0.0,2.064
6088513.0,0.01330039,0.0,1.72
6088592.0,0.00395453,0.0,2.064
6088670.0,-0.00330886,0.0,2.064
6088748.0,-0.00721983,0.0,2.064
6088826.0,-0.00686434,0.0,2.752
6088904.0,0.00237992,0.0,2.064
6088982.0,0.01167509,0.0,2.064
6089060.0,0.00050073,0.0,2.408
6089139.0,0.00974499,0.0,1.72
6089217.0,-0.00925161,0.0,1.72
6089295.0,0.01299567,0.0,1.72
6089373.0,-0.01204512,0.0,1.72
6089451.0,-0.00579765,0.0,2.064
6089529.0,-0.00554376,0.0,2.064
6089607.0,-0.00803255,0.0,2.064
6089685.0,0.00309104,0.0,2.064
6089763.0,-0.00534049,0.0,1.376
6089842.0,-0.00930229,0.0,2.064
6089920.0,-0.0027501,0.0,2.064
6089998.0,-0.01229916,0.0,2.064
6090076.0,-0.00132792,0.0,2.408
6090154.0,0.00212603,0.0,2.064
6090232.0,-0.00158189,0.0,2.064
6090310.0,0.01238622,0.0,1.72
6090388.0,0.00146574,0.0,2.064
6090466.0,-0.00564529,0.0,2.064
6090545.0,0.00390385,0.0,2.064
6090623.0,-0.00752463,0.0,1.72
6090701.0,-0.00335955,0.0,2.064
6090779.0,-0.00081992,0.0,2.064
6090857.0,-0.00376595,0.0,2.064
6090935.0,-0.00361359,0.0,2.752
6091013.0,-0.0115372,0.0,1.72
6091091.0,0.0013133,0.0,3.096
6091169.0,0.00380217,0.0,2.064
6091248.0,-0.00214057,0.0,2.752
6091326.0,-0.01773398,0.0,2.408
6091404.0,-0.00427388,0.0,2.408
6091482.0,-0.00356275,0.0,2.064
6091560.0,0.01365595,0.0,2.408
6091638.0,0.01172593,0.0,2.064
6091716.0,-0.00737227,0.0,2.408
6091795.0,0.01370679,0.0,2.064
6091873.0,0.01050688,0.0,2.752
6091951.0,-0.00102312,0.0,2.064
6092029.0,0.00298952,0.0,2.064
6092107.0,0.01228454,0.0,2.408
6092185.0,-0.01087691,0.0,2.064
6092263.0,-0.01549907,0.0,2.064
6092341.0,-0.00401991,0.0,2.064
6092419.0,-0.01910539,0.0,1.72
6092498.0,0.00994811,0.0,1.72
6092576.0,-0.02332123,0.0,2.064
6092654.0,-0.00320719,0.0,2.408
6092732.0,-0.00793103,0.0,2.408
6092810.0,-0.01163887,0.0,1.72
6092888.0,-0.00132792,0.0,1.72
6092966.0,-0.01326417,0.0,1.72
6093044.0,0.02112255,0.0,2.064
6093122.0,0.01365595,0.0,1.376
6093201.0,-0.00188661,0.0,2.064
6093279.0,-0.00325795,0.0,2.408
6093357.0,-0.01077538,0.0,2.064
6093435.0,0.00171963,0.0,2.064
6093513.0,0.00136414,0.0,2.064
6093591.0,0.00456413,0.0,2.064
6093669.0,0.00364981,0.0,1.72
6093747.0,0.00547831,0.0,1.72
6093825.0,-0.0162102,0.0,1.72
6093904.0,0.00217679,0.0,2.064
6093982.0,-0.00584849,0.0,2.064
6094060.0,-0.00909917,0.0,1.72
6094138.0,0.0014149,0.0,2.064
6094216.0,-0.00371511,0.0,2.064
6094294.0,0.02320501,0.0,2.064
6094372.0,0.00151651,0.0,2.064
6094450.0,0.00532595,0.0,2.064
6094528.0,-0.02093397,0.0,2.064
6094607.0,0.00517358,0.0,2.064
6094685.0,-0.00859132,0.0,2.064
6094763.0,0.02848739,0.0,2.064
6094841.0,-0.00015956,0.0,2.064
6094919.0,0.00029745,0.0,2.064
6094997.0,-0.00335955,0.0,1.72
6095075.0,-0.0087436,0.0,2.064
6095153.0,-0.00559445,0.0,1.72
6095232.0,0.00024669,0.0,2.064
6095310.0,-0.00935313,0.0,1.72
6095388.0,-0.01946088,0.0,2.064
6095466.0,0.00659576,0.0,2.064
6095544.0,-0.00320719,0.0,2.064
6095622.0,0.01614475,0.0,2.408
6095700.0,0.01624642,0.0,2.064
6095778.0,-0.01108011,0.0,2.064
6095856.0,-0.02484493,0.0,2.064
6095934.0,-0.00401991,0.0,2.064
6096013.0,0.01457028,0.0,2.064
6096091.0,0.0014149,0.0,2.064
6096169.0,-0.00473096,0.0,2.064
6096247.0,0.010202,0.0,1.72
6096325.0,-0.0070167,0.0,2.064
6096403.0,-0.01681965,0.0,2.064
6096481.0,0.00395453,0.0,2.408
6096559.0,0.00258319,0.0,2.064
6096638.0,-0.01209596,0.0,2.408
6096716.0,-0.00208981,0.0,2.064
6096794.0,0.00547831,0.0,2.408
6096872.0,-0.01382293,0.0,2.408
6096950.0,0.01477348,0.0,2.064
6097028.0,0.00522442,0.0,2.064
6097106.0,-0.01219748,0.0,2.408
6097184.0,-0.0119436,0.0,2.064
6097262.0,-0.01087691,0.0,2.408
6097341.0,0.00517358,0.0,2.064
6097419.0,-0.00290246,0.0,2.752
6097497.0,-0.00351199,0.0,2.064
6097575.0,0.01634802,0.0,2.064
6097653.0,0.0069514,0.0,2.064
6097731.0,-0.01372126,0.0,2.064
6097809.0,0.01670351,0.0,2.064
6097887.0,-0.01123247,0.0,2.408
6097966.0,-0.00915001,0.0,2.064
6098044.0,0.00405613,0.0,2.064
6098122.0,-0.00686434,0.0,2.408
6098200.0,-0.00153105,0.0,2.752
6098278.0,-0.01148651,0.0,2.064
6098356.0,-0.004985,0.0,2.064
6098434.0,0.00557991,0.0,2.064
6098512.0,0.00024669,0.0,2.064
6098591.0,0.00969408,0.0,2.408
6098669.0,-0.00808332,0.0,2.408
6098747.0,0.00715445,0.0,2.064
6098825.0,-0.00935313,0.0,2.064
6098903.0,-0.02464181,0.0,2.064
6098981.0,-0.01219748,0.0,2.408
6099059.0,0.0061386,0.0,1.72
6099137.0,-0.01494031,0.0,2.064
6099215.0,-0.00513736,0.0,2.064
6099293.0,0.00065302,0.0,2.064
6099372.0,-0.00848964,0.0,2.064
6099450.0,0.00588471,0.0,2.064
6099528.0,-0.0004136,0.0,2.064
6099606.0,-0.01138483,0.0,1.376
6099684.0,-0.0162102,0.0,2.064
6099762.0,-0.02083237,0.0,1.72
6099840.0,0.01172593,0.0,2.408
6099918.0,-0.00879437,0.0,2.408
6099996.0,0.0220368,0.0,2.064
6100075.0,0.00659576,0.0,2.064
6100153.0,-0.03078775,0.0,2.408
6100231.0,-0.00650878,0.0,1.72
6100309.0,0.00258319,0.0,2.064
6100387.0,-0.01758161,0.0,1.72
6100465.0,0.00791641,0.0,2.064
6100543.0,-0.01595624,0.0,2.064
6100621.0,0.00283708,0.0,2.064
6100699.0,-0.00478173,0.0,1.72
6100778.0,0.00248159,0.0,2.064
6100856.0,-0.01057218,0.0,1.72
6100934.0,0.00182131,0.0,2.064
6101012.0,-0.02469265,0.0,2.064
6101090.0,-0.01199443,0.0,2.064
6101168.0,0.00872906,0.0,2.408
6101246.0,-0.00488348,0.0,1.376
6101325.0,-0.0156006,0.0,2.064
6101403.0,0.00171963,0.0,2.752
6101481.0,-0.01595624,0.0,2.408
6101559.0,0.00146574,0.0,2.064
6101637.0,-0.01712438,0.0,2.064
6101715.0,0.01010048,0.0,2.752
6101793.0,0.00273548,0.0,2.408
6101871.0,-0.0068135,0.0,1.72
6101949.0,-0.01306097,0.0,2.408
6102028.0,0.00639263,0.0,2.064
6102106.0,-0.00930229,0.0,2.408
6102184.0,0.01223378,0.0,1.72
6102262.0,0.00405613,0.0,2.408
6102340.0,-0.0163118,0.0,2.064
6102418.0,-0.0121468,0.0,2.064
6102496.0,0.00283708,0.0,2.064
6102574.0,-0.0009216,0.0,2.064
6102652.0,-0.01240068,0.0,1.72
6102731.0,0.01187829,0.0,2.064
6102809.0,-0.01087691,0.0,2.064
6102887.0,-0.01326417,0.0,2.064
6102965.0,0.00618943,0.0,2.408
6103043.0,0.00116102,0.0,2.064
6103121.0,0.00065302,0.0,2.064
6103199.0,-0.0162102,0.0,2.064
6103277.0,-0.00315642,0.0,2.064
6103355.0,0.00867822,0.0,2.064
6103434.0,0.0045133,0.0,2.064
6103512.0,0.00893226,0.0,2.752
6103590.0,0.01050688,0.0,2.064
6103668.0,-0.01534671,0.0,2.064
6103746.0,-0.01123247,0.0,2.064
6103824.0,-0.00229294,0.0,2.064
6103902.0,-0.01549907,0.0,2.064
6103980.0,0.0124369,0.0,2.064
6104058.0,0.0375286,0.0,2.064
6104137.0,0.00273548,0.0,2.064
6104215.0,-0.00595001,0.0,2.064
6104293.0,-0.02565766,0.0,2.064
6104371.0,-0.01118163,0.0,2.064
6104449.0,-0.00325795,0.0,1.72
6104527.0,0.02914783,0.0,2.752
6104605.0,-0.00716907,0.0,2.064
6104683.0,0.0012117,0.0,2.064
6104761.0,-0.00259766,0.0,2.408
6104840.0,0.0051229,0.0,2.752
6104918.0,-0.01204512,0.0,2.064
6104996.0,-0.00046443,0.0,2.408
6105074.0,-0.00742295,0.0,2.064
6105152.0,0.00751001,0.0,1.376
6105230.0,-0.01702285,0.0,2.408
6105308.0,0.00486886,0.0,2.752
6105387.0,0.00999888,0.0,2.064
6105465.0,0.00380217,0.0,2.408
6105543.0,-0.01615936,0.0,2.064
6105621.0,-0.004985,0.0,2.064
6105699.0,0.01203065,0.0,1.72
6105777.0,-0.02606398,0.0,2.064
6105855.0,-0.00539133,0.0,2.064
6105933.0,-0.00544209,0.0,2.064
6106011.0,0.00217679,0.0,2.408
6106089.0,-0.01402598,0.0,2.408
6106168.0,-0.00452791,0.0,2.064
6106246.0,-0.01361973,0.0,2.064
6106324.0,0.00334508,0.0,2.064
6106402.0,-0.00884528,0.0,2.064
6106480.0,0.00339584,0.0,2.064
6106558.0,0.00933851,0.0,2.408
6106636.0,-0.01047066,0.0,2.064
6106714.0,-0.0027501,0.0,1.376
6106792.0,-0.00711823,0.0,2.408
6106871.0,-0.00655954,0.0,1.376
6106949.0,-0.0005152,0.0,1.72
6107027.0,0.01238622,0.0,1.376
6107105.0,0.00156727,0.0,2.064
6107183.0,-0.01483879,0.0,1.376
6107261.0,-0.01468642,0.0,2.064
6107339.0,0.00146574,0.0,1.72
6107417.0,-0.00158189,0.0,1.72
6107495.0,-0.008642,0.0,1.376
6107574.0,0.00684972,0.0,2.064
6107652.0,-0.00564529,0.0,1.72
6107730.0,0.00756085,0.0,2.064
6107808.0,-5.803e-05,0.0,2.064
6107886.0,0.00517358,0.0,2.064
6107964.0,0.00420857,0.0,2.064
6108042.0,-0.00945481,0.0,2.064
6108120.0,-0.01519435,0.0,2.064
6108199.0,-0.00259766,0.0,1.72
6108277.0,0.01162425,0.0,2.064
6108355.0,0.01045604,0.0,2.064
6108433.0,-0.00981037,0.0,2.064
6108511.0,0.01517973,0.0,2.064
6108589.0,-0.008642,0.0,2.064
6108667.0,0.00573235,0.0,2.064
6108745.0,-0.01148651,0.0,1.72
6108824.0,0.01497661,0.0,2.064
6108902.0,-0.00148021,0.0,2.064
6108980.0,0.01137037,0.0,2.064
6109058.0,0.0355985,0.0,2.064
6109136.0,0.00740849,0.0,2.064
6109214.0,0.00146574,0.0,2.408
6109292.0,0.00603707,0.0,2.064
6109370.0,-0.01189276,0.0,2.064
6109448.0,-0.01707369,0.0,2.064
6109527.0,0.00603707,0.0,2.064
6109605.0,0.00319264,0.0,2.408
6109683.0,0.0051229,0.0,2.064
6109761.0,0.01040528,0.0,2.064
6109839.0,0.00806877,0.0,1.72
6109917.0,-0.00859132,0.0,1.72
6109995.0,0.02086851,0.0,1.72
6110073.0,0.01594169,0.0,2.064
6110151.0,-0.00488348,0.0,2.408
6110230.0,-0.02276247,0.0,2.408
6110308.0,-0.03165117,0.0,2.064
6110386.0,0.00740849,0.0,2.752
6110464.0,0.00085622,0.0,1.72
6110542.0,-0.00975953,0.0,2.408
6110620.0,-0.00630558,0.0,2.064
6110698.0,0.02163048,0.0,2.408
6110776.0,-0.00163265,0.0,2.064
6110855.0,-0.00523889,0.0,2.064
6110933.0,0.00182131,0.0,2.064
6111011.0,0.00187207,0.0,2.064
6111089.0,-0.00214057,0.0,2.064
6111167.0,-0.00569605,0.0,2.064
6111245.0,-0.00026131,0.0,1.72
6111323.0,0.00248159,0.0,2.408
6111401.0,-0.00920077,0.0,2.408
6111479.0,0.00715445,0.0,2.752
6111558.0,0.00151651,0.0,2.064
6111636.0,-0.01900379,0.0,2.064
6111714.0,-0.01021662,0.0,2.064
6111792.0,0.01010048,0.0,2.064
6111870.0,0.00044989,0.0,2.064
6111948.0,-0.0028517,0.0,1.72
6112026.0,-0.00488348,0.0,1.72
6112104.0,-0.01326417,0.0,2.064
6112183.0,-0.016007,0.0,2.064
6112261.0,-0.01311181,0.0,2.064
6112339.0,0.02340814,0.0,2.064
6112417.0,0.0043101,0.0,2.064
6112495.0,0.00126254,0.0,2.064
6112573.0,-0.01265472,0.0,1.72
6112651.0,0.01385915,0.0,1.72
6112729.0,-0.01067378,0.0,2.064
6112807.0,-0.00396915,0.0,1.72
6112885.0,-0.02738464,0.0,1.72
6112964.0,-0.0068135,0.0,2.064
6113042.0,-0.00752463,0.0,2.064
6113120.0,0.01893841,0.0,2.064
6113198.0,0.00171963,0.0,1.376
6113276.0,0.00644347,0.0,2.064
6113354.0,-0.00432471,0.0,1.72
6113432.0,0.00380217,0.0,2.064
6113510.0,-0.01529587,0.0,2.064
6113588.0,-0.00772783,0.0,2.064
6113667.0,0.00014517,0.0,1.376
6113745.0,0.00502115,0.0,2.064
6113823.0,-0.00539133,0.0,2.064
6113901.0,0.01335123,0.0,2.408
6113979.0,4.349e-05,0.0,2.064
6114057.0,0.00466566,0.0,2.064
6114135.0,-0.02291483,0.0,1.376
6114213.0,0.00862754,0.0,2.064
6114291.0,-0.01036906,0.0,1.72
6114370.0,0.00202451,0.0,2.064
6114448.0,-0.00625474,0.0,1.72
6114526.0,0.00309104,0.0,2.064
6114604.0,-0.00442624,0.0,2.064
6114682.0,0.00903379,0.0,2.064
6114760.0,0.00593547,0.0,2.064
6114838.0,0.00354828,0.0,1.72
6114916.0,0.00070385,0.0,1.72
6114994.0,-0.00523889,0.0,2.064
6115073.0,0.00085622,0.0,2.064
6115151.0,-0.00427388,0.0,2.752
6115229.0,0.00664667,0.0,2.064
6115307.0,0.01827812,0.0,2.064
6115385.0,-0.00950557,0.0,1.376
6115463.0,-0.00178509,0.0,2.064
6115541.0,-0.00142952,0.0,1.72
6115620.0,0.00679888,0.0,2.064
6115698.0,0.00832266,0.0,2.408
6115776.0,-0.00788012,0.0,1.376
6115854.0,-0.01087691,0.0,2.064
6115932.0,0.00243076,0.0,2.064
6116010.0,-0.01478802,0.0,2.064
6116088.0,0.00583387,0.0,1.72
6116166.0,0.00659576,0.0,1.72
6116244.0,0.00938943,0.0,2.064
6116323.0,0.00258319,0.0,2.064
6116401.0,0.02356058,0.0,2.064
6116479.0,0.00060225,0.0,2.064
6116557.0,-0.00635642,0.0,2.408
6116635.0,-0.01976568,0.0,1.376
6116713.0,0.0110148,0.0,2.408
6116791.0,0.0106084,0.0,1.72
6116869.0,-0.0133657,0.0,2.064
6116947.0,0.01543377,0.0,2.064
6117026.0,-0.01229916,0.0,2.064
6117104.0,-0.00107388,0.0,1.72
6117182.0,-0.00945481,0.0,2.064
6117260.0,-0.00071832,0.0,2.064
6117338.0,0.01406236,0.0,1.72
6117416.0,-0.01895303,0.0,2.064
6117494.0,0.01619566,0.0,2.752
6117572.0,-0.00554376,0.0,2.064
6117650.0,0.0044117,0.0,2.064
6117729.0,-0.01087691,0.0,2.408
6117807.0,-0.01788634,0.0,2.064
6117885.0,-0.00371511,0.0,1.376
6117963.0,-0.00432471,0.0,2.408
6118041.0,0.00944019,0.0,2.408
6118119.0,-0.0046802,0.0,2.752
6118197.0,-0.00391831,0.0,2.408
6118275.0,-0.02078153,0.0,1.72
6118353.0,-0.02078153,0.0,2.064
6118432.0,-0.02702907,0.0,3.096
6118510.0,0.0178718,0.0,1.72
6118588.0,-0.00960717,0.0,1.72
6118666.0,0.01589093,0.0,2.408
6118744.0,-0.01158803,0.0,2.064
6118822.0,-0.00417228,0.0,2.064
6118900.0,-0.00793103,0.0,2.064
6118979.0,-0.00848964,0.0,2.064
6119057.0,0.01670351,0.0,2.064
6119135.0,-0.00330886,0.0,1.72
6119213.0,0.00044989,0.0,1.72
6119291.0,0.0063418,0.0,2.408
6119369.0,0.00537671,0.0,2.064
6119447.0,-0.0087436,0.0,2.752
6119525.0,-0.01681965,0.0,2.064
6119603.0,-0.01722605,0.0,2.064
6119682.0,-0.0198672,0.0,1.72
6119760.0,-0.02387984,0.0,2.064
6119838.0,-0.01311181,0.0,1.72
6119916.0,-0.0051882,0.0,2.064
6119994.0,-0.0163118,0.0,2.408
6120072.0,0.00136414,0.0,2.064
6120150.0,-0.00564529,0.0,2.064
6120228.0,-0.00021047,0.0,2.064
6120306.0,0.00730696,0.0,2.064
6120384.0,0.00329424,0.0,1.72
6120463.0,0.01345283,0.0,1.376
6120541.0,0.00263396,0.0,2.064
6120619.0,0.00593547,0.0,2.064
6120697.0,-0.00087076,0.0,2.064
6120775.0,0.00720529,0.0,1.376
6120853.0,-0.00727059,0.0,2.064
6120931.0,0.00994811,0.0,1.376
6121009.0,-0.02291483,0.0,2.064
6121088.0,-0.01163887,0.0,2.064
6121166.0,0.01553529,0.0,2.064
6121244.0,-0.00462944,0.0,2.064
6121322.0,-0.00087076,0.0,2.064
6121400.0,0.01045604,0.0,2.064
6121478.0,0.00156727,0.0,2.064
6121556.0,0.00903379,0.0,2.064
6121634.0,0.01680511,0.0,2.064
6121713.0,-0.00081992,0.0,2.064
6121791.0,0.00024669,0.0,2.408
6121869.0,0.02945256,0.0,2.064
6121947.0,-0.00087076,0.0,2.064
6122025.0,-0.01168963,0.0,2.064
6122103.0,-0.01692125,0.0,2.064
6122181.0,0.01528133,0.0,2.064
6122259.0,0.02508435,0.0,2.064
6122337.0,0.00283708,0.0,2.408
6122416.0,-0.00046443,0.0,2.064
6122494.0,-0.02464181,0.0,2.064
6122572.0,-0.00782935,0.0,1.72
6122650.0,-0.00899757,0.0,1.72
6122728.0,-0.01295945,0.0,1.376
6122806.0,-0.0006168,0.0,2.064
6122884.0,0.00100858,0.0,2.064
6122962.0,0.00974499,0.0,1.72
6123040.0,-0.0045786,0.0,2.408
6123119.0,0.00425926,0.0,1.72
6123197.0,0.01375755,0.0,2.064
6123275.0,-0.01519435,0.0,1.72
6123353.0,-0.00503576,0.0,2.408
6123431.0,0.00227832,0.0,1.72
6123509.0,-0.00579765,0.0,2.408
6123587.0,-0.00569605,0.0,2.752
6123665.0,-0.00813408,0.0,2.064
6123743.0,4.349e-05,0.0,2.064
6123822.0,-0.00269926,0.0,2.408
6123900.0,0.00278632,0.0,2.064
6123978.0,0.00659576,0.0,2.064
6124056.0,-0.01529587,0.0,2.064
6124134.0,0.0132497,0.0,1.72
6124212.0,0.0012117,0.0,2.064
6124290.0,-0.01595624,0.0,2.064
6124368.0,0.0197003,0.0,2.064
6124446.0,-0.01138483,0.0,2.064
6124525.0,-0.00676267,0.0,2.064
6124603.0,-0.00788012,0.0,2.064
6124681.0,-0.00346115,0.0,2.064
6124759.0,-0.02860369,0.0,2.064
6124837.0,-0.02484493,0.0,3.096
6124915.0,-0.00544209,0.0,1.72
6124993.0,-0.00183577,0.0,1.72
6125071.0,-0.01412774,0.0,1.72
6125149.0,0.00730696,0.0,2.064
6125228.0,0.01253858,0.0,1.376
6125306.0,-0.00153105,0.0,2.064
6125384.0,-0.01656569,0.0,2.064
6125462.0,0.00811954,0.0,2.064
6125540.0,0.00278632,0.0,1.72
6125618.0,0.00263396,0.0,2.064
6125696.0,-0.00280086,0.0,1.72
6125774.0,0.01848132,0.0,2.064
6125853.0,-0.01412774,0.0,1.72
6125931.0,-0.01138483,0.0,2.064
6126009.0,0.00309104,0.0,1.376
6126087.0,0.01035451,0.0,2.064
6126165.0,-0.01031814,0.0,2.064
6126243.0,0.01345283,0.0,2.064
6126321.0,-0.00066756,0.0,2.064
6126399.0,0.01512897,0.0,2.064
6126477.0,-0.01458475,0.0,2.408
6126556.0,-0.00427388,0.0,1.376
6126634.0,-0.00737227,0.0,2.064
6126712.0,-0.00879437,0.0,2.064
6126790.0,0.00659576,0.0,2.064
6126868.0,0.01599246,0.0,2.752
6126946.0,-0.00376595,0.0,2.064
6127024.0,-0.00422319,0.0,2.064
6127102.0,-0.01372126,0.0,2.064
6127181.0,-0.00721983,0.0,2.064
6127259.0,0.01360512,0.0,2.064
6127337.0,0.00608791,0.0,2.408
6127415.0,0.00481802,0.0,2.064
6127493.0,0.00994811,0.0,2.064
6127571.0,0.00989728,0.0,1.376
6127649.0,0.00237992,0.0,2.064
6127727.0,-0.00788012,0.0,2.064
6127805.0,0.01152265,0.0,2.064
6127883.0,-0.02433708,0.0,2.408
6127962.0,-0.00635642,0.0,2.064
6128040.0,0.00883074,0.0,2.064
6128118.0,-0.000312,0.0,2.064
6128196.0,-0.01047066,0.0,2.064
6128274.0,0.00817037,0.0,1.376
6128352.0,-0.00935313,0.0,2.064
6128430.0,0.01137037,0.0,2.064
6128508.0,0.00222763,0.0,2.064
6128586.0,-0.00747379,0.0,2.408
6128665.0,-0.00427388,0.0,2.064
6128743.0,-0.00610238,0.0,2.064
6128821.0,0.00243076,0.0,1.376
6128899.0,-0.01839434,0.0,2.064
6128977.0,0.00019585,0.0,2.064
6129055.0,-0.01712438,0.0,2.064
6129133.0,-0.01585464,0.0,2.064
6129212.0,-0.00229294,0.0,2.064
6129290.0,0.00212603,0.0,2.064
6129368.0,-0.01453406,0.0,1.72
6129446.0,0.01116716,0.0,2.064
6129524.0,0.00161803,0.0,1.72
6129602.0,-0.004985,0.0,2.064
6129680.0,-0.00066756,0.0,2.064
6129758.0,-0.01575304,0.0,1.72
6129836.0,-0.00158189,0.0,2.064
6129915.0,-0.00346115,0.0,2.064
6129993.0,0.00593547,0.0,2.408
6130071.0,-0.01285785,0.0,1.72
6130149.0,0.00507206,0.0,2.064
6130227.0,-0.00391831,0.0,2.408
6130305.0,-0.0045786,0.0,2.064
6130383.0,0.00618943,0.0,2.064
6130461.0,-0.00203897,0.0,2.408
6130539.0,-0.00264857,0.0,2.064
6130618.0,0.00232923,0.0,2.408
6130696.0,-0.01438162,0.0,2.064
6130774.0,-0.00244537,0.0,2.408
6130852.0,-0.00818492,0.0,2.064
6130930.0,0.00217679,0.0,2.408
6131008.0,0.00329424,0.0,2.064
6131086.0,0.00151651,0.0,2.064
6131164.0,0.00923699,0.0,2.064
6131242.0,-0.0045786,0.0,2.064
6131321.0,-0.00335955,0.0,2.064
6131399.0,-0.00772783,0.0,2.064
6131477.0,-0.00015956,0.0,2.064
6131555.0,-0.00630558,0.0,2.064
6131633.0,0.00944019,0.0,2.752
6131711.0,0.01959877,0.0,2.064
6131789.0,-0.00818492,0.0,2.064
6131867.0,0.02295105,0.0,2.064
6131945.0,0.00629103,0.0,2.064
6132024.0,-0.01499122,0.0,2.064
6132102.0,-0.00589918,0.0,2.064
6132180.0,-0.00249614,0.0,2.064
6132258.0,-0.004985,0.0,1.72
6132336.0,0.01116716,0.0,2.064
6132414.0,-0.00752463,0.0,2.064
6132492.0,0.00644347,0.0,2.064
6132571.0,-0.00259766,0.0,2.064
6132649.0,-0.0004136,0.0,1.376
6132727.0,0.00700209,0.0,2.408
6132805.0,-0.00224217,0.0,1.376
6132883.0,0.01294483,0.0,2.408
6132961.0,0.01213218,0.0,2.064
6133039.0,-0.01727681,0.0,1.72
6133117.0,0.00237992,0.0,1.72
6133195.0,-0.00178509,0.0,2.064
6133274.0,0.00319264,0.0,2.064
6133352.0,0.01517973,0.0,2.064
6133430.0,-0.00229294,0.0,2.408
6133508.0,0.017567,0.0,1.72
6133586.0,0.00822114,0.0,2.064
6133664.0,0.00258319,0.0,2.064
6133742.0,0.00029745,0.0,2.064
6133820.0,-0.00894688,0.0,1.72
6133898.0,0.00893226,0.0,2.064
6133977.0,-0.01265472,0.0,1.72
6134055.0,-0.00569605,0.0,2.064
6134133.0,0.00740849,0.0,2.064
6134211.0,0.00309104,0.0,2.408
6134289.0,-0.01245152,0.0,2.064
6134367.0,-0.01245152,0.0,1.72
6134445.0,0.00852594,0.0,2.408
6134523.0,0.0041069,0.0,2.408
6134601.0,-0.01448322,0.0,2.064
6134680.0,0.00344661,0.0,2.064
6134758.0,0.02554152,0.0,2.752
6134836.0,-0.01793718,0.0,2.064
6134914.0,-0.01732758,0.0,2.064
6134992.0,0.01035451,0.0,2.408
6135070.0,0.00202451,0.0,2.064
6135148.0,0.00420857,0.0,1.72
6135226.0,0.01208134,0.0,2.064
6135304.0,-0.0011248,0.0,2.408
6135383.0,0.00156727,0.0,2.064
6135461.0,0.00324356,0.0,1.72
6135539.0,0.01162425,0.0,2.752
6135617.0,-0.00996258,0.0,1.72
6135695.0,0.00994811,0.0,2.752
6135773.0,0.00766237,0.0,2.064
6135851.0,-0.01367057,0.0,2.064
6135929.0,0.00166887,0.0,3.096
6136008.0,-0.0069151,0.0,2.064
6136086.0,0.00171963,0.0,2.064
6136164.0,0.00263396,0.0,2.064
6136242.0,-0.01443246,0.0,2.064
6136320.0,0.00593547,0.0,1.72
6136398.0,-0.00686434,0.0,2.064
6136476.0,0.00684972,0.0,3.44
6136554.0,-0.00295322,0.0,2.064
6136632.0,0.0061386,0.0,2.408
6136711.0,0.01015131,0.0,2.064
6136789.0,-0.00889604,0.0,2.064
6136867.0,0.00766237,0.0,1.72
6136945.0,-0.00925161,0.0,2.064
6137023.0,-0.01488962,0.0,2.064
6137101.0,-0.000312,0.0,2.064
6137179.0,-0.00925161,0.0,2.408
6137257.0,0.00222763,0.0,2.064
6137335.0,-0.01143567,0.0,2.064
6137414.0,-0.004985,0.0,2.064
6137492.0,-0.000312,0.0,2.408
6137570.0,-0.01463559,0.0,1.72
6137648.0,0.00344661,0.0,2.408
6137726.0,0.01157349,0.0,1.72
6137804.0,0.00039898,0.0,2.064
6137882.0,-0.00391831,0.0,1.72
6137960.0,0.01365595,0.0,2.064
6138038.0,-0.00198821,0.0,1.376
6138117.0,0.0174654,0.0,1.376
6138195.0,-0.00417228,0.0,1.72
6138273.0,-0.00026131,0.0,2.064
6138351.0,-0.01204512,0.0,1.376
6138429.0,0.00359897,0.0,2.064
6138507.0,0.01832896,0.0,1.376
6138585.0,-0.01240068,0.0,2.064
6138663.0,-0.00264857,0.0,1.72
6138741.0,0.00375141,0.0,2.064
6138820.0,-0.00788012,0.0,2.064
6138898.0,-0.00772783,0.0,2.064
6138976.0,-0.00330886,0.0,2.064
6139054.0,-0.00549293,0.0,2.064
6139132.0,-0.02027368,0.0,2.064
6139210.0,-0.01880059,0.0,2.064
6139288.0,0.0045133,0.0,2.064
6139367.0,0.01157349,0.0,2.064
6139445.0,-0.00295322,0.0,2.064
6139523.0,-0.00539133,0.0,2.064
6139601.0,-0.00173425,0.0,2.064
6139679.0,0.0012117,0.0,2.408
6139757.0,-0.03017823,0.0,2.064
6139835.0,-0.0025469,0.0,1.72
6139913.0,-0.00798172,0.0,1.72
6139991.0,0.00979575,0.0,2.064
6140070.0,-0.01331501,0.0,2.064
6140148.0,-0.0115372,0.0,2.064
6140226.0,0.0091863,0.0,2.064
6140304.0,-0.00315642,0.0,2.064
6140382.0,-0.0066103,0.0,2.064
6140460.0,0.00375141,0.0,2.064
6140538.0,-0.01544831,0.0,2.064
6140616.0,0.01147189,0.0,1.72
6140694.0,-0.00422319,0.0,2.064
6140773.0,0.0045133,0.0,2.064
6140851.0,-0.00010887,0.0,2.064
6140929.0,-0.01468642,0.0,1.72
6141007.0,-0.02200058,0.0,2.064
6141085.0,-0.004477,0.0,2.064
6141163.0,0.02046219,0.0,1.376
6141241.0,0.00664667,0.0,2.408
6141319.0,-0.00417228,0.0,2.064
6141397.0,-0.00142952,0.0,2.064
6141476.0,0.01253858,0.0,2.064
6141554.0,-0.01742925,0.0,2.752
6141632.0,-0.01524504,0.0,2.064
6141710.0,-0.01148651,0.0,2.752
6141788.0,-0.01062294,0.0,2.064
6141866.0,0.00237992,0.0,1.72
6141944.0,0.00974499,0.0,2.064
6142022.0,-0.01148651,0.0,2.408
6142100.0,-0.00015956,0.0,2.064
6142178.0,0.00364981,0.0,2.064
6142257.0,0.0103036,0.0,2.064
6142335.0,-0.01219748,0.0,2.064
6142413.0,-0.00305482,0.0,1.72
6142491.0,0.01822728,0.0,1.72
6142569.0,0.00933851,0.0,2.408
6142647.0,-0.00762623,0.0,2.064
6142725.0,-0.01097858,0.0,2.408
6142804.0,0.01817652,0.0,1.72
6142882.0,-0.01463559,0.0,2.064
6142960.0,-0.02316879,0.0,2.408
6143038.0,0.00111018,0.0,1.72
6143116.0,0.00710376,0.0,2.408
6143194.0,0.02107171,0.0,2.064
6143272.0,-0.0318036,0.0,2.064
6143350.0,-0.02961954,0.0,2.064
6143428.0,-0.01372126,0.0,2.064
6143507.0,0.0090847,0.0,1.72
6143585.0,-0.00462944,0.0,2.064
6143663.0,0.00806877,0.0,2.408
6143741.0,0.00029745,0.0,2.064
6143819.0,-0.00574696,0.0,2.064
6143897.0,-0.01534671,0.0,1.72
6143975.0,0.00461482,0.0,2.408
6144053.0,-0.01158803,0.0,1.72
6144131.0,-0.0293655,0.0,2.064
6144210.0,-0.0051882,0.0,1.376
6144288.0,-0.00747379,0.0,2.064
6144366.0,0.00324356,0.0,2.064
6144444.0,-0.00198821,0.0,1.72
6144522.0,0.00507206,0.0,2.064
6144600.0,0.02198596,0.0,2.064
6144678.0,0.00288792,0.0,2.064
6144756.0,-0.0045786,0.0,2.064
6144834.0,0.0173638,0.0,2.064
6144913.0,0.0130465,0.0,2.064
6144991.0,-0.01504199,0.0,2.064
6145069.0,0.01609406,0.0,2.408
6145147.0,0.00817037,0.0,2.064
6145225.0,0.00014517,0.0,2.064
6145303.0,-0.00239454,0.0,2.064
6145381.0,0.00136414,0.0,2.064
6145459.0,-0.00838812,0.0,1.376
6145537.0,-0.0406923,0.0,2.064
6145616.0,-0.00879437,0.0,2.064
6145694.0,-0.0043754,0.0,2.064
6145772.0,0.0013133,0.0,2.064
6145850.0,-0.01534671,0.0,2.064
6145928.0,-0.01864815,0.0,2.064
6146006.0,-0.03540985,0.0,2.064
6146084.0,-0.00920077,0.0,2.064
6146163.0,-0.0028517,0.0,2.064
6146241.0,-0.00635642,0.0,2.064
6146319.0,0.00811954,0.0,2.408
6146397.0,0.00537671,0.0,2.064
6146475.0,-0.01981644,0.0,2.064
6146553.0,-0.01539747,0.0,2.408
6146631.0,-0.02128945,0.0,2.064
6146709.0,-0.02372748,0.0,2.064
6146787.0,-0.00137861,0.0,2.064
6146866.0,-0.00300414,0.0,2.408
6146944.0,-0.00280086,0.0,2.064
6147022.0,-0.0162102,0.0,2.064
6147100.0,-0.00219134,0.0,2.064
6147178.0,0.02218916,0.0,2.064
6147256.0,0.01309727,0.0,1.72
6147334.0,-0.00163265,0.0,2.064
6147412.0,0.0041069,0.0,2.064
6147490.0,0.00217679,0.0,2.064
6147569.0,-0.00325795,0.0,2.064
6147647.0,0.00476733,0.0,1.72
6147725.0,-0.00671198,0.0,2.408
6147803.0,4.349e-05,0.0,2.064
6147881.0,-0.03337814,0.0,2.752
6147959.0,-0.00295322,0.0,2.064
6148037.0,0.00583387,0.0,2.408
6148115.0,0.00182131,0.0,2.752
6148193.0,-0.00153105,0.0,2.064
6148271.0,0.0013133,0.0,2.064
6148350.0,-0.00259766,0.0,2.752
6148428.0,0.01208134,0.0,2.408
6148506.0,-0.00366443,0.0,1.72
6148584.0,0.01279254,0.0,2.064
6148662.0,0.00126254,0.0,2.064
6148740.0,0.00375141,0.0,2.408
6148818.0,0.0063418,0.0,2.408
6148897.0,-0.01732758,0.0,2.064
6148975.0,0.0044117,0.0,2.408
6149053.0,-0.00153105,0.0,1.72
6149131.0,0.0205131,0.0,2.064
6149209.0,-0.00503576,0.0,2.064
6149287.0,-0.00584849,0.0,2.408
6149365.0,-0.00620405,0.0,2.064
6149443.0,-0.00396915,0.0,2.064
6149521.0,0.00273548,0.0,2.064
6149600.0,0.0124369,0.0,2.064
6149678.0,-0.00071832,0.0,2.064
6149756.0,-0.01052134,0.0,2.064
6149834.0,0.0013133,0.0,2.064
6149912.0,-0.00427388,0.0,2.064
6149990.0,0.01578933,0.0,2.064
6150068.0,-0.00300414,0.0,2.064
6150146.0,-0.00396915,0.0,2.064
6150224.0,-0.01910539,0.0,2.064
6150303.0,0.01345283,0.0,1.376
6150381.0,-0.01961332,0.0,2.064
6150459.0,-0.01829266,0.0,2.064
6150537.0,-0.00396915,0.0,2.064
6150615.0,-0.01742925,0.0,2.064
6150693.0,-0.01702285,0.0,1.72
6150771.0,-0.00193737,0.0,2.064
6150849.0,-0.01285785,0.0,2.064
6150927.0,0.01426541,0.0,2.408
6151005.0,-0.01763238,0.0,1.72
6151084.0,0.00222763,0.0,2.064
6151162.0,-0.01575304,0.0,2.408
6151240.0,-0.01351821,0.0,2.064
6151318.0,-0.00021047,0.0,2.064
6151396.0,-0.00046443,0.0,2.064
6151474.0,0.00949103,0.0,2.064
6151552.0,-0.01626096,0.0,1.72
6151631.0,-0.00859132,0.0,2.064
6151709.0,-0.01702285,0.0,2.064
6151787.0,-0.00351199,0.0,2.064
6151865.0,-0.00645794,0.0,2.408
6151943.0,0.01848132,0.0,2.064
6152021.0,-0.00544209,0.0,2.408
6152099.0,-0.00960717,0.0,2.064
6152177.0,0.01380839,0.0,2.064
6152256.0,0.02254473,0.0,2.064
6152334.0,0.00771321,0.0,2.064
6152412.0,-0.0272322,0.0,2.064
6152490.0,-0.00666114,0.0,2.064
6152568.0,-0.01387377,0.0,2.064
6152646.0,0.00466566,0.0,2.064
6152724.0,-0.0028517,0.0,2.064
6152802.0,-0.00087076,0.0,1.72
6152880.0,-0.0164134,0.0,2.064
6152958.0,0.00669736,0.0,2.064
6153037.0,-0.004477,0.0,2.064
6153115.0,-0.01377217,0.0,2.064
6153193.0,0.0067482,0.0,2.064
6153271.0,-0.00427388,0.0,2.064
6153349.0,0.00344661,0.0,1.72
6153427.0,-0.00087076,0.0,2.064
6153505.0,-0.00462944,0.0,2.064
6153583.0,0.00568143,0.0,2.064
6153662.0,0.00060225,0.0,2.064
6153740.0,0.00319264,0.0,2.064
6153818.0,-0.00686434,0.0,2.064
6153896.0,-0.00899757,0.0,2.064
6153974.0,-0.01778474,0.0,2.064
6154052.0,-0.00432471,0.0,2.064
6154130.0,0.0085767,0.0,2.408
6154208.0,-0.00208981,0.0,2.408
6154286.0,-0.00219134,0.0,2.064
6154365.0,-0.00127709,0.0,2.064
6154443.0,-0.01346745,0.0,2.064
6154521.0,-5.803e-05,0.0,2.752
6154599.0,-0.0046802,0.0,1.72
6154677.0,0.00055142,0.0,2.064
6154755.0,0.00288792,0.0,2.064
6154833.0,-0.01666729,0.0,2.064
6154911.0,0.0103036,0.0,2.064
6154989.0,-0.00589918,0.0,2.064
6155067.0,0.00964331,0.0,2.064
6155146.0,-0.00544209,0.0,2.064
6155224.0,-0.00564529,0.0,2.064
6155302.0,-0.01255312,0.0,2.064
6155380.0,0.00253236,0.0,2.064
6155458.0,-0.0005152,0.0,2.064
6155536.0,0.0108116,0.0,2.064
6155614.0,-0.01880059,0.0,2.064
6155692.0,0.01045604,0.0,1.72
6155770.0,-0.00996258,0.0,2.064
6155849.0,0.00847518,0.0,2.064
6155927.0,-0.00782935,0.0,2.064
6156005.0,0.02015746,0.0,2.064
6156083.0,-0.00325795,0.0,2.064
6156161.0,0.00776405,0.0,2.064
6156239.0,-0.01011509,0.0,2.064
6156317.0,0.01985274,0.0,2.064
6156396.0,-0.01519435,0.0,2.064
6156474.0,-0.0070167,0.0,2.064
6156552.0,-0.00975953,0.0,2.752
6156630.0,0.00740849,0.0,2.408
6156708.0,0.00954171,0.0,1.376
6156786.0,0.01792256,0.0,2.064
6156864.0,-0.01453406,0.0,1.376
6156942.0,0.00380217,0.0,1.72
6157020.0,-0.00208981,0.0,2.064
6157099.0,-7.27e-06,0.0,1.72
6157177.0,-0.00259766,0.0,1.72
6157255.0,-0.00721983,0.0,2.752
6157333.0,-0.00107388,0.0,2.064
6157411.0,-0.00823575,0.0,1.72
6157489.0,0.01213218,0.0,1.72
6157567.0,-0.00102312,0.0,1.72
6157645.0,0.0238653,0.0,2.064
6157723.0,-0.01854663,0.0,2.064
6157802.0,0.00070385,0.0,2.408
6157880.0,0.00202451,0.0,1.72
6157958.0,0.00019585,0.0,2.064
6158036.0,0.01111633,0.0,2.064
6158114.0,-0.01326417,0.0,2.064
6158192.0,-0.03175277,0.0,1.72
6158270.0,-0.01585464,0.0,2.064
6158348.0,0.00690049,0.0,1.72
6158426.0,-0.02047681,0.0,2.064
6158505.0,-0.00407068,0.0,2.408
6158583.0,-0.004477,0.0,2.064
6158661.0,0.00481802,0.0,2.064
6158739.0,-0.02007048,0.0,2.064
6158817.0,-0.00325795,0.0,2.408
6158895.0,0.00679888,0.0,1.72
6158973.0,-0.01758161,0.0,1.72
6159052.0,0.00105934,0.0,2.064
6159130.0,0.02919859,0.0,2.064
6159208.0,-0.00975953,0.0,2.064
6159286.0,0.01710998,0.0,2.064
6159364.0,-0.00909917,0.0,1.72
6159442.0,-0.00335955,0.0,1.72
6159520.0,-0.00981037,0.0,2.064
6159598.0,-0.00838812,0.0,2.064
6159676.0,0.00771321,0.0,2.408
6159755.0,-0.00549293,0.0,2.064
6159833.0,-0.00523889,0.0,2.408
6159911.0,0.00197359,0.0,1.72
6159989.0,-0.00930229,0.0,1.72
6160067.0,-0.00493416,0.0,2.408
6160145.0,-0.00417228,0.0,2.064
6160223.0,-0.00630558,0.0,2.408
6160301.0,-0.00630558,0.0,2.064
6160379.0,0.03021445,0.0,2.752
6160457.0,-0.01768314,0.0,1.376
6160536.0,-0.0043754,0.0,2.752
6160614.0,0.01548446,0.0,2.064
6160692.0,0.01335123,0.0,1.72
6160770.0,-0.00330886,0.0,2.064
6160848.0,-0.00066756,0.0,2.408
6160926.0,0.0012117,0.0,2.064
6161004.0,-0.00721983,0.0,2.064
6161082.0,-0.00508653,0.0,1.72
6161161.0,0.00486886,0.0,2.064
6161239.0,-0.00310566,0.0,2.064
6161317.0,-0.00351199,0.0,1.72
6161395.0,-0.00097236,0.0,2.408
6161473.0,-0.00163265,0.0,2.064
6161551.0,0.00735765,0.0,2.064
6161629.0,0.00116102,0.0,2.064
6161707.0,-0.01209596,0.0,1.72
6161786.0,-0.00010887,0.0,2.064
6161864.0,-0.00920077,0.0,2.064
6161942.0,-0.00376595,0.0,2.752
6162020.0,0.01223378,0.0,2.064
6162098.0,-0.00584849,0.0,2.408
6162176.0,-0.0199688,0.0,2.064
6162254.0,0.02025906,0.0,2.064
6162332.0,0.01040528,0.0,2.064
6162410.0,-0.00442624,0.0,2.064
6162489.0,-0.01590532,0.0,2.064
6162567.0,-0.01885143,0.0,2.064
6162645.0,0.0013133,0.0,2.064
6162723.0,-0.01168963,0.0,2.064
6162801.0,0.02650653,0.0,2.064
6162879.0,-0.00528973,0.0,2.064
6162957.0,-0.0087436,0.0,2.064
6163035.0,-0.01905463,0.0,1.72
6163113.0,-0.00142952,0.0,2.064
6163192.0,-0.01453406,0.0,1.72
6163270.0,-0.01534671,0.0,2.064
6163348.0,0.00319264,0.0,2.064
6163426.0,-0.00320719,0.0,2.064
6163504.0,-0.01676896,0.0,2.064
6163582.0,0.00811954,0.0,1.72
6163660.0,0.00085622,0.0,1.376
6163738.0,-0.00259766,0.0,2.064
6163816.0,0.00928783,0.0,1.72
6163894.0,-0.01981644,0.0,2.752
6163973.0,-0.00300414,0.0,2.064
6164051.0,0.01258934,0.0,2.064
6164129.0,0.00461482,0.0,2.064
6164207.0,0.00705292,0.0,2.064
6164285.0,-0.01361973,0.0,1.72
6164363.0,0.00151651,0.0,2.064
6164441.0,0.00786565,0.0,2.064
6164519.0,-0.00010887,0.0,2.064
6164598.0,-0.00640725,0.0,2.064
6164676.0,0.00563067,0.0,2.064
6164754.0,0.00100858,0.0,2.064
6164832.0,-0.00676267,0.0,1.72
6164910.0,-0.00351199,0.0,1.72
6164988.0,-0.01529587,0.0,2.064
6165066.0,0.01213218,0.0,2.064
6165144.0,0.00817037,0.0,2.408
6165223.0,0.00563067,0.0,2.064
6165301.0,0.01025284,0.0,2.064
6165379.0,-0.01118163,0.0,1.72
6165457.0,0.00481802,0.0,2.064
6165535.0,-0.00528973,0.0,1.72
6165613.0,0.00629103,0.0,2.064
6165691.0,0.00649416,0.0,2.408
6165769.0,0.01157349,0.0,2.064
6165847.0,-0.00782935,0.0,1.72
6165926.0,-0.00727059,0.0,2.064
6166004.0,0.01924313,0.0,2.064
6166082.0,-0.00127709,0.0,1.72
6166160.0,-0.00087076,0.0,2.064
6166238.0,-0.01321341,0.0,2.064
6166316.0,-0.00081992,0.0,2.064
6166394.0,0.01065924,0.0,2.064
6166472.0,0.00740849,0.0,2.064
6166550.0,0.00811954,0.0,2.064
6166629.0,0.00690049,0.0,2.064
6166707.0,0.00400537,0.0,2.408
6166785.0,-0.01097858,0.0,2.064
6166863.0,0.00014517,0.0,2.064
6166941.0,0.02711613,0.0,2.408
6167019.0,0.00385301,0.0,2.408
6167097.0,0.00288792,0.0,2.408
6167175.0,0.00745925,0.0,2.408
6167253.0,-0.02123869,0.0,2.064
6167332.0,0.00344661,0.0,2.064
6167410.0,0.00603707,0.0,2.064
6167488.0,-0.00828659,0.0,3.096
6167566.0,-0.00869284,0.0,2.064
6167644.0,-0.00015956,0.0,2.064
6167722.0,-0.0291623,0.0,2.064
6167800.0,-0.01245152,0.0,2.064
6167878.0,-0.00782935,0.0,1.72
6167957.0,0.00400537,0.0,1.376
6168035.0,0.01741471,0.0,1.72
6168113.0,-0.00107388,0.0,1.376
6168191.0,-0.00620405,0.0,2.408
6168269.0,0.00090698,0.0,1.72
6168347.0,0.01761783,0.0,2.064
6168425.0,0.00405613,0.0,2.064
6168503.0,-0.00803255,0.0,1.72
6168582.0,-0.00579765,0.0,2.064
6168660.0,-0.0140769,0.0,2.408
6168738.0,-0.00818492,0.0,2.064
6168816.0,-0.0011248,0.0,1.72
6168894.0,0.00212603,0.0,1.72
6168972.0,0.02198596,0.0,2.064
6169050.0,0.0083735,0.0,1.72
6169128.0,-0.00945481,0.0,2.064
6169206.0,-0.01717529,0.0,1.72
6169285.0,-0.00021047,0.0,2.064
6169363.0,0.00146574,0.0,2.064
6169441.0,-0.0119436,0.0,2.408
6169519.0,-0.00782935,0.0,1.72
6169597.0,-0.00483264,0.0,2.064
6169675.0,0.00044989,0.0,2.064
6169753.0,0.00893226,0.0,2.064
6169831.0,-0.01433086,0.0,1.72
6169909.0,0.01919237,0.0,2.064
6169988.0,-0.00711823,0.0,2.064
6170066.0,-0.00407068,0.0,2.064
6170144.0,-0.01793718,0.0,2.064
6170222.0,-0.00188661,0.0,2.064
6170300.0,-0.01209596,0.0,2.064
6170378.0,0.02335745,0.0,1.72
6170456.0,-0.00203897,0.0,2.064
6170534.0,-0.00229294,0.0,2.064
6170612.0,-0.00269926,0.0,2.064
6170691.0,-0.0158038,0.0,2.408
6170769.0,-0.02824805,0.0,2.064
6170847.0,0.02411927,0.0,2.064
6170925.0,-0.02078153,0.0,1.72
6171003.0,0.01426541,0.0,2.064
6171081.0,0.01553529,0.0,2.064
6171159.0,0.00055142,0.0,2.064
6171237.0,0.00222763,0.0,2.752
6171315.0,0.01065924,0.0,2.064
6171394.0,-0.00889604,0.0,2.064
6171472.0,0.00217679,0.0,2.064
6171550.0,0.00060225,0.0,2.064
6171628.0,-0.00071832,0.0,1.72
6171706.0,-0.00300414,0.0,2.064
6171784.0,0.00893226,0.0,2.064
6171862.0,0.0087799,0.0,2.064
6171940.0,0.0062402,0.0,2.064
6172019.0,-0.00081992,0.0,2.064
6172097.0,-0.00528973,0.0,2.408
6172175.0,-0.00671198,0.0,1.72
6172253.0,0.01584002,0.0,2.064
6172331.0,-0.01392446,0.0,2.064
6172409.0,-0.02255927,0.0,2.408
6172487.0,-0.02555613,0.0,2.064
6172565.0,0.01040528,0.0,2.064
6172644.0,0.01411312,0.0,2.064
6172722.0,-0.01844503,0.0,2.752
6172800.0,-0.00589918,0.0,2.064
6172878.0,-0.00315642,0.0,1.72
6172956.0,-0.0084388,0.0,2.064
6173034.0,0.00339584,0.0,2.752
6173112.0,-0.01626096,0.0,1.72
6173190.0,-0.00219134,0.0,1.72
6173268.0,0.0067482,0.0,2.064
6173347.0,-0.0117404,0.0,2.064
6173425.0,-0.00407068,0.0,1.72
6173503.0,0.01634802,0.0,2.064
6173581.0,-0.00991189,0.0,2.064
6173659.0,-0.00732143,0.0,1.72
6173737.0,-0.00788012,0.0,2.408
6173815.0,0.00715445,0.0,1.72
6173893.0,0.00019585,0.0,2.408
6173971.0,0.00720529,0.0,1.72
6174049.0,-0.00859132,0.0,1.72
6174128.0,-0.01961332,0.0,1.72
6174206.0,-5.803e-05,0.0,2.064
6174284.0,-0.00711823,0.0,2.064
6174362.0,0.00690049,0.0,2.064
6174440.0,0.01934474,0.0,2.064
6174518.0,0.00207519,0.0,2.064
6174596.0,-0.02337207,0.0,1.376
6174674.0,-0.01052134,0.0,2.064
6174752.0,-0.01494031,0.0,2.064
6174831.0,-0.00777852,0.0,1.72
6174909.0,-0.00579765,0.0,2.064
6174987.0,-0.01052134,0.0,2.752
6175065.0,-0.00925161,0.0,2.064
6175143.0,-0.01204512,0.0,2.064
6175221.0,0.0126401,0.0,1.72
6175299.0,-0.01057218,0.0,2.064
6175377.0,-0.00158189,0.0,2.064
6175456.0,0.00618943,0.0,2.064
6175534.0,-0.00137861,0.0,2.408
6175612.0,0.0067482,0.0,2.408
6175690.0,0.00253236,0.0,2.064
6175768.0,-0.01742925,0.0,2.408
6175846.0,-0.00432471,0.0,2.064
6175924.0,-0.00401991,0.0,1.72
6176002.0,0.00415773,0.0,2.064
6176081.0,-0.00859132,0.0,2.064
6176159.0,0.01446868,0.0,2.408
6176237.0,-0.00554376,0.0,2.064
6176315.0,-0.01748001,0.0,2.408
6176393.0,0.00202451,0.0,2.064
6176471.0,-0.00356275,0.0,1.376
6176549.0,-0.00716907,0.0,2.064
6176627.0,-0.00503576,0.0,1.72
6176705.0,0.00278632,0.0,1.72
6176784.0,-0.03104172,0.0,3.096
6176862.0,-7.27e-06,0.0,2.408
6176940.0,-0.01209596,0.0,2.064
6177018.0,-0.0117404,0.0,1.72
6177096.0,-0.01031814,0.0,1.72
6177174.0,-0.0045786,0.0,1.376
6177252.0,0.01279254,0.0,2.064
6177330.0,-0.02235607,0.0,2.064
6177408.0,0.00253236,0.0,2.064
6177487.0,0.00217679,0.0,2.064
6177565.0,0.00522442,0.0,2.064
6177643.0,-0.00625474,0.0,2.752
6177721.0,0.01578933,0.0,1.376
6177799.0,-0.01321341,0.0,2.408
6177877.0,-0.00869284,0.0,2.064
6177955.0,0.00715445,0.0,2.408
6178033.0,0.00329424,0.0,2.408
6178111.0,-0.0027501,0.0,2.064
6178190.0,-0.0045786,0.0,2.064
6178268.0,-0.01077538,0.0,2.064
6178346.0,0.00019585,0.0,2.064
6178424.0,-0.00168349,0.0,1.72
6178502.0,0.01639878,0.0,2.064
6178580.0,-0.01554991,0.0,2.064
6178658.0,-0.02245774,0.0,2.064
6178736.0,-0.01727681,0.0,2.064
6178814.0,-0.00371511,0.0,2.064
6178893.0,-0.01737841,0.0,2.064
6178971.0,-0.00264857,0.0,2.064
6179049.0,-0.00777852,0.0,2.064
6179127.0,0.00690049,0.0,2.064
6179205.0,0.00552915,0.0,2.064
6179283.0,-0.00879437,0.0,2.408
6179361.0,0.0041069,0.0,2.064
6179440.0,0.0044117,0.0,2.064
6179518.0,0.02356058,0.0,2.064
6179596.0,-0.01133407,0.0,2.064
6179674.0,0.00395453,0.0,2.064
6179752.0,-0.01377217,0.0,2.064
6179830.0,-0.00803255,0.0,2.064
6179908.0,0.01111633,0.0,2.064
6179986.0,-0.0141785,0.0,1.72
6180064.0,-0.01072454,0.0,2.064
6180143.0,0.00461482,0.0,1.376
6180221.0,0.00791641,0.0,1.72
6180299.0,-0.01981644,0.0,1.72
6180377.0,0.03107793,0.0,2.064
6180455.0,-0.01163887,0.0,2.064
6180533.0,-0.01184192,0.0,2.408
6180611.0,-0.01483879,0.0,1.72
6180689.0,-0.00904841,0.0,1.72
6180767.0,0.00319264,0.0,1.72
6180845.0,-0.00183577,0.0,2.064
6180924.0,-0.00991189,0.0,2.064
6181002.0,0.00039898,0.0,2.064
6181080.0,-0.01626096,0.0,2.752
6181158.0,-0.02321956,0.0,2.064
6181236.0,-0.00534049,0.0,2.064
6181314.0,-0.01255312,0.0,2.064
6181392.0,0.00298952,0.0,2.064
6181470.0,-0.00371511,0.0,2.064
6181548.0,0.01411312,0.0,2.064
6181627.0,0.00461482,0.0,2.064
6181705.0,-0.00056603,0.0,2.064
6181783.0,0.00710376,0.0,2.064
6181861.0,0.01451944,0.0,2.064
6181939.0,-0.00290246,0.0,2.064
6182017.0,-0.01448322,0.0,2.064
6182095.0,-0.00396915,0.0,2.064
6182173.0,-0.00036283,0.0,2.064
6182251.0,0.01782096,0.0,2.064
6182330.0,0.01065924,0.0,2.408
6182408.0,-0.00320719,0.0,2.064
6182486.0,-0.02250843,0.0,2.064
6182564.0,0.01131953,0.0,2.064
6182642.0,-0.00782935,0.0,2.064
6182720.0,-0.0122484,0.0,2.064
6182798.0,-0.00107388,0.0,2.064
6182877.0,0.00745925,0.0,2.064
6182955.0,0.02655737,0.0,2.408
6183033.0,-0.02636871,0.0,2.064
6183111.0,-0.00600078,0.0,2.064
6183189.0,-0.02794325,0.0,2.408
6183267.0,-0.00320719,0.0,1.72
6183345.0,0.00481802,0.0,2.408
6183423.0,-0.01428002,0.0,1.72
6183501.0,0.00060225,0.0,2.064
6183580.0,-5.803e-05,0.0,2.408
6183658.0,-0.00259766,0.0,2.408
6183736.0,-0.00508653,0.0,1.376
6183814.0,0.01954786,0.0,2.064
6183892.0,-0.00320719,0.0,2.064
6183970.0,-0.02012124,0.0,2.752
6184048.0,0.0103036,0.0,2.064
6184126.0,-0.03607013,0.0,3.44
6184204.0,-0.00026131,0.0,1.72
6184283.0,-0.01448322,0.0,2.752
6184361.0,-0.00899757,0.0,2.064
6184439.0,0.00872906,0.0,2.408
6184517.0,-0.00127709,0.0,1.72
6184595.0,-0.0115372,0.0,2.408
6184673.0,0.01543377,0.0,2.064
6184751.0,-0.0006168,0.0,2.064
6184829.0,0.00862754,0.0,2.064
6184907.0,0.00207519,0.0,2.408
6184986.0,-0.00066756,0.0,2.408
6185064.0,0.01695755,0.0,2.064
6185142.0,0.00984659,0.0,2.064
6185220.0,-0.02250843,0.0,2.064
6185298.0,0.0014149,0.0,2.064
6185376.0,0.02107171,0.0,2.064
6185454.0,-0.00142952,0.0,2.064
6185532.0,0.00486886,0.0,1.376
6185610.0,0.00116102,0.0,2.064
6185689.0,-0.01910539,0.0,1.376
6185767.0,0.00339584,0.0,1.72
6185845.0,-0.02895925,0.0,1.72
6185923.0,0.00314188,0.0,2.064
6186001.0,-0.00721983,0.0,1.72
6186079.0,0.00497038,0.0,2.752
6186157.0,0.00222763,0.0,1.72
6186236.0,0.00913546,0.0,2.064
6186314.0,-0.00559445,0.0,1.376
6186392.0,0.01660198,0.0,1.72
6186470.0,-0.01133407,0.0,1.72
6186548.0,0.01685595,0.0,2.064
6186626.0,-0.02982266,0.0,2.408
6186704.0,0.00060225,0.0,2.064
6186782.0,-0.00559445,0.0,2.064
6186860.0,0.00298952,0.0,2.064
6186939.0,-0.01372126,0.0,2.064
6187017.0,0.00380217,0.0,1.72
6187095.0,-0.00493416,0.0,2.064
6187173.0,-0.0046802,0.0,2.064
6187251.0,0.01909085,0.0,2.064
6187329.0,-0.0069151,0.0,2.064
6187407.0,0.01126876,0.0,2.064
6187485.0,-0.0046802,0.0,2.064
6187563.0,0.00720529,0.0,1.72
6187642.0,0.00298952,0.0,2.064
6187720.0,-0.00899757,0.0,2.064
6187798.0,0.0044117,0.0,2.064
6187876.0,0.00344661,0.0,2.752
6187954.0,-0.00899757,0.0,2.064
6188032.0,-0.00137861,0.0,2.064
6188110.0,0.00085622,0.0,2.064
6188188.0,-0.00259766,0.0,2.064
6188266.0,-0.00198821,0.0,2.064
6188344.0,-0.00249614,0.0,2.064
6188423.0,-0.03825427,0.0,1.72
6188501.0,-0.02139105,0.0,2.064
6188579.0,-0.00711823,0.0,2.064
6188657.0,-0.0205784,0.0,2.064
6188735.0,-0.0066103,0.0,2.408
6188813.0,0.00456413,0.0,1.72
6188891.0,-0.00823575,0.0,2.752
6188969.0,0.01482417,0.0,2.064
6189048.0,-0.00381671,0.0,2.408
6189126.0,-0.00828659,0.0,2.064
6189204.0,-0.00635642,0.0,2.064
6189282.0,-0.01031814,0.0,2.064
6189360.0,-0.01306097,0.0,2.408
6189438.0,0.00557991,0.0,2.064
6189516.0,0.01380839,0.0,2.064
6189594.0,-0.0084388,0.0,2.064
6189673.0,-0.01570227,0.0,2.408
6189751.0,0.00471642,0.0,2.064
6189829.0,0.00177047,0.0,2.408
6189907.0,-0.01102934,0.0,2.064
6189985.0,-0.01753085,0.0,2.408
6190063.0,0.00436086,0.0,1.72
6190141.0,0.00359897,0.0,2.408
6190219.0,-0.01849587,0.0,2.064
6190297.0,-0.00686434,0.0,2.064
6190376.0,-0.00909917,0.0,2.064
6190454.0,-0.0045786,0.0,2.064
6190532.0,-0.00158189,0.0,1.72
6190610.0,-0.00894688,0.0,1.72
6190688.0,-0.00696594,0.0,2.064
6190766.0,0.00522442,0.0,2.064
6190844.0,0.00273548,0.0,2.064
6190922.0,0.00405613,0.0,2.064
6191000.0,-0.00615322,0.0,1.72
6191078.0,0.00217679,0.0,1.72
6191157.0,-0.01946088,0.0,1.72
6191235.0,-0.00208981,0.0,1.376
6191313.0,-0.00965786,0.0,2.064
6191391.0,-0.01758161,0.0,2.064
6191469.0,-0.00650878,0.0,2.064
6191547.0,0.00390385,0.0,2.064
6191625.0,-0.0004136,0.0,2.064
6191704.0,-0.00198821,0.0,2.064
6191782.0,0.00060225,0.0,2.064
6191860.0,-0.00401991,0.0,2.064
6191938.0,-0.0043754,0.0,2.064
6192016.0,-0.01712438,0.0,1.376
6192094.0,-0.00224217,0.0,1.72
6192172.0,-0.01301028,0.0,2.064
6192250.0,0.01055756,0.0,1.72
6192329.0,-0.00803255,0.0,2.408
6192407.0,0.00730696,0.0,1.376
6192485.0,0.010202,0.0,2.064
6192563.0,-0.01829266,0.0,2.064
6192641.0,-0.00473096,0.0,2.064
6192719.0,0.02762406,0.0,1.72
6192797.0,-0.02743547,0.0,2.064
6192875.0,-0.00920077,0.0,2.064
6192953.0,-0.00513736,0.0,2.064
6193032.0,-0.02134022,0.0,2.408
6193110.0,0.00243076,0.0,1.72
6193188.0,0.03006201,0.0,2.064
6193266.0,-0.00940389,0.0,2.064
6193344.0,-0.00310566,0.0,2.064
6193422.0,0.00446253,0.0,1.376
6193500.0,0.0245765,0.0,2.064
6193578.0,-0.01468642,0.0,1.72
6193656.0,-0.00828659,0.0,2.064
6193735.0,0.00969408,0.0,2.752
6193813.0,0.00324356,0.0,1.376
6193891.0,0.0041069,0.0,2.064
6193969.0,0.00187207,0.0,1.72
6194047.0,0.00126254,0.0,2.064
6194125.0,-0.00798172,0.0,2.064
6194203.0,-0.00305482,0.0,2.064
6194281.0,-0.00742295,0.0,2.064
6194359.0,-0.01499122,0.0,1.72
6194438.0,-0.02067993,0.0,2.064
6194516.0,0.00207519,0.0,2.064
6194594.0,-0.01031814,0.0,2.064
6194672.0,-0.00010887,0.0,2.408
6194750.0,0.02122407,0.0,2.064
6194828.0,-0.00102312,0.0,2.064
6194906.0,-0.00655954,0.0,2.064
6194984.0,-0.00422319,0.0,2.064
6195062.0,-0.00991189,0.0,2.064
6195140.0,0.01873528,0.0,2.064
6195219.0,0.00832266,0.0,2.408
6195297.0,0.00146574,0.0,2.064
6195375.0,0.00065302,0.0,2.752
6195453.0,-0.00391831,0.0,2.064
6195531.0,-0.00056603,0.0,2.064
6195609.0,-0.00422319,0.0,1.376
6195687.0,0.01502744,0.0,2.408
6195765.0,-0.00442624,0.0,2.408
6195844.0,-0.02108626,0.0,2.408
6195922.0,0.0215288,0.0,1.72
6196000.0,0.00314188,0.0,2.408
6196078.0,-0.00203897,0.0,2.064
6196156.0,0.00639263,0.0,2.752
6196234.0,-0.00427388,0.0,2.064
6196312.0,-0.02677511,0.0,2.064
6196390.0,-0.00305482,0.0,1.72
6196469.0,-0.0087436,0.0,2.408
6196547.0,0.00420857,0.0,2.064
6196625.0,-0.02631795,0.0,2.064
6196703.0,0.00060225,0.0,2.064
6196781.0,-0.00305482,0.0,2.064
6196859.0,-0.00945481,0.0,1.72
6196937.0,-0.01163887,0.0,2.064
6197015.0,-0.00676267,0.0,2.064
6197093.0,-0.02215302,0.0,2.064
6197172.0,-0.01326417,0.0,2.408
6197250.0,0.00608791,0.0,2.064
6197328.0,0.00771321,0.0,2.064
6197406.0,0.01071008,0.0,1.72
6197484.0,-0.01351821,0.0,1.72
6197562.0,0.00522442,0.0,2.064
6197640.0,-0.01448322,0.0,1.72
6197718.0,-0.00249614,0.0,2.408
6197796.0,0.00639263,0.0,2.064
6197875.0,-0.02062909,0.0,1.376
6197953.0,0.00629103,0.0,2.064
6198031.0,-0.00320719,0.0,2.408
6198109.0,-0.01433086,0.0,1.376
6198187.0,-0.01092775,0.0,2.064
6198265.0,-0.00076916,0.0,2.064
6198343.0,-0.01240068,0.0,2.064
6198421.0,0.01680511,0.0,2.064
6198499.0,0.00359897,0.0,1.72
6198578.0,0.00740849,0.0,2.064
6198656.0,0.00385301,0.0,1.376
6198734.0,-0.00564529,0.0,2.064
6198812.0,0.00751001,0.0,1.72
6198890.0,-0.00798172,0.0,2.064
6198968.0,0.00288792,0.0,2.752
6199046.0,0.00105934,0.0,2.064
6199124.0,0.00146574,0.0,1.72
6199202.0,-0.03414011,0.0,1.72
6199281.0,0.00690049,0.0,2.064
6199359.0,-0.01377217,0.0,1.72
6199437.0,0.01817652,0.0,2.064
6199515.0,-0.00645794,0.0,2.064
6199593.0,0.00949103,0.0,1.72
6199671.0,-0.0005152,0.0,1.376
6199749.0,-0.00960717,0.0,2.064
6199828.0,-0.01158803,0.0,2.064
6199906.0,-0.00203897,0.0,1.72
6199984.0,0.00171963,0.0,2.064
6200062.0,0.00598623,0.0,2.064
6200140.0,0.01517973,0.0,2.064
6200218.0,-0.00940389,0.0,2.408
6200296.0,-0.00798172,0.0,2.408
6200374.0,-0.01433086,0.0,2.064
6200452.0,-0.00097236,0.0,2.064
6200531.0,-0.00711823,0.0,2.064
6200609.0,-0.01549907,0.0,2.064
6200687.0,0.00994811,0.0,1.72
6200765.0,0.00781481,0.0,2.408
6200843.0,0.00024669,0.0,2.064
6200921.0,0.00806877,0.0,2.064
6200999.0,0.01131953,0.0,2.064
6201077.0,-0.01422926,0.0,2.064
6201155.0,0.00522442,0.0,2.064
6201233.0,-0.00615322,0.0,2.408
6201312.0,-0.00371511,0.0,2.064
6201390.0,0.00801794,0.0,2.408
6201468.0,0.00446253,0.0,2.064
6201546.0,-0.00813408,0.0,1.376
6201624.0,0.02513519,0.0,2.408
6201702.0,0.00283708,0.0,2.064
6201780.0,0.00944019,0.0,2.064
6201859.0,-0.02052749,0.0,3.44
6201937.0,0.00766237,0.0,2.408
6202015.0,0.00055142,0.0,2.408
6202093.0,0.00456413,0.0,2.064
6202171.0,0.00776405,0.0,2.064
6202249.0,-0.00071832,0.0,1.72
6202327.0,-0.00996258,0.0,1.72
6202405.0,-0.01402598,0.0,2.064
6202483.0,-0.02113709,0.0,2.064
6202562.0,0.01832896,0.0,2.064
6202640.0,-0.01255312,0.0,2.064
6202718.0,0.00055142,0.0,2.408
6202796.0,-0.00219134,0.0,2.064
6202874.0,0.02239244,0.0,1.72
6202952.0,-0.004477,0.0,1.72
6203030.0,0.00959255,0.0,2.064
6203108.0,0.0012117,0.0,1.72
6203186.0,0.00359897,0.0,2.064
6203265.0,0.00293868,0.0,2.752
6203343.0,-0.00991189,0.0,2.064
6203421.0,0.00446253,0.0,2.064
6203499.0,-0.01854663,0.0,2.064
6203577.0,-0.02266087,0.0,2.408
6203655.0,-0.00970869,0.0,2.064
6203733.0,-0.0025469,0.0,2.064
6203811.0,0.00014517,0.0,2.064
6203889.0,-0.00605169,0.0,2.064
6203968.0,-0.01321341,0.0,2.064
6204046.0,-0.01138483,0.0,2.064
6204124.0,-0.02210218,0.0,1.72
6204202.0,-0.01118163,0.0,1.72
6204280.0,0.02005586,0.0,2.064
6204358.0,-0.0011248,0.0,2.064
6204436.0,0.01365595,0.0,1.72
6204514.0,-0.00076916,0.0,2.064
6204592.0,-0.00183577,0.0,2.064
6204671.0,-0.00346115,0.0,2.064
6204749.0,0.006545,0.0,2.064
6204827.0,0.00090698,0.0,2.064
6204905.0,-0.00198821,0.0,2.064
6204983.0,0.0110148,0.0,2.064
6205061.0,-0.01890219,0.0,2.064
6205139.0,0.00644347,0.0,2.064
6205217.0,-0.00432471,0.0,2.408
6205295.0,-0.01910539,0.0,2.064
6205374.0,-7.27e-06,0.0,2.064
6205452.0,-0.01798786,0.0,1.376
6205530.0,-0.01697209,0.0,2.064
6205608.0,-0.0070167,0.0,2.064
6205686.0,0.00557991,0.0,2.064
6205764.0,0.0090847,0.0,2.064
6205842.0,0.00217679,0.0,2.064
6205920.0,0.01843056,0.0,2.064
6205999.0,-0.00036283,0.0,2.064
6206077.0,-0.01301028,0.0,1.72
6206155.0,-0.00214057,0.0,2.064
6206233.0,-0.0087436,0.0,2.408
6206311.0,0.00730696,0.0,1.72
6206389.0,-0.00427388,0.0,1.72
6206467.0,-0.00523889,0.0,3.096
6206545.0,0.00100858,0.0,2.064
6206623.0,-0.00122632,0.0,1.72
6206702.0,-0.01097858,0.0,1.72
6206780.0,0.00060225,0.0,1.72
6206858.0,-0.01179123,0.0,2.064
6206936.0,0.00639263,0.0,2.408
6207014.0,-0.00625474,0.0,2.064
6207092.0,-0.01666729,0.0,2.408
6207170.0,-0.00762623,0.0,2.064
6207248.0,0.00913546,0.0,2.408
6207326.0,-0.02174654,0.0,2.064
6207405.0,0.0091863,0.0,2.064
6207483.0,0.00334508,0.0,2.064
6207561.0,-0.00234385,0.0,2.064
6207639.0,0.01228454,0.0,2.064
6207717.0,-0.01331501,0.0,2.064
6207795.0,0.0014149,0.0,2.064
6207873.0,0.01197982,0.0,1.72
6207951.0,0.00192283,0.0,1.72
6208030.0,-0.00996258,0.0,2.064
6208108.0,-0.01692125,0.0,2.064
6208186.0,-0.00478173,0.0,2.064
6208264.0,-0.01554991,0.0,2.064
6208342.0,0.00359897,0.0,2.064
6208420.0,0.0091863,0.0,2.064
6208498.0,-0.02540362,0.0,1.72
6208576.0,-0.01057218,0.0,1.72
6208655.0,0.00217679,0.0,2.408
6208733.0,-0.02123869,0.0,2.064
6208811.0,0.01477348,0.0,1.032
6208889.0,0.0106084,0.0,2.064
6208967.0,-0.00655954,0.0,2.064
6209045.0,0.02173215,0.0,1.72
6209123.0,-0.00767699,0.0,2.064
6209201.0,-0.0046802,0.0,1.72
6209279.0,0.01233538,0.0,2.064
6209357.0,-0.0140769,0.0,2.752
6209436.0,-0.02423541,0.0,1.72
6209514.0,0.01782096,0.0,2.064
6209592.0,-0.00280086,0.0,2.064
6209670.0,-0.00137861,0.0,1.376
6209748.0,0.00603707,0.0,1.72
6209826.0,-0.01179123,0.0,2.064
6209904.0,-0.008642,0.0,2.408
6209982.0,0.00999888,0.0,2.752
6210060.0,-0.00909917,0.0,2.064
6210139.0,0.00171963,0.0,2.064
6210217.0,0.01919237,0.0,2.064
6210295.0,-0.01280708,0.0,1.72
6210373.0,-0.02306719,0.0,2.064
6210451.0,-0.00813408,0.0,2.064
6210529.0,0.00603707,0.0,2.064
6210607.0,0.01446868,0.0,2.408
6210685.0,0.00771321,0.0,2.064
6210763.0,0.00756085,0.0,2.064
6210842.0,-0.00234385,0.0,2.064
6210920.0,-0.00483264,0.0,2.064
6210998.0,-0.00158189,0.0,1.72
6211076.0,-0.01036906,0.0,1.72
6211154.0,-0.01702285,0.0,2.408
6211232.0,-0.01575304,0.0,2.064
6211310.0,-0.01707369,0.0,2.064
6211389.0,0.01883689,0.0,2.064
6211467.0,-0.01311181,0.0,2.064
6211545.0,0.01355443,0.0,2.064
6211623.0,-0.00346115,0.0,2.064
6211701.0,-0.00239454,0.0,2.064
6211779.0,0.00532595,0.0,2.064
6211857.0,0.02249396,0.0,2.064
6211935.0,-0.02159426,0.0,2.064
6212013.0,-0.01849587,0.0,2.064
6212091.0,-0.00584849,0.0,2.064
6212170.0,0.00207519,0.0,2.064
6212248.0,-0.00645794,0.0,1.72
6212326.0,0.00050073,0.0,2.408
6212404.0,0.01010048,0.0,2.064
6212482.0,-0.01011509,0.0,2.064
6212560.0,-0.00259766,0.0,2.064
6212638.0,0.01472264,0.0,1.72
6212716.0,-0.00325795,0.0,2.064
6212794.0,-0.00539133,0.0,2.064
6212873.0,-0.01209596,0.0,2.064
6212951.0,-0.00026131,0.0,2.752
6213029.0,-0.00351199,0.0,2.064
6213107.0,-0.00198821,0.0,2.408
6213185.0,-0.00407068,0.0,2.064
6213263.0,0.00359897,0.0,2.064
6213341.0,0.00380217,0.0,1.72
6213419.0,-0.00915001,0.0,2.064
6213497.0,0.0091863,0.0,1.72
6213576.0,-0.01869906,0.0,2.064
6213654.0,0.00446253,0.0,2.064
6213732.0,-0.0158038,0.0,2.064
6213810.0,0.00182131,0.0,2.064
6213888.0,0.00024669,0.0,1.72
6213966.0,0.00705292,0.0,2.064
6214044.0,-0.0299751,0.0,1.72
6214123.0,-0.0084388,0.0,2.064
6214201.0,-0.02042597,0.0,2.408
6214279.0,0.00522442,0.0,2.064
6214357.0,0.00024669,0.0,1.72
6214435.0,-0.00137861,0.0,2.064
6214513.0,0.01538293,0.0,1.72
6214591.0,0.00359897,0.0,1.376
6214669.0,0.00974499,0.0,2.064
6214747.0,-0.00742295,0.0,2.064
6214826.0,-0.01219748,0.0,1.376
6214904.0,-0.02393061,0.0,1.72
6214982.0,0.018075,0.0,1.72
6215060.0,0.00334508,0.0,1.72
6215138.0,-0.00894688,0.0,1.376
6215216.0,-0.00117548,0.0,2.064
6215294.0,0.00405613,0.0,1.376
6215372.0,0.00603707,0.0,1.72
6215450.0,-0.01575304,0.0,2.064
6215529.0,-0.01387377,0.0,1.72
6215607.0,-0.0005152,0.0,1.72
6215685.0,0.00349737,0.0,2.064
6215763.0,-0.00452791,0.0,2.064
6215841.0,-0.00401991,0.0,1.032
6215919.0,-0.00762623,0.0,2.064
6215997.0,0.02797962,0.0,1.72
6216075.0,0.01411312,0.0,1.72
6216153.0,0.01898932,0.0,2.064
6216232.0,-0.00137861,0.0,2.408
6216310.0,0.00055142,0.0,2.064
6216388.0,-0.0087436,0.0,1.032
6216466.0,0.00197359,0.0,2.064
6216544.0,0.00710376,0.0,2.064
6216622.0,-0.02535293,0.0,1.72
6216700.0,-0.01031814,0.0,2.064
6216778.0,-0.00605169,0.0,2.064
6216857.0,-0.00330886,0.0,1.72
6216935.0,0.00232923,0.0,1.72
6217013.0,-0.01047066,0.0,2.064
6217091.0,0.00476733,0.0,1.72
6217169.0,0.00182131,0.0,2.064
6217247.0,-0.00071832,0.0,2.064
6217325.0,0.00273548,0.0,2.064
6217403.0,0.01431624,0.0,2.408
6217481.0,-0.00021047,0.0,2.064
6217560.0,-0.00087076,0.0,2.064
6217638.0,-0.0009216,0.0,1.72
6217716.0,-0.01356897,0.0,2.064
6217794.0,-0.0051882,0.0,2.064
6217872.0,0.00354828,0.0,2.064
6217950.0,-0.00620405,0.0,1.72
6218028.0,-0.0156006,0.0,2.408
6218106.0,0.00852594,0.0,1.72
6218184.0,0.01731311,0.0,2.064
6218263.0,-0.00879437,0.0,1.376
6218341.0,-0.00371511,0.0,2.064
6218419.0,-0.00295322,0.0,2.408
6218497.0,-0.02946703,0.0,2.408
6218575.0,-0.01082622,0.0,2.064
6218653.0,-0.0045786,0.0,2.752
6218731.0,-0.00102312,0.0,1.72
6218809.0,-0.00955633,0.0,2.064
6218887.0,-0.0068135,0.0,1.72
6218966.0,0.01939557,0.0,2.408
6219044.0,-0.01102934,0.0,2.064
6219122.0,-0.00645794,0.0,2.064
6219200.0,0.0083735,0.0,2.408
6219278.0,0.00177047,0.0,2.064
6219356.0,-0.00742295,0.0,2.064
6219434.0,0.01365595,0.0,2.064
6219512.0,-0.00915001,0.0,2.408
6219591.0,-0.00376595,0.0,1.72
6219669.0,-0.00859132,0.0,2.064
6219747.0,-0.02321956,0.0,2.752
6219825.0,-0.00666114,0.0,1.72
6219903.0,0.00583387,0.0,2.064
6219981.0,0.00944019,0.0,2.064
6220059.0,-0.00833728,0.0,1.72
6220137.0,-0.00899757,0.0,1.72
6220216.0,-0.008642,0.0,2.064
6220294.0,-0.01118163,0.0,2.064
6220372.0,-0.02220371,0.0,1.72
6220450.0,0.00177047,0.0,2.064
6220528.0,-0.01382293,0.0,2.064
6220606.0,-0.01590532,0.0,2.064
6220684.0,-0.01158803,0.0,1.72
6220762.0,-0.0180387,0.0,2.064
6220840.0,0.00400537,0.0,2.064
6220918.0,0.01629718,0.0,2.064
6220997.0,0.02142727,0.0,1.72
6221075.0,0.00659576,0.0,2.064
6221153.0,-0.00620405,0.0,2.064
6221231.0,-0.01829266,0.0,2.064
6221309.0,0.01685595,0.0,2.064
6221387.0,-7.27e-06,0.0,2.064
6221465.0,0.0051229,0.0,2.064
6221543.0,0.00608791,0.0,2.064
6221621.0,0.00166887,0.0,2.064
6221700.0,-0.0027501,0.0,2.064
6221778.0,-0.00412144,0.0,2.064
6221856.0,0.00288792,0.0,2.064
6221934.0,0.01492569,0.0,1.72
6222012.0,-0.00325795,0.0,2.064
6222090.0,0.02076691,0.0,2.064
6222168.0,-0.00513736,0.0,1.72
6222247.0,-0.00407068,0.0,2.064
6222325.0,-0.00777852,0.0,2.064
6222403.0,0.00202451,0.0,2.064
6222481.0,0.00466566,0.0,2.064
6222559.0,0.00050073,0.0,2.064
6222637.0,-0.00203897,0.0,1.72
6222715.0,-0.00671198,0.0,2.064
6222793.0,0.00309104,0.0,2.064
6222871.0,0.00187207,0.0,1.72
6222950.0,0.0083735,0.0,2.064
6223028.0,-0.01011509,0.0,1.72
6223106.0,0.00491962,0.0,2.064
6223184.0,0.00608791,0.0,2.064
6223262.0,0.02584624,0.0,2.064
6223340.0,-0.01499122,0.0,2.064
6223418.0,0.00557991,0.0,2.064
6223496.0,0.00740849,0.0,2.408
6223574.0,-0.01504199,0.0,2.064
6223653.0,-0.00732143,0.0,2.064
6223731.0,-0.01219748,0.0,2.064
6223809.0,0.01665274,0.0,2.064
6223887.0,0.00314188,0.0,1.72
6223965.0,-0.00595001,0.0,2.064
6224043.0,-0.00823575,0.0,2.064
6224121.0,0.00679888,0.0,2.064
6224199.0,0.00116102,0.0,2.752
6224277.0,0.0051229,0.0,2.064
6224356.0,0.00304028,0.0,2.064
6224434.0,-0.00320719,0.0,1.376
6224512.0,-0.00081992,0.0,2.752
6224590.0,0.00700209,0.0,2.064
6224668.0,-0.01534671,0.0,2.752
6224746.0,0.02239244,0.0,2.064
6224824.0,0.0069514,0.0,2.064
6224902.0,-0.0004136,0.0,2.064
6224980.0,0.01147189,0.0,2.408
6225058.0,0.01853208,0.0,2.064
6225137.0,-0.00950557,0.0,1.376
6225215.0,-0.00818492,0.0,2.064
6225293.0,0.00232923,0.0,1.72
6225371.0,-0.01321341,0.0,2.064
6225449.0,0.01365595,0.0,1.72
6225527.0,0.01015131,0.0,2.064
6225605.0,-0.00899757,0.0,2.064
6225683.0,-0.0025469,0.0,1.376
6225762.0,0.00283708,0.0,2.064
6225840.0,0.00690049,0.0,1.72
6225918.0,-0.00889604,0.0,1.376
6225996.0,0.01721151,0.0,2.064
6226074.0,-0.01158803,0.0,1.376
6226152.0,0.00959255,0.0,1.72
6226230.0,0.00019585,0.0,2.064
6226308.0,-0.01036906,0.0,2.064
6226387.0,-0.00010887,0.0,1.72
6226465.0,-0.00366443,0.0,2.064
6226543.0,-0.0025469,0.0,2.064
6226621.0,-0.01361973,0.0,1.72
6226699.0,0.01751623,0.0,2.408
6226777.0,0.0221384,0.0,2.064
6226855.0,-0.00386755,0.0,2.064
6226933.0,-0.01412774,0.0,2.408
6227011.0,0.00476733,0.0,2.064
6227090.0,-0.0066103,0.0,2.408
6227168.0,-0.00884528,0.0,2.064
6227246.0,0.00649416,0.0,2.752
6227324.0,-0.0087436,0.0,2.064
6227402.0,0.00364981,0.0,2.064
6227480.0,0.00334508,0.0,1.72
6227558.0,-0.00305482,0.0,2.064
6227636.0,0.01710998,0.0,2.064
6227714.0,0.00075462,0.0,2.064
6227793.0,0.01208134,0.0,2.064
6227871.0,-0.01905463,0.0,2.064
6227949.0,0.00644347,0.0,2.064
6228027.0,0.00639263,0.0,2.408
6228105.0,0.01487501,0.0,2.064
6228183.0,-0.00605169,0.0,2.064
6228261.0,-0.00280086,0.0,2.064
6228339.0,-0.0161086,0.0,2.064
6228417.0,0.01010048,0.0,2.064
6228496.0,-0.000312,0.0,2.064
6228574.0,0.01680511,0.0,2.064
6228652.0,-0.00295322,0.0,2.064
6228730.0,0.00481802,0.0,2.064
6228808.0,0.00507206,0.0,2.064
6228886.0,-0.00396915,0.0,2.064
6228964.0,-0.01270541,0.0,2.064
6229042.0,-0.01499122,0.0,2.064
6229121.0,0.02244313,0.0,2.064
6229199.0,-0.00635642,0.0,2.064
6229277.0,-0.01742925,0.0,2.064
6229355.0,-0.01895303,0.0,2.064
6229433.0,0.00273548,0.0,2.408
6229511.0,0.00019585,0.0,2.064
6229589.0,0.00039898,0.0,2.064
6229667.0,-0.00442624,0.0,2.064
6229746.0,-0.00635642,0.0,2.408
6229824.0,0.00527511,0.0,2.064
6229902.0,-0.004477,0.0,2.064
6229980.0,0.01853208,0.0,2.064
6230058.0,-0.01844503,0.0,1.72
6230136.0,-0.00407068,0.0,2.064
6230214.0,0.00735765,0.0,2.064
6230292.0,0.00212603,0.0,2.064
6230370.0,-0.01290868,0.0,2.064
6230449.0,-0.00554376,0.0,2.064
6230527.0,-0.01295945,0.0,2.064
6230605.0,0.00044989,0.0,2.064
6230683.0,0.01578933,0.0,1.72
6230761.0,-0.00224217,0.0,2.064
6230839.0,-0.00823575,0.0,2.408
6230917.0,0.00517358,0.0,2.064
6230995.0,-0.00777852,0.0,2.064
6231073.0,-0.01372126,0.0,2.064
6231152.0,-0.0006168,0.0,2.064
6231230.0,0.00248159,0.0,1.72
6231308.0,-0.01356897,0.0,2.064
6231386.0,-0.00325795,0.0,2.064
6231464.0,-0.0141785,0.0,1.72
6231542.0,-0.00178509,0.0,2.408
6231620.0,0.01289414,0.0,1.376
6231698.0,-0.00183577,0.0,2.064
6231776.0,0.00192283,0.0,1.72
6231855.0,0.00639263,0.0,1.72
6231933.0,-0.00351199,0.0,2.064
6232011.0,-0.00305482,0.0,2.064
6232089.0,-0.01118163,0.0,2.752
6232167.0,0.00588471,0.0,2.064
6232245.0,0.00842434,0.0,2.408
6232323.0,9.425e-05,0.0,2.064
6232401.0,-0.0009216,0.0,2.064
6232480.0,-0.00752463,0.0,2.064
6232558.0,-0.0027501,0.0,2.064
6232636.0,-0.01951172,0.0,2.064
6232714.0,-0.00925161,0.0,2.064
6232792.0,-0.01270541,0.0,2.064
6232870.0,0.01909085,0.0,1.72
6232948.0,-0.00920077,0.0,2.408
6233026.0,-0.02159426,0.0,2.064
6233104.0,-0.0011248,0.0,2.064
6233183.0,-0.00427388,0.0,2.064
6233261.0,0.02310341,0.0,2.064
6233339.0,-0.00666114,0.0,2.408
6233417.0,-0.00427388,0.0,2.064
6233495.0,0.00105934,0.0,2.064
6233573.0,-0.01006426,0.0,2.064
6233651.0,-0.0069151,0.0,2.064
6233729.0,-0.00076916,0.0,1.376
6233808.0,-0.00442624,0.0,2.064
6233886.0,0.00319264,0.0,1.72
6233964.0,0.0044117,0.0,2.408
6234042.0,-0.01707369,0.0,2.064
6234120.0,0.00603707,0.0,2.064
6234198.0,0.01401152,0.0,1.72
6234276.0,0.00029745,0.0,2.064
6234354.0,0.00679888,0.0,1.72
6234432.0,-0.01869906,0.0,1.72
6234510.0,-0.00224217,0.0,2.064
6234589.0,-0.01097858,0.0,2.752
6234667.0,-0.00056603,0.0,1.72
6234745.0,-0.01737841,0.0,1.376
6234823.0,-0.00015956,0.0,2.064
6234901.0,-0.00986106,0.0,2.064
6234979.0,-0.01524504,0.0,1.72
6235057.0,0.00507206,0.0,1.376
6235135.0,0.00776405,0.0,3.096
6235213.0,0.01558613,0.0,2.064
6235292.0,-0.01656569,0.0,2.064
6235370.0,-0.02464181,0.0,2.064
6235448.0,-0.01697209,0.0,2.408
6235526.0,0.01142105,0.0,2.064
6235604.0,-0.00148021,0.0,2.064
6235682.0,0.00557991,0.0,2.064
6235760.0,0.0012117,0.0,2.064
6235839.0,0.00248159,0.0,2.064
6235917.0,-0.004985,0.0,2.064
6235995.0,0.006545,0.0,2.064
6236073.0,-0.00559445,0.0,2.064
6236151.0,-0.02296559,0.0,2.064
6236229.0,-0.00965786,0.0,1.72
6236307.0,-0.00508653,0.0,2.064
6236385.0,0.01177661,0.0,2.408
6236463.0,-0.00925161,0.0,2.064
6236542.0,-0.00493416,0.0,2.064
6236620.0,-0.00671198,0.0,2.064
6236698.0,0.00314188,0.0,2.064
6236776.0,0.00283708,0.0,1.72
6236854.0,0.00537671,0.0,2.064
6236932.0,-0.00645794,0.0,2.064
6237010.0,-0.0045786,0.0,2.064
6237088.0,0.00974499,0.0,2.408
6237166.0,-0.00838812,0.0,1.72
6237244.0,-0.00361359,0.0,2.064
6237323.0,0.0051229,0.0,1.72
6237401.0,-0.01885143,0.0,1.72
6237479.0,-0.00904841,0.0,1.72
6237557.0,0.00639263,0.0,2.064
6237635.0,-0.00595001,0.0,1.72
6237713.0,0.00481802,0.0,2.064
6237791.0,-0.00462944,0.0,2.064
6237869.0,0.03615719,0.0,2.064
6237948.0,0.00491962,0.0,1.376
6238026.0,0.00034829,0.0,2.064
6238104.0,0.00715445,0.0,2.064
6238182.0,0.00080545,0.0,2.064
6238260.0,0.01482417,0.0,2.064
6238338.0,0.0178718,0.0,2.408
6238416.0,0.00786565,0.0,2.064
6238494.0,-0.0084388,0.0,2.064
6238572.0,-0.02352428,0.0,1.72
6238651.0,-0.00991189,0.0,2.064
6238729.0,0.00756085,0.0,1.72
6238807.0,0.03199219,0.0,2.064
6238885.0,0.00014517,0.0,2.064
6238963.0,0.00095774,0.0,2.064
6239041.0,-0.02941634,0.0,2.064
6239119.0,-0.01483879,0.0,2.064
6239197.0,0.00080545,0.0,2.064
6239276.0,0.00024669,0.0,1.72
6239354.0,0.00187207,0.0,2.064
6239432.0,-0.01681965,0.0,2.064
6239510.0,-0.01326417,0.0,2.064
6239588.0,0.00502115,0.0,2.408
6239666.0,0.00019585,0.0,2.064
6239744.0,-0.02575918,0.0,2.064
6239822.0,0.00222763,0.0,2.064
6239900.0,-0.00894688,0.0,2.064
6239979.0,0.01665274,0.0,1.72
6240057.0,-0.00828659,0.0,2.064
6240135.0,-0.00589918,0.0,2.408
6240213.0,-0.01229916,0.0,2.064
6240291.0,-0.00945481,0.0,2.408
6240369.0,-0.00396915,0.0,2.064
6240447.0,-0.00346115,0.0,2.064
6240525.0,0.00872906,0.0,2.408
6240603.0,-0.00854048,0.0,2.064
6240682.0,0.00446253,0.0,2.064
6240760.0,-0.02697824,0.0,2.064
6240838.0,0.0128433,0.0,2.752
6240916.0,-0.00528973,0.0,1.72
6240994.0,0.02325578,0.0,2.064
6241072.0,-0.00833728,0.0,2.064
6241150.0,-0.00249614,0.0,2.408
6241228.0,-0.00904841,0.0,1.376
6241306.0,-0.02154342,0.0,2.408
6241385.0,-0.0069151,0.0,2.064
6241463.0,0.00461482,0.0,2.408
6241541.0,0.00933851,0.0,2.064
6241619.0,-0.01260388,0.0,1.72
6241697.0,-0.00503576,0.0,2.064
6241775.0,0.00324356,0.0,2.752
6241853.0,-0.00889604,0.0,2.064
6241931.0,-0.00833728,0.0,2.752
6242010.0,-0.00036283,0.0,2.064
6242088.0,-0.02123869,0.0,2.408
6242166.0,0.0131481,0.0,2.064
6242244.0,-0.01478802,0.0,1.72
6242322.0,-0.0005152,0.0,1.72
6242400.0,0.00090698,0.0,2.064
6242478.0,-0.00168349,0.0,2.408
6242556.0,-0.00757539,0.0,1.72
6242634.0,0.00979575,0.0,2.064
6242713.0,0.00690049,0.0,2.064
6242791.0,-0.00046443,0.0,2.408
6242869.0,-0.02012124,0.0,1.72
6242947.0,0.00552915,0.0,1.72
6243025.0,-0.000312,0.0,1.72
6243103.0,-0.0180387,0.0,2.064
6243181.0,0.00903379,0.0,1.72
6243259.0,0.00014517,0.0,2.064
6243337.0,-0.00737227,0.0,2.408
6243416.0,0.01873528,0.0,2.408
6243494.0,-0.00823575,0.0,2.064
6243572.0,0.00293868,0.0,2.408
6243650.0,-0.0121468,0.0,1.72
6243728.0,0.01197982,0.0,2.408
6243806.0,0.0061386,0.0,2.064
6243884.0,-0.0051882,0.0,2.408
6243962.0,-0.00295322,0.0,2.064
6244040.0,-0.0205784,0.0,2.408
6244119.0,0.00684972,0.0,1.72
6244197.0,-7.27e-06,0.0,2.064
6244275.0,-0.00579765,0.0,1.376
6244353.0,0.00852594,0.0,2.064
6244431.0,-0.01844503,0.0,2.064
6244509.0,-0.00168349,0.0,2.064
6244587.0,-0.0051882,0.0,2.408
6244665.0,-0.00589918,0.0,2.064
6244743.0,-0.00595001,0.0,2.064
6244822.0,-0.00396915,0.0,2.064
6244900.0,0.0045133,0.0,2.064
6244978.0,-0.03485116,0.0,1.72
6245056.0,-0.00920077,0.0,2.064
6245134.0,0.0061386,0.0,2.064
6245212.0,0.00552915,0.0,2.064
6245290.0,0.00959255,0.0,2.064
6245369.0,-0.00960717,0.0,2.064
6245447.0,0.01624642,0.0,2.064
6245525.0,0.00420857,0.0,1.72
6245603.0,-0.00534049,0.0,2.064
6245681.0,0.00679888,0.0,2.064
6245759.0,-0.00473096,0.0,2.064
6245837.0,0.01599246,0.0,2.064
6245915.0,-0.00818492,0.0,2.064
6245993.0,0.00095774,0.0,2.064
6246072.0,0.00161803,0.0,2.064
6246150.0,-0.02118785,0.0,1.72
6246228.0,0.00822114,0.0,1.72
6246306.0,-0.00747379,0.0,2.064
6246384.0,-0.00361359,0.0,2.064
6246462.0,0.00380217,0.0,2.064
6246540.0,0.01025284,0.0,2.064
6246618.0,0.00954171,0.0,2.064
6246696.0,0.00776405,0.0,2.064
6246775.0,0.00329424,0.0,1.72
6246853.0,0.0259986,0.0,2.408
6246931.0,0.01604322,0.0,2.408
6247009.0,0.00136414,0.0,2.064
6247087.0,-0.01514351,0.0,2.064
6247165.0,-0.00361359,0.0,2.408
6247243.0,0.00898303,0.0,2.064
6247321.0,-0.0025469,0.0,2.752
6247400.0,-0.01199443,0.0,2.064
6247478.0,-0.00742295,0.0,2.064
6247556.0,-0.00564529,0.0,2.064
6247634.0,-0.00772783,0.0,2.408
6247712.0,-0.01290868,0.0,2.064
6247790.0,0.00425926,0.0,2.064
6247868.0,-0.02321956,0.0,1.72
6247946.0,0.00883074,0.0,2.408
6248024.0,-0.00742295,0.0,1.72
6248103.0,0.00258319,0.0,2.752
6248181.0,-0.01534671,0.0,2.064
6248259.0,-0.00640725,0.0,2.064
6248337.0,0.00405613,0.0,2.064
6248415.0,-7.27e-06,0.0,2.064
6248493.0,-0.01209596,0.0,2.064
6248571.0,-0.01219748,0.0,2.064
6248649.0,0.01660198,0.0,2.064
6248728.0,0.00456413,0.0,2.064
6248806.0,-0.00752463,0.0,2.064
6248884.0,0.0130465,0.0,2.064
6248962.0,0.01182745,0.0,2.064
6249040.0,-0.00716907,0.0,2.064
6249118.0,-0.00046443,0.0,2.064
6249196.0,0.00806877,0.0,2.064
6249274.0,-0.00432471,0.0,1.72
6249352.0,-0.00727059,0.0,2.064
6249430.0,-0.00711823,0.0,2.408
6249509.0,-0.00071832,0.0,1.72
6249587.0,-0.01235,0.0,2.064
6249665.0,-0.0028517,0.0,1.72
6249743.0,0.02579555,0.0,1.72
6249821.0,-0.03094011,0.0,2.064
6249899.0,0.00710376,0.0,2.064
6249977.0,-0.0006168,0.0,1.376
6250055.0,0.00446253,0.0,2.064
6250133.0,0.00253236,0.0,2.064
6250212.0,0.00568143,0.0,1.72
6250290.0,0.01182745,0.0,1.72
6250368.0,0.0045133,0.0,2.064
6250446.0,0.02554152,0.0,2.064
6250524.0,-0.0043754,0.0,1.72
6250602.0,0.00217679,0.0,2.064
6250680.0,-0.01102934,0.0,3.096
6250758.0,-0.01575304,0.0,2.064
6250836.0,-0.00772783,0.0,2.064
6250915.0,-0.00732143,0.0,2.064
6250993.0,0.00293868,0.0,2.408
6251071.0,0.00314188,0.0,1.72
6251149.0,-0.00148021,0.0,2.064
6251227.0,-0.00153105,0.0,2.408
6251305.0,0.00944019,0.0,2.064
6251383.0,-0.01143567,0.0,1.72
6251462.0,0.00756085,0.0,2.064
6251540.0,0.00263396,0.0,2.064
6251618.0,-0.00081992,0.0,0.688
6251696.0,-0.00930229,0.0,1.72
6251774.0,-0.00076916,0.0,1.72
6251852.0,0.02361142,0.0,1.72
6251930.0,0.00156727,0.0,2.408
6252008.0,0.00725612,0.0,2.064
6252086.0,0.01248782,0.0,1.72
6252164.0,0.00080545,0.0,2.064
6252243.0,0.01152265,0.0,1.72
6252321.0,0.00771321,0.0,1.72
6252399.0,-0.00909917,0.0,2.064
6252477.0,-0.00762623,0.0,2.408
6252555.0,-0.00142952,0.0,2.064
6252633.0,-0.0140769,0.0,2.064
6252711.0,-0.00742295,0.0,2.064
6252789.0,0.00593547,0.0,2.064
6252867.0,-0.01661653,0.0,2.064
6252946.0,0.01822728,0.0,2.064
6253024.0,-0.00026131,0.0,2.064
6253102.0,-0.01011509,0.0,2.064
6253180.0,0.00629103,0.0,2.408
6253258.0,-0.01052134,0.0,2.064
6253336.0,0.01050688,0.0,2.408
6253414.0,-0.01280708,0.0,1.72
6253492.0,0.01365595,0.0,2.752
6253571.0,-0.01052134,0.0,2.064
6253649.0,-0.0006168,0.0,2.064
6253727.0,-0.01087691,0.0,2.408
6253805.0,0.01035451,0.0,2.408
6253883.0,-0.00407068,0.0,2.064
6253961.0,-0.00259766,0.0,2.408
6254039.0,-0.00432471,0.0,2.064
6254117.0,0.01269094,0.0,1.72
6254196.0,0.00136414,0.0,2.064
6254274.0,-0.0122484,0.0,2.408
6254352.0,0.00639263,0.0,2.064
6254430.0,-0.00183577,0.0,2.064
6254508.0,0.02066539,0.0,2.064
6254586.0,-0.02230531,0.0,2.064
6254664.0,-0.00493416,0.0,1.72
6254742.0,-0.02459097,0.0,2.064
6254820.0,0.00751001,0.0,2.064
6254899.0,-0.00102312,0.0,2.064
6254977.0,0.01187829,0.0,2.408
6255055.0,0.00827197,0.0,2.064
6255133.0,-0.00066756,0.0,2.064
6255211.0,0.00867822,0.0,2.064
6255289.0,0.01441792,0.0,2.064
6255367.0,-0.00945481,0.0,1.72
6255445.0,-0.01077538,0.0,2.064
6255523.0,0.00146574,0.0,1.72
6255602.0,0.00232923,0.0,2.064
6255680.0,0.00898303,0.0,2.064
6255758.0,0.00217679,0.0,2.064
6255836.0,0.0069514,0.0,1.72
6255914.0,0.00862754,0.0,1.72
6255992.0,0.00507206,0.0,2.064
6256070.0,0.0069514,0.0,2.064
6256148.0,-0.00417228,0.0,1.72
6256226.0,0.00055142,0.0,2.064
6256305.0,0.00227832,0.0,1.72
6256383.0,-0.00666114,0.0,2.064
6256461.0,0.00309104,0.0,1.72
6256539.0,-0.01113094,0.0,2.064
6256617.0,-0.00244537,0.0,2.064
6256695.0,-0.0140769,0.0,2.064
6256773.0,0.00390385,0.0,2.752
6256851.0,0.01629718,0.0,2.064
6256930.0,-0.00767699,0.0,1.72
6257008.0,-0.004477,0.0,2.064
6257086.0,0.00568143,0.0,1.72
6257164.0,-0.00386755,0.0,1.376
6257242.0,-0.00737227,0.0,2.064
6257320.0,-0.01133407,0.0,2.064
6257398.0,0.01162425,0.0,2.064
6257476.0,9.425e-05,0.0,2.064
6257554.0,-0.00168349,0.0,2.064
6257633.0,0.0069514,0.0,1.72
6257711.0,0.00517358,0.0,1.72
6257789.0,0.00166887,0.0,2.064
6257867.0,-0.01687056,0.0,2.064
6257945.0,0.00034829,0.0,2.064
6258023.0,-0.0006168,0.0,2.064
6258101.0,-0.00417228,0.0,1.72
6258179.0,-0.00930229,0.0,2.408
6258257.0,0.00491962,0.0,2.064
6258336.0,0.006545,0.0,2.064
6258414.0,0.00557991,0.0,1.72
6258492.0,0.00751001,0.0,1.72
6258570.0,0.01568773,0.0,2.064
6258648.0,-0.00696594,0.0,2.064
6258726.0,-0.00488348,0.0,2.064
6258804.0,-0.0163118,0.0,1.72
6258882.0,0.00090698,0.0,2.064
6258960.0,-0.00620405,0.0,2.064
6259039.0,-0.00361359,0.0,2.064
6259117.0,-0.01915615,0.0,2.064
6259195.0,-0.00523889,0.0,2.064
6259273.0,0.00400537,0.0,2.408
6259351.0,0.00776405,0.0,2.408
6259429.0,0.00659576,0.0,2.064
6259507.0,-0.00264857,0.0,2.064
6259585.0,0.0083735,0.0,1.72
6259663.0,-0.00300414,0.0,2.064
6259742.0,-0.00127709,0.0,2.064
6259820.0,-0.0051882,0.0,2.408
6259898.0,0.01523057,0.0,1.72
6259976.0,-0.0027501,0.0,1.72
6260054.0,0.00806877,0.0,2.064
6260132.0,-0.00813408,0.0,1.72
6260210.0,0.00370057,0.0,1.72
6260289.0,-0.02418465,0.0,2.064
6260367.0,-0.01656569,0.0,2.064
6260445.0,0.00212603,0.0,2.408
6260523.0,-0.00859132,0.0,2.408
6260601.0,0.00974499,0.0,2.408
6260679.0,0.00293868,0.0,2.408
6260757.0,-0.00655954,0.0,2.408
6260835.0,0.00034829,0.0,2.064
6260913.0,0.00273548,0.0,2.064
6260992.0,-0.0119436,0.0,2.064
6261070.0,0.01553529,0.0,3.096
6261148.0,0.00822114,0.0,2.064
6261226.0,-0.0011248,0.0,2.064
6261304.0,-0.00269926,0.0,2.408
6261382.0,0.00527511,0.0,2.064
6261460.0,0.03158578,0.0,1.72
6261538.0,-0.0115372,0.0,2.064
6261616.0,0.02391621,0.0,2.064
6261695.0,-0.01951172,0.0,2.064
6261773.0,0.00227832,0.0,2.408
6261851.0,0.01548446,0.0,2.064
6261929.0,-0.01229916,0.0,2.064
6262007.0,0.00390385,0.0,1.376
6262085.0,-0.01346745,0.0,2.064
6262163.0,-0.02012124,0.0,1.72
6262241.0,0.01497661,0.0,2.064
6262319.0,-0.00117548,0.0,1.72
6262397.0,-0.02022277,0.0,2.064
6262476.0,-0.00904841,0.0,1.72
6262554.0,-0.00788012,0.0,2.064
6262632.0,-0.00473096,0.0,1.72
6262710.0,0.01131953,0.0,2.064
6262788.0,-0.00076916,0.0,1.72
6262866.0,-0.01636256,0.0,2.064
6262944.0,0.00136414,0.0,1.376
6263023.0,0.01167509,0.0,2.752
6263101.0,-0.01428002,0.0,1.72
6263179.0,-0.00305482,0.0,2.064
6263257.0,0.00050073,0.0,1.72
6263335.0,-0.01819114,0.0,2.064
6263413.0,0.01157349,0.0,1.376
6263491.0,0.00497038,0.0,2.064
6263569.0,-0.03932089,0.0,2.408
6263647.0,0.00034829,0.0,2.064
6263726.0,-0.00610238,0.0,2.408
6263804.0,-0.01372126,0.0,2.064
6263882.0,0.00253236,0.0,2.064
6263960.0,-0.00315642,0.0,2.064
6264038.0,-0.00173425,0.0,2.064
6264116.0,0.0090847,0.0,2.064
6264194.0,-0.01031814,0.0,2.064
6264272.0,-7.27e-06,0.0,2.064
6264350.0,0.00568143,0.0,2.064
6264429.0,-0.01910539,0.0,2.064
6264507.0,-0.02555613,0.0,1.376
6264585.0,-0.02413388,0.0,2.064
6264663.0,-0.02144182,0.0,1.72
6264741.0,-0.00346115,0.0,2.064
6264819.0,-0.01971492,0.0,2.408
6264897.0,-7.27e-06,0.0,2.064
6264975.0,0.03178899,0.0,2.064
6265053.0,-0.00335955,0.0,1.72
6265132.0,-0.00838812,0.0,2.064
6265210.0,0.00964331,0.0,1.72
6265288.0,0.02305273,0.0,2.064
6265366.0,-0.01433086,0.0,2.064
6265444.0,-0.01712438,0.0,2.064
6265522.0,0.00283708,0.0,2.064
6265600.0,0.00730696,0.0,2.064
6265678.0,-0.01016586,0.0,2.064
6265756.0,0.02442399,0.0,2.064
6265835.0,-0.00264857,0.0,2.064
6265913.0,-0.0161086,0.0,2.064
6265991.0,-0.02789249,0.0,1.72
6266069.0,-0.00071832,0.0,2.408
6266147.0,-0.00513736,0.0,2.752
6266225.0,0.01457028,0.0,2.064
6266303.0,-0.00010887,0.0,2.064
6266381.0,0.00380217,0.0,2.064
6266459.0,0.01380839,0.0,2.408
6266538.0,-0.01087691,0.0,2.408
6266616.0,-0.00153105,0.0,3.784
6266694.0,-0.0005152,0.0,2.064
6266772.0,-0.00620405,0.0,2.752
6266850.0,-0.01509275,0.0,2.064
6266928.0,0.00639263,0.0,2.064
6267006.0,-0.01702285,0.0,1.72
6267084.0,-0.00188661,0.0,2.752
6267163.0,0.00319264,0.0,2.064
6267241.0,-0.00107388,0.0,2.064
6267319.0,-0.00732143,0.0,2.064
6267397.0,-0.00721983,0.0,2.064
6267475.0,0.01025284,0.0,1.72
6267553.0,0.00075462,0.0,2.064
6267631.0,0.00603707,0.0,2.064
6267709.0,-0.01575304,0.0,2.408
6267787.0,0.00791641,0.0,1.72
6267866.0,0.01817652,0.0,2.408
6267944.0,-0.02494653,0.0,2.408
6268022.0,-0.00909917,0.0,1.72
6268100.0,-0.01047066,0.0,2.064
6268178.0,0.00959255,0.0,1.72
6268256.0,-0.00483264,0.0,1.376
6268334.0,-0.004477,0.0,2.064
6268412.0,0.00273548,0.0,2.064
6268490.0,0.00583387,0.0,1.376
6268569.0,0.00304028,0.0,2.752
6268647.0,-0.00015956,0.0,2.064
6268725.0,-0.00767699,0.0,2.408
6268803.0,0.00166887,0.0,1.376
6268881.0,0.00436086,0.0,2.408
6268959.0,-0.00879437,0.0,1.72
6269037.0,0.00761169,0.0,2.064
6269115.0,-0.0140769,0.0,2.064
6269193.0,0.00822114,0.0,2.064
6269272.0,-0.01285785,0.0,2.064
6269350.0,-0.01819114,0.0,2.064
6269428.0,0.00659576,0.0,2.064
6269506.0,-0.01494031,0.0,1.376
6269584.0,0.01177661,0.0,2.064
6269662.0,-0.00097236,0.0,2.064
6269740.0,-0.00559445,0.0,2.064
6269819.0,-0.01920692,0.0,2.408
6269897.0,-0.00554376,0.0,2.064
6269975.0,-0.01458475,0.0,2.064
6270053.0,-0.00854048,0.0,1.72
6270131.0,0.00116102,0.0,2.064
6270209.0,0.00055142,0.0,2.064
6270287.0,-0.0162102,0.0,2.064
6270365.0,-0.00386755,0.0,2.752
6270443.0,0.00583387,0.0,1.72
6270522.0,-0.02047681,0.0,2.064
6270600.0,0.00349737,0.0,2.064
6270678.0,-0.02149273,0.0,2.064
6270756.0,0.00954171,0.0,1.72
6270834.0,-0.01834343,0.0,1.72
6270912.0,-0.00071832,0.0,2.064
6270990.0,-0.01260388,0.0,2.064
6271068.0,-0.00478173,0.0,2.408
6271146.0,0.00212603,0.0,2.064
6271225.0,-0.0068135,0.0,2.064
6271303.0,0.00923699,0.0,2.064
6271381.0,0.01126876,0.0,2.064
6271459.0,-0.02250843,0.0,2.064
6271537.0,-0.0141785,0.0,2.064
6271615.0,0.00507206,0.0,2.408
6271693.0,-0.00955633,0.0,2.064
6271771.0,0.00944019,0.0,2.064
6271849.0,-0.00996258,0.0,2.064
6271928.0,0.01355443,0.0,2.064
6272006.0,0.02071615,0.0,1.72
6272084.0,0.01700831,0.0,2.064
6272162.0,0.00964331,0.0,2.064
6272240.0,-0.04145419,0.0,2.064
6272318.0,0.00100858,0.0,2.064
6272396.0,-0.0005152,0.0,2.064
6272474.0,-0.0255053,0.0,2.408
6272553.0,-0.01280708,0.0,2.064
6272631.0,-0.01011509,0.0,2.408
6272709.0,-0.00676267,0.0,2.064
6272787.0,0.0062402,0.0,2.064
6272865.0,-0.00361359,0.0,2.064
6272943.0,-0.01235,0.0,2.064
6273021.0,-0.00107388,0.0,2.064
6273099.0,-0.01880059,0.0,3.096
6273177.0,0.00923699,0.0,2.064
6273256.0,-0.01646409,0.0,2.752
6273334.0,-0.00320719,0.0,2.408
6273412.0,-0.00026131,0.0,2.752
6273490.0,0.00563067,0.0,2.064
6273568.0,0.00806877,0.0,2.408
6273646.0,0.00954171,0.0,2.064
6273724.0,-0.01331501,0.0,2.064
6273802.0,0.00364981,0.0,1.72
6273880.0,0.00491962,0.0,2.064
6273959.0,0.00395453,0.0,1.72
6274037.0,-0.02184814,0.0,2.064
6274115.0,-0.01661653,0.0,1.72
6274193.0,0.00593547,0.0,1.72
6274271.0,-0.00244537,0.0,2.064
6274349.0,0.00354828,0.0,2.064
6274427.0,-0.01143567,0.0,2.064
6274505.0,0.00212603,0.0,2.064
6274583.0,0.01015131,0.0,2.064
6274662.0,-0.01102934,0.0,2.064
6274740.0,-0.00269926,0.0,2.064
6274818.0,0.00248159,0.0,2.064
6274896.0,-0.01163887,0.0,2.064
6274974.0,-0.01011509,0.0,2.064
6275052.0,-0.00401991,0.0,1.72
6275130.0,0.00263396,0.0,1.72
6275208.0,0.00497038,0.0,2.064
6275286.0,-0.01255312,0.0,2.064
6275365.0,-0.00600078,0.0,2.064
6275443.0,0.00644347,0.0,2.064
6275521.0,-0.01661653,0.0,2.064
6275599.0,0.00090698,0.0,1.376
6275677.0,-0.00208981,0.0,2.064
6275755.0,-0.00010887,0.0,1.376
6275833.0,-0.00417228,0.0,2.408
6275911.0,-0.00107388,0.0,2.064
6275990.0,-0.02814645,0.0,2.064
6276068.0,-0.00559445,0.0,2.408
6276146.0,0.00019585,0.0,2.064
6276224.0,0.00319264,0.0,2.752
6276302.0,-0.00056603,0.0,1.72
6276380.0,-0.00097236,0.0,1.376
6276458.0,0.00578318,0.0,2.752
6276536.0,-0.00818492,0.0,2.064
6276614.0,-0.00046443,0.0,2.064
6276693.0,-0.00219134,0.0,1.72
6276771.0,-0.01138483,0.0,2.064
6276849.0,-0.00462944,0.0,1.72
6276927.0,-0.01575304,0.0,2.752
6277005.0,-0.00721983,0.0,2.408
6277083.0,-0.00219134,0.0,2.408
6277161.0,-0.02591155,0.0,2.064
6277239.0,-0.00554376,0.0,1.72
6277317.0,-0.00950557,0.0,2.064
6277396.0,-0.02763852,0.0,1.72
6277474.0,-0.00356275,0.0,1.72
6277552.0,-0.00823575,0.0,1.72
6277630.0,0.01782096,0.0,2.064
6277708.0,0.00629103,0.0,2.064
6277786.0,0.01502744,0.0,2.064
6277864.0,-0.0051882,0.0,2.064
6277942.0,0.01528133,0.0,2.064
6278020.0,0.00232923,0.0,2.064
6278099.0,-0.01428002,0.0,2.064
6278177.0,0.03641115,0.0,2.064
6278255.0,-0.00503576,0.0,2.064
6278333.0,0.00756085,0.0,2.064
6278411.0,-0.01549907,0.0,2.408
6278489.0,-0.00544209,0.0,2.064
6278567.0,0.02259549,0.0,2.064
6278645.0,-0.01097858,0.0,2.064
6278724.0,-0.00981037,0.0,2.064
6278802.0,0.00400537,0.0,1.376
6278880.0,0.01893841,0.0,2.064
6278958.0,0.0091863,0.0,2.408
6279036.0,-0.02118785,0.0,2.064
6279114.0,-0.01697209,0.0,2.064
6279192.0,-0.00605169,0.0,2.064
6279270.0,-0.00087076,0.0,2.408
6279349.0,0.01182745,0.0,1.72
6279427.0,0.00781481,0.0,2.408
6279505.0,-0.0028517,0.0,2.064
6279583.0,0.00187207,0.0,2.752
6279661.0,-0.01163887,0.0,2.408
6279739.0,-0.00904841,0.0,2.752
6279817.0,-0.01285785,0.0,2.064
6279895.0,0.01848132,0.0,2.752
6279973.0,0.00019585,0.0,2.064
6280052.0,-0.03312418,0.0,1.72
6280130.0,0.00171963,0.0,2.064
6280208.0,-0.00056603,0.0,3.096
6280286.0,-0.00244537,0.0,2.064
6280364.0,0.00872906,0.0,2.064
6280442.0,-0.00879437,0.0,2.064
6280520.0,0.00756085,0.0,2.064
6280598.0,-0.01727681,0.0,1.376
6280676.0,0.0044117,0.0,2.064
6280755.0,-0.01047066,0.0,2.064
6280833.0,-0.01783558,0.0,2.064
6280911.0,-0.00772783,0.0,2.752
6280989.0,0.01670351,0.0,2.064
6281067.0,-0.00777852,0.0,2.064
6281145.0,0.01507821,0.0,2.064
6281223.0,0.00055142,0.0,2.064
6281301.0,-0.00381671,0.0,2.064
6281379.0,-0.00772783,0.0,2.064
6281458.0,-0.01651493,0.0,2.064
6281536.0,-0.00127709,0.0,2.064
6281614.0,-0.01143567,0.0,2.064
6281692.0,-0.00721983,0.0,2.064
6281770.0,-0.00716907,0.0,1.72
6281848.0,-0.00310566,0.0,2.064
6281926.0,0.00080545,0.0,1.72
6282004.0,0.00959255,0.0,2.064
6282083.0,-0.00869284,0.0,1.376
6282161.0,-0.02789249,0.0,2.752
6282239.0,-0.01026746,0.0,1.72
6282317.0,-0.00148021,0.0,2.064
6282395.0,-0.00544209,0.0,1.376
6282473.0,-0.01915615,0.0,2.064
6282551.0,0.00044989,0.0,2.064
6282629.0,-0.0084388,0.0,1.72
6282708.0,0.00964331,0.0,2.752
6282786.0,-0.01108011,0.0,1.72
6282864.0,0.0130465,0.0,2.064
6282942.0,0.00740849,0.0,2.064
6283020.0,0.00664667,0.0,2.408
6283098.0,0.01050688,0.0,2.064
6283176.0,-0.00401991,0.0,2.064
6283254.0,-0.01453406,0.0,2.064
6283332.0,-0.01016586,0.0,1.72
6283411.0,0.01335123,0.0,2.064
6283489.0,0.00065302,0.0,2.064
6283567.0,0.02533832,0.0,2.064
6283645.0,-0.02027368,0.0,1.376
6283723.0,-0.00757539,0.0,2.064
6283801.0,-0.01595624,0.0,2.064
6283879.0,-0.01240068,0.0,2.064
6283957.0,-0.00259766,0.0,2.408
6284035.0,0.00171963,0.0,2.064
6284114.0,0.00243076,0.0,1.72
6284192.0,0.00243076,0.0,2.064
6284270.0,0.00563067,0.0,2.064
6284348.0,-0.00589918,0.0,1.72
6284426.0,0.00405613,0.0,2.064
6284504.0,9.425e-05,0.0,2.408
6284582.0,-0.03007663,0.0,2.064
6284660.0,-0.004985,0.0,2.064
6284738.0,-0.00584849,0.0,1.72
6284817.0,-0.02372748,0.0,1.72
6284895.0,0.00395453,0.0,1.72
6284973.0,0.01025284,0.0,2.064
6285051.0,0.00171963,0.0,1.72
6285129.0,-0.00676267,0.0,1.72
6285207.0,-0.00356275,0.0,2.408
6285285.0,0.00542762,0.0,2.064
6285363.0,0.03773173,0.0,2.064
6285441.0,-0.00148021,0.0,2.408
6285520.0,-0.01199443,0.0,2.064
6285598.0,0.00761169,0.0,1.72
6285676.0,-0.0084388,0.0,2.064
6285754.0,-0.00386755,0.0,2.408
6285832.0,-0.01260388,0.0,2.064
6285910.0,0.00349737,0.0,2.064
6285988.0,0.04555389,0.0,1.72
6286066.0,-0.03038135,0.0,2.064
6286144.0,-0.00488348,0.0,1.72
6286223.0,0.01533217,0.0,2.064
6286301.0,0.01218302,0.0,2.408
6286379.0,-0.00056603,0.0,2.408
6286457.0,-0.00935313,0.0,2.064
6286535.0,-0.00056603,0.0,2.064
6286613.0,-0.00076916,0.0,2.408
6286691.0,-0.03104172,0.0,2.064
6286770.0,-0.0115372,0.0,2.064
6286848.0,0.00573235,0.0,1.72
6286926.0,0.01726227,0.0,2.064
6287004.0,-0.00833728,0.0,1.72
6287082.0,-0.01976568,0.0,2.064
6287160.0,0.00151651,0.0,2.064
6287238.0,-0.00087076,0.0,2.064
6287316.0,-0.00559445,0.0,2.064
6287394.0,-0.01316265,0.0,2.064
6287472.0,-0.00137861,0.0,1.72
6287551.0,0.00476733,0.0,2.064
6287629.0,0.0014149,0.0,1.72
6287707.0,-0.02123869,0.0,2.064
6287785.0,-0.00848964,0.0,2.064
6287863.0,-0.01377217,0.0,2.064
6287941.0,-0.02657183,0.0,1.72
6288019.0,0.00979575,0.0,1.72
6288097.0,-0.0250989,0.0,2.064
6288175.0,-0.02093397,0.0,2.064
6288254.0,0.00507206,0.0,2.408
6288332.0,0.00075462,0.0,2.064
6288410.0,0.00227832,0.0,2.064
6288488.0,-0.00772783,0.0,2.064
6288566.0,0.00080545,0.0,2.064
6288644.0,-0.00559445,0.0,1.72
6288722.0,0.02361142,0.0,2.064
6288800.0,-0.00696594,0.0,2.752
6288878.0,0.00781481,0.0,2.064
6288957.0,-0.00666114,0.0,2.064
6289035.0,-0.01534671,0.0,2.064
6289113.0,-0.00483264,0.0,2.064
6289191.0,-0.02098466,0.0,2.064
6289269.0,0.00293868,0.0,2.064
6289347.0,0.00166887,0.0,2.752
6289425.0,-0.00076916,0.0,1.72
6289503.0,-0.00117548,0.0,2.064
6289581.0,0.0043101,0.0,2.408
6289660.0,0.00166887,0.0,2.064
6289738.0,-0.00955633,0.0,2.064
6289816.0,-0.00183577,0.0,2.064
6289894.0,0.00446253,0.0,2.064
6289972.0,-0.00381671,0.0,2.064
6290050.0,-0.01707369,0.0,2.064
6290128.0,0.00024669,0.0,2.064
6290207.0,0.00720529,0.0,1.72
6290285.0,-0.00015956,0.0,2.064
6290363.0,0.00014517,0.0,1.72
6290441.0,-0.01956248,0.0,1.376
6290519.0,-0.00269926,0.0,2.064
6290597.0,0.00481802,0.0,2.064
6290675.0,0.0063418,0.0,2.064
6290753.0,-0.01361973,0.0,2.064
6290831.0,0.00573235,0.0,2.064
6290910.0,0.01599246,0.0,1.72
6290988.0,0.02259549,0.0,2.064
6291066.0,0.01142105,0.0,2.064
6291144.0,-0.01138483,0.0,1.72
6291222.0,-0.00473096,0.0,2.064
6291300.0,-0.01158803,0.0,2.064
6291378.0,-0.00869284,0.0,2.064
6291456.0,-0.00920077,0.0,2.064
6291534.0,-0.00249614,0.0,2.064
6291613.0,-0.00564529,0.0,2.064
6291691.0,-0.01179123,0.0,1.72
6291769.0,0.00065302,0.0,2.752
6291847.0,-0.01199443,0.0,2.064
6291925.0,-0.01052134,0.0,2.408
6292003.0,0.0108116,0.0,2.408
6292081.0,0.01106556,0.0,2.752
6292159.0,0.00019585,0.0,2.064
6292237.0,-0.00021047,0.0,2.408
6292316.0,-0.01494031,0.0,2.064
6292394.0,-0.00767699,0.0,2.408
6292472.0,0.00781481,0.0,2.064
6292550.0,-0.008642,0.0,2.752
6292628.0,-0.01783558,0.0,2.408
6292706.0,0.01553529,0.0,2.408
6292784.0,-0.00960717,0.0,2.408
6292862.0,-0.00757539,0.0,2.064
6292940.0,0.00400537,0.0,1.376
6293019.0,-0.00122632,0.0,2.408
6293097.0,0.00354828,0.0,2.408
6293175.0,0.00237992,0.0,2.064
6293253.0,-0.00087076,0.0,2.064
6293331.0,-0.00473096,0.0,2.064
6293409.0,-0.01768314,0.0,2.064
6293487.0,-0.02697824,0.0,2.064
6293566.0,-0.00386755,0.0,2.064
6293644.0,-0.00549293,0.0,1.032
6293722.0,0.0219352,0.0,1.72
6293800.0,0.00060225,0.0,2.408
6293878.0,0.00400537,0.0,1.72
6293956.0,-0.00965786,0.0,1.72
6294034.0,0.00044989,0.0,2.064
6294112.0,-5.803e-05,0.0,1.72
6294190.0,9.425e-05,0.0,1.376
6294268.0,0.00019585,0.0,1.376
6294347.0,0.00050073,0.0,2.064
6294425.0,0.00039898,0.0,1.72
6294503.0,-0.00315642,0.0,2.408
6294581.0,0.01406236,0.0,2.064
6294659.0,-0.0006168,0.0,2.064
6294737.0,-0.02022277,0.0,1.032
6294815.0,0.00563067,0.0,2.064
6294893.0,-0.00762623,0.0,1.72
6294971.0,-0.00625474,0.0,2.064
6295050.0,0.02234153,0.0,2.752
6295128.0,0.01959877,0.0,2.064
6295206.0,0.01299567,0.0,2.064
6295284.0,-0.00229294,0.0,2.064
6295362.0,-0.00884528,0.0,2.064
6295440.0,-0.00148021,0.0,2.064
6295518.0,-0.008642,0.0,2.064
6295596.0,0.00400537,0.0,2.064
6295674.0,0.00065302,0.0,2.064
6295753.0,0.00405613,0.0,2.408
6295831.0,0.0200051,0.0,2.064
6295909.0,-0.00102312,0.0,2.064
6295987.0,-0.02144182,0.0,2.408
6296065.0,-0.01453406,0.0,2.064
6296143.0,-0.004477,0.0,2.064
6296221.0,0.00491962,0.0,2.064
6296300.0,-0.01031814,0.0,2.064
6296378.0,-0.00584849,0.0,2.064
6296456.0,-0.01031814,0.0,2.064
6296534.0,0.0178718,0.0,2.064
6296612.0,-0.00239454,0.0,2.064
6296690.0,-0.00208981,0.0,2.064
6296768.0,-0.0119436,0.0,2.064
6296846.0,0.00034829,0.0,2.064
6296924.0,-0.00493416,0.0,2.064
6297003.0,-0.01041982,0.0,2.064
6297081.0,-0.01316265,0.0,2.064
6297159.0,-0.00965786,0.0,2.064
6297237.0,-0.0121468,0.0,1.72
6297315.0,0.0131481,0.0,2.064
6297393.0,-0.00813408,0.0,2.064
6297471.0,0.00237992,0.0,2.064
6297549.0,-0.000312,0.0,2.064
6297627.0,-0.00102312,0.0,2.064
6297706.0,-0.0009216,0.0,2.064
6297784.0,-0.00341039,0.0,2.064
6297862.0,0.00085622,0.0,2.064
6297940.0,-0.00214057,0.0,1.376
6298018.0,-0.00188661,0.0,2.064
6298096.0,-0.00046443,0.0,2.408
6298174.0,0.00070385,0.0,1.72
6298252.0,0.00075462,0.0,2.064
6298330.0,-0.00752463,0.0,1.72
6298409.0,0.01015131,0.0,2.408
6298487.0,0.0083735,0.0,1.72
6298565.0,0.00034829,0.0,2.064
6298643.0,0.00735765,0.0,1.72
6298721.0,0.00557991,0.0,2.064
6298799.0,-0.00757539,0.0,2.064
6298877.0,-0.01367057,0.0,2.064
6298955.0,-0.00173425,0.0,2.064
6299033.0,-0.00178509,0.0,2.408
6299112.0,0.00268479,0.0,2.064
6299190.0,-0.00356275,0.0,2.064
6299268.0,0.006545,0.0,2.064
6299346.0,-0.00244537,0.0,2.408
6299424.0,0.00710376,0.0,2.064
6299502.0,-0.00676267,0.0,2.064
6299580.0,-0.0011248,0.0,2.064
6299658.0,0.00720529,0.0,1.72
6299736.0,-0.00884528,0.0,2.064
6299815.0,0.02279869,0.0,2.064
6299893.0,-0.00168349,0.0,2.064
6299971.0,-0.00818492,0.0,2.064
6300049.0,-0.01494031,0.0,2.064
6300127.0,-0.01676896,0.0,2.064
6300205.0,9.425e-05,0.0,1.72
6300283.0,-0.00183577,0.0,1.72
6300362.0,-0.01529587,0.0,2.064
6300440.0,0.00715445,0.0,1.72
6300518.0,-0.00737227,0.0,2.064
6300596.0,-0.01910539,0.0,1.72
6300674.0,-0.00071832,0.0,1.72
6300752.0,0.00283708,0.0,1.376
6300830.0,0.00608791,0.0,1.72
6300908.0,0.00324356,0.0,2.064
6300986.0,-0.00010887,0.0,1.72
6301064.0,-0.00620405,0.0,2.064
6301143.0,0.00344661,0.0,2.064
6301221.0,0.01004971,0.0,2.064
6301299.0,0.00324356,0.0,2.752
6301377.0,-0.00915001,0.0,1.376
6301455.0,-0.00442624,0.0,2.064
6301533.0,-0.01052134,0.0,2.408
6301611.0,0.00751001,0.0,2.064
6301689.0,-0.00158189,0.0,1.72
6301767.0,0.00232923,0.0,2.408
6301846.0,-0.00351199,0.0,2.064
6301924.0,-0.00605169,0.0,1.72
6302002.0,-0.00259766,0.0,2.064
6302080.0,0.00304028,0.0,1.72
6302158.0,0.00486886,0.0,2.064
6302236.0,-0.00163265,0.0,1.72
6302314.0,0.00776405,0.0,1.72
6302393.0,0.00029745,0.0,2.064
6302471.0,0.00171963,0.0,2.064
6302549.0,0.00029745,0.0,2.064
6302627.0,-0.00335955,0.0,2.064
6302705.0,0.00618943,0.0,2.064
6302783.0,0.02645584,0.0,1.72
6302861.0,0.0067482,0.0,2.064
6302939.0,-0.01275625,0.0,2.064
6303017.0,-0.02245774,0.0,2.064
6303096.0,0.00375141,0.0,2.064
6303174.0,0.01959877,0.0,2.064
6303252.0,0.00573235,0.0,2.064
6303330.0,-0.00097236,0.0,2.064
6303408.0,-0.0006168,0.0,2.064
6303486.0,-0.00711823,0.0,1.376
6303564.0,-0.00904841,0.0,2.064
6303642.0,-0.0117404,0.0,2.064
6303720.0,0.0014149,0.0,2.064
6303799.0,0.00268479,0.0,2.064
6303877.0,-0.01570227,0.0,2.064
6303955.0,-0.00798172,0.0,2.064
6304033.0,-0.01295945,0.0,2.064
6304111.0,0.00888142,0.0,2.064
6304189.0,0.01375755,0.0,2.064
6304267.0,0.00527511,0.0,2.408
6304345.0,0.00227832,0.0,2.408
6304423.0,-0.0004136,0.0,2.064
6304502.0,-0.01361973,0.0,2.064
6304580.0,-0.0025469,0.0,2.064
6304658.0,-0.00462944,0.0,2.064
6304736.0,0.0106084,0.0,1.376
6304814.0,-0.00549293,0.0,2.064
6304892.0,-0.01656569,0.0,2.408
6304970.0,-0.01245152,0.0,2.408
6305048.0,-0.00168349,0.0,2.752
6305126.0,-0.00234385,0.0,2.064
6305204.0,-0.00727059,0.0,2.408
6305283.0,0.00019585,0.0,1.376
6305361.0,-0.03607013,0.0,2.408
6305439.0,0.00309104,0.0,2.064
6305517.0,0.00766237,0.0,2.064
6305595.0,-0.00148021,0.0,2.752
6305673.0,-0.00620405,0.0,2.408
6305751.0,0.00898303,0.0,2.064
6305829.0,0.00090698,0.0,2.752
6305908.0,-0.00630558,0.0,2.064
6305986.0,0.01228454,0.0,2.064
6306064.0,-0.00137861,0.0,2.064
6306142.0,0.00964331,0.0,2.064
6306220.0,0.01650038,0.0,2.064
6306298.0,-0.01179123,0.0,2.064
6306376.0,-0.02972106,0.0,1.72
6306454.0,-0.01082622,0.0,1.72
6306533.0,0.01065924,0.0,1.72
6306611.0,-0.0069151,0.0,1.72
6306689.0,-0.00965786,0.0,1.72
6306767.0,-0.01102934,0.0,2.064
6306845.0,0.00166887,0.0,2.064
6306923.0,-0.00747379,0.0,1.72
6307001.0,-0.00523889,0.0,2.064
6307079.0,0.00639263,0.0,2.064
6307157.0,-0.00361359,0.0,1.72
6307236.0,-0.01565151,0.0,2.064
6307314.0,-0.00137861,0.0,1.72
6307392.0,0.00192283,0.0,2.408
6307470.0,0.0067482,0.0,2.064
6307548.0,-0.00671198,0.0,1.72
6307626.0,-0.00193737,0.0,2.064
6307704.0,-0.00539133,0.0,1.72
6307782.0,-0.00249614,0.0,1.376
6307860.0,0.01548446,0.0,1.376
6307939.0,0.01558613,0.0,2.064
6308017.0,-0.02271171,0.0,2.064
6308095.0,-0.00122632,0.0,2.064
6308173.0,-0.01895303,0.0,1.376
6308251.0,-0.00280086,0.0,2.064
6308329.0,0.00324356,0.0,1.376
6308407.0,-0.00315642,0.0,2.064
6308485.0,-0.02052749,0.0,2.064
6308563.0,-0.00762623,0.0,2.064
6308642.0,-0.00325795,0.0,2.064
6308720.0,-0.00798172,0.0,2.064
6308798.0,-0.01702285,0.0,2.064
6308876.0,-0.00828659,0.0,2.064
6308954.0,0.01467188,0.0,2.064
6309032.0,-0.00747379,0.0,1.376
6309110.0,0.01726227,0.0,2.064
6309188.0,-0.00224217,0.0,2.064
6309267.0,-0.00137861,0.0,2.064
6309345.0,-0.01092775,0.0,2.408
6309423.0,-0.00777852,0.0,2.064
6309501.0,0.00872906,0.0,1.72
6309579.0,-0.01072454,0.0,2.064
6309657.0,0.00212603,0.0,2.064
6309735.0,0.01533217,0.0,2.408
6309813.0,-0.01382293,0.0,2.064
6309891.0,-0.00635642,0.0,3.096
6309970.0,-0.0005152,0.0,1.72
6310048.0,-0.0004136,0.0,2.064
6310126.0,-0.00965786,0.0,2.064
6310204.0,0.01959877,0.0,1.376
6310282.0,-0.00122632,0.0,1.72
6310360.0,0.01726227,0.0,1.72
6310438.0,0.0051229,0.0,2.752
6310516.0,0.00751001,0.0,2.064
6310594.0,-0.0115372,0.0,2.064
6310673.0,-0.00417228,0.0,2.064
6310751.0,-0.01143567,0.0,2.064
6310829.0,0.0013133,0.0,1.72
6310907.0,-0.0133657,0.0,2.064
6310985.0,-0.00325795,0.0,2.064
6311063.0,-0.00513736,0.0,2.064
6311141.0,-0.00640725,0.0,1.72
6311219.0,-0.01123247,0.0,2.408
6311297.0,-0.00310566,0.0,2.064
6311376.0,-0.01615936,0.0,2.752
6311454.0,0.00243076,0.0,2.064
6311532.0,-0.00559445,0.0,1.376
6311610.0,0.02310341,0.0,2.064
6311688.0,-0.00696594,0.0,2.064
6311766.0,-0.00889604,0.0,2.064
6311844.0,-0.00300414,0.0,2.408
6311922.0,-0.00401991,0.0,2.064
6312001.0,-0.02586086,0.0,2.752
6312079.0,0.00420857,0.0,1.72
6312157.0,-0.00412144,0.0,2.064
6312235.0,-0.01102934,0.0,2.064
6312313.0,0.006545,0.0,2.064
6312391.0,-0.00132792,0.0,2.064
6312469.0,-0.0005152,0.0,2.064
6312547.0,0.00080545,0.0,2.064
6312625.0,-0.00188661,0.0,2.064
6312704.0,0.01233538,0.0,2.064
6312782.0,-0.00767699,0.0,1.72
6312860.0,-0.00539133,0.0,2.064
6312938.0,-0.02504806,0.0,2.408
6313016.0,0.00893226,0.0,2.408
6313094.0,-0.00188661,0.0,1.72
6313172.0,-0.00117548,0.0,2.064
6313250.0,-0.00833728,0.0,2.064
6313328.0,0.00263396,0.0,1.72
6313407.0,0.00024669,0.0,1.72
6313485.0,-0.0161086,0.0,2.064
6313563.0,0.00232923,0.0,1.72
6313641.0,0.0091863,0.0,2.408
6313719.0,0.00527511,0.0,1.72
6313797.0,-0.01443246,0.0,2.064
6313875.0,-0.00412144,0.0,2.064
6313953.0,0.00359897,0.0,2.064
6314031.0,-0.00676267,0.0,1.72
6314110.0,0.0197003,0.0,2.064
6314188.0,-0.00407068,0.0,2.752
6314266.0,0.0063418,0.0,1.72
6314344.0,0.00578318,0.0,2.064
6314422.0,-0.00478173,0.0,2.064
6314500.0,0.00659576,0.0,1.376
6314578.0,-0.00991189,0.0,2.064
6314656.0,-0.00823575,0.0,2.064
6314735.0,-0.01478802,0.0,2.064
6314813.0,-0.00452791,0.0,2.064
6314891.0,-0.00559445,0.0,2.064
6314969.0,0.00933851,0.0,2.064
6315047.0,-0.01285785,0.0,2.064
6315125.0,-0.00975953,0.0,1.72
6315203.0,0.00842434,0.0,2.408
6315281.0,0.00207519,0.0,1.72
6315360.0,-0.01920692,0.0,2.064
6315438.0,-0.01356897,0.0,2.064
6315516.0,-0.01036906,0.0,2.064
6315594.0,-0.00610238,0.0,2.064
6315672.0,0.01705907,0.0,2.064
6315750.0,0.00649416,0.0,2.064
6315828.0,0.00080545,0.0,1.72
6315906.0,-0.0025469,0.0,1.72
6315984.0,0.0044117,0.0,1.72
6316063.0,0.00070385,0.0,2.064
6316141.0,-0.00711823,0.0,2.408
6316219.0,0.0067482,0.0,1.72
6316297.0,0.00456413,0.0,2.064
6316375.0,-0.00356275,0.0,1.72
6316453.0,0.00771321,0.0,2.064
6316531.0,0.00339584,0.0,2.064
6316609.0,-0.05836824,0.0,1.72
6316687.0,0.00298952,0.0,2.408
6316766.0,0.00629103,0.0,2.064
6316844.0,0.00202451,0.0,2.064
6316922.0,0.01050688,0.0,1.72
6317000.0,0.01248782,0.0,2.064
6317078.0,0.01238622,0.0,1.72
6317156.0,0.01015131,0.0,2.064
6317234.0,-0.01798786,0.0,2.064
6317312.0,0.00253236,0.0,2.064
6317390.0,0.00502115,0.0,2.408
6317469.0,-0.00422319,0.0,2.064
6317547.0,-0.00249614,0.0,2.064
6317625.0,-0.00986106,0.0,1.376
6317703.0,-0.0119436,0.0,2.064
6317781.0,-0.00904841,0.0,2.064
6317859.0,0.00207519,0.0,2.064
6317937.0,0.01660198,0.0,2.408
6318015.0,0.00735765,0.0,1.72
6318094.0,0.00050073,0.0,2.064
6318172.0,-0.01123247,0.0,2.752
6318250.0,-0.00539133,0.0,1.72
6318328.0,-0.00335955,0.0,1.376
6318406.0,-0.00026131,0.0,2.064
6318484.0,-0.01285785,0.0,2.408
6318562.0,-0.00534049,0.0,1.72
6318640.0,-0.01062294,0.0,2.408
6318719.0,-0.00462944,0.0,2.408
6318797.0,-0.00711823,0.0,2.064
6318875.0,0.02340814,0.0,1.72
6318953.0,-0.01082622,0.0,2.408
6319031.0,-0.00427388,0.0,2.064
6319109.0,-0.027537,0.0,2.064
6319187.0,0.01543377,0.0,2.408
6319265.0,0.01258934,0.0,3.096
6319343.0,0.0069514,0.0,2.064
6319422.0,-0.01504199,0.0,2.064
6319500.0,-0.01991804,0.0,2.064
6319578.0,-0.01483879,0.0,2.064
6319656.0,0.00304028,0.0,2.064
6319734.0,-0.00930229,0.0,3.096
6319812.0,0.00603707,0.0,2.064
6319890.0,0.00400537,0.0,2.064
6319968.0,-0.0025469,0.0,2.064
6320046.0,-0.01184192,0.0,2.064
6320125.0,-0.00909917,0.0,2.408
6320203.0,0.01721151,0.0,2.064
6320281.0,-0.00777852,0.0,2.064
6320359.0,-0.0158038,0.0,2.064
6320437.0,-0.00925161,0.0,2.408
6320515.0,-0.00234385,0.0,2.064
6320593.0,-0.00427388,0.0,2.064
6320671.0,9.425e-05,0.0,1.72
6320749.0,-0.00539133,0.0,2.064
6320828.0,0.01223378,0.0,2.064
6320906.0,0.01010048,0.0,2.064
6320984.0,-0.00137861,0.0,1.376
6321062.0,-0.0070167,0.0,1.72
6321140.0,-0.00828659,0.0,2.064
6321218.0,0.00339584,0.0,2.064
6321296.0,0.00217679,0.0,1.376
6321374.0,0.00166887,0.0,2.064
6321452.0,-0.01062294,0.0,2.064
6321531.0,0.00263396,0.0,2.064
6321609.0,-0.00869284,0.0,2.064
6321687.0,-0.00848964,0.0,2.408
6321765.0,0.00466566,0.0,1.376
6321843.0,-0.0025469,0.0,2.064
6321921.0,0.0012117,0.0,1.376
6321999.0,-0.01326417,0.0,2.064
6322077.0,0.00375141,0.0,2.064
6322156.0,-0.01072454,0.0,2.064
6322234.0,0.00278632,0.0,2.064
6322312.0,-0.01184192,0.0,2.064
6322390.0,0.00324356,0.0,2.064
6322468.0,-0.01209596,0.0,2.064
6322546.0,0.00212603,0.0,2.064
6322624.0,-0.00351199,0.0,1.72
6322702.0,-0.01351821,0.0,2.408
6322780.0,-0.01265472,0.0,2.064
6322859.0,0.00029745,0.0,2.064
6322937.0,-0.00310566,0.0,2.064
6323015.0,-0.01524504,0.0,2.064
6323093.0,0.01162425,0.0,1.72
6323171.0,-0.01163887,0.0,2.064
6323249.0,-0.0005152,0.0,2.064
6323327.0,-0.00325795,0.0,2.064
6323405.0,0.01096396,0.0,2.408
6323483.0,0.02686209,0.0,2.408
6323562.0,0.01462097,0.0,2.064
6323640.0,0.00080545,0.0,2.064
6323718.0,0.00298952,0.0,2.064
6323796.0,-0.01062294,0.0,2.064
6323874.0,-0.00269926,0.0,2.064
6323952.0,0.00222763,0.0,2.064
6324030.0,-0.0119436,0.0,2.408
6324108.0,0.00740849,0.0,2.408
6324186.0,0.01106556,0.0,2.064
6324265.0,0.01299567,0.0,2.064
6324343.0,-0.00666114,0.0,2.064
6324421.0,-0.00920077,0.0,1.72
6324499.0,0.00811954,0.0,2.064
6324577.0,0.01355443,0.0,1.72
6324655.0,0.00039898,0.0,2.064
6324733.0,0.02198596,0.0,2.408
6324811.0,-0.00483264,0.0,2.064
6324890.0,-0.00909917,0.0,2.064
6324968.0,-0.01920692,0.0,2.064
6325046.0,0.01553529,0.0,2.064
6325124.0,0.00994811,0.0,2.752
6325202.0,0.01289414,0.0,2.064
6325280.0,0.00344661,0.0,2.408
6325358.0,-0.0162102,0.0,2.064
6325436.0,-0.01570227,0.0,2.752
6325515.0,-0.01102934,0.0,2.064
6325593.0,-0.00341039,0.0,2.752
6325671.0,0.00603707,0.0,1.72
6325749.0,-0.00432471,0.0,2.064
6325827.0,-0.02296559,0.0,2.064
6325905.0,-0.00935313,0.0,1.72
6325983.0,-0.01209596,0.0,1.376
6326061.0,-0.01143567,0.0,2.752
6326139.0,-0.00666114,0.0,1.376
6326218.0,-0.01011509,0.0,2.064
6326296.0,-0.0115372,0.0,2.752
6326374.0,4.349e-05,0.0,2.752
6326452.0,-0.00071832,0.0,2.064
6326530.0,0.02990965,0.0,2.752
6326608.0,-0.00539133,0.0,2.064
6326686.0,-0.00295322,0.0,2.408
6326764.0,-0.0027501,0.0,2.064
6326842.0,-0.02078153,0.0,2.064
6326920.0,-0.00503576,0.0,2.064
6326999.0,0.00217679,0.0,1.72
6327077.0,0.00258319,0.0,2.752
6327155.0,0.00547831,0.0,2.064
6327233.0,0.00974499,0.0,2.064
6327311.0,0.01045604,0.0,2.064
6327389.0,0.01025284,0.0,2.064
6327467.0,0.00380217,0.0,1.72
6327545.0,-0.0027501,0.0,2.064
6327623.0,0.00705292,0.0,1.376
6327702.0,-0.00986106,0.0,2.064
6327780.0,0.01436716,0.0,1.376
6327858.0,0.03722388,0.0,2.064
6327936.0,-7.27e-06,0.0,2.064
6328014.0,-0.00869284,0.0,2.064
6328092.0,0.00659576,0.0,1.72
6328170.0,-0.00315642,0.0,1.72
6328249.0,4.349e-05,0.0,1.72
6328327.0,0.00486886,0.0,2.408
6328405.0,-0.01123247,0.0,2.064
6328483.0,-0.01742925,0.0,2.408
6328561.0,0.01822728,0.0,1.72
6328639.0,-0.00706754,0.0,2.064
6328717.0,-0.01204512,0.0,1.72
6328795.0,0.00197359,0.0,2.064
6328873.0,0.00237992,0.0,2.064
6328952.0,-0.01021662,0.0,2.064
6329030.0,-0.01306097,0.0,2.064
6329108.0,-0.00671198,0.0,2.064
6329186.0,-0.00026131,0.0,2.064
6329264.0,-0.01671812,0.0,2.064
6329342.0,0.00014517,0.0,2.064
6329420.0,-0.01184192,0.0,2.064
6329498.0,0.00847518,0.0,1.72
6329576.0,-0.01346745,0.0,2.408
6329655.0,-0.00975953,0.0,2.064
6329733.0,0.01086229,0.0,2.408
6329811.0,-0.01941019,0.0,2.064
6329889.0,0.00466566,0.0,2.408
6329967.0,0.02107171,0.0,2.064
6330045.0,0.01416388,0.0,2.064
6330123.0,-0.00203897,0.0,2.064
6330201.0,-0.01072454,0.0,2.064
6330279.0,0.00476733,0.0,2.064
6330358.0,0.00999888,0.0,2.064
6330436.0,0.00715445,0.0,2.064
6330514.0,0.00542762,0.0,1.72
6330592.0,0.01396068,0.0,2.064
6330670.0,0.01685595,0.0,1.72
6330748.0,0.00177047,0.0,2.064
6330826.0,0.00375141,0.0,2.064
6330904.0,-0.01905463,0.0,2.064
6330982.0,-0.00391831,0.0,2.064
6331061.0,-0.00391831,0.0,2.064
6331139.0,-0.02652115,0.0,2.064
6331217.0,-0.00559445,0.0,2.064
6331295.0,0.00278632,0.0,2.408
6331373.0,0.0106084,0.0,2.752
6331451.0,-0.00671198,0.0,2.408
6331529.0,0.00182131,0.0,2.064
6331608.0,0.01269094,0.0,1.72
6331686.0,0.00771321,0.0,1.72
6331764.0,-0.01021662,0.0,2.408
6331842.0,0.01319887,0.0,2.064
6331920.0,-0.00122632,0.0,2.064
6331998.0,0.00867822,0.0,2.064
6332076.0,-0.02332123,0.0,3.096
6332154.0,0.00060225,0.0,2.064
6332232.0,0.01959877,0.0,2.752
6332310.0,0.00664667,0.0,2.064
6332389.0,-0.01031814,0.0,2.064
6332467.0,0.00938943,0.0,1.72
6332545.0,0.01269094,0.0,2.064
6332623.0,-0.00183577,0.0,2.408
6332701.0,-0.00915001,0.0,2.064
6332779.0,-0.00178509,0.0,2.408
6332857.0,0.01355443,0.0,2.064
6332935.0,0.00502115,0.0,2.064
6333013.0,-0.0043754,0.0,1.72
6333092.0,-0.00153105,0.0,1.72
6333170.0,-0.00188661,0.0,2.064
6333248.0,-0.0272322,0.0,1.72
6333326.0,0.0091863,0.0,2.064
6333404.0,-0.00981037,0.0,2.408
6333482.0,-0.00462944,0.0,1.72
6333560.0,-0.01377217,0.0,2.064
6333638.0,-0.00178509,0.0,2.064
6333717.0,0.0110148,0.0,1.72
6333795.0,-0.01798786,0.0,1.376
6333873.0,0.00578318,0.0,2.064
6333951.0,-0.000312,0.0,2.064
6334029.0,0.00329424,0.0,1.72
6334107.0,0.01492569,0.0,2.064
6334185.0,-0.00432471,0.0,2.064
6334263.0,-0.01473719,0.0,1.032
6334342.0,0.00044989,0.0,1.72
6334420.0,0.0012117,0.0,2.408
6334498.0,0.00354828,0.0,2.408
6334576.0,-0.00422319,0.0,2.064
6334654.0,-0.00168349,0.0,2.064
6334732.0,-0.00335955,0.0,2.064
6334810.0,-0.01123247,0.0,2.064
6334888.0,-0.02484493,0.0,2.064
6334966.0,0.00466566,0.0,1.72
6335045.0,-0.00716907,0.0,2.064
6335123.0,-0.00909917,0.0,2.064
6335201.0,-0.00056603,0.0,2.064
6335279.0,-0.0087436,0.0,2.408
6335357.0,0.00949103,0.0,2.064
6335435.0,-0.0011248,0.0,1.72
6335513.0,-0.0004136,0.0,1.72
6335591.0,-0.00996258,0.0,1.72
6335669.0,0.00745925,0.0,2.064
6335748.0,-0.00290246,0.0,2.064
6335826.0,0.00136414,0.0,2.408
6335904.0,-0.00772783,0.0,2.064
6335982.0,0.02681126,0.0,2.064
6336060.0,-0.00595001,0.0,2.064
6336138.0,-0.00239454,0.0,2.064
6336216.0,0.00949103,0.0,1.72
6336294.0,-0.00127709,0.0,2.064
6336372.0,-0.00600078,0.0,2.064
6336451.0,-0.00488348,0.0,2.064
6336529.0,-0.01326417,0.0,1.72
6336607.0,0.01040528,0.0,2.064
6336685.0,-0.00859132,0.0,2.064
6336763.0,-0.00513736,0.0,2.064
6336841.0,-0.01219748,0.0,2.064
6336919.0,-0.00142952,0.0,2.064
6336997.0,0.02066539,0.0,2.064
6337075.0,-0.00671198,0.0,2.064
6337154.0,-0.02387984,0.0,2.064
6337232.0,-0.01575304,0.0,2.064
6337310.0,0.00801794,0.0,2.408
6337388.0,-0.00473096,0.0,2.064
6337466.0,-0.01184192,0.0,2.064
6337544.0,0.01157349,0.0,2.064
6337622.0,-0.02641955,0.0,3.096
6337700.0,-0.00071832,0.0,2.064
6337779.0,0.00999888,0.0,2.752
6337857.0,0.00715445,0.0,2.064
6337935.0,-0.02078153,0.0,2.408
6338013.0,0.00293868,0.0,2.064
6338091.0,0.00629103,0.0,2.752
6338169.0,-0.00178509,0.0,2.064
6338247.0,-0.01179123,0.0,1.72
6338325.0,0.02097019,0.0,2.064
6338403.0,0.00568143,0.0,2.064
6338482.0,0.00085622,0.0,2.064
6338560.0,-0.00122632,0.0,2.064
6338638.0,0.00466566,0.0,2.064
6338716.0,-0.00198821,0.0,2.064
6338794.0,-0.01438162,0.0,2.064
6338872.0,-0.00310566,0.0,2.064
6338950.0,-0.0027501,0.0,2.064
6339028.0,0.01863368,0.0,2.064
6339106.0,-0.00879437,0.0,2.064
6339185.0,0.01131953,0.0,2.064
6339263.0,-0.00508653,0.0,2.064
6339341.0,-0.004477,0.0,1.72
6339419.0,0.00111018,0.0,2.064
6339497.0,-0.00833728,0.0,1.72
6339575.0,0.00268479,0.0,2.408
6339653.0,0.00400537,0.0,2.064
6339731.0,0.00745925,0.0,2.064
6339809.0,-0.00432471,0.0,1.376
6339888.0,0.00608791,0.0,2.064
6339966.0,-0.02083237,0.0,1.72
6340044.0,-0.00645794,0.0,2.064
6340122.0,0.00222763,0.0,1.72
6340200.0,-0.00508653,0.0,2.064
6340278.0,-0.00747379,0.0,2.064
6340356.0,0.00105934,0.0,2.408
6340434.0,0.00883074,0.0,2.064
6340513.0,-0.01265472,0.0,2.408
6340591.0,-0.00310566,0.0,1.72
6340669.0,-0.00249614,0.0,1.72
6340747.0,-0.01021662,0.0,2.064
6340825.0,-0.01245152,0.0,2.064
6340903.0,0.00827197,0.0,2.064
6340981.0,-0.00508653,0.0,2.064
6341059.0,-0.01676896,0.0,1.72
6341138.0,-0.01097858,0.0,2.064
6341216.0,-0.00015956,0.0,2.408
6341294.0,0.00075462,0.0,2.064
6341372.0,-0.00010887,0.0,2.064
6341450.0,-0.00305482,0.0,2.064
6341528.0,-0.01854663,0.0,2.064
6341606.0,0.00298952,0.0,2.064
6341684.0,0.00446253,0.0,2.064
6341762.0,-0.0028517,0.0,1.72
6341841.0,0.01690671,0.0,2.064
6341919.0,-0.02022277,0.0,2.752
6341997.0,0.00928783,0.0,2.064
6342075.0,0.0126401,0.0,2.064
6342153.0,0.00751001,0.0,2.064
6342231.0,-0.01585464,0.0,2.064
6342309.0,0.01822728,0.0,1.72
6342387.0,0.0043101,0.0,2.408
6342465.0,-0.00071832,0.0,2.408
6342544.0,-0.02007048,0.0,2.064
6342622.0,0.0051229,0.0,1.376
6342700.0,0.00273548,0.0,1.72
6342778.0,0.01299567,0.0,2.064
6342856.0,-0.00772783,0.0,2.408
6342934.0,0.00822114,0.0,2.064
6343012.0,-0.00386755,0.0,1.72
6343090.0,-0.0161086,0.0,2.064
6343168.0,0.01157349,0.0,2.064
6343246.0,0.0044117,0.0,1.376
6343325.0,-0.01250221,0.0,2.408
6343403.0,-0.00965786,0.0,1.72
6343481.0,0.02417003,0.0,1.72
6343559.0,-0.02027368,0.0,2.064
6343637.0,0.00893226,0.0,2.064
6343715.0,0.02340814,0.0,2.064
6343793.0,0.0083735,0.0,2.064
6343871.0,-0.00021047,0.0,2.408
6343950.0,-0.00777852,0.0,1.72
6344028.0,-0.02169578,0.0,2.064
6344106.0,-0.01808961,0.0,2.064
6344184.0,0.00116102,0.0,2.064
6344262.0,0.00166887,0.0,2.408
6344340.0,0.0238653,0.0,2.064
6344418.0,-0.00544209,0.0,2.408
6344496.0,0.00644347,0.0,2.064
6344575.0,-0.01062294,0.0,2.064
6344653.0,-0.01133407,0.0,2.064
6344731.0,-0.0199688,0.0,2.064
6344809.0,-0.00711823,0.0,2.064
6344887.0,-0.00214057,0.0,2.064
6344965.0,0.00888142,0.0,1.72
6345043.0,-0.01763238,0.0,2.064
6345121.0,-0.01041982,0.0,2.408
6345200.0,-0.00854048,0.0,2.064
6345278.0,-0.01722605,0.0,2.064
6345356.0,-0.0084388,0.0,2.064
6345434.0,-0.00234385,0.0,2.064
6345512.0,-0.00996258,0.0,1.376
6345590.0,-0.00625474,0.0,2.064
6345668.0,-0.00315642,0.0,2.408
6345746.0,0.00177047,0.0,2.064
6345824.0,0.00232923,0.0,2.064
6345902.0,-0.00706754,0.0,2.064
6345981.0,0.00913546,0.0,2.064
6346059.0,-0.01148651,0.0,1.376
6346137.0,0.02091935,0.0,2.064
6346215.0,-0.01382293,0.0,2.064
6346293.0,0.01817652,0.0,2.064
6346371.0,-0.01113094,0.0,2.064
6346449.0,0.00466566,0.0,2.064
6346527.0,0.01888757,0.0,2.408
6346605.0,-0.01067378,0.0,1.376
6346684.0,-0.01367057,0.0,2.064
6346762.0,0.00395453,0.0,1.72
6346840.0,-0.02321956,0.0,2.064
6346918.0,0.00872906,0.0,2.064
6346996.0,0.00349737,0.0,2.064
6347074.0,-0.01981644,0.0,2.064
6347152.0,-0.01072454,0.0,2.064
6347230.0,-0.0011248,0.0,2.064
6347308.0,-0.00102312,0.0,1.72
6347387.0,-0.01966408,0.0,2.064
6347465.0,-0.00361359,0.0,2.064
6347543.0,-5.803e-05,0.0,2.064
6347621.0,-0.01590532,0.0,2.064
6347699.0,0.00644347,0.0,2.064
6347777.0,0.00232923,0.0,2.064
6347855.0,0.00928783,0.0,1.72
6347934.0,0.02127491,0.0,2.064
6348012.0,-0.00462944,0.0,2.064
6348090.0,0.01782096,0.0,2.064
6348168.0,-0.01087691,0.0,2.064
6348246.0,-0.00010887,0.0,2.064
6348324.0,-0.01306097,0.0,2.064
6348402.0,0.00085622,0.0,2.064
6348480.0,-0.00371511,0.0,1.72
6348558.0,-0.00148021,0.0,2.064
6348637.0,0.00090698,0.0,1.72
6348715.0,0.00227832,0.0,2.408
6348793.0,0.03371916,0.0,1.72
6348871.0,0.00075462,0.0,2.752
6348949.0,-0.00356275,0.0,1.72
6349027.0,0.0012117,0.0,2.408
6349105.0,0.01421472,0.0,1.72
6349183.0,0.0063418,0.0,2.408
6349261.0,-0.01732758,0.0,2.064
6349340.0,-0.00452791,0.0,2.064
6349418.0,0.00720529,0.0,2.064
6349496.0,-0.03591777,0.0,2.064
6349574.0,-0.00234385,0.0,2.064
6349652.0,0.01385915,0.0,2.064
6349730.0,-0.00168349,0.0,1.72
6349808.0,-0.00214057,0.0,2.064
6349886.0,0.00197359,0.0,2.064
6349964.0,0.0062402,0.0,1.72
6350043.0,0.00522442,0.0,2.064
6350121.0,-0.00224217,0.0,1.72
6350199.0,-0.00686434,0.0,2.064
6350277.0,0.01253858,0.0,1.72
6350355.0,-0.01092775,0.0,1.72
6350433.0,0.01848132,0.0,1.72
6350511.0,0.00268479,0.0,2.064
6350589.0,-0.01839434,0.0,2.064
6350667.0,0.01594169,0.0,2.064
6350746.0,0.00984659,0.0,1.72
6350824.0,0.00639263,0.0,2.064
6350902.0,0.0085767,0.0,2.064
6350980.0,-0.01346745,0.0,2.064
6351058.0,0.00283708,0.0,1.72
6351136.0,-0.00818492,0.0,2.064
6351214.0,-0.01488962,0.0,1.376
6351292.0,-0.00589918,0.0,2.064
6351370.0,-0.00320719,0.0,2.064
6351449.0,-0.00264857,0.0,2.064
6351527.0,0.00395453,0.0,1.72
6351605.0,0.00237992,0.0,2.064
6351683.0,-0.0011248,0.0,2.064
6351761.0,-0.00655954,0.0,2.408
6351839.0,-0.00442624,0.0,2.064
6351917.0,0.0067482,0.0,2.064
6351995.0,-0.01554991,0.0,1.72
6352074.0,-0.00610238,0.0,1.72
6352152.0,-0.00818492,0.0,2.064
6352230.0,0.00136414,0.0,1.72
6352308.0,-0.00117548,0.0,1.72
6352386.0,-0.00569605,0.0,2.064
6352464.0,-0.00534049,0.0,2.408
6352542.0,0.0200051,0.0,2.064
6352620.0,-0.00081992,0.0,2.064
6352699.0,-0.00798172,0.0,2.064
6352777.0,0.00999888,0.0,1.72
6352855.0,-0.00945481,0.0,1.376
6352933.0,-0.01646409,0.0,1.72
6353011.0,0.00065302,0.0,2.408
6353089.0,-0.00589918,0.0,1.72
6353167.0,0.00949103,0.0,2.064
6353245.0,-0.02047681,0.0,2.064
6353323.0,0.00751001,0.0,2.064
6353401.0,0.00380217,0.0,2.408
6353480.0,0.00060225,0.0,2.064
6353558.0,-0.00915001,0.0,2.064
6353636.0,0.00166887,0.0,2.064
6353714.0,-0.01763238,0.0,2.064
6353792.0,0.0067482,0.0,2.064
6353870.0,-0.01026746,0.0,2.064
6353948.0,0.01512897,0.0,2.064
6354026.0,0.01218302,0.0,2.408
6354104.0,0.00354828,0.0,1.376
6354183.0,-0.00534049,0.0,2.064
6354261.0,-0.00163265,0.0,2.064
6354339.0,-5.803e-05,0.0,1.72
6354417.0,-0.02047681,0.0,1.72
6354495.0,-0.00107388,0.0,2.064
6354573.0,-0.01885143,0.0,2.064
6354651.0,-0.0068135,0.0,1.72
6354729.0,0.01274163,0.0,2.408
6354808.0,0.00664667,0.0,2.064
6354886.0,-0.0069151,0.0,2.752
6354964.0,-0.00838812,0.0,2.064
6355042.0,0.00085622,0.0,2.064
6355120.0,-0.00645794,0.0,2.064
6355198.0,-0.02372748,0.0,2.408
6355276.0,0.01528133,0.0,2.064
6355354.0,-0.00102312,0.0,1.72
6355433.0,-0.01534671,0.0,2.408
6355511.0,4.349e-05,0.0,2.408
6355589.0,-0.0122484,0.0,2.064
6355667.0,-0.01184192,0.0,2.064
6355745.0,-0.00015956,0.0,2.064
6355823.0,-0.02885757,0.0,2.064
6355901.0,-0.0139753,0.0,1.72
6355979.0,-0.02128945,0.0,2.064
6356057.0,-0.00752463,0.0,2.064
6356136.0,0.00994811,0.0,2.064
6356214.0,-0.00884528,0.0,2.064
6356292.0,-0.00442624,0.0,2.064
6356370.0,0.00375141,0.0,2.064
6356448.0,0.0013133,0.0,1.72
6356526.0,-0.01433086,0.0,2.064
6356604.0,-0.01509275,0.0,2.064
6356682.0,0.00903379,0.0,2.064
6356760.0,-0.00300414,0.0,2.408
6356839.0,0.00065302,0.0,1.72
6356917.0,0.00827197,0.0,1.72
6356995.0,0.01406236,0.0,2.064
6357073.0,0.01177661,0.0,1.72
6357151.0,-0.00198821,0.0,2.064
6357229.0,-0.00986106,0.0,2.064
6357307.0,0.00502115,0.0,1.72
6357385.0,-0.00310566,0.0,2.064
6357463.0,-0.00158189,0.0,2.408
6357542.0,-0.01890219,0.0,2.064
6357620.0,-0.01041982,0.0,1.72
6357698.0,-0.00310566,0.0,2.064
6357776.0,0.00893226,0.0,2.064
6357854.0,-0.02200058,0.0,1.72
6357932.0,0.00187207,0.0,2.064
6358010.0,-0.00655954,0.0,2.408
6358088.0,-0.01570227,0.0,2.064
6358167.0,-0.00351199,0.0,2.408
6358245.0,-0.02261003,0.0,2.064
6358323.0,-0.01438162,0.0,1.72
6358401.0,-0.00833728,0.0,2.064
6358479.0,0.01487501,0.0,2.064
6358557.0,0.00893226,0.0,1.72
6358635.0,0.01137037,0.0,2.064
6358713.0,-0.01082622,0.0,2.408
6358791.0,-0.01265472,0.0,2.064
6358870.0,0.01025284,0.0,2.064
6358948.0,0.00466566,0.0,2.064
6359026.0,-0.00127709,0.0,1.72
6359104.0,0.00171963,0.0,2.064
6359182.0,0.01472264,0.0,2.408
6359260.0,0.00136414,0.0,2.408
6359338.0,-0.00473096,0.0,2.064
6359416.0,0.00014517,0.0,2.064
6359495.0,-0.02200058,0.0,1.376
6359573.0,-0.00148021,0.0,2.064
6359651.0,-0.01910539,0.0,2.064
6359729.0,0.00177047,0.0,1.72
6359807.0,-0.01681965,0.0,1.72
6359885.0,0.01685595,0.0,1.376
6359963.0,-0.00981037,0.0,2.408
6360041.0,-0.00325795,0.0,2.064
6360119.0,-0.00432471,0.0,2.408
6360197.0,-0.00473096,0.0,1.72
6360276.0,0.01462097,0.0,2.064
6360354.0,-0.01138483,0.0,1.72
6360432.0,-0.02316879,0.0,2.064
6360510.0,-0.00117548,0.0,1.72
6360588.0,-0.0119436,0.0,2.064
6360666.0,-0.00148021,0.0,2.064
6360744.0,-0.00280086,0.0,1.72
6360822.0,-0.004477,0.0,2.064
6360900.0,0.01010048,0.0,2.064
6360979.0,-0.02641955,0.0,2.064
6361057.0,0.00761169,0.0,2.408
6361135.0,0.00664667,0.0,1.72
6361213.0,-0.02301651,0.0,2.752
6361291.0,-0.01179123,0.0,2.064
6361369.0,-0.00066756,0.0,2.064
6361447.0,-0.00981037,0.0,2.064
6361525.0,-0.00264857,0.0,1.72
6361604.0,0.0045133,0.0,1.72
6361682.0,-0.00605169,0.0,1.72
6361760.0,-0.00371511,0.0,2.064
6361838.0,-0.02261003,0.0,2.064
6361916.0,0.01858285,0.0,2.064
6361994.0,-0.00950557,0.0,2.064
6362072.0,-0.01534671,0.0,2.064
6362150.0,0.00375141,0.0,1.72
6362229.0,0.01076076,0.0,2.064
6362307.0,-0.00168349,0.0,2.064
6362385.0,0.00964331,0.0,1.72
6362463.0,-0.01311181,0.0,2.064
6362541.0,0.01599246,0.0,2.064
6362619.0,-0.01626096,0.0,2.064
6362697.0,0.00248159,0.0,2.064
6362775.0,0.00146574,0.0,2.064
6362853.0,-0.00478173,0.0,1.376
6362932.0,0.00405613,0.0,2.064
6363010.0,-0.00559445,0.0,2.064
6363088.0,0.00232923,0.0,1.72
6363166.0,-0.00925161,0.0,2.064
6363244.0,0.00187207,0.0,2.064
6363322.0,-0.00696594,0.0,2.064
6363400.0,-0.00838812,0.0,1.376
6363478.0,0.00339584,0.0,2.064
6363556.0,-0.00528973,0.0,2.064
6363635.0,-0.00625474,0.0,2.064
6363713.0,0.00720529,0.0,2.064
6363791.0,-0.00625474,0.0,2.064
6363869.0,-0.00208981,0.0,2.064
6363947.0,-0.0140769,0.0,2.064
6364025.0,0.01634802,0.0,2.064
6364103.0,-0.00716907,0.0,2.064
6364181.0,-0.00478173,0.0,2.064
6364259.0,-0.00422319,0.0,2.064
6364338.0,-0.00163265,0.0,1.72
6364416.0,-0.0006168,0.0,1.72
6364494.0,-0.00813408,0.0,2.064
6364572.0,-0.01651493,0.0,2.064
6364650.0,0.00151651,0.0,1.72
6364728.0,0.02620181,0.0,1.72
6364806.0,-0.00823575,0.0,2.064
6364884.0,-0.01168963,0.0,2.064
6364962.0,0.01619566,0.0,2.408
6365041.0,-0.01920692,0.0,1.72
6365119.0,0.00044989,0.0,2.064
6365197.0,0.01782096,0.0,1.72
6365275.0,-0.00396915,0.0,2.064
6365353.0,-0.0158038,0.0,2.064
6365431.0,0.0045133,0.0,1.72
6365509.0,-0.01382293,0.0,2.752
6365588.0,-0.01590532,0.0,2.064
6365666.0,-0.01478802,0.0,2.408
6365744.0,0.00100858,0.0,2.064
6365822.0,-0.00884528,0.0,2.064
6365900.0,-0.00909917,0.0,1.376
6365978.0,0.0311287,0.0,2.064
6366056.0,0.00593547,0.0,2.408
6366134.0,-0.01438162,0.0,1.72
6366212.0,0.00532595,0.0,2.752
6366291.0,0.00293868,0.0,2.064
6366369.0,0.0351921,0.0,2.064
6366447.0,-0.00295322,0.0,2.408
6366525.0,0.00730696,0.0,1.72
6366603.0,0.00730696,0.0,2.408
6366681.0,-0.004477,0.0,1.72
6366759.0,-0.01885143,0.0,2.752
6366837.0,0.00542762,0.0,2.064
6366915.0,-0.00544209,0.0,2.064
6366994.0,-0.00122632,0.0,2.064
6367072.0,-0.00884528,0.0,2.064
6367150.0,-0.01087691,0.0,1.376
6367228.0,0.01162425,0.0,2.064
6367306.0,0.00933851,0.0,2.064
6367384.0,0.00903379,0.0,1.72
6367462.0,0.00827197,0.0,2.408
6367540.0,0.00796725,0.0,2.064
6367618.0,0.00542762,0.0,1.72
6367697.0,0.00288792,0.0,2.064
6367775.0,0.0205131,0.0,2.064
6367853.0,-0.02103549,0.0,2.064
6367931.0,-0.01991804,0.0,2.064
6368009.0,0.0045133,0.0,1.72
6368087.0,0.00827197,0.0,2.064
6368165.0,-0.02972106,0.0,1.72
6368243.0,-0.00391831,0.0,2.064
6368322.0,0.00105934,0.0,2.064
6368400.0,0.00933851,0.0,1.72
6368478.0,-0.00391831,0.0,1.72
6368556.0,0.01055756,0.0,2.064
6368634.0,-0.01864815,0.0,1.72
6368712.0,-0.0141785,0.0,2.408
6368790.0,-0.00056603,0.0,2.064
6368868.0,-0.02423541,0.0,2.064
6368946.0,-0.00295322,0.0,1.72
6369025.0,0.00065302,0.0,1.72
6369103.0,-0.00549293,0.0,1.72
6369181.0,0.00039898,0.0,2.064
6369259.0,-0.00554376,0.0,2.408
6369337.0,0.00248159,0.0,2.064
6369415.0,0.00298952,0.0,2.064
6369493.0,0.00497038,0.0,2.064
6369571.0,-0.00620405,0.0,2.064
6369649.0,-0.00234385,0.0,1.72
6369728.0,-0.01067378,0.0,2.064
6369806.0,0.01431624,0.0,2.064
6369884.0,0.00161803,0.0,2.064
6369962.0,-0.00920077,0.0,2.064
6370040.0,0.01076076,0.0,2.064
6370118.0,0.00598623,0.0,2.064
6370196.0,-0.01026746,0.0,2.064
6370274.0,0.0132497,0.0,2.064
6370352.0,-0.00823575,0.0,1.72
6370431.0,-0.01052134,0.0,2.064
6370509.0,-0.00142952,0.0,2.408
6370587.0,-0.01148651,0.0,2.064
6370665.0,-0.01661653,0.0,2.064
6370743.0,0.01279254,0.0,2.064
6370821.0,-0.01565151,0.0,2.064
6370899.0,-0.01717529,0.0,1.72
6370977.0,-0.02474333,0.0,2.064
6371055.0,-0.01316265,0.0,2.064
6371134.0,-0.02169578,0.0,2.064
6371212.0,0.00766237,0.0,2.064
6371290.0,-0.00310566,0.0,2.064
6371368.0,0.00481802,0.0,2.064
6371446.0,0.00212603,0.0,1.72
6371524.0,-0.00102312,0.0,2.064
6371602.0,0.01848132,0.0,2.064
6371680.0,0.01670351,0.0,2.408
6371758.0,-0.00732143,0.0,2.408
6371837.0,-0.01829266,0.0,2.064
6371915.0,-0.00107388,0.0,2.064
6371993.0,0.00583387,0.0,2.752
6372071.0,-0.01808961,0.0,2.408
6372149.0,0.00263396,0.0,2.064
6372227.0,-0.01737841,0.0,2.064
6372305.0,-0.0046802,0.0,2.752
6372384.0,0.01213218,0.0,2.064
6372462.0,-0.00097236,0.0,2.064
6372540.0,-0.00676267,0.0,2.064
6372618.0,0.01025284,0.0,2.064
6372696.0,0.01487501,0.0,2.064
6372774.0,-0.00610238,0.0,2.064
6372852.0,-0.02332123,0.0,1.72
6372930.0,-0.01087691,0.0,2.064
6373008.0,-0.00620405,0.0,2.752
6373086.0,-0.01554991,0.0,2.408
6373165.0,-0.00539133,0.0,2.064
6373243.0,-0.00777852,0.0,2.064
6373321.0,0.01096396,0.0,2.064
6373399.0,-0.01549907,0.0,2.064
6373477.0,-0.0045786,0.0,1.72
6373555.0,-0.01235,0.0,2.064
6373633.0,-0.00117548,0.0,2.064
6373711.0,-0.01082622,0.0,1.376
6373789.0,-0.00818492,0.0,2.064
6373868.0,-0.00325795,0.0,1.376
6373946.0,0.00415773,0.0,1.72
6374024.0,0.00390385,0.0,1.72
6374102.0,0.00146574,0.0,2.064
6374180.0,0.00944019,0.0,2.064
6374258.0,0.00375141,0.0,2.064
6374336.0,-0.01275625,0.0,2.064
6374414.0,-0.01250221,0.0,2.064
6374493.0,-0.00595001,0.0,1.72
6374571.0,-0.03078775,0.0,2.064
6374649.0,-0.0046802,0.0,2.064
6374727.0,-0.00605169,0.0,2.064
6374805.0,-0.01021662,0.0,2.064
6374883.0,-0.00650878,0.0,2.064
6374961.0,-0.0051882,0.0,2.064
6375039.0,0.00796725,0.0,2.064
6375117.0,0.00070385,0.0,2.064
6375195.0,-0.00534049,0.0,2.064
6375274.0,0.01705907,0.0,2.064
6375352.0,-0.00066756,0.0,2.064
6375430.0,-0.00630558,0.0,2.064
6375508.0,-0.01499122,0.0,2.752
6375586.0,-0.00452791,0.0,2.064
6375664.0,-0.01428002,0.0,2.064
6375742.0,0.00283708,0.0,1.72
6375821.0,-0.00371511,0.0,2.064
6375899.0,0.0041069,0.0,1.72
6375977.0,0.00283708,0.0,2.064
6376055.0,-0.0025469,0.0,2.064
6376133.0,-0.00904841,0.0,2.064
6376211.0,-0.01133407,0.0,2.064
6376289.0,-0.01910539,0.0,2.064
6376367.0,-7.27e-06,0.0,1.72
6376445.0,-0.0027501,0.0,1.376
6376524.0,-7.27e-06,0.0,1.72
6376602.0,-0.01361973,0.0,1.72
6376680.0,-0.01499122,0.0,1.72
6376758.0,0.01192905,0.0,2.408
6376836.0,-0.01280708,0.0,2.064
6376914.0,-0.0046802,0.0,2.064
6376992.0,-0.00102312,0.0,1.72
6377070.0,-0.0025469,0.0,2.064
6377148.0,-0.00244537,0.0,1.376
6377227.0,0.00187207,0.0,2.064
6377305.0,-0.00127709,0.0,1.72
6377383.0,-0.01895303,0.0,2.064
6377461.0,0.01192905,0.0,2.064
6377539.0,-0.01377217,0.0,2.064
6377617.0,0.00756085,0.0,2.064
6377695.0,0.00258319,0.0,2.064
6377773.0,0.00375141,0.0,2.064
6377852.0,-0.00214057,0.0,2.752
6377930.0,0.00735765,0.0,2.064
6378008.0,-0.02240691,0.0,2.064
6378086.0,-0.01570227,0.0,2.064
6378164.0,-0.00615322,0.0,2.408
6378242.0,0.01472264,0.0,1.72
6378320.0,-0.00721983,0.0,2.752
6378398.0,-0.00391831,0.0,2.064
6378476.0,-0.00478173,0.0,2.752
6378555.0,-0.00777852,0.0,2.752
6378633.0,0.006545,0.0,1.72
6378711.0,-0.00823575,0.0,2.408
6378789.0,0.00735765,0.0,2.752
6378867.0,0.00324356,0.0,2.064
6378945.0,-0.00163265,0.0,2.408
6379023.0,-0.01494031,0.0,2.064
6379101.0,-0.03952409,0.0,2.408
6379179.0,0.00517358,0.0,2.408
6379258.0,0.00669736,0.0,1.72
6379336.0,-0.01052134,0.0,2.064
6379414.0,-0.01372126,0.0,1.72
6379492.0,0.00969408,0.0,1.72
6379570.0,0.01741471,0.0,1.72
6379648.0,0.01777027,0.0,2.064
6379726.0,-0.00950557,0.0,2.064
6379804.0,-0.00341039,0.0,2.408
6379882.0,0.01045604,0.0,1.72
6379961.0,-0.00920077,0.0,2.064
6380039.0,-0.03403851,0.0,1.72
6380117.0,-0.00280086,0.0,1.72
6380195.0,-0.00965786,0.0,1.376
6380273.0,-0.02261003,0.0,2.064
6380351.0,-0.00234385,0.0,2.752
6380429.0,0.00872906,0.0,2.064
6380507.0,-0.00117548,0.0,2.064
6380585.0,-0.01006426,0.0,2.064
6380664.0,-0.00401991,0.0,1.72
6380742.0,-0.00219134,0.0,1.72
6380820.0,-0.00407068,0.0,2.064
6380898.0,-0.00696594,0.0,2.064
6380976.0,-0.02433708,0.0,1.72
6381054.0,-0.00782935,0.0,2.064
6381132.0,0.00598623,0.0,2.064
6381210.0,-0.01483879,0.0,2.064
6381288.0,0.00817037,0.0,2.064
6381367.0,-0.0045786,0.0,1.72
6381445.0,-0.00732143,0.0,2.064
6381523.0,-0.00132792,0.0,2.064
6381601.0,0.00151651,0.0,1.72
6381679.0,-0.00513736,0.0,2.064
6381757.0,-0.00376595,0.0,2.064
6381835.0,-0.02215302,0.0,2.064
6381913.0,0.0110148,0.0,2.064
6381992.0,-0.01433086,0.0,1.72
6382070.0,0.00273548,0.0,2.064
6382148.0,-0.00975953,0.0,1.72
6382226.0,0.01665274,0.0,2.064
6382304.0,0.00207519,0.0,2.064
6382382.0,-0.01047066,0.0,2.064
6382460.0,-0.00346115,0.0,2.064
6382538.0,-0.00833728,0.0,1.72
6382617.0,-0.00137861,0.0,2.064
6382695.0,-0.00488348,0.0,2.064
6382773.0,-0.00163265,0.0,2.064
6382851.0,-0.03713674,0.0,2.752
6382929.0,0.01182745,0.0,2.408
6383007.0,-0.00869284,0.0,2.408
6383085.0,-0.01453406,0.0,2.064
6383163.0,-0.00401991,0.0,1.72
6383241.0,-0.00386755,0.0,2.064
6383319.0,-0.01179123,0.0,2.064
6383398.0,0.0087799,0.0,2.408
6383476.0,0.00243076,0.0,2.064
6383554.0,-0.01717529,0.0,2.064
6383632.0,-0.00620405,0.0,2.064
6383710.0,-0.00417228,0.0,2.064
6383788.0,-0.0006168,0.0,1.72
6383866.0,-0.00640725,0.0,2.064
6383944.0,0.00253236,0.0,2.064
6384023.0,0.01380839,0.0,2.064
6384101.0,-0.02428625,0.0,2.408
6384179.0,-0.00848964,0.0,2.064
6384257.0,-0.01504199,0.0,2.064
6384335.0,0.0013133,0.0,2.064
6384413.0,0.00309104,0.0,2.064
6384491.0,-0.01113094,0.0,1.72
6384569.0,-0.01021662,0.0,1.72
6384647.0,-0.00757539,0.0,2.408
6384726.0,0.00314188,0.0,1.72
6384804.0,0.00370057,0.0,1.376
6384882.0,-0.00630558,0.0,1.376
6384960.0,-0.00539133,0.0,2.408
6385038.0,-0.0269274,0.0,1.376
6385116.0,-0.00183577,0.0,2.064
6385194.0,-0.00376595,0.0,2.752
6385273.0,-0.00173425,0.0,1.376
6385351.0,0.00349737,0.0,2.064
6385429.0,-0.00300414,0.0,1.376
6385507.0,-0.0043754,0.0,2.064
6385585.0,-0.00341039,0.0,1.376
6385663.0,0.00298952,0.0,2.064
6385741.0,0.02279869,0.0,2.064
6385819.0,-0.00798172,0.0,2.064
6385897.0,-0.01717529,0.0,3.096
6385975.0,0.00761169,0.0,2.064
6386054.0,-0.00676267,0.0,2.064
6386132.0,-0.00214057,0.0,2.064
6386210.0,-0.01468642,0.0,2.064
6386288.0,-0.01067378,0.0,1.72
6386366.0,-0.00727059,0.0,2.064
6386444.0,0.00126254,0.0,2.064
6386522.0,0.01700831,0.0,2.064
6386600.0,-0.00676267,0.0,2.064
6386678.0,-0.01209596,0.0,2.064
6386757.0,0.0062402,0.0,2.064
6386835.0,0.00151651,0.0,1.72
6386913.0,-0.0025469,0.0,2.064
6386991.0,0.0043101,0.0,2.064
6387069.0,0.00898303,0.0,2.064
6387147.0,-0.00280086,0.0,2.408
6387225.0,0.00263396,0.0,2.064
6387303.0,0.00959255,0.0,2.064
6387381.0,-0.01377217,0.0,2.064
6387460.0,-0.00442624,0.0,1.72
6387538.0,0.00070385,0.0,1.72
6387616.0,-0.00925161,0.0,2.064
6387694.0,-0.00087076,0.0,2.408
6387772.0,-0.00305482,0.0,2.064
6387850.0,-0.00564529,0.0,2.064
6387928.0,0.0128433,0.0,2.064
6388007.0,0.01568773,0.0,2.408
6388085.0,-0.02245774,0.0,1.72
6388163.0,-0.02403236,0.0,2.752
6388241.0,-5.803e-05,0.0,2.408
6388319.0,0.00466566,0.0,2.752
6388397.0,-0.01387377,0.0,2.408
6388475.0,0.0013133,0.0,2.064
6388553.0,-0.00391831,0.0,2.064
6388631.0,-0.0004136,0.0,2.064
6388710.0,-0.01981644,0.0,2.064
6388788.0,-0.00549293,0.0,2.408
6388866.0,-0.00163265,0.0,2.064
6388944.0,-0.01742925,0.0,2.752
6389022.0,0.00375141,0.0,1.72
6389100.0,0.01010048,0.0,2.064
6389178.0,-0.01062294,0.0,2.064
6389256.0,-0.00462944,0.0,2.064
6389334.0,0.01685595,0.0,1.376
6389413.0,0.00425926,0.0,2.064
6389491.0,0.00791641,0.0,2.064
6389569.0,-0.01133407,0.0,2.064
6389647.0,0.00060225,0.0,3.096
6389725.0,0.01589093,0.0,1.72
6389803.0,-0.01473719,0.0,2.064
6389881.0,-0.01585464,0.0,1.72
6389959.0,-0.01097858,0.0,2.064
6390037.0,-0.01026746,0.0,2.064
6390116.0,0.02142727,0.0,2.408
6390194.0,-0.00772783,0.0,1.72
6390272.0,-0.01687056,0.0,2.064
6390350.0,-0.00417228,0.0,1.72
6390428.0,-0.00650878,0.0,2.064
6390506.0,-0.0011248,0.0,2.064
6390584.0,0.02543999,0.0,1.72
6390662.0,-0.00813408,0.0,2.064
6390740.0,0.00050073,0.0,2.064
6390819.0,-0.01057218,0.0,2.064
6390897.0,-0.00224217,0.0,2.408
6390975.0,0.0173638,0.0,2.064
6391053.0,0.00979575,0.0,1.72
6391131.0,-0.00671198,0.0,1.376
6391209.0,-0.00462944,0.0,2.064
6391287.0,0.00938943,0.0,2.064
6391365.0,-0.00523889,0.0,2.064
6391443.0,0.01004971,0.0,2.064
6391522.0,-0.00163265,0.0,2.064
6391600.0,-0.00117548,0.0,2.064
6391678.0,0.01289414,0.0,2.064
6391756.0,-0.00955633,0.0,1.72
6391834.0,0.00588471,0.0,2.064
6391912.0,-0.01753085,0.0,2.064
6391990.0,0.0106084,0.0,2.064
6392068.0,-0.00605169,0.0,2.064
6392147.0,0.00933851,0.0,2.064
6392225.0,0.03422709,0.0,2.064
6392303.0,-0.0117404,0.0,1.72
6392381.0,-0.00727059,0.0,2.064
6392459.0,0.00542762,0.0,2.408
6392537.0,-0.00640725,0.0,2.064
6392615.0,-0.01422926,0.0,2.064
6392693.0,-0.0070167,0.0,2.064
6392772.0,-0.00503576,0.0,1.72
6392850.0,-0.02098466,0.0,2.064
6392928.0,-0.00564529,0.0,2.064
6393006.0,-0.00432471,0.0,2.752
6393084.0,-0.02286399,0.0,2.064
6393162.0,-0.03104172,0.0,2.064
6393240.0,0.00324356,0.0,2.752
6393318.0,0.01121785,0.0,2.064
6393396.0,0.00375141,0.0,2.064
6393474.0,0.00268479,0.0,1.72
6393553.0,-0.00163265,0.0,2.752
6393631.0,-0.00356275,0.0,1.376
6393709.0,-0.01697209,0.0,2.408
6393787.0,0.00517358,0.0,2.064
6393865.0,0.00065302,0.0,2.408
6393943.0,-0.01245152,0.0,2.408
6394021.0,0.01299567,0.0,2.408
6394099.0,0.02503359,0.0,2.064
6394177.0,0.00364981,0.0,2.408
6394256.0,-0.01082622,0.0,2.064
6394334.0,-0.00671198,0.0,2.408
6394412.0,0.00298952,0.0,1.72
6394490.0,-0.0043754,0.0,2.064
6394568.0,-0.0028517,0.0,2.064
6394646.0,-0.02149273,0.0,2.064
6394724.0,-0.01240068,0.0,1.72
6394802.0,0.00751001,0.0,1.72
6394880.0,0.00105934,0.0,1.72
6394959.0,-0.0027501,0.0,2.064
6395037.0,0.00517358,0.0,2.064
6395115.0,-0.00909917,0.0,2.064
6395193.0,0.01594169,0.0,2.408
6395271.0,-0.01499122,0.0,1.72
6395349.0,0.01660198,0.0,2.064
6395427.0,-0.00427388,0.0,2.064
6395506.0,0.00359897,0.0,2.064
6395584.0,0.00476733,0.0,1.376
6395662.0,-0.0004136,0.0,2.064
6395740.0,0.0085767,0.0,2.408
6395818.0,0.00725612,0.0,2.064
6395896.0,0.00456413,0.0,2.064
6395974.0,-0.0253021,0.0,2.064
6396052.0,0.00146574,0.0,1.72
6396130.0,-0.01102934,0.0,2.064
6396209.0,-0.01839434,0.0,1.72
6396287.0,0.01909085,0.0,1.72
6396365.0,-0.00600078,0.0,2.064
6396443.0,0.01436716,0.0,2.408
6396521.0,-0.00081992,0.0,2.064
6396599.0,0.0043101,0.0,2.064
6396677.0,0.00949103,0.0,2.064
6396755.0,-0.00513736,0.0,2.064
6396833.0,-0.01346745,0.0,2.064
6396912.0,-0.02245774,0.0,2.064
6396990.0,0.01487501,0.0,2.064
6397068.0,-0.00574696,0.0,2.064
6397146.0,0.00578318,0.0,2.064
6397224.0,-0.01793718,0.0,2.064
6397302.0,-0.00432471,0.0,2.064
6397380.0,-0.000312,0.0,1.72
6397458.0,0.0061386,0.0,2.064
6397536.0,-0.01351821,0.0,2.064
6397615.0,-0.02413388,0.0,2.064
6397693.0,0.00146574,0.0,2.408
6397771.0,-0.00137861,0.0,2.064
6397849.0,0.02681126,0.0,2.064
6397927.0,0.00283708,0.0,2.064
6398005.0,-0.004985,0.0,2.064
6398083.0,-0.00452791,0.0,2.064
6398161.0,-0.00346115,0.0,1.72
6398240.0,-0.00848964,0.0,2.064
6398318.0,-0.0122484,0.0,2.064
6398396.0,0.00177047,0.0,2.064
6398474.0,-0.00305482,0.0,2.064
6398552.0,-0.01361973,0.0,1.72
6398630.0,9.425e-05,0.0,1.72
6398708.0,-0.01585464,0.0,2.064
6398786.0,0.01873528,0.0,2.064
6398865.0,-0.00975953,0.0,2.064
6398943.0,-0.01235,0.0,2.064
6399021.0,-0.00122632,0.0,2.064
6399099.0,0.01390999,0.0,2.408
6399177.0,-0.02819729,0.0,1.376
6399255.0,-0.00087076,0.0,2.752
6399333.0,0.00156727,0.0,1.72
6399411.0,-0.00325795,0.0,2.408
6399489.0,0.0062402,0.0,2.064
6399568.0,0.0220368,0.0,2.752
6399646.0,0.00212603,0.0,2.064
6399724.0,-0.02814645,0.0,2.408
6399802.0,-0.0066103,0.0,2.064
6399880.0,-0.00579765,0.0,2.064
6399958.0,-0.00752463,0.0,2.064
6400036.0,-0.02022277,0.0,2.408
6400114.0,-0.01290868,0.0,2.064
6400192.0,-0.01041982,0.0,2.064
6400271.0,0.01401152,0.0,2.064
6400349.0,0.00527511,0.0,2.064
6400427.0,0.00527511,0.0,2.064
6400505.0,0.00486886,0.0,2.064
6400583.0,-0.01108011,0.0,2.064
6400661.0,0.00786565,0.0,2.064
6400739.0,0.00502115,0.0,2.408
6400817.0,0.01319887,0.0,2.064
6400895.0,-0.00046443,0.0,2.064
6400973.0,-0.01006426,0.0,2.408
6401052.0,-0.00894688,0.0,2.408
6401130.0,0.00568143,0.0,2.408
6401208.0,0.01975114,0.0,2.064
6401286.0,0.00761169,0.0,2.064
6401364.0,-0.00666114,0.0,2.064
6401442.0,-0.02184814,0.0,1.72
6401520.0,-0.0161086,0.0,2.064
6401598.0,-0.00021047,0.0,1.72
6401677.0,0.02025906,0.0,1.376
6401755.0,-0.00513736,0.0,1.72
6401833.0,0.00283708,0.0,1.72
6401911.0,0.00197359,0.0,1.72
6401989.0,0.0014149,0.0,2.064
6402067.0,-0.00396915,0.0,1.72
6402145.0,-0.00894688,0.0,1.72
6402223.0,-0.03226069,0.0,1.376
6402301.0,0.00801794,0.0,2.064
6402380.0,-0.01626096,0.0,2.064
6402458.0,0.00883074,0.0,2.064
6402536.0,0.00197359,0.0,2.408
6402614.0,0.00146574,0.0,2.064
6402692.0,-0.000312,0.0,2.064
6402770.0,0.01010048,0.0,2.408
6402848.0,-0.01204512,0.0,2.064
6402926.0,-0.0011248,0.0,2.064
6403005.0,0.00552915,0.0,2.064
6403083.0,-0.01108011,0.0,2.064
6403161.0,-0.00127709,0.0,2.064
6403239.0,0.0090847,0.0,3.096
6403317.0,-0.00635642,0.0,2.064
6403395.0,0.00852594,0.0,2.064
6403473.0,0.01680511,0.0,2.064
6403551.0,-0.00640725,0.0,2.064
6403629.0,0.00776405,0.0,2.064
6403708.0,0.00156727,0.0,2.064
6403786.0,0.00070385,0.0,2.408
6403864.0,0.01467188,0.0,2.408
6403942.0,0.00304028,0.0,2.064
6404020.0,0.0103036,0.0,2.064
6404098.0,0.01411312,0.0,2.064
6404176.0,-0.01615936,0.0,1.72
6404254.0,-0.00142952,0.0,2.064
6404332.0,-0.01697209,0.0,2.064
6404411.0,-0.0140769,0.0,2.064
6404489.0,0.0130465,0.0,2.064
6404567.0,0.02279869,0.0,2.064
6404645.0,0.01197982,0.0,2.408
6404723.0,-0.00244537,0.0,1.376
6404801.0,-0.00732143,0.0,2.408
6404879.0,0.00258319,0.0,2.064
6404957.0,0.00039898,0.0,2.064
6405035.0,-0.01158803,0.0,2.408
6405114.0,0.00146574,0.0,2.408
6405192.0,0.00583387,0.0,2.064
6405270.0,-0.03673049,0.0,2.752
6405348.0,-0.02296559,0.0,2.064
6405426.0,0.00197359,0.0,2.064
6405504.0,0.00761169,0.0,2.064
6405582.0,-0.00889604,0.0,2.752
6405660.0,0.00893226,0.0,2.064
6405739.0,-0.03414011,0.0,2.064
6405817.0,0.01401152,0.0,2.064
6405895.0,-0.01737841,0.0,2.064
6405973.0,0.00420857,0.0,1.376
6406051.0,-0.00635642,0.0,1.72
6406129.0,-0.00879437,0.0,2.064
6406207.0,-0.01077538,0.0,1.72
6406285.0,0.0126401,0.0,2.064
6406364.0,0.00349737,0.0,1.72
6406442.0,-0.00721983,0.0,2.064
6406520.0,0.01055756,0.0,2.064
6406598.0,0.00563067,0.0,1.72
6406676.0,-0.00986106,0.0,2.064
6406754.0,0.00852594,0.0,2.064
6406832.0,0.00588471,0.0,2.064
6406910.0,0.0062402,0.0,1.72
6406988.0,-0.00894688,0.0,1.72
6407067.0,0.00425926,0.0,1.72
6407145.0,-0.00056603,0.0,2.064
6407223.0,-0.01869906,0.0,2.408
6407301.0,-0.00767699,0.0,2.064
6407379.0,0.01167509,0.0,2.064
6407457.0,-0.01148651,0.0,1.72
6407535.0,0.0063418,0.0,2.408
6407613.0,-0.01087691,0.0,1.72
6407691.0,0.00116102,0.0,2.064
6407770.0,0.00888142,0.0,2.064
6407848.0,-0.03048295,0.0,1.72
6407926.0,0.01106556,0.0,1.72
6408004.0,-0.01128323,0.0,2.064
6408082.0,-0.00828659,0.0,2.064
6408160.0,-0.02606398,0.0,2.064
6408238.0,-0.00513736,0.0,2.064
6408316.0,-0.01250221,0.0,2.064
6408394.0,-0.00229294,0.0,2.064
6408472.0,-0.01575304,0.0,2.064
6408551.0,0.00319264,0.0,2.064
6408629.0,-0.00620405,0.0,1.72
6408707.0,0.01147189,0.0,1.72
6408785.0,-0.01549907,0.0,2.408
6408863.0,-0.00772783,0.0,2.064
6408941.0,0.02020822,0.0,1.72
6409019.0,0.00964331,0.0,2.064
6409097.0,-0.00391831,0.0,2.408
6409176.0,0.01142105,0.0,2.064
6409254.0,-0.00203897,0.0,2.064
6409332.0,0.01253858,0.0,2.408
6409410.0,0.00288792,0.0,1.72
6409488.0,0.00126254,0.0,2.408
6409566.0,-0.03083851,0.0,1.72
6409644.0,0.006545,0.0,2.408
6409722.0,-0.00148021,0.0,2.064
6409800.0,0.01487501,0.0,2.064
6409879.0,-0.00930229,0.0,1.72
6409957.0,0.00334508,0.0,1.376
6410035.0,0.00136414,0.0,2.064
6410113.0,-0.0119436,0.0,1.72
6410191.0,0.00171963,0.0,2.064
6410269.0,0.00298952,0.0,2.408
6410347.0,0.026405,0.0,2.064
6410426.0,-0.00996258,0.0,2.064
6410504.0,-0.00244537,0.0,2.408
6410582.0,-0.01935935,0.0,2.408
6410660.0,0.00192283,0.0,2.408
6410738.0,0.00903379,0.0,2.064
6410816.0,-0.00574696,0.0,2.064
6410894.0,0.00309104,0.0,2.064
6410972.0,-0.00351199,0.0,1.72
6411050.0,-0.00569605,0.0,2.064
6411128.0,-0.00528973,0.0,2.408
6411207.0,-0.00615322,0.0,2.064
6411285.0,0.010202,0.0,2.064
6411363.0,0.00319264,0.0,2.064
6411441.0,-0.0199688,0.0,2.064
6411519.0,-0.02525126,0.0,1.72
6411597.0,-0.00259766,0.0,2.064
6411675.0,0.01055756,0.0,2.064
6411753.0,0.00293868,0.0,2.064
6411831.0,0.00222763,0.0,2.408
6411910.0,-0.02911146,0.0,2.064
6411988.0,-0.0011248,0.0,2.064
6412066.0,-0.01168963,0.0,2.064
6412144.0,0.00593547,0.0,2.064
6412222.0,-0.03576541,0.0,1.72
6412300.0,0.01543377,0.0,2.064
6412378.0,-0.00305482,0.0,2.064
6412456.0,0.00497038,0.0,2.064
6412534.0,-0.0028517,0.0,2.064
6412613.0,-0.00686434,0.0,2.064
6412691.0,0.00217679,0.0,2.064
6412769.0,-0.00605169,0.0,2.064
6412847.0,0.01924313,0.0,2.064
6412925.0,-0.00137861,0.0,2.064
6413003.0,-0.00488348,0.0,2.064
6413081.0,0.0041069,0.0,2.064
6413160.0,0.00568143,0.0,2.064
6413238.0,0.00080545,0.0,2.064
6413316.0,-0.00772783,0.0,2.064
6413394.0,-0.00117548,0.0,2.064
6413472.0,-0.01057218,0.0,1.72
6413550.0,-0.00290246,0.0,2.064
6413628.0,-0.00417228,0.0,2.064
6413706.0,-0.00239454,0.0,2.064
6413784.0,-0.0115372,0.0,2.064
6413863.0,0.00298952,0.0,2.064
6413941.0,-0.00991189,0.0,2.408
6414019.0,-0.00539133,0.0,2.064
6414097.0,-0.00945481,0.0,2.064
6414175.0,0.02645584,0.0,2.064
6414253.0,-0.00930229,0.0,1.72
6414331.0,-0.00818492,0.0,2.408
6414409.0,0.00126254,0.0,2.064
6414487.0,-0.00081992,0.0,2.064
6414566.0,-0.00178509,0.0,2.064
6414644.0,0.00867822,0.0,2.064
6414722.0,-0.0139753,0.0,2.064
6414800.0,0.00862754,0.0,2.064
6414878.0,-0.0005152,0.0,2.408
6414956.0,-0.00767699,0.0,2.064
6415034.0,-0.00747379,0.0,2.064
6415112.0,-0.01341653,0.0,2.064
6415190.0,0.00334508,0.0,2.064
6415269.0,-0.00478173,0.0,2.064
6415347.0,0.0062402,0.0,2.064
6415425.0,-0.00117548,0.0,1.72
6415503.0,-0.00173425,0.0,2.064
6415581.0,0.0124369,0.0,1.72
6415659.0,-0.00569605,0.0,2.064
6415737.0,-0.00579765,0.0,2.752
6415815.0,-0.00330886,0.0,1.376
6415893.0,-0.00107388,0.0,2.064
6415972.0,0.00319264,0.0,2.064
6416050.0,0.00593547,0.0,2.408
6416128.0,0.00471642,0.0,2.408
6416206.0,-0.02332123,0.0,2.752
6416284.0,-0.00615322,0.0,1.72
6416362.0,-7.27e-06,0.0,2.064
6416440.0,-0.00600078,0.0,2.064
6416519.0,0.00690049,0.0,2.408
6416597.0,0.00852594,0.0,2.064
6416675.0,-0.02352428,0.0,2.408
6416753.0,0.00893226,0.0,2.064
6416831.0,-0.00264857,0.0,1.72
6416909.0,0.02208756,0.0,2.064
6416987.0,-0.01494031,0.0,1.72
6417065.0,0.00161803,0.0,1.72
6417143.0,0.00370057,0.0,2.064
6417221.0,-0.00234385,0.0,1.72
6417300.0,-0.00848964,0.0,2.064
6417378.0,0.00283708,0.0,2.408
6417456.0,0.00603707,0.0,2.064
6417534.0,-0.00894688,0.0,2.064
6417612.0,-0.0009216,0.0,2.064
6417690.0,-0.01387377,0.0,2.064
6417768.0,0.00705292,0.0,1.72
6417846.0,0.00263396,0.0,2.064
6417924.0,-0.01707369,0.0,2.064
6418003.0,0.01462097,0.0,1.72
6418081.0,-0.00503576,0.0,2.752
6418159.0,-0.0163118,0.0,2.064
6418237.0,0.01507821,0.0,1.376
6418315.0,-0.00320719,0.0,1.376
6418393.0,0.00898303,0.0,1.72
6418471.0,-0.00747379,0.0,2.064
6418549.0,0.00080545,0.0,1.72
6418627.0,0.00964331,0.0,2.408
6418706.0,0.01609406,0.0,2.408
6418784.0,-0.00361359,0.0,1.72
6418862.0,-0.01377217,0.0,2.064
6418940.0,-0.00300414,0.0,2.064
6419018.0,-0.00676267,0.0,1.72
6419096.0,-0.00132792,0.0,2.064
6419174.0,-0.02276247,0.0,2.064
6419252.0,0.00044989,0.0,2.064
6419330.0,-0.00066756,0.0,2.064
6419409.0,0.02569388,0.0,2.064
6419487.0,0.00507206,0.0,2.064
6419565.0,-0.00666114,0.0,1.376
6419643.0,-0.00595001,0.0,2.064
6419721.0,-0.01280708,0.0,2.064
6419799.0,0.01010048,0.0,2.064
6419877.0,-0.0070167,0.0,2.064
6419956.0,-0.01488962,0.0,2.064
6420034.0,-0.01265472,0.0,2.408
6420112.0,0.02483039,0.0,2.064
6420190.0,-0.01494031,0.0,2.064
6420268.0,0.01543377,0.0,2.064
6420346.0,0.00527511,0.0,2.752
6420424.0,-0.01113094,0.0,2.064
6420502.0,-0.00615322,0.0,2.752
6420580.0,-0.00300414,0.0,2.064
6420659.0,-0.00833728,0.0,2.064
6420737.0,0.01375755,0.0,2.064
6420815.0,-0.00671198,0.0,2.064
6420893.0,0.00979575,0.0,2.064
6420971.0,-0.00920077,0.0,2.408
6421049.0,-0.01001342,0.0,2.064
6421127.0,-0.01463559,0.0,2.752
6421205.0,0.00603707,0.0,2.064
6421283.0,0.00060225,0.0,2.064
6421362.0,-0.00711823,0.0,2.064
6421440.0,0.00847518,0.0,2.064
6421518.0,0.00334508,0.0,2.064
6421596.0,-0.02850201,0.0,2.064
6421674.0,-0.00203897,0.0,2.064
6421752.0,-0.00386755,0.0,2.064
6421830.0,0.0013133,0.0,2.408
6421908.0,-0.0066103,0.0,2.064
6421986.0,0.00136414,0.0,2.064
6422065.0,-0.00153105,0.0,2.064
6422143.0,0.01126876,0.0,2.064
6422221.0,-0.00442624,0.0,2.064
6422299.0,-0.00427388,0.0,2.064
6422377.0,-0.00081992,0.0,1.72
6422455.0,-0.00955633,0.0,2.064
6422533.0,0.00182131,0.0,1.376
6422611.0,0.01675435,0.0,2.064
6422689.0,0.0061386,0.0,1.72
6422768.0,-0.00727059,0.0,2.408
6422846.0,-0.00081992,0.0,1.032
6422924.0,-0.01240068,0.0,2.064
6423002.0,0.00954171,0.0,1.376
6423080.0,0.00126254,0.0,1.72
6423158.0,-0.00107388,0.0,1.72
6423236.0,0.00969408,0.0,2.064
6423314.0,0.00380217,0.0,1.72
6423393.0,-0.03205756,0.0,2.064
6423471.0,-0.0163118,0.0,1.376
6423549.0,-0.00259766,0.0,2.064
6423627.0,-0.01930851,0.0,1.72
6423705.0,-0.00706754,0.0,1.72
6423783.0,-0.01229916,0.0,2.064
6423861.0,0.00888142,0.0,1.72
6423939.0,-0.00229294,0.0,2.064
6424017.0,-0.0011248,0.0,1.72
6424096.0,0.00568143,0.0,2.064
6424174.0,-0.00716907,0.0,2.064
6424252.0,-0.00483264,0.0,2.064
6424330.0,0.00227832,0.0,2.064
6424408.0,0.01934474,0.0,2.064
6424486.0,0.00380217,0.0,2.064
6424564.0,-0.00671198,0.0,2.064
6424642.0,-0.00280086,0.0,2.064
6424720.0,-0.0025469,0.0,2.064
6424799.0,-0.00676267,0.0,2.064
6424877.0,0.0013133,0.0,2.064
6424955.0,0.00542762,0.0,2.408
6425033.0,-0.00965786,0.0,1.72
6425111.0,-0.00635642,0.0,2.064
6425189.0,-0.00153105,0.0,2.064
6425267.0,0.01568773,0.0,2.064
6425345.0,0.00847518,0.0,1.72
6425423.0,-0.01280708,0.0,2.064
6425502.0,-0.00589918,0.0,2.064
6425580.0,-0.00488348,0.0,2.064
6425658.0,0.0043101,0.0,1.72
6425736.0,0.00237992,0.0,2.064
6425814.0,0.01213218,0.0,2.064
6425892.0,0.00171963,0.0,2.064
6425970.0,0.00293868,0.0,2.064
6426048.0,-0.00676267,0.0,2.064
6426127.0,-0.01077538,0.0,2.064
6426205.0,-0.00371511,0.0,1.376
6426283.0,0.00151651,0.0,1.72
6426361.0,-0.00686434,0.0,2.408
6426439.0,-0.00828659,0.0,1.72
6426517.0,0.0087799,0.0,1.72
6426595.0,0.02168124,0.0,2.064
6426673.0,-0.01702285,0.0,2.752
6426752.0,0.00547831,0.0,2.064
6426830.0,0.01614475,0.0,2.064
6426908.0,-0.00391831,0.0,1.376
6426986.0,-0.01021662,0.0,2.408
6427064.0,0.00136414,0.0,2.064
6427142.0,-0.00407068,0.0,2.752
6427220.0,0.00491962,0.0,2.408
6427298.0,-0.01367057,0.0,2.064
6427376.0,-0.00620405,0.0,3.096
6427455.0,0.00085622,0.0,2.408
6427533.0,0.00984659,0.0,2.064
6427611.0,-0.01524504,0.0,2.064
6427689.0,-0.00173425,0.0,2.064
6427767.0,-0.02296559,0.0,1.72
6427845.0,-0.00747379,0.0,2.064
6427923.0,-0.01529587,0.0,2.064
6428001.0,0.01462097,0.0,2.064
6428079.0,0.00375141,0.0,1.72
6428157.0,-0.01793718,0.0,2.064
6428236.0,-0.00346115,0.0,2.064
6428314.0,-0.00991189,0.0,2.064
6428392.0,-0.01245152,0.0,1.72
6428470.0,-0.01778474,0.0,2.064
6428548.0,-0.01458475,0.0,1.72
6428626.0,0.00370057,0.0,2.408
6428704.0,-0.00280086,0.0,1.72
6428783.0,0.00771321,0.0,2.064
6428861.0,-0.00412144,0.0,1.72
6428939.0,-0.01031814,0.0,2.064
6429017.0,-0.01128323,0.0,1.72
6429095.0,0.01380839,0.0,2.064
6429173.0,0.0045133,0.0,2.408
6429251.0,0.01939557,0.0,1.72
6429329.0,0.00659576,0.0,2.064
6429407.0,0.01177661,0.0,2.064
6429486.0,-0.00335955,0.0,2.064
6429564.0,-0.00630558,0.0,1.376
6429642.0,0.00949103,0.0,2.064
6429720.0,0.01289414,0.0,2.064
6429798.0,0.01680511,0.0,2.064
6429876.0,-0.01275625,0.0,2.064
6429954.0,0.00126254,0.0,2.064
6430032.0,0.00994811,0.0,2.064
6430110.0,0.00319264,0.0,2.064
6430189.0,-0.00208981,0.0,2.064
6430267.0,0.00095774,0.0,2.408
6430345.0,0.01147189,0.0,2.064
6430423.0,0.01248782,0.0,2.408
6430501.0,0.00568143,0.0,2.064
6430579.0,0.00258319,0.0,2.064
6430657.0,-0.0198672,0.0,2.064
6430735.0,0.00268479,0.0,2.064
6430813.0,-0.00417228,0.0,2.064
6430891.0,0.00344661,0.0,2.408
6430970.0,0.00232923,0.0,2.064
6431048.0,-0.0199688,0.0,1.72
6431126.0,-0.0011248,0.0,2.064
6431204.0,-0.00630558,0.0,2.064
6431282.0,-0.00127709,0.0,2.064
6431360.0,-0.00493416,0.0,1.72
6431438.0,-0.00097236,0.0,2.064
6431517.0,-0.01108011,0.0,2.064
6431595.0,-0.02047681,0.0,2.064
6431673.0,-0.01026746,0.0,2.064
6431751.0,0.00415773,0.0,2.752
6431829.0,-0.00132792,0.0,1.72
6431907.0,0.00171963,0.0,2.064
6431985.0,-0.00777852,0.0,2.064
6432063.0,-0.00066756,0.0,2.408
6432141.0,0.00187207,0.0,1.72
6432220.0,0.00370057,0.0,2.408
6432298.0,0.00644347,0.0,2.064
6432376.0,-0.00269926,0.0,2.064
6432454.0,-0.01295945,0.0,2.064
6432532.0,-0.02271171,0.0,1.72
6432610.0,-0.01321341,0.0,2.064
6432688.0,0.0069514,0.0,2.064
6432766.0,-0.000312,0.0,2.752
6432844.0,-0.00777852,0.0,1.72
6432922.0,-0.0045786,0.0,2.064
6433001.0,-0.01595624,0.0,2.064
6433079.0,-0.01301028,0.0,1.72
6433157.0,-0.00148021,0.0,2.064
6433235.0,-0.00330886,0.0,2.064
6433313.0,0.00461482,0.0,1.72
6433391.0,-0.00686434,0.0,2.064
6433469.0,-0.00407068,0.0,1.72
6433547.0,0.01004971,0.0,2.064
6433626.0,-0.00777852,0.0,1.72
6433704.0,-0.00259766,0.0,2.064
6433782.0,-0.01905463,0.0,1.72
6433860.0,0.006545,0.0,2.064
6433938.0,0.0043101,0.0,1.72
6434016.0,-0.00219134,0.0,2.064
6434094.0,0.00304028,0.0,2.064
6434172.0,0.0043101,0.0,2.408
6434251.0,-0.00640725,0.0,2.064
6434329.0,-0.01072454,0.0,2.064
6434407.0,-0.02007048,0.0,1.72
6434485.0,-0.0133657,0.0,1.72
6434563.0,-0.01133407,0.0,2.064
6434641.0,-0.01011509,0.0,1.72
6434719.0,-0.00244537,0.0,2.408
6434797.0,0.00461482,0.0,2.064
6434876.0,0.01076076,0.0,2.064
6434954.0,-0.00071832,0.0,2.064
6435032.0,-0.00269926,0.0,1.72
6435110.0,-0.0084388,0.0,2.064
6435188.0,-0.01158803,0.0,2.064
6435266.0,0.00075462,0.0,1.72
6435344.0,-0.0117404,0.0,1.72
6435422.0,-0.0070167,0.0,2.064
6435500.0,0.00314188,0.0,2.064
6435579.0,0.00146574,0.0,2.064
6435657.0,0.0103036,0.0,2.064
6435735.0,0.00192283,0.0,2.064
6435813.0,-0.01245152,0.0,2.064
6435891.0,0.00136414,0.0,2.064
6435969.0,-0.01295945,0.0,2.064
6436047.0,-0.0163118,0.0,2.064
6436125.0,-0.01356897,0.0,2.064
6436203.0,0.00319264,0.0,2.064
6436282.0,-0.02794325,0.0,2.064
6436360.0,-0.01265472,0.0,2.064
6436438.0,-0.00757539,0.0,2.064
6436516.0,0.01853208,0.0,1.72
6436594.0,0.01822728,0.0,2.064
6436672.0,-0.0028517,0.0,2.064
6436750.0,0.00151651,0.0,2.064
6436828.0,-0.01250221,0.0,1.72
6436906.0,-0.00635642,0.0,2.064
6436985.0,-0.00909917,0.0,2.408
6437063.0,-0.00295322,0.0,1.72
6437141.0,-0.0161086,0.0,2.408
6437219.0,0.03823973,0.0,2.064
6437297.0,0.00217679,0.0,2.064
6437375.0,-0.01488962,0.0,2.064
6437453.0,0.00100858,0.0,2.064
6437531.0,-0.00127709,0.0,2.064
6437609.0,-0.0163118,0.0,2.064
6437688.0,-0.01295945,0.0,2.408
6437766.0,-0.02565766,0.0,2.064
6437844.0,0.00791641,0.0,2.064
6437922.0,-0.00574696,0.0,2.752
6438000.0,-0.00249614,0.0,2.064
6438078.0,-0.00848964,0.0,2.064
6438156.0,0.00476733,0.0,2.408
6438234.0,-0.00762623,0.0,2.064
6438313.0,0.00268479,0.0,1.72
6438391.0,-0.00970869,0.0,2.064
6438469.0,0.05068398,0.0,1.72
6438547.0,-0.00442624,0.0,2.064
6438625.0,0.00898303,0.0,2.408
6438703.0,-0.02382908,0.0,2.064
6438781.0,-0.0025469,0.0,2.064
6438859.0,-0.0069151,0.0,2.064
6438937.0,-0.00859132,0.0,2.064
6439016.0,0.00974499,0.0,1.72
6439094.0,0.00100858,0.0,2.064
6439172.0,-0.00803255,0.0,1.72
6439250.0,0.010202,0.0,2.064
6439328.0,-0.0117404,0.0,2.064
6439406.0,0.00304028,0.0,2.064
6439484.0,-0.004985,0.0,1.72
6439562.0,0.00304028,0.0,1.72
6439641.0,0.01335123,0.0,1.376
6439719.0,4.349e-05,0.0,2.064
6439797.0,-0.02591155,0.0,2.064
6439875.0,0.00024669,0.0,1.72
6439953.0,-0.0006168,0.0,1.376
6440031.0,-0.00259766,0.0,2.064
6440109.0,0.00893226,0.0,2.064
6440187.0,0.00690049,0.0,2.064
6440265.0,-0.00838812,0.0,2.064
6440344.0,0.01126876,0.0,2.064
6440422.0,-0.01143567,0.0,2.752
6440500.0,-0.01763238,0.0,2.064
6440578.0,-0.01377217,0.0,2.064
6440656.0,-0.00894688,0.0,1.72
6440734.0,0.01218302,0.0,2.064
6440812.0,-0.01260388,0.0,2.064
6440890.0,0.00344661,0.0,2.064
6440968.0,-0.01067378,0.0,2.408
6441046.0,0.00761169,0.0,2.064
6441125.0,0.01071008,0.0,1.72
6441203.0,0.00842434,0.0,2.064
6441281.0,-0.00559445,0.0,2.064
6441359.0,-0.00137861,0.0,1.72
6441437.0,-0.00767699,0.0,1.72
6441515.0,0.01822728,0.0,2.064
6441593.0,-0.01885143,0.0,1.72
6441671.0,-0.00264857,0.0,2.064
6441750.0,0.00938943,0.0,2.064
6441828.0,-0.00488348,0.0,2.064
6441906.0,0.00329424,0.0,2.064
6441984.0,0.00268479,0.0,1.72
6442062.0,0.01177661,0.0,2.064
6442140.0,-0.01133407,0.0,2.064
6442218.0,0.00893226,0.0,2.752
6442296.0,0.01523057,0.0,2.064
6442374.0,0.01197982,0.0,2.408
6442453.0,-0.00381671,0.0,2.752
6442531.0,-0.00081992,0.0,2.752
6442609.0,0.0014149,0.0,2.064
6442687.0,-0.00833728,0.0,2.408
6442765.0,-0.00986106,0.0,1.72
6442843.0,-0.00767699,0.0,2.408
6442921.0,0.00867822,0.0,2.064
6442999.0,0.01015131,0.0,2.064
6443078.0,0.00136414,0.0,2.408
6443156.0,-0.02570842,0.0,1.72
6443234.0,0.00156727,0.0,1.72
6443312.0,0.00933851,0.0,1.72
6443390.0,-0.01595624,0.0,2.064
6443468.0,-0.01082622,0.0,2.752
6443546.0,-0.0043754,0.0,1.72
6443624.0,0.02183367,0.0,2.064
6443702.0,0.00593547,0.0,1.72
6443781.0,-0.01209596,0.0,1.72
6443859.0,-0.00793103,0.0,1.72
6443937.0,-0.00671198,0.0,1.72
6444015.0,-0.00381671,0.0,2.064
6444093.0,0.01822728,0.0,1.72
6444171.0,-0.00686434,0.0,2.064
6444249.0,-0.00249614,0.0,2.064
6444327.0,-0.00879437,0.0,2.064
6444405.0,-0.02520057,0.0,2.064
6444484.0,-0.01839434,0.0,2.064
6444562.0,-0.00655954,0.0,2.064
6444640.0,-0.01219748,0.0,1.72
6444718.0,0.01253858,0.0,1.376
6444796.0,0.01675435,0.0,2.064
6444874.0,-0.00828659,0.0,1.72
6444952.0,9.425e-05,0.0,2.064
6445030.0,0.00197359,0.0,1.72
6445108.0,0.01558613,0.0,1.72
6445187.0,-0.00848964,0.0,2.064
6445265.0,0.00029745,0.0,2.064
6445343.0,0.02975736,0.0,1.72
6445421.0,-0.01158803,0.0,2.408
6445499.0,0.00618943,0.0,1.72
6445577.0,-0.01722605,0.0,2.064
6445655.0,-0.01717529,0.0,1.72
6445733.0,-0.01204512,0.0,2.064
6445812.0,0.00090698,0.0,2.064
6445890.0,-0.01204512,0.0,2.064
6445968.0,-0.00630558,0.0,2.408
6446046.0,0.01604322,0.0,2.064
6446124.0,-0.00721983,0.0,2.408
6446202.0,0.00095774,0.0,2.064
6446280.0,-0.00493416,0.0,2.064
6446358.0,-0.01412774,0.0,1.376
6446436.0,-0.0139753,0.0,2.064
6446515.0,0.00832266,0.0,2.064
6446593.0,0.00522442,0.0,2.064
6446671.0,-0.01041982,0.0,2.064
6446749.0,-0.01687056,0.0,2.064
6446827.0,-0.0121468,0.0,2.064
6446905.0,-0.00737227,0.0,1.376
6446983.0,0.00329424,0.0,2.064
6447061.0,0.00994811,0.0,2.064
6447139.0,-0.01077538,0.0,2.064
6447218.0,-0.02702907,0.0,2.408
6447296.0,-0.00655954,0.0,2.064
6447374.0,0.0044117,0.0,2.064
6447452.0,-0.01133407,0.0,2.064
6447530.0,0.0108116,0.0,2.064
6447608.0,0.00217679,0.0,1.72
6447686.0,-0.00696594,0.0,2.064
6447764.0,-0.00081992,0.0,2.064
6447843.0,-0.00833728,0.0,2.064
6447921.0,0.01142105,0.0,2.064
6447999.0,0.01142105,0.0,2.408
6448077.0,-0.00381671,0.0,2.064
6448155.0,0.00471642,0.0,2.064
6448233.0,-0.00097236,0.0,2.064
6448311.0,0.00060225,0.0,2.064
6448389.0,-0.01168963,0.0,2.064
6448468.0,0.00705292,0.0,2.408
6448546.0,0.01416388,0.0,2.752
6448624.0,-0.01534671,0.0,2.064
6448702.0,-0.00757539,0.0,2.408
6448780.0,-0.01011509,0.0,1.72
6448858.0,-0.00960717,0.0,2.064
6448936.0,-0.00950557,0.0,2.064
6449014.0,0.01238622,0.0,2.408
6449092.0,0.01558613,0.0,2.064
6449170.0,0.00380217,0.0,2.064
6449249.0,-0.00544209,0.0,2.064
6449327.0,-0.00483264,0.0,2.408
6449405.0,-0.02169578,0.0,2.064
6449483.0,-0.00508653,0.0,2.064
6449561.0,-0.00483264,0.0,2.408
6449639.0,-0.00280086,0.0,2.064
6449717.0,-0.00970869,0.0,2.752
6449795.0,-0.00909917,0.0,2.064
6449873.0,-0.00483264,0.0,2.064
6449952.0,-0.0043754,0.0,2.408
6450030.0,-0.00762623,0.0,2.064
6450108.0,0.0179734,0.0,1.72
6450186.0,0.00928783,0.0,2.064
6450264.0,-0.01763238,0.0,2.752
6450342.0,-0.00584849,0.0,2.408
6450420.0,0.01131953,0.0,1.72
6450498.0,0.00476733,0.0,2.064
6450577.0,-0.01712438,0.0,1.376
6450655.0,-0.00386755,0.0,2.064
6450733.0,0.00461482,0.0,2.064
6450811.0,-0.01687056,0.0,2.064
6450889.0,-0.008642,0.0,1.72
6450967.0,-0.00432471,0.0,2.408
6451045.0,0.02305273,0.0,2.064
6451123.0,-0.00203897,0.0,2.064
6451201.0,-0.01387377,0.0,2.408
6451279.0,-0.01478802,0.0,1.72
6451358.0,-0.00782935,0.0,1.72
6451436.0,0.00923699,0.0,2.408
6451514.0,-0.01229916,0.0,2.064
6451592.0,0.02823358,0.0,1.376
6451670.0,0.01152265,0.0,2.408
6451748.0,-0.02332123,0.0,2.064
6451827.0,0.00344661,0.0,2.064
6451905.0,0.00557991,0.0,2.064
6451983.0,0.01076076,0.0,2.408
6452061.0,0.01914161,0.0,2.064
6452139.0,0.0012117,0.0,2.408
6452217.0,-0.01681965,0.0,2.752
6452295.0,0.00380217,0.0,2.064
6452373.0,-0.00178509,0.0,2.408
6452451.0,0.00090698,0.0,2.064
6452529.0,0.01040528,0.0,2.064
6452608.0,-0.00432471,0.0,2.064
6452686.0,0.00608791,0.0,2.064
6452764.0,-0.02438777,0.0,2.064
6452842.0,-0.00828659,0.0,2.064
6452920.0,-0.01519435,0.0,2.408
6452998.0,0.01954786,0.0,2.064
6453076.0,-0.00889604,0.0,2.064
6453154.0,-7.27e-06,0.0,2.064
6453232.0,0.01086229,0.0,1.72
6453311.0,-0.01250221,0.0,2.064
6453389.0,-0.00772783,0.0,2.064
6453467.0,0.0069514,0.0,2.408
6453545.0,-0.0051882,0.0,2.064
6453623.0,0.00055142,0.0,2.064
6453701.0,-0.0133657,0.0,2.064
6453779.0,0.00263396,0.0,2.408
6453857.0,-0.01062294,0.0,1.72
6453936.0,0.01543377,0.0,2.064
6454014.0,-0.01143567,0.0,2.064
6454092.0,-0.00290246,0.0,2.064
6454170.0,-0.01778474,0.0,2.064
6454248.0,0.0041069,0.0,2.064
6454326.0,0.00486886,0.0,2.064
6454404.0,-0.01041982,0.0,2.408
6454482.0,-0.00269926,0.0,2.064
6454560.0,0.00100858,0.0,2.064
6454639.0,-0.01483879,0.0,2.064
6454717.0,-0.04704137,0.0,2.408
6454795.0,0.0014149,0.0,2.408
6454873.0,-0.01047066,0.0,2.064
6454951.0,-0.01854663,0.0,2.064
6455029.0,0.00192283,0.0,2.064
6455107.0,-0.00981037,0.0,2.064
6455185.0,-0.00767699,0.0,2.064
6455263.0,-0.0084388,0.0,2.408
6455342.0,0.01507821,0.0,2.064
6455420.0,0.00959255,0.0,2.064
6455498.0,-0.02189898,0.0,2.064
6455576.0,-0.01235,0.0,2.064
6455654.0,0.00380217,0.0,2.064
6455732.0,0.00497038,0.0,2.064
6455810.0,-0.02316879,0.0,2.064
6455888.0,-0.02347359,0.0,2.064
6455966.0,-0.00686434,0.0,2.064
6456045.0,0.00832266,0.0,2.064
6456123.0,-0.01331501,0.0,1.72
6456201.0,-0.00970869,0.0,2.064
6456279.0,-0.00782935,0.0,1.72
6456357.0,-0.00960717,0.0,1.72
6456435.0,-0.00325795,0.0,1.72
6456513.0,-0.01880059,0.0,2.064
6456591.0,0.0132497,0.0,1.72
6456669.0,-0.00066756,0.0,2.064
6456748.0,0.00751001,0.0,1.72
6456826.0,0.01238622,0.0,2.064
6456904.0,0.01340199,0.0,1.376
6456982.0,-0.01047066,0.0,2.408
6457060.0,-0.00788012,0.0,2.064
6457138.0,-0.02189898,0.0,2.064
6457216.0,0.00166887,0.0,2.408
6457294.0,-0.00193737,0.0,2.064
6457372.0,-0.01422926,0.0,2.408
6457451.0,0.00329424,0.0,2.064
6457529.0,0.0219352,0.0,2.064
6457607.0,-0.00351199,0.0,1.72
6457685.0,-0.01067378,0.0,2.064
6457763.0,-0.00264857,0.0,1.72
6457841.0,0.01985274,0.0,2.408
6457919.0,-0.00452791,0.0,2.408
6457998.0,-0.00462944,0.0,1.72
6458076.0,0.00766237,0.0,2.064
6458154.0,0.01721151,0.0,2.064
6458232.0,0.00664667,0.0,2.064
6458310.0,-0.01189276,0.0,2.064
6458388.0,-0.00407068,0.0,2.064
6458466.0,-0.00122632,0.0,2.408
6458544.0,-0.00610238,0.0,2.064
6458622.0,-0.00554376,0.0,2.064
6458700.0,0.01919237,0.0,2.064
6458779.0,0.0013133,0.0,2.064
6458857.0,0.00557991,0.0,1.72
6458935.0,0.01731311,0.0,2.064
6459013.0,-0.00737227,0.0,2.064
6459091.0,-0.0087436,0.0,2.064
6459169.0,0.00578318,0.0,2.408
6459247.0,-0.0158038,0.0,2.064
6459326.0,0.00415773,0.0,2.064
6459404.0,0.00928783,0.0,1.032
6459482.0,0.00684972,0.0,2.408
6459560.0,-0.00930229,0.0,2.064
6459638.0,-0.00310566,0.0,2.064
6459716.0,0.00400537,0.0,2.408
6459794.0,0.00938943,0.0,2.064
6459872.0,-0.00965786,0.0,2.064
6459950.0,0.01761783,0.0,2.064
6460029.0,0.00400537,0.0,1.72
6460107.0,-0.00600078,0.0,2.408
6460185.0,-0.00925161,0.0,2.064
6460263.0,0.00034829,0.0,2.408
6460341.0,-0.0199688,0.0,2.064
6460419.0,-0.004985,0.0,2.752
6460497.0,0.00522442,0.0,2.064
6460575.0,-0.00021047,0.0,2.064
6460653.0,-0.02677511,0.0,1.72
6460732.0,0.01299567,0.0,2.064
6460810.0,0.0014149,0.0,2.064
6460888.0,-0.00666114,0.0,2.064
6460966.0,0.01350359,0.0,2.408
6461044.0,-0.00981037,0.0,2.064
6461122.0,-0.00462944,0.0,1.72
6461200.0,0.01482417,0.0,2.752
6461278.0,-0.00595001,0.0,2.064
6461356.0,0.00684972,0.0,1.376
6461435.0,-0.00676267,0.0,1.72
6461513.0,-0.00955633,0.0,2.064
6461591.0,0.010202,0.0,2.064
6461669.0,0.01248782,0.0,1.72
6461747.0,0.00928783,0.0,2.064
6461825.0,0.01451944,0.0,2.064
6461903.0,0.00578318,0.0,2.064
6461981.0,0.00568143,0.0,1.72
6462059.0,-0.00605169,0.0,2.064
6462138.0,0.00278632,0.0,1.72
6462216.0,0.01025284,0.0,2.408
6462294.0,-0.02261003,0.0,1.72
6462372.0,-0.00244537,0.0,2.064
6462450.0,-0.00595001,0.0,1.376
6462528.0,-0.01727681,0.0,2.064
6462606.0,-0.01758161,0.0,1.72
6462684.0,0.00588471,0.0,2.064
6462762.0,0.0085767,0.0,1.376
6462841.0,0.00116102,0.0,2.064
6462919.0,0.00085622,0.0,2.408
6462997.0,-0.02093397,0.0,2.064
6463075.0,-0.01605784,0.0,2.064
6463153.0,-0.00899757,0.0,2.064
6463231.0,0.00547831,0.0,2.064
6463309.0,-0.00346115,0.0,2.064
6463387.0,0.00044989,0.0,2.064
6463466.0,0.03529362,0.0,2.752
6463544.0,-0.00259766,0.0,2.064
6463622.0,-0.01321341,0.0,2.408
6463700.0,-0.01021662,0.0,2.064
6463778.0,0.01319887,0.0,2.064
6463856.0,-0.00137861,0.0,1.376
6463934.0,-0.01097858,0.0,2.064
6464012.0,0.00568143,0.0,2.064
6464090.0,0.00354828,0.0,2.064
6464169.0,-0.01235,0.0,2.064
6464247.0,0.00116102,0.0,2.064
6464325.0,-0.00534049,0.0,2.064
6464403.0,0.00090698,0.0,2.064
6464481.0,-0.01326417,0.0,2.064
6464559.0,-0.0119436,0.0,1.72
6464637.0,-0.00071832,0.0,2.064
6464715.0,-0.02149273,0.0,2.064
6464794.0,0.01065924,0.0,2.064
6464872.0,-0.00889604,0.0,2.064
6464950.0,-0.00361359,0.0,2.064
6465028.0,-0.00574696,0.0,2.064
6465106.0,-0.01402598,0.0,1.72
6465184.0,-0.0068135,0.0,2.408
6465262.0,-0.01133407,0.0,2.064
6465340.0,0.01416388,0.0,2.064
6465418.0,-0.02250843,0.0,3.096
6465497.0,0.00822114,0.0,2.064
6465575.0,0.00791641,0.0,2.408
6465653.0,-0.0051882,0.0,2.064
6465731.0,0.01370679,0.0,2.064
6465809.0,0.00100858,0.0,1.72
6465887.0,-0.01102934,0.0,2.064
6465965.0,0.00268479,0.0,2.064
6466043.0,0.00034829,0.0,2.064
6466121.0,0.00811954,0.0,2.408
6466200.0,-0.01118163,0.0,2.064
6466278.0,-0.00046443,0.0,2.064
6466356.0,0.00288792,0.0,1.72
6466434.0,-0.01798786,0.0,2.408
6466512.0,-0.00478173,0.0,2.064
6466590.0,-0.00488348,0.0,2.408
6466668.0,0.00883074,0.0,2.064
6466746.0,0.0069514,0.0,2.064
6466824.0,-0.01331501,0.0,2.064
6466903.0,-0.00671198,0.0,2.064
6466981.0,-0.01199443,0.0,2.064
6467059.0,0.00151651,0.0,2.064
6467137.0,0.0043101,0.0,2.064
6467215.0,-0.01123247,0.0,2.752
6467293.0,0.01421472,0.0,2.064
6467371.0,0.00923699,0.0,2.064
6467449.0,0.00324356,0.0,2.064
6467527.0,-0.00828659,0.0,2.064
6467606.0,-0.00305482,0.0,1.376
6467684.0,-0.01864815,0.0,2.064
6467762.0,0.00019585,0.0,1.72
6467840.0,-0.00462944,0.0,1.72
6467918.0,0.00105934,0.0,2.752
6467996.0,-0.02900994,0.0,2.064
6468074.0,0.00126254,0.0,2.064
6468152.0,-0.00148021,0.0,2.064
6468231.0,-0.01189276,0.0,2.064
6468309.0,0.02823358,0.0,1.72
6468387.0,-0.00320719,0.0,2.064
6468465.0,-0.02007048,0.0,2.752
6468543.0,-0.01087691,0.0,2.408
6468621.0,-0.00386755,0.0,2.064
6468699.0,-0.00828659,0.0,2.064
6468777.0,-0.0009216,0.0,2.064
6468855.0,-0.000312,0.0,2.064
6468934.0,0.00969408,0.0,1.376
6469012.0,0.02513519,0.0,2.064
6469090.0,-0.01235,0.0,2.064
6469168.0,-0.00026131,0.0,2.064
6469246.0,-0.00757539,0.0,2.064
6469324.0,-0.0051882,0.0,2.064
6469402.0,0.00481802,0.0,2.064
6469480.0,0.00202451,0.0,2.064
6469558.0,0.0043101,0.0,2.064
6469637.0,-0.00010887,0.0,2.064
6469715.0,-0.01118163,0.0,2.064
6469793.0,-0.01041982,0.0,2.064
6469871.0,-0.00666114,0.0,2.064
6469949.0,0.01340199,0.0,2.064
6470027.0,-0.00076916,0.0,2.064
6470105.0,-0.00219134,0.0,2.064
6470183.0,-0.02184814,0.0,2.064
6470262.0,-0.0299751,0.0,2.064
6470340.0,-0.0046802,0.0,2.064
6470418.0,0.0083735,0.0,2.408
6470496.0,-0.00788012,0.0,2.064
6470574.0,-0.00808332,0.0,2.064
6470652.0,0.00862754,0.0,2.064
6470730.0,0.00319264,0.0,2.064
6470808.0,-0.01026746,0.0,2.064
6470886.0,0.00730696,0.0,2.064
6470964.0,0.02015746,0.0,2.064
6471043.0,-0.01113094,0.0,2.064
6471121.0,-0.0028517,0.0,2.408
6471199.0,-0.00528973,0.0,2.064
6471277.0,-0.00163265,0.0,2.064
6471355.0,0.00039898,0.0,2.064
6471433.0,0.01457028,0.0,2.064
6471511.0,-0.00401991,0.0,2.064
6471589.0,0.02147811,0.0,2.064
6471667.0,0.00573235,0.0,2.064
6471746.0,-0.00620405,0.0,2.064
6471824.0,-0.00361359,0.0,2.064
6471902.0,0.01995434,0.0,2.064
6471980.0,-0.01301028,0.0,2.408
6472058.0,0.01370679,0.0,2.064
6472136.0,0.0091863,0.0,2.408
6472214.0,-0.00310566,0.0,2.064
6472293.0,-0.00859132,0.0,2.064
6472371.0,0.00446253,0.0,2.064
6472449.0,0.00111018,0.0,2.064
6472527.0,0.0091863,0.0,2.064
6472605.0,0.00552915,0.0,2.408
6472683.0,-0.02047681,0.0,2.064
6472761.0,0.00253236,0.0,2.064
6472839.0,0.01822728,0.0,2.064
6472917.0,0.0061386,0.0,2.752
6472996.0,-0.01605784,0.0,2.064
6473074.0,0.00684972,0.0,2.752
6473152.0,-0.01082622,0.0,2.064
6473230.0,0.00740849,0.0,2.752
6473308.0,0.00573235,0.0,1.72
6473386.0,-0.00219134,0.0,2.064
6473464.0,0.00888142,0.0,2.064
6473542.0,-0.00361359,0.0,2.064
6473620.0,0.00370057,0.0,2.408
6473699.0,-0.00650878,0.0,1.72
6473777.0,-0.0277402,0.0,2.064
6473855.0,0.00024669,0.0,2.064
6473933.0,0.00161803,0.0,2.064
6474011.0,-0.01869906,0.0,1.72
6474089.0,-0.02865445,0.0,2.064
6474167.0,-0.02296559,0.0,2.064
6474245.0,-0.01097858,0.0,2.064
6474324.0,-0.00183577,0.0,1.72
6474402.0,-0.00305482,0.0,2.064
6474480.0,-0.00650878,0.0,1.376
6474558.0,-0.01026746,0.0,1.72
6474636.0,0.00227832,0.0,2.064
6474714.0,0.01533217,0.0,1.72
6474792.0,-0.02332123,0.0,2.064
6474870.0,-0.00757539,0.0,2.408
6474949.0,0.00659576,0.0,1.376
6475027.0,-0.0009216,0.0,2.064
6475105.0,4.349e-05,0.0,1.72
6475183.0,-0.00508653,0.0,2.064
6475261.0,-0.01118163,0.0,1.72
6475339.0,-0.00163265,0.0,2.064
6475417.0,-0.00742295,0.0,2.064
6475495.0,-0.01778474,0.0,2.064
6475573.0,-0.00264857,0.0,2.064
6475652.0,-0.00107388,0.0,2.064
6475730.0,-0.00742295,0.0,2.064
6475808.0,0.00095774,0.0,1.72
6475886.0,0.01071008,0.0,1.72
6475964.0,0.0045133,0.0,1.376
6476042.0,0.0041069,0.0,1.72
6476120.0,-0.01280708,0.0,2.408
6476198.0,-0.00833728,0.0,2.064
6476276.0,-0.00071832,0.0,2.752
6476355.0,-0.00711823,0.0,1.72
6476433.0,-0.0269274,0.0,2.064
6476511.0,-0.00991189,0.0,2.064
6476589.0,-0.01615936,0.0,2.064
6476667.0,-0.00488348,0.0,2.408
6476745.0,-7.27e-06,0.0,2.064
6476823.0,0.00817037,0.0,2.752
6476901.0,-0.02149273,0.0,2.408
6476979.0,-0.00737227,0.0,2.064
6477057.0,-0.00163265,0.0,2.064
6477136.0,-0.00127709,0.0,2.064
6477214.0,0.00989728,0.0,2.408
6477292.0,0.00151651,0.0,2.064
6477370.0,-0.02301651,0.0,1.72
6477448.0,0.00578318,0.0,2.064
6477526.0,-0.00381671,0.0,2.408
6477604.0,-0.01235,0.0,1.032
6477682.0,-0.01113094,0.0,2.408
6477760.0,0.00136414,0.0,2.064
6477839.0,0.00527511,0.0,3.096
6477917.0,0.00034829,0.0,2.064
6477995.0,-0.01534671,0.0,2.064
6478073.0,-0.00671198,0.0,2.064
6478151.0,0.00060225,0.0,2.408
6478229.0,-0.00564529,0.0,2.064
6478307.0,-0.00747379,0.0,2.064
6478385.0,-0.00610238,0.0,2.064
6478464.0,-0.00381671,0.0,3.096
6478542.0,-0.00854048,0.0,2.064
6478620.0,-0.00132792,0.0,2.064
6478698.0,-0.00193737,0.0,2.064
6478776.0,-0.00798172,0.0,2.064
6478854.0,0.00984659,0.0,1.72
6478932.0,0.00552915,0.0,2.064
6479010.0,-0.01534671,0.0,2.064
6479089.0,0.01553529,0.0,2.064
6479167.0,-0.01006426,0.0,2.064
6479245.0,-0.01290868,0.0,2.064
6479323.0,-0.02296559,0.0,2.064
6479401.0,-0.00427388,0.0,2.064
6479479.0,-0.01108011,0.0,2.064
6479557.0,-0.0070167,0.0,2.064
6479635.0,0.02147811,0.0,2.064
6479713.0,0.00364981,0.0,2.408
6479792.0,-0.01148651,0.0,2.064
6479870.0,-0.00422319,0.0,1.72
6479948.0,0.00268479,0.0,2.064
6480026.0,-0.01773398,0.0,1.376
6480104.0,0.00771321,0.0,2.064
6480182.0,0.00166887,0.0,2.064
6480260.0,-0.00833728,0.0,2.064
6480338.0,-0.00894688,0.0,1.72
6480416.0,0.02117339,0.0,2.752
6480495.0,-0.02672435,0.0,2.064
6480573.0,-0.01412774,0.0,2.064
6480651.0,0.00893226,0.0,1.032
6480729.0,-0.01041982,0.0,2.064
6480807.0,-0.01199443,0.0,1.376
6480885.0,-0.00412144,0.0,2.064
6480963.0,0.01106556,0.0,2.064
6481041.0,-0.00904841,0.0,2.064
6481119.0,0.02498275,0.0,1.72
6481198.0,-0.02296559,0.0,2.064
6481276.0,-0.00107388,0.0,2.064
6481354.0,-0.00869284,0.0,1.376
6481432.0,-0.01438162,0.0,2.064
6481510.0,-0.01646409,0.0,2.064
6481588.0,0.00629103,0.0,2.064
6481666.0,-0.01001342,0.0,2.408
6481744.0,-0.00615322,0.0,2.064
6481823.0,-0.00600078,0.0,2.064
6481901.0,-0.00071832,0.0,1.72
6481979.0,0.00116102,0.0,1.72
6482057.0,-0.01697209,0.0,1.72
6482135.0,-0.00493416,0.0,1.72
6482213.0,-0.0161086,0.0,1.72
6482291.0,0.00771321,0.0,2.064
6482369.0,-0.01321341,0.0,2.064
6482448.0,-0.01585464,0.0,2.064
6482526.0,-0.00828659,0.0,2.064
6482604.0,0.00080545,0.0,1.376
6482682.0,-0.00889604,0.0,2.064
6482760.0,0.00050073,0.0,2.064
6482838.0,0.01710998,0.0,2.064
6482916.0,-0.00407068,0.0,1.72
6482994.0,-0.00706754,0.0,2.064
6483072.0,0.00243076,0.0,2.064
6483150.0,-0.0045786,0.0,1.032
6483229.0,-0.00813408,0.0,2.408
6483307.0,-0.00503576,0.0,2.064
6483385.0,0.00476733,0.0,2.408
6483463.0,-0.00259766,0.0,2.752
6483541.0,0.01573849,0.0,2.064
6483619.0,-0.01229916,0.0,1.72
6483697.0,-0.00107388,0.0,2.064
6483775.0,0.01741471,0.0,2.064
6483854.0,0.01390999,0.0,2.064
6483932.0,-0.00975953,0.0,2.064
6484010.0,0.00573235,0.0,2.064
6484088.0,0.00944019,0.0,2.064
6484166.0,0.00065302,0.0,2.064
6484244.0,0.00370057,0.0,2.408
6484322.0,-0.01189276,0.0,2.064
6484400.0,-0.0139753,0.0,1.72
6484479.0,-0.00386755,0.0,2.064
6484557.0,-0.01402598,0.0,2.408
6484635.0,-0.0004136,0.0,2.064
6484713.0,0.01040528,0.0,1.72
6484791.0,-0.00264857,0.0,2.408
6484869.0,-0.00483264,0.0,2.064
6484947.0,0.00177047,0.0,1.72
6485025.0,0.00446253,0.0,2.064
6485103.0,-0.00991189,0.0,2.064
6485182.0,0.01777027,0.0,2.064
6485260.0,-0.02078153,0.0,1.72
6485338.0,0.02345898,0.0,2.064
6485416.0,-0.01453406,0.0,1.376
6485494.0,-0.00097236,0.0,2.064
6485572.0,-0.01219748,0.0,1.72
6485650.0,0.00588471,0.0,1.72
6485728.0,0.01091313,0.0,2.064
6485806.0,-0.00767699,0.0,2.064
6485885.0,0.00293868,0.0,2.064
6485963.0,0.00090698,0.0,2.752
6486041.0,-0.0162102,0.0,2.064
6486119.0,-0.02494653,0.0,2.064
6486197.0,0.00710376,0.0,1.376
6486275.0,-0.01143567,0.0,2.064
6486353.0,0.00207519,0.0,1.72
6486431.0,-0.01519435,0.0,2.064
6486509.0,-0.00981037,0.0,2.064
6486588.0,0.00710376,0.0,2.064
6486666.0,0.00415773,0.0,2.064
6486744.0,0.00024669,0.0,2.064
6486822.0,0.01568773,0.0,2.064
6486900.0,0.00182131,0.0,2.408
6486978.0,0.00095774,0.0,2.064
6487056.0,-0.00782935,0.0,2.408
6487134.0,-0.00666114,0.0,2.064
6487212.0,-0.01326417,0.0,2.064
6487291.0,0.00034829,0.0,2.064
6487369.0,-0.0133657,0.0,1.72
6487447.0,0.01137037,0.0,2.064
6487525.0,-0.00879437,0.0,2.064
6487603.0,0.00598623,0.0,1.72
6487681.0,0.0219352,0.0,2.064
6487759.0,0.00273548,0.0,2.064
6487837.0,0.01507821,0.0,2.064
6487916.0,-0.01585464,0.0,2.064
6487994.0,0.0108116,0.0,2.064
6488072.0,-0.0121468,0.0,2.064
6488150.0,-0.00915001,0.0,2.064
6488228.0,-0.00772783,0.0,2.064
6488306.0,0.00725612,0.0,2.064
6488384.0,0.00309104,0.0,1.72
6488462.0,0.00222763,0.0,2.064
6488541.0,0.00166887,0.0,2.064
6488619.0,-0.01356897,0.0,2.408
6488697.0,0.00288792,0.0,2.064
6488775.0,0.02427178,0.0,2.408
6488853.0,0.02549068,0.0,1.72
6488931.0,-0.0069151,0.0,2.752
6489009.0,-0.00381671,0.0,2.064
6489087.0,-0.00483264,0.0,2.408
6489165.0,0.00527511,0.0,2.064
6489243.0,-0.01057218,0.0,2.752
6489322.0,-0.00401991,0.0,1.72
6489400.0,0.02569388,0.0,2.752
6489478.0,-0.00203897,0.0,2.064
6489556.0,0.02005586,0.0,2.408
6489634.0,-0.00153105,0.0,2.408
6489712.0,-0.00198821,0.0,2.752
6489790.0,0.00735765,0.0,2.064
6489868.0,0.00629103,0.0,2.064
6489946.0,-0.01778474,0.0,2.064
6490025.0,-0.00234385,0.0,1.72
6490103.0,0.00293868,0.0,1.72
6490181.0,-0.00737227,0.0,1.72
6490259.0,-0.0043754,0.0,2.408
6490337.0,-0.01102934,0.0,2.064
6490415.0,-0.00264857,0.0,2.064
6490493.0,0.02046219,0.0,1.72
6490571.0,-0.01402598,0.0,2.064
6490650.0,0.01238622,0.0,1.72
6490728.0,0.00456413,0.0,2.064
6490806.0,-0.01148651,0.0,2.064
6490884.0,-0.00452791,0.0,1.72
6490962.0,-0.00269926,0.0,2.064
6491040.0,0.0085767,0.0,2.064
6491118.0,-0.01438162,0.0,2.064
6491196.0,-0.00564529,0.0,1.72
6491274.0,0.00608791,0.0,2.064
6491353.0,-0.00391831,0.0,1.376
6491431.0,-0.00442624,0.0,2.064
6491509.0,-0.00803255,0.0,2.064
6491587.0,0.01848132,0.0,2.064
6491665.0,-0.00173425,0.0,2.408
6491743.0,-0.0009216,0.0,2.064
6491821.0,-0.00772783,0.0,2.064
6491899.0,-0.02220371,0.0,1.72
6491977.0,-0.00600078,0.0,2.064
6492056.0,-0.02718144,0.0,2.064
6492134.0,-0.01143567,0.0,2.064
6492212.0,0.00883074,0.0,2.752
6492290.0,-0.00676267,0.0,2.064
6492368.0,0.00542762,0.0,2.064
6492446.0,-0.02565766,0.0,2.064
6492524.0,0.00364981,0.0,2.408
6492602.0,0.0205131,0.0,1.72
6492680.0,-0.02088313,0.0,1.72
6492759.0,-0.00528973,0.0,2.408
6492837.0,-0.01509275,0.0,2.064
6492915.0,-0.00539133,0.0,1.72
6492993.0,-0.00610238,0.0,2.064
6493071.0,0.00324356,0.0,1.72
6493149.0,-0.01859747,0.0,2.064
6493227.0,-0.00183577,0.0,1.72
6493305.0,-0.0045786,0.0,2.064
6493384.0,-0.00295322,0.0,2.064
6493462.0,-0.01829266,0.0,1.72
6493540.0,-0.0084388,0.0,2.408
6493618.0,-0.00950557,0.0,2.064
6493696.0,-0.00203897,0.0,1.72
6493774.0,0.0178718,0.0,2.408
6493852.0,-0.0043754,0.0,1.72
6493930.0,-0.00960717,0.0,1.72
6494009.0,-0.00528973,0.0,1.72
6494087.0,0.00847518,0.0,2.064
6494165.0,-0.01326417,0.0,1.72
6494243.0,-0.00173425,0.0,2.064
6494321.0,-0.02118785,0.0,2.064
6494399.0,-0.01016586,0.0,1.72
6494477.0,0.00725612,0.0,2.752
6494555.0,0.00354828,0.0,2.064
6494633.0,0.00222763,0.0,2.408
6494712.0,0.0043101,0.0,2.408
6494790.0,-0.00716907,0.0,2.408
6494868.0,-0.0006168,0.0,2.064
6494946.0,0.00690049,0.0,2.408
6495024.0,-0.0027501,0.0,2.064
6495102.0,-0.01062294,0.0,1.72
6495180.0,-0.00544209,0.0,2.064
6495258.0,-0.00645794,0.0,2.064
6495336.0,-0.00625474,0.0,2.064
6495415.0,-0.00549293,0.0,2.064
6495493.0,-5.803e-05,0.0,1.72
6495571.0,0.0087799,0.0,1.72
6495649.0,0.00664667,0.0,1.376
6495727.0,-0.00711823,0.0,2.064
6495805.0,-0.00036283,0.0,2.064
6495883.0,0.00222763,0.0,2.064
6495961.0,-0.02377832,0.0,2.064
6496039.0,-0.02382908,0.0,2.064
6496118.0,0.00913546,0.0,2.064
6496196.0,0.00232923,0.0,2.064
6496274.0,-0.01356897,0.0,2.408
6496352.0,-0.0121468,0.0,2.064
6496430.0,-0.0122484,0.0,2.064
6496508.0,0.00669736,0.0,2.408
6496586.0,-0.00396915,0.0,2.064
6496664.0,-0.01356897,0.0,2.064
6496742.0,-0.00010887,0.0,2.064
6496821.0,-0.00589918,0.0,1.72
6496899.0,-0.01133407,0.0,1.376
6496977.0,-0.00975953,0.0,2.064
6497055.0,0.00745925,0.0,2.064
6497133.0,-0.01138483,0.0,2.064
6497211.0,0.00436086,0.0,2.752
6497289.0,0.00344661,0.0,2.064
6497367.0,-0.00148021,0.0,2.064
6497446.0,0.00827197,0.0,2.064
6497524.0,0.01898932,0.0,2.064
6497602.0,-0.01016586,0.0,2.064
6497680.0,-0.00239454,0.0,2.064
6497758.0,0.00105934,0.0,2.408
6497836.0,0.02422094,0.0,2.064
6497914.0,0.01335123,0.0,2.064
6497992.0,0.00476733,0.0,1.72
6498071.0,0.00070385,0.0,2.064
6498149.0,-0.01783558,0.0,1.72
6498227.0,-0.00727059,0.0,2.064
6498305.0,-5.803e-05,0.0,2.064
6498383.0,0.02188436,0.0,2.064
6498461.0,0.01695755,0.0,2.064
6498539.0,-0.00127709,0.0,2.064
6498617.0,0.00380217,0.0,2.064
6498695.0,0.01040528,0.0,1.376
6498774.0,-0.01067378,0.0,2.064
6498852.0,-0.00188661,0.0,2.064
6498930.0,0.01269094,0.0,2.064
6499008.0,-0.01128323,0.0,2.408
6499086.0,-0.01539747,0.0,2.064
6499164.0,0.00822114,0.0,2.064
6499242.0,0.00344661,0.0,1.72
6499320.0,-0.00381671,0.0,1.72
6499398.0,-0.00153105,0.0,1.72
6499476.0,-0.00991189,0.0,2.064
6499555.0,-0.00955633,0.0,2.064
6499633.0,-0.00229294,0.0,2.064
6499711.0,-0.00178509,0.0,2.064
6499789.0,0.00151651,0.0,2.064
6499867.0,0.01817652,0.0,2.064
6499945.0,0.01182745,0.0,1.72
6500023.0,-0.01265472,0.0,2.408
6500101.0,-0.01118163,0.0,2.064
6500179.0,-0.02321956,0.0,1.72
6500258.0,0.00146574,0.0,2.064
6500336.0,-0.01885143,0.0,2.064
6500414.0,0.00608791,0.0,2.064
6500492.0,-0.01483879,0.0,2.064
6500570.0,0.00527511,0.0,2.064
6500648.0,0.00263396,0.0,2.064
6500726.0,0.03016368,0.0,2.064
6500804.0,0.00491962,0.0,2.064
6500883.0,0.00776405,0.0,2.064
6500961.0,-0.03667973,0.0,2.064
6501039.0,-0.00488348,0.0,2.408
6501117.0,-0.01204512,0.0,1.72
6501195.0,0.02005586,0.0,2.064
6501273.0,-0.01585464,0.0,1.72
6501351.0,-0.00955633,0.0,2.408
6501429.0,0.02071615,0.0,2.064
6501508.0,-0.01092775,0.0,2.064
6501586.0,0.01055756,0.0,1.72
6501664.0,-0.0025469,0.0,1.72
6501742.0,-0.01311181,0.0,1.72
6501820.0,0.00568143,0.0,1.72
6501898.0,0.01482417,0.0,1.376
6501976.0,0.01893841,0.0,2.408
6502054.0,0.01116716,0.0,1.72
6502132.0,-0.00666114,0.0,1.72
6502211.0,-0.01595624,0.0,2.408
6502289.0,0.00019585,0.0,2.064
6502367.0,-0.01565151,0.0,1.72
6502445.0,0.02076691,0.0,2.064
6502523.0,-0.00970869,0.0,2.064
6502601.0,0.01675435,0.0,2.064
6502679.0,-0.01326417,0.0,2.064
6502757.0,-0.00432471,0.0,2.752
6502835.0,-0.02276247,0.0,2.064
6502914.0,4.349e-05,0.0,2.064
6502992.0,0.00542762,0.0,2.064
6503070.0,0.01340199,0.0,1.72
6503148.0,0.01050688,0.0,1.72
6503226.0,-0.0004136,0.0,2.064
6503304.0,-0.01758161,0.0,2.064
6503382.0,-0.00782935,0.0,2.064
6503460.0,0.0051229,0.0,2.408
6503538.0,-0.00346115,0.0,2.064
6503617.0,0.00161803,0.0,2.064
6503695.0,0.00136414,0.0,2.064
6503773.0,-0.01392446,0.0,2.064
6503851.0,-0.02200058,0.0,1.72
6503929.0,-0.00503576,0.0,2.064
6504007.0,-0.01453406,0.0,2.752
6504085.0,0.00405613,0.0,2.064
6504163.0,-0.01971492,0.0,2.064
6504242.0,0.00547831,0.0,2.064
6504320.0,-0.01270541,0.0,2.752
6504398.0,-0.01458475,0.0,2.064
6504476.0,-0.00676267,0.0,2.408
6504554.0,-0.02403236,0.0,2.064
6504632.0,-0.01834343,0.0,2.064
6504710.0,0.00862754,0.0,2.064
6504788.0,-0.00549293,0.0,2.408
6504866.0,-0.00117548,0.0,2.064
6504945.0,-0.01433086,0.0,2.408
6505023.0,-0.00071832,0.0,2.064
6505101.0,0.00207519,0.0,2.064
6505179.0,0.01010048,0.0,2.064
6505257.0,0.00786565,0.0,2.752
6505335.0,-0.01509275,0.0,2.064
6505413.0,0.01624642,0.0,2.064
6505491.0,0.01650038,0.0,2.064
6505570.0,-0.00610238,0.0,2.064
6505648.0,0.01218302,0.0,2.064
6505726.0,-0.00706754,0.0,2.064
6505804.0,0.00161803,0.0,2.064
6505882.0,0.0013133,0.0,2.064
6505960.0,-0.00168349,0.0,2.408
6506038.0,-0.00559445,0.0,2.064
6506116.0,-0.00818492,0.0,2.408
6506194.0,0.01543377,0.0,2.064
6506273.0,-0.00589918,0.0,2.064
6506351.0,0.00994811,0.0,1.376
6506429.0,0.00146574,0.0,2.064
6506507.0,-0.00026131,0.0,2.408
6506585.0,-0.00386755,0.0,2.064
6506663.0,0.00903379,0.0,1.376
6506741.0,0.00268479,0.0,2.064
6506819.0,0.00288792,0.0,1.72
6506897.0,0.01126876,0.0,2.064
6506976.0,0.01650038,0.0,1.72
6507054.0,0.00598623,0.0,1.72
6507132.0,-0.01961332,0.0,2.408
6507210.0,-0.01676896,0.0,2.408
6507288.0,0.00283708,0.0,1.72
6507366.0,-0.00117548,0.0,2.064
6507444.0,0.010202,0.0,2.064
6507522.0,0.01650038,0.0,2.064
6507600.0,0.0013133,0.0,2.064
6507679.0,-0.00315642,0.0,2.064
6507757.0,0.00446253,0.0,2.752
6507835.0,-0.00554376,0.0,1.72
6507913.0,-0.02108626,0.0,2.064
6507991.0,0.01375755,0.0,2.064
6508069.0,0.01086229,0.0,2.064
6508147.0,-0.01118163,0.0,2.064
6508225.0,-0.00335955,0.0,1.72
6508303.0,-0.0069151,0.0,2.064
6508382.0,0.02086851,0.0,2.064
6508460.0,0.00989728,0.0,2.064
6508538.0,0.01015131,0.0,2.064
6508616.0,-0.01539747,0.0,2.064
6508694.0,0.0130465,0.0,2.064
6508772.0,-0.00732143,0.0,2.064
6508850.0,-0.00244537,0.0,1.376
6508928.0,0.00314188,0.0,2.064
6509007.0,0.00563067,0.0,1.72
6509085.0,-0.02403236,0.0,2.064
6509163.0,-0.01255312,0.0,2.064
6509241.0,0.00811954,0.0,2.408
6509319.0,-0.00386755,0.0,1.72
6509397.0,-0.00010887,0.0,1.72
6509475.0,0.01319887,0.0,1.72
6509553.0,-0.00493416,0.0,1.72
6509631.0,-0.01052134,0.0,2.064
6509710.0,-0.0046802,0.0,1.376
6509788.0,-0.00132792,0.0,2.064
6509866.0,-0.01829266,0.0,2.408
6509944.0,-0.00107388,0.0,1.72
6510022.0,-0.00122632,0.0,3.44
6510100.0,-0.00224217,0.0,2.408
6510178.0,-0.01219748,0.0,2.408
6510256.0,0.0128433,0.0,2.752
6510334.0,-0.01554991,0.0,2.408
6510413.0,0.00395453,0.0,2.064
6510491.0,-0.01981644,0.0,2.064
6510569.0,-0.01737841,0.0,2.064
6510647.0,-0.016007,0.0,2.064
6510725.0,0.01197982,0.0,2.408
6510803.0,0.010202,0.0,2.408
6510881.0,-0.00493416,0.0,1.72
6510959.0,-0.00904841,0.0,3.096
6511037.0,-0.00559445,0.0,2.064
6511116.0,0.00309104,0.0,2.064
6511194.0,-0.01118163,0.0,2.408
6511272.0,-0.01402598,0.0,2.064
6511350.0,-0.0009216,0.0,1.72
6511428.0,-0.01554991,0.0,1.72
6511506.0,-0.00777852,0.0,2.064
6511584.0,-0.0066103,0.0,2.064
6511662.0,0.00700209,0.0,2.064
6511741.0,-0.00493416,0.0,2.064
6511819.0,-0.01250221,0.0,1.72
6511897.0,-0.00249614,0.0,2.064
6511975.0,0.00243076,0.0,2.064
6512053.0,0.00161803,0.0,1.72
6512131.0,-0.01199443,0.0,2.064
6512209.0,-0.03058455,0.0,1.72
6512287.0,-0.00513736,0.0,2.064
6512366.0,-0.01539747,0.0,1.72
6512444.0,0.00593547,0.0,2.064
6512522.0,-0.00960717,0.0,1.376
6512600.0,-0.00107388,0.0,1.72
6512678.0,0.00385301,0.0,1.72
6512756.0,-0.00859132,0.0,1.72
6512834.0,0.00202451,0.0,1.72
6512912.0,-0.00620405,0.0,2.064
6512990.0,0.00847518,0.0,2.064
6513069.0,-0.00635642,0.0,2.064
6513147.0,-0.0162102,0.0,1.376
6513225.0,-0.01016586,0.0,2.064
6513303.0,-0.02337207,0.0,2.064
6513381.0,-0.01869906,0.0,2.064
6513459.0,-0.00528973,0.0,2.064
6513537.0,0.00659576,0.0,2.408
6513615.0,-0.0025469,0.0,2.064
6513693.0,-0.00488348,0.0,2.064
6513772.0,-0.01123247,0.0,1.72
6513850.0,-0.00214057,0.0,2.064
6513928.0,-0.00991189,0.0,2.064
6514006.0,0.00979575,0.0,2.064
6514084.0,0.00293868,0.0,2.064
6514162.0,0.0091863,0.0,2.408
6514240.0,-0.00727059,0.0,2.064
6514318.0,0.00354828,0.0,2.064
6514397.0,-0.01123247,0.0,2.064
6514475.0,-7.27e-06,0.0,2.064
6514553.0,-0.01229916,0.0,2.064
6514631.0,-0.01270541,0.0,2.064
6514709.0,-0.01219748,0.0,2.064
6514787.0,0.01111633,0.0,2.064
6514865.0,-0.0043754,0.0,2.064
6514943.0,-0.00330886,0.0,2.064
6515022.0,0.00466566,0.0,2.064
6515100.0,-0.00737227,0.0,1.72
6515178.0,0.00466566,0.0,2.064
6515256.0,0.00766237,0.0,2.064
6515334.0,0.00751001,0.0,1.72
6515412.0,-0.01204512,0.0,2.064
6515490.0,0.00771321,0.0,2.064
6515568.0,0.00578318,0.0,2.064
6515646.0,-0.00422319,0.0,1.72
6515725.0,-0.00706754,0.0,2.752
6515803.0,0.00034829,0.0,2.064
6515881.0,-0.00071832,0.0,2.408
6515959.0,-0.02342276,0.0,2.408
6516037.0,-0.01402598,0.0,2.408
6516115.0,-0.00036283,0.0,2.064
6516193.0,0.00273548,0.0,2.408
6516271.0,0.02081782,0.0,2.064
6516349.0,-0.00544209,0.0,2.064
6516428.0,0.0110148,0.0,2.064
6516506.0,-7.27e-06,0.0,2.064
6516584.0,0.00730696,0.0,2.064
6516662.0,-0.00828659,0.0,2.064
6516740.0,0.00964331,0.0,2.064
6516818.0,-0.01295945,0.0,2.064
6516896.0,-0.00534049,0.0,2.064
6516974.0,-0.00320719,0.0,2.064
6517052.0,-0.01280708,0.0,2.064
6517130.0,-0.00346115,0.0,2.064
6517209.0,0.00862754,0.0,2.752
6517287.0,0.01228454,0.0,2.064
6517365.0,-0.00346115,0.0,2.064
6517443.0,-0.01727681,0.0,2.064
6517521.0,0.00949103,0.0,1.72
6517599.0,-0.01549907,0.0,2.064
6517677.0,0.00100858,0.0,2.064
6517755.0,0.00507206,0.0,1.032
6517833.0,0.0221384,0.0,2.064
6517912.0,-0.01240068,0.0,2.064
6517990.0,-0.00208981,0.0,2.064
6518068.0,-0.0084388,0.0,1.72
6518146.0,-0.01844503,0.0,2.064
6518224.0,0.0041069,0.0,2.408
6518302.0,-0.00264857,0.0,1.376
6518380.0,-0.00782935,0.0,1.72
6518459.0,-0.000312,0.0,2.408
6518537.0,-0.00452791,0.0,1.376
6518615.0,-0.00391831,0.0,2.408
6518693.0,-0.0162102,0.0,2.408
6518771.0,0.00547831,0.0,2.064
6518849.0,0.00608791,0.0,1.72
6518927.0,-0.01021662,0.0,2.408
6519005.0,-0.00137861,0.0,2.064
6519083.0,0.01898932,0.0,2.064
6519162.0,-0.02108626,0.0,2.064
6519240.0,-0.0122484,0.0,2.064
6519318.0,0.00979575,0.0,2.064
6519396.0,0.00014517,0.0,2.064
6519474.0,0.00375141,0.0,2.064
6519552.0,-0.00569605,0.0,1.72
6519630.0,-0.00310566,0.0,2.064
6519708.0,-0.00813408,0.0,2.064
6519786.0,-0.0011248,0.0,2.064
6519865.0,0.01177661,0.0,2.064
6519943.0,0.0178718,0.0,2.064
6520021.0,-0.01057218,0.0,2.408
6520099.0,-0.01295945,0.0,1.72
6520177.0,-0.00300414,0.0,2.064
6520255.0,0.01710998,0.0,2.408
6520333.0,-0.01880059,0.0,2.064
6520411.0,-0.01356897,0.0,2.408
6520489.0,-0.00595001,0.0,2.064
6520568.0,0.02071615,0.0,2.064
6520646.0,-0.01488962,0.0,2.064
6520724.0,0.0069514,0.0,2.064
6520802.0,0.00395453,0.0,2.064
6520880.0,-0.00615322,0.0,2.064
6520958.0,-0.01951172,0.0,2.752
6521036.0,0.00669736,0.0,2.064
6521114.0,0.00608791,0.0,2.064
6521192.0,-0.00452791,0.0,2.064
6521271.0,-0.00208981,0.0,2.752
6521349.0,0.00075462,0.0,2.064
6521427.0,0.00964331,0.0,2.408
6521505.0,0.00893226,0.0,2.064
6521583.0,0.00146574,0.0,2.064
6521661.0,-0.00351199,0.0,2.408
6521739.0,0.00639263,0.0,2.064
6521818.0,-0.00716907,0.0,2.064
6521896.0,0.00669736,0.0,3.096
6521974.0,-0.0139753,0.0,2.064
6522052.0,0.0197003,0.0,2.408
6522130.0,-0.0051882,0.0,2.064
6522208.0,0.00679888,0.0,2.408
6522286.0,0.00268479,0.0,2.064
6522364.0,-0.01189276,0.0,2.064
6522442.0,0.01507821,0.0,2.064
6522521.0,-0.01473719,0.0,2.064
6522599.0,-0.00925161,0.0,2.064
6522677.0,-0.00376595,0.0,2.064
6522755.0,0.01634802,0.0,2.064
6522833.0,-0.00788012,0.0,2.064
6522911.0,0.00177047,0.0,2.752
6522989.0,-0.00711823,0.0,2.064
6523067.0,-0.00208981,0.0,2.408
6523145.0,-0.01529587,0.0,2.064
6523223.0,0.00720529,0.0,2.064
6523302.0,-0.01712438,0.0,2.064
6523380.0,0.00070385,0.0,2.064
6523458.0,-0.02641955,0.0,2.064
6523536.0,-0.00574696,0.0,2.064
6523614.0,-0.01727681,0.0,2.064
6523692.0,0.00898303,0.0,1.72
6523770.0,-0.00142952,0.0,2.064
6523848.0,-0.01585464,0.0,1.72
6523927.0,0.01131953,0.0,2.064
6524005.0,-0.00833728,0.0,2.064
6524083.0,-0.00965786,0.0,1.72
6524161.0,-0.0139753,0.0,2.064
6524239.0,-0.00341039,0.0,2.408
6524317.0,-0.01133407,0.0,2.064
6524395.0,-0.00407068,0.0,1.72
6524473.0,0.00720529,0.0,2.064
6524552.0,-0.01179123,0.0,2.064
6524630.0,-0.00361359,0.0,2.408
6524708.0,-0.00376595,0.0,2.064
6524786.0,0.00197359,0.0,2.064
6524864.0,-0.0028517,0.0,2.064
6524942.0,0.00334508,0.0,2.064
6525020.0,-0.00173425,0.0,1.72
6525098.0,0.02157964,0.0,1.72
6525176.0,-0.0068135,0.0,1.72
6525255.0,0.00055142,0.0,2.064
6525333.0,0.00557991,0.0,2.064
6525411.0,-0.00173425,0.0,1.72
6525489.0,0.01152265,0.0,2.064
6525567.0,-0.02667351,0.0,2.064
6525645.0,0.00273548,0.0,1.376
6525723.0,0.00425926,0.0,2.064
6525801.0,0.00664667,0.0,1.72
6525879.0,0.00024669,0.0,2.064
6525958.0,-0.00473096,0.0,2.408
6526036.0,-0.00798172,0.0,2.064
6526114.0,0.00806877,0.0,2.064
6526192.0,0.01015131,0.0,2.064
6526270.0,-0.03317486,0.0,2.408
6526348.0,-0.00315642,0.0,2.064
6526426.0,0.00349737,0.0,2.752
6526504.0,-0.0161086,0.0,2.064
6526582.0,-0.0068135,0.0,2.064
6526661.0,-0.02352428,0.0,2.752
6526739.0,-0.00417228,0.0,1.72
6526817.0,-0.01265472,0.0,2.408
6526895.0,0.01182745,0.0,2.064
6526973.0,-0.0133657,0.0,3.096
6527051.0,-0.00772783,0.0,2.064
6527129.0,0.01269094,0.0,2.408
6527207.0,-0.01961332,0.0,2.408
6527285.0,-0.01057218,0.0,2.064
6527364.0,-0.01311181,0.0,1.72
6527442.0,0.00212603,0.0,2.064
6527520.0,-0.01306097,0.0,2.064
6527598.0,-0.00417228,0.0,2.064
6527676.0,0.0106084,0.0,2.064
6527754.0,0.00075462,0.0,2.408
6527832.0,0.00756085,0.0,2.064
6527910.0,0.00187207,0.0,2.064
6527988.0,-0.00899757,0.0,2.064
6528067.0,0.01416388,0.0,2.064
6528145.0,0.01655122,0.0,2.064
6528223.0,0.00954171,0.0,2.064
6528301.0,-0.00396915,0.0,2.064
6528379.0,0.00573235,0.0,1.72
6528457.0,-0.03347974,0.0,2.064
6528535.0,-0.00666114,0.0,2.064
6528614.0,-0.01722605,0.0,2.064
6528692.0,0.01197982,0.0,2.064
6528770.0,0.00187207,0.0,2.064
6528848.0,0.01121785,0.0,1.376
6528926.0,-0.00940389,0.0,2.064
6529004.0,-0.00163265,0.0,2.064
6529082.0,0.01929405,0.0,2.064
6529160.0,0.01177661,0.0,2.064
6529238.0,0.01660198,0.0,2.064
6529316.0,-0.02164502,0.0,2.064
6529395.0,0.0103036,0.0,2.064
6529473.0,-0.00142952,0.0,2.064
6529551.0,-0.00401991,0.0,2.064
6529629.0,-0.00721983,0.0,2.064
6529707.0,-0.02271171,0.0,2.752
6529785.0,0.00156727,0.0,2.064
6529863.0,-0.00396915,0.0,2.064
6529941.0,-0.00310566,0.0,2.064
6530019.0,-0.00132792,0.0,2.064
6530098.0,-0.00178509,0.0,2.064
6530176.0,0.00476733,0.0,2.408
6530254.0,0.00309104,0.0,2.752
6530332.0,-0.00721983,0.0,2.064
6530410.0,-0.01575304,0.0,2.408
6530488.0,-0.00686434,0.0,2.064
6530566.0,0.00603707,0.0,2.064
6530644.0,-0.01666729,0.0,2.064
6530722.0,-0.00234385,0.0,2.064
6530801.0,-0.00432471,0.0,2.064
6530879.0,0.01700831,0.0,2.064
6530957.0,-0.01108011,0.0,2.064
6531035.0,0.00669736,0.0,2.064
6531113.0,-0.01006426,0.0,2.064
6531191.0,-0.00513736,0.0,2.064
6531269.0,0.0062402,0.0,2.064
6531348.0,-0.01204512,0.0,1.376
6531426.0,-0.00249614,0.0,2.064
6531504.0,-0.00310566,0.0,2.064
6531582.0,0.00253236,0.0,2.064
6531660.0,0.00375141,0.0,2.408
6531738.0,0.00090698,0.0,2.064
6531816.0,0.00517358,0.0,2.064
6531894.0,-0.0068135,0.0,2.408
6531972.0,-0.00127709,0.0,2.064
6532050.0,-0.01534671,0.0,1.376
6532129.0,0.00954171,0.0,2.064
6532207.0,0.01634802,0.0,3.096
6532285.0,-0.00762623,0.0,2.064
6532363.0,0.00481802,0.0,2.064
6532441.0,0.01766867,0.0,2.064
6532519.0,-0.00290246,0.0,2.408
6532597.0,0.00801794,0.0,2.064
6532675.0,-0.0027501,0.0,2.064
6532753.0,-0.02337207,0.0,1.72
6532832.0,-0.00732143,0.0,2.064
6532910.0,0.0041069,0.0,2.064
6532988.0,0.00192283,0.0,2.064
6533066.0,0.00461482,0.0,2.064
6533144.0,-0.01869906,0.0,2.064
6533222.0,0.00842434,0.0,2.064
6533300.0,0.00329424,0.0,2.064
6533378.0,-0.00833728,0.0,2.064
6533456.0,0.01177661,0.0,2.064
6533535.0,0.00989728,0.0,2.064
6533613.0,0.00156727,0.0,1.72
6533691.0,-0.00935313,0.0,1.72
6533769.0,-0.00965786,0.0,1.72
6533847.0,-0.01494031,0.0,2.064
6533925.0,-0.0121468,0.0,2.064
6534003.0,0.00862754,0.0,2.064
6534082.0,0.01457028,0.0,1.376
6534160.0,-0.00579765,0.0,2.064
6534238.0,-0.00361359,0.0,2.064
6534316.0,-0.00127709,0.0,2.064
6534394.0,-0.00198821,0.0,1.72
6534472.0,0.00761169,0.0,2.064
6534550.0,-0.02250843,0.0,2.408
6534628.0,0.01390999,0.0,2.064
6534706.0,-0.01346745,0.0,2.064
6534785.0,0.01238622,0.0,2.408
6534863.0,-0.01316265,0.0,2.064
6534941.0,-0.01575304,0.0,2.064
6535019.0,0.0090847,0.0,2.064
6535097.0,0.00100858,0.0,2.408
6535175.0,-0.00899757,0.0,2.064
6535253.0,-0.00818492,0.0,2.064
6535331.0,0.01929405,0.0,2.064
6535409.0,-0.00087076,0.0,1.72
6535488.0,-0.00640725,0.0,2.408
6535566.0,-0.00747379,0.0,2.064
6535644.0,0.00151651,0.0,1.376
6535722.0,0.0014149,0.0,2.064
6535800.0,-0.01143567,0.0,2.064
6535878.0,-0.00559445,0.0,2.064
6535956.0,-0.00356275,0.0,2.408
6536034.0,0.00527511,0.0,2.064
6536112.0,-0.00655954,0.0,2.064
6536191.0,-0.02001964,0.0,2.064
6536269.0,0.00954171,0.0,2.064
6536347.0,0.00263396,0.0,2.064
6536425.0,0.00486886,0.0,2.064
6536503.0,0.00309104,0.0,2.064
6536581.0,-0.00488348,0.0,2.064
6536659.0,-0.00503576,0.0,2.064
6536737.0,0.006545,0.0,2.064
6536815.0,-0.00325795,0.0,2.064
6536894.0,-0.00396915,0.0,2.064
6536972.0,-0.00259766,0.0,2.752
6537050.0,0.00034829,0.0,2.064
6537128.0,-0.0069151,0.0,2.064
6537206.0,-0.03464796,0.0,2.408
6537284.0,-0.00148021,0.0,2.752
6537362.0,-0.00833728,0.0,2.064
6537440.0,0.00283708,0.0,2.064
6537518.0,-0.01026746,0.0,2.064
6537597.0,-0.00214057,0.0,1.72
6537675.0,0.00349737,0.0,2.064
6537753.0,-0.0027501,0.0,2.408
6537831.0,0.0051229,0.0,2.064
6537909.0,0.00019585,0.0,2.064
6537987.0,0.00349737,0.0,2.064
6538065.0,0.00329424,0.0,2.064
6538144.0,0.01355443,0.0,2.064
6538222.0,-0.02245774,0.0,2.064
6538300.0,0.00156727,0.0,2.064
6538378.0,-0.01321341,0.0,2.064
6538456.0,-0.01717529,0.0,2.752
6538534.0,-0.00970869,0.0,2.064
6538612.0,-0.00046443,0.0,1.72
6538690.0,-0.02575918,0.0,2.064
6538768.0,-0.01301028,0.0,2.064
6538846.0,-0.00386755,0.0,1.72
6538925.0,-0.00264857,0.0,2.064
6539003.0,0.00461482,0.0,2.408
6539081.0,-0.01773398,0.0,2.064
6539159.0,0.00842434,0.0,2.408
6539237.0,-0.00351199,0.0,2.064
6539315.0,-0.00528973,0.0,1.72
6539393.0,0.00710376,0.0,2.064
6539471.0,-0.01905463,0.0,1.72
6539549.0,0.00690049,0.0,1.72
6539628.0,-0.01102934,0.0,1.72
6539706.0,-0.00036283,0.0,2.064
6539784.0,-0.00767699,0.0,2.064
6539862.0,-0.00401991,0.0,1.72
6539940.0,0.00740849,0.0,2.064
6540018.0,-0.01539747,0.0,2.064
6540096.0,-0.0203752,0.0,1.376
6540174.0,-0.00920077,0.0,2.408
6540252.0,-0.01047066,0.0,2.064
6540331.0,0.01299567,0.0,2.064
6540409.0,-0.00965786,0.0,2.064
6540487.0,-0.00346115,0.0,2.064
6540565.0,-0.00716907,0.0,2.064
6540643.0,-0.00488348,0.0,2.064
6540721.0,0.00740849,0.0,2.064
6540799.0,0.00309104,0.0,2.064
6540877.0,-0.00676267,0.0,2.064
6540955.0,-0.00767699,0.0,2.408
6541034.0,0.00339584,0.0,2.064
6541112.0,-0.01935935,0.0,2.064
6541190.0,-5.803e-05,0.0,2.408
6541268.0,-0.01067378,0.0,2.064
6541346.0,-0.00442624,0.0,1.72
6541424.0,0.00212603,0.0,1.72
6541502.0,0.00486886,0.0,2.064
6541581.0,-0.00066756,0.0,2.064
6541659.0,0.0131481,0.0,2.064
6541737.0,0.00390385,0.0,2.064
6541815.0,-0.0006168,0.0,2.064
6541893.0,-0.00341039,0.0,2.064
6541971.0,-0.00137861,0.0,2.064
6542049.0,-0.01143567,0.0,1.72
6542127.0,-0.00224217,0.0,2.064
6542205.0,-0.01361973,0.0,2.064
6542284.0,0.00248159,0.0,2.064
6542362.0,-0.0119436,0.0,2.064
6542440.0,0.01563689,0.0,1.72
6542518.0,-0.01331501,0.0,2.408
6542596.0,-0.01483879,0.0,1.72
6542674.0,-0.00544209,0.0,2.752
6542752.0,0.00085622,0.0,2.064
6542830.0,0.00151651,0.0,2.752
6542908.0,0.00207519,0.0,1.72
6542987.0,-0.0181403,0.0,1.72
6543065.0,-0.01189276,0.0,1.72
6543143.0,-0.01118163,0.0,2.752
6543221.0,0.01015131,0.0,2.408
6543299.0,0.00156727,0.0,2.064
6543377.0,-0.0043754,0.0,2.408
6543455.0,-0.00330886,0.0,3.096
6543533.0,0.00400537,0.0,1.72
6543611.0,-0.00305482,0.0,2.064
6543690.0,-0.01905463,0.0,2.064
6543768.0,-0.01488962,0.0,2.064
6543846.0,-0.00229294,0.0,1.376
6543924.0,0.00202451,0.0,2.752
6544002.0,-0.01240068,0.0,2.064
6544080.0,-0.01458475,0.0,2.064
6544158.0,-0.00727059,0.0,2.408
6544236.0,-0.01478802,0.0,1.72
6544315.0,0.01528133,0.0,2.064
6544393.0,-0.00488348,0.0,1.72
6544471.0,0.01131953,0.0,2.064
6544549.0,0.00471642,0.0,2.064
6544627.0,0.00095774,0.0,2.064
6544705.0,-0.0158038,0.0,1.72
6544783.0,0.00364981,0.0,1.72
6544861.0,-0.00727059,0.0,1.376
6544940.0,-0.01351821,0.0,1.72
6545018.0,-0.00412144,0.0,1.72
6545096.0,-0.00010887,0.0,1.72
6545174.0,-0.00259766,0.0,1.376
6545252.0,-0.00300414,0.0,2.064
6545330.0,0.0013133,0.0,1.72
6545408.0,-0.01900379,0.0,2.064
6545486.0,-0.00955633,0.0,1.72
6545564.0,0.01883689,0.0,2.064
6545643.0,-0.00300414,0.0,1.72
6545721.0,0.00867822,0.0,2.064
6545799.0,-0.00589918,0.0,2.064
6545877.0,-0.00854048,0.0,2.064
6545955.0,0.00608791,0.0,2.408
6546033.0,0.00984659,0.0,2.064
6546111.0,-0.00249614,0.0,2.064
6546189.0,-0.01143567,0.0,2.064
6546267.0,-0.00589918,0.0,2.064
6546346.0,-0.00214057,0.0,1.72
6546424.0,0.0128433,0.0,2.064
6546502.0,-0.00991189,0.0,2.064
6546580.0,0.0014149,0.0,2.064
6546658.0,-0.01102934,0.0,1.72
6546736.0,0.00065302,0.0,2.064
6546814.0,-0.00772783,0.0,2.064
6546892.0,-0.000312,0.0,1.72
6546970.0,-0.00752463,0.0,2.064
6547048.0,-0.0006168,0.0,2.064
6547127.0,-0.01539747,0.0,2.064
6547205.0,-0.00097236,0.0,2.752
6547283.0,-0.00711823,0.0,2.064
6547361.0,0.00705292,0.0,2.064
6547439.0,-0.00635642,0.0,2.064
6547517.0,-0.01808961,0.0,2.064
6547595.0,0.00334508,0.0,1.72
6547673.0,0.00329424,0.0,2.064
6547752.0,-0.00081992,0.0,2.064
6547830.0,0.00070385,0.0,1.72
6547908.0,0.01050688,0.0,2.064
6547986.0,-0.01133407,0.0,2.064
6548064.0,-0.00341039,0.0,2.408
6548142.0,-0.00473096,0.0,1.376
6548220.0,-0.01433086,0.0,2.064
6548298.0,0.00232923,0.0,2.408
6548377.0,0.00461482,0.0,2.408
6548455.0,-0.02200058,0.0,3.096
6548533.0,0.00486886,0.0,2.064
6548611.0,-0.00132792,0.0,2.064
6548689.0,0.01015131,0.0,2.064
6548767.0,-0.01204512,0.0,2.408
6548845.0,-0.0005152,0.0,2.064
6548923.0,-0.00142952,0.0,2.064
6549001.0,0.00801794,0.0,2.408
6549080.0,-0.00762623,0.0,2.064
6549158.0,-0.00818492,0.0,2.064
6549236.0,0.0044117,0.0,2.064
6549314.0,-0.00711823,0.0,2.064
6549392.0,-0.00828659,0.0,2.064
6549470.0,0.01025284,0.0,1.72
6549548.0,-0.00036283,0.0,2.408
6549626.0,0.00735765,0.0,2.064
6549704.0,-0.00249614,0.0,2.408
6549783.0,-0.00640725,0.0,2.064
6549861.0,0.01721151,0.0,2.064
6549939.0,0.00593547,0.0,2.064
6550017.0,-0.00137861,0.0,2.064
6550095.0,-0.00666114,0.0,2.064
6550173.0,0.00817037,0.0,2.064
6550251.0,-0.00930229,0.0,2.408
6550329.0,0.02452566,0.0,2.064
6550407.0,-0.00198821,0.0,2.064
6550486.0,-0.00442624,0.0,1.72
6550564.0,-0.00259766,0.0,1.376
6550642.0,0.01121785,0.0,1.376
6550720.0,-0.00935313,0.0,1.72
6550798.0,-0.00183577,0.0,1.72
6550876.0,-0.00102312,0.0,2.064
6550954.0,-0.00960717,0.0,2.408
6551033.0,-0.01036906,0.0,1.72
6551111.0,0.00207519,0.0,2.064
6551189.0,-0.01321341,0.0,1.72
6551267.0,0.00593547,0.0,2.064
6551345.0,-0.01717529,0.0,1.72
6551423.0,-0.00645794,0.0,2.408
6551501.0,-0.01250221,0.0,2.064
6551579.0,-0.00803255,0.0,2.064
6551657.0,-0.00148021,0.0,2.064
6551736.0,0.00537671,0.0,2.408
6551814.0,0.00217679,0.0,1.72
6551892.0,0.01345283,0.0,1.376
6551970.0,-0.00747379,0.0,2.064
6552048.0,-0.00711823,0.0,2.064
6552126.0,0.01213218,0.0,2.408
6552204.0,0.00202451,0.0,2.064
6552282.0,0.01827812,0.0,2.064
6552360.0,0.00364981,0.0,2.064
6552438.0,-0.00803255,0.0,2.064
6552517.0,-0.00970869,0.0,2.064
6552595.0,0.00923699,0.0,2.064
6552673.0,-0.01062294,0.0,2.408
6552751.0,-0.0045786,0.0,1.72
6552829.0,-0.02448937,0.0,2.064
6552907.0,-0.02078153,0.0,2.408
6552985.0,0.00832266,0.0,2.064
6553063.0,-0.00117548,0.0,2.064
6553141.0,-0.00107388,0.0,2.064
6553220.0,-0.00772783,0.0,2.064
6553298.0,0.00187207,0.0,2.064
6553376.0,0.00913546,0.0,2.064
6553454.0,-0.0028517,0.0,2.752
6553532.0,-0.00970869,0.0,2.064
6553610.0,0.00085622,0.0,2.064
6553688.0,-0.00239454,0.0,2.064
6553766.0,-0.01575304,0.0,2.408
6553845.0,0.00507206,0.0,1.376
6553923.0,-0.03566388,0.0,2.408
6554001.0,-0.00158189,0.0,2.064
6554079.0,0.01599246,0.0,2.752
6554157.0,-0.00803255,0.0,2.064
6554235.0,-0.016007,0.0,2.408
6554313.0,9.425e-05,0.0,2.064
6554391.0,-0.00401991,0.0,2.752
6554470.0,-0.01341653,0.0,2.064
6554548.0,-0.01001342,0.0,2.064
6554626.0,-0.00640725,0.0,1.72
6554704.0,0.00349737,0.0,2.752
6554782.0,0.00720529,0.0,2.064
6554860.0,0.00497038,0.0,2.064
6554938.0,0.01086229,0.0,2.064
6555016.0,0.02020822,0.0,1.376
6555094.0,0.00329424,0.0,2.064
6555173.0,-0.0117404,0.0,2.064
6555251.0,-0.00208981,0.0,2.064
6555329.0,-0.01422926,0.0,2.064
6555407.0,-0.00102312,0.0,2.408
6555485.0,-0.01361973,0.0,2.064
6555563.0,-0.00315642,0.0,2.064
6555641.0,0.0091863,0.0,2.064
6555719.0,0.00182131,0.0,2.064
6555797.0,-0.00940389,0.0,2.064
6555875.0,-0.01331501,0.0,2.064
6555954.0,0.01355443,0.0,2.064
6556032.0,-0.00569605,0.0,2.064
6556110.0,-0.00574696,0.0,1.72
6556188.0,0.00659576,0.0,2.064
6556266.0,-0.00676267,0.0,2.064
6556344.0,-0.00386755,0.0,1.376
6556422.0,0.01248782,0.0,1.72
6556500.0,0.00309104,0.0,2.064
6556579.0,-0.00280086,0.0,1.032
6556657.0,0.00456413,0.0,2.752
6556735.0,0.00847518,0.0,1.376
6556813.0,-0.00523889,0.0,2.064
6556891.0,-0.00904841,0.0,2.064
6556969.0,0.01111633,0.0,2.064
6557047.0,-0.00528973,0.0,2.064
6557125.0,-0.0005152,0.0,2.064
6557204.0,-0.01204512,0.0,2.064
6557282.0,0.01350359,0.0,2.064
6557360.0,-0.0005152,0.0,2.064
6557438.0,-0.00904841,0.0,2.064
6557516.0,0.00263396,0.0,2.064
6557594.0,0.0221384,0.0,1.376
6557672.0,0.00725612,0.0,2.064
6557750.0,-0.00036283,0.0,2.064
6557828.0,-0.00229294,0.0,2.064
6557907.0,0.00034829,0.0,2.408
6557985.0,0.00146574,0.0,2.064
6558063.0,0.00542762,0.0,2.064
6558141.0,0.00039898,0.0,1.72
6558219.0,-0.00259766,0.0,2.064
6558297.0,-0.02291483,0.0,2.064
6558375.0,-0.0069151,0.0,2.064
6558453.0,-0.02301651,0.0,1.72
6558531.0,0.01919237,0.0,2.064
6558610.0,0.01116716,0.0,1.72
6558688.0,-0.00879437,0.0,2.064
6558766.0,-0.00528973,0.0,2.064
6558844.0,-0.00188661,0.0,2.064
6558922.0,0.00359897,0.0,2.064
6559000.0,-0.00269926,0.0,2.064
6559078.0,0.02147811,0.0,2.064
6559156.0,-0.00838812,0.0,1.72
6559234.0,-0.02606398,0.0,2.064
6559313.0,0.00497038,0.0,2.064
6559391.0,-0.02261003,0.0,2.064
6559469.0,0.00542762,0.0,1.376
6559547.0,-0.01102934,0.0,2.064
6559625.0,0.00192283,0.0,2.408
6559703.0,-0.03439392,0.0,2.064
6559781.0,-0.00325795,0.0,2.408
6559859.0,0.00248159,0.0,1.72
6559937.0,0.00070385,0.0,2.064
6560016.0,-0.00056603,0.0,2.064
6560094.0,-0.01016586,0.0,2.064
6560172.0,-0.00671198,0.0,2.408
6560250.0,0.00177047,0.0,2.064
6560328.0,0.03290644,0.0,2.752
6560406.0,-0.02443861,0.0,2.064
6560484.0,0.00258319,0.0,2.064
6560562.0,0.00537671,0.0,2.408
6560641.0,-0.00554376,0.0,2.064
6560719.0,-0.00056603,0.0,2.752
6560797.0,-5.803e-05,0.0,2.064
6560875.0,0.0063418,0.0,2.064
6560953.0,-0.02321956,0.0,2.752
6561031.0,-0.01062294,0.0,2.408
6561109.0,-0.01590532,0.0,2.408
6561187.0,0.00735765,0.0,2.064
6561266.0,0.00258319,0.0,2.064
6561344.0,-0.00564529,0.0,2.064
6561422.0,0.00618943,0.0,2.064
6561500.0,-0.00589918,0.0,2.752
6561578.0,-0.00945481,0.0,2.064
6561656.0,-0.0011248,0.0,2.408
6561734.0,0.00557991,0.0,2.064
6561812.0,-0.00412144,0.0,2.064
6561890.0,0.00050073,0.0,2.064
6561969.0,-0.00214057,0.0,2.408
6562047.0,-0.01367057,0.0,2.064
6562125.0,0.00293868,0.0,2.064
6562203.0,-0.00523889,0.0,2.064
6562281.0,-0.01092775,0.0,2.064
6562359.0,0.01390999,0.0,2.064
6562437.0,-0.00478173,0.0,1.72
6562515.0,-0.01697209,0.0,2.064
6562593.0,0.00552915,0.0,1.376
6562672.0,0.00593547,0.0,2.064
6562750.0,-0.01778474,0.0,1.72
6562828.0,-0.01285785,0.0,2.064
6562906.0,0.00268479,0.0,1.376
6562984.0,0.00491962,0.0,2.064
6563062.0,0.00491962,0.0,2.408
6563140.0,0.01330039,0.0,2.064
6563218.0,-0.00655954,0.0,2.064
6563296.0,-0.02479417,0.0,2.064
6563374.0,0.00527511,0.0,2.064
6563453.0,-0.00168349,0.0,2.408
6563531.0,0.0131481,0.0,2.064
6563609.0,-0.00290246,0.0,2.064
6563687.0,0.00903379,0.0,2.064
6563765.0,-0.00127709,0.0,2.064
6563843.0,-0.00574696,0.0,1.72
6563921.0,-0.00930229,0.0,2.064
6564000.0,-0.00605169,0.0,2.064
6564078.0,0.00756085,0.0,2.064
6564156.0,0.00065302,0.0,2.064
6564234.0,-0.01077538,0.0,2.064
6564312.0,-0.00066756,0.0,2.064
6564390.0,0.0174654,0.0,2.064
6564468.0,-0.00148021,0.0,2.064
6564546.0,0.00136414,0.0,2.064
6564624.0,0.00202451,0.0,2.064
6564703.0,-0.00696594,0.0,2.408
6564781.0,-0.01646409,0.0,2.064
6564859.0,0.03143342,0.0,2.408
6564937.0,0.00187207,0.0,2.064
6565015.0,-0.00280086,0.0,2.064
6565093.0,-0.0005152,0.0,1.376
6565171.0,0.0045133,0.0,2.064
6565249.0,-0.00412144,0.0,2.064
6565327.0,-0.01306097,0.0,2.064
6565406.0,0.00537671,0.0,2.408
6565484.0,0.00476733,0.0,2.064
6565562.0,-0.00330886,0.0,2.064
6565640.0,-0.00462944,0.0,2.064
6565718.0,0.01035451,0.0,2.064
6565796.0,0.00085622,0.0,2.064
6565874.0,-0.00325795,0.0,2.064
6565952.0,-0.00559445,0.0,2.408
6566031.0,0.00425926,0.0,2.064
6566109.0,-0.0069151,0.0,2.064
6566187.0,-0.00153105,0.0,2.408
6566265.0,0.00080545,0.0,2.064
6566343.0,-0.00788012,0.0,1.72
6566421.0,-0.01158803,0.0,2.752
6566499.0,-0.00168349,0.0,2.064
6566577.0,-0.03043219,0.0,2.064
6566656.0,-0.00158189,0.0,2.408
6566734.0,-0.00554376,0.0,3.096
6566812.0,0.00532595,0.0,2.064
6566890.0,-0.0141785,0.0,2.408
6566968.0,-0.00473096,0.0,2.064
6567046.0,-0.00391831,0.0,2.064
6567124.0,-0.01133407,0.0,2.064
6567202.0,0.00359897,0.0,2.408
6567280.0,0.01390999,0.0,2.064
6567359.0,-0.00508653,0.0,2.064
6567437.0,0.01055756,0.0,2.408
6567515.0,-0.00442624,0.0,1.72
6567593.0,-0.01341653,0.0,2.064
6567671.0,-0.00290246,0.0,2.064
6567749.0,-0.0009216,0.0,1.72
6567827.0,0.00578318,0.0,2.064
6567905.0,-0.00544209,0.0,2.408
6567983.0,0.00893226,0.0,2.408
6568061.0,0.0044117,0.0,2.064
6568140.0,-0.01788634,0.0,2.064
6568218.0,0.01233538,0.0,2.408
6568296.0,0.01213218,0.0,2.064
6568374.0,0.00497038,0.0,2.408
6568452.0,-0.00269926,0.0,2.064
6568530.0,-0.01189276,0.0,2.064
6568608.0,-0.00153105,0.0,1.72
6568686.0,-0.0027501,0.0,2.064
6568764.0,0.00166887,0.0,2.064
6568843.0,0.0087799,0.0,2.064
6568921.0,0.00060225,0.0,1.72
6568999.0,0.00872906,0.0,1.72
6569077.0,0.00684972,0.0,2.064
6569155.0,0.00710376,0.0,2.408
6569233.0,-0.00782935,0.0,1.376
6569311.0,0.01543377,0.0,2.064
6569389.0,-0.00945481,0.0,1.72
6569468.0,0.00776405,0.0,1.72
6569546.0,0.01385915,0.0,2.064
6569624.0,-0.01001342,0.0,2.064
6569702.0,-0.00620405,0.0,2.064
6569780.0,0.00446253,0.0,2.064
6569858.0,-0.00219134,0.0,2.064
6569936.0,0.00903379,0.0,2.064
6570014.0,-0.01575304,0.0,2.064
6570092.0,-0.00762623,0.0,1.376
6570171.0,0.01487501,0.0,2.064
6570249.0,0.00202451,0.0,2.064
6570327.0,-0.00508653,0.0,2.064
6570405.0,0.00735765,0.0,2.408
6570483.0,-0.00975953,0.0,2.064
6570561.0,-0.00528973,0.0,2.064
6570639.0,0.01650038,0.0,2.064
6570717.0,0.01360512,0.0,2.064
6570795.0,-0.0051882,0.0,2.064
6570874.0,-0.00615322,0.0,2.064
6570952.0,-0.00280086,0.0,2.752
6571030.0,0.01035451,0.0,2.064
6571108.0,0.00080545,0.0,2.064
6571186.0,0.01086229,0.0,2.064
6571264.0,0.00344661,0.0,2.064
6571342.0,-0.01326417,0.0,1.72
6571420.0,-0.01590532,0.0,2.064
6571498.0,-0.00833728,0.0,2.064
6571577.0,-0.01565151,0.0,2.064
6571655.0,0.00928783,0.0,2.064
6571733.0,-0.01260388,0.0,2.064
6571811.0,-0.00473096,0.0,2.064
6571889.0,-0.00742295,0.0,1.72
6571967.0,-0.0006168,0.0,2.064
6572045.0,0.01040528,0.0,2.064
6572124.0,-0.00808332,0.0,2.064
6572202.0,0.00253236,0.0,2.408
6572280.0,-0.00315642,0.0,2.064
6572358.0,-0.004985,0.0,2.064
6572436.0,-0.00422319,0.0,2.064
6572514.0,-0.02794325,0.0,2.064
6572592.0,0.01040528,0.0,2.064
6572670.0,0.00105934,0.0,2.064
6572748.0,-0.01976568,0.0,2.064
6572827.0,-0.03947325,0.0,1.72
6572905.0,0.00522442,0.0,2.408
6572983.0,-0.00539133,0.0,2.064
6573061.0,0.00034829,0.0,2.064
6573139.0,-0.00295322,0.0,1.72
6573217.0,0.01025284,0.0,2.064
6573295.0,-0.00671198,0.0,1.72
6573373.0,0.00481802,0.0,2.064
6573451.0,0.01462097,0.0,2.752
6573530.0,-0.00366443,0.0,2.064
6573608.0,-5.803e-05,0.0,2.408
6573686.0,0.00720529,0.0,2.064
6573764.0,-0.00315642,0.0,2.064
6573842.0,0.00923699,0.0,2.064
6573920.0,0.01269094,0.0,2.064
6573998.0,-0.00996258,0.0,2.064
6574076.0,0.00847518,0.0,2.064
6574154.0,-7.27e-06,0.0,1.72
6574233.0,-0.0009216,0.0,2.064
6574311.0,-0.0025469,0.0,1.72
6574389.0,-0.01763238,0.0,1.72
6574467.0,0.01964961,0.0,1.72
6574545.0,-0.00970869,0.0,2.064
6574623.0,-0.00102312,0.0,1.72
6574701.0,-0.01331501,0.0,2.064
6574779.0,-0.02560682,0.0,1.72
6574858.0,-5.803e-05,0.0,1.72
6574936.0,-0.01062294,0.0,1.376
6575014.0,-0.01062294,0.0,1.72
6575092.0,-0.00630558,0.0,1.72
6575170.0,-0.00219134,0.0,2.064
6575248.0,0.00618943,0.0,2.064
6575326.0,-0.00945481,0.0,2.064
6575404.0,-0.0009216,0.0,2.064
6575482.0,-0.00280086,0.0,2.064
6575561.0,0.00720529,0.0,2.064
6575639.0,-0.016007,0.0,1.72
6575717.0,-0.02616558,0.0,2.064
6575795.0,0.00283708,0.0,2.064
6575873.0,-0.00381671,0.0,2.064
6575951.0,0.03966198,0.0,2.064
6576029.0,0.00751001,0.0,2.408
6576107.0,0.00888142,0.0,1.72
6576185.0,-0.00716907,0.0,2.064
6576264.0,-0.00244537,0.0,2.064
6576342.0,0.00476733,0.0,2.064
6576420.0,0.00288792,0.0,2.064
6576498.0,-0.01260388,0.0,2.408
6576576.0,-0.01849587,0.0,2.752
6576654.0,0.00527511,0.0,2.064
6576732.0,0.00390385,0.0,2.408
6576810.0,0.00700209,0.0,1.72
6576888.0,0.00029745,0.0,1.72
6576966.0,-0.01260388,0.0,2.064
6577045.0,-0.00793103,0.0,2.064
6577123.0,-0.01245152,0.0,2.408
6577201.0,-0.01935935,0.0,2.408
6577279.0,0.00568143,0.0,1.376
6577357.0,-0.01082622,0.0,2.064
6577435.0,-0.00142952,0.0,1.72
6577513.0,0.01065924,0.0,2.064
6577591.0,-0.00772783,0.0,2.064
6577670.0,0.01431624,0.0,2.752
6577748.0,0.00324356,0.0,2.064
6577826.0,0.00822114,0.0,2.064
6577904.0,-0.0070167,0.0,2.064
6577982.0,-0.00305482,0.0,2.408
6578060.0,0.01416388,0.0,2.064
6578138.0,0.00776405,0.0,2.408
6578216.0,-0.0203752,0.0,2.064
6578295.0,-0.00107388,0.0,2.064
6578373.0,0.00177047,0.0,2.064
6578451.0,-0.02103549,0.0,2.064
6578529.0,0.00187207,0.0,1.72
6578607.0,-0.00579765,0.0,2.064
6578685.0,-0.0011248,0.0,2.064
6578763.0,0.00486886,0.0,2.064
6578841.0,-0.01077538,0.0,2.064
6578919.0,-0.00239454,0.0,2.064
6578998.0,-0.00721983,0.0,2.408
6579076.0,-0.02824805,0.0,2.064
6579154.0,-0.00290246,0.0,2.064
6579232.0,0.01883689,0.0,2.064
6579310.0,0.01299567,0.0,2.064
6579388.0,0.0087799,0.0,2.064
6579466.0,-0.02123869,0.0,2.064
6579544.0,0.01152265,0.0,2.064
6579622.0,-0.00579765,0.0,2.064
6579701.0,-0.00183577,0.0,2.064
6579779.0,0.00730696,0.0,2.064
6579857.0,0.00842434,0.0,1.72
6579935.0,-0.00153105,0.0,2.064
6580013.0,-0.00686434,0.0,2.064
6580091.0,-0.00762623,0.0,2.064
6580169.0,-0.01062294,0.0,2.064
6580247.0,0.00811954,0.0,2.408
6580326.0,0.01157349,0.0,1.72
6580404.0,0.00588471,0.0,2.064
6580482.0,0.0061386,0.0,1.72
6580560.0,-0.00742295,0.0,2.064
6580638.0,-0.01829266,0.0,1.376
6580716.0,0.02777642,0.0,2.064
6580794.0,-0.01737841,0.0,2.408
6580872.0,0.00090698,0.0,2.064
6580950.0,0.02223993,0.0,2.064
6581029.0,-0.008642,0.0,2.064
6581107.0,0.00395453,0.0,2.064
6581185.0,-0.01011509,0.0,1.376
6581263.0,0.00776405,0.0,2.064
6581341.0,0.00618943,0.0,1.72
6581419.0,-0.00554376,0.0,2.064
6581497.0,-0.01316265,0.0,2.064
6581575.0,0.00065302,0.0,2.408
6581653.0,0.01446868,0.0,2.064
6581732.0,0.00405613,0.0,1.72
6581810.0,-0.00335955,0.0,2.064
6581888.0,-0.01097858,0.0,2.064
6581966.0,0.00177047,0.0,2.064
6582044.0,0.00999888,0.0,2.752
6582122.0,0.00161803,0.0,2.064
6582200.0,0.02147811,0.0,2.064
6582278.0,0.00324356,0.0,2.064
6582356.0,-0.00635642,0.0,2.064
6582435.0,-0.00346115,0.0,1.376
6582513.0,-0.00798172,0.0,2.064
6582591.0,0.01116716,0.0,2.064
6582669.0,-0.01763238,0.0,1.72
6582747.0,-0.00503576,0.0,2.408
6582825.0,-0.02316879,0.0,2.064
6582903.0,-0.00295322,0.0,1.72
6582981.0,-0.0006168,0.0,2.064
6583060.0,-0.01783558,0.0,2.064
6583138.0,0.00745925,0.0,2.064
6583216.0,-0.01219748,0.0,2.064
6583294.0,-0.0277402,0.0,2.408
6583372.0,0.00136414,0.0,2.408
6583450.0,-0.02418465,0.0,2.064
6583528.0,-0.00666114,0.0,2.752
6583606.0,0.00212603,0.0,2.064
6583685.0,0.00735765,0.0,1.376
6583763.0,-0.01692125,0.0,2.064
6583841.0,0.01670351,0.0,2.408
6583919.0,-0.00813408,0.0,2.064
6583997.0,-0.00584849,0.0,2.408
6584075.0,-0.004985,0.0,2.064
6584153.0,-0.00762623,0.0,2.064
6584231.0,0.01218302,0.0,2.064
6584309.0,0.00842434,0.0,2.064
6584388.0,0.00095774,0.0,2.408
6584466.0,-0.00798172,0.0,1.376
6584544.0,0.00923699,0.0,2.752
6584622.0,0.00029745,0.0,2.408
6584700.0,-0.03190513,0.0,2.064
6584778.0,-0.01915615,0.0,1.72
6584856.0,-0.00122632,0.0,1.72
6584934.0,0.01548446,0.0,1.376
6585012.0,-0.00503576,0.0,2.408
6585091.0,0.00283708,0.0,1.72
6585169.0,0.00050073,0.0,2.408
6585247.0,-0.00127709,0.0,2.408
6585325.0,-0.00564529,0.0,1.72
6585403.0,-0.00076916,0.0,1.72
6585481.0,0.00938943,0.0,2.064
6585559.0,0.00105934,0.0,1.032
6585637.0,0.01071008,0.0,1.72
6585716.0,0.00212603,0.0,1.72
6585794.0,-0.01108011,0.0,2.064
6585872.0,-0.00462944,0.0,1.72
6585950.0,0.01822728,0.0,2.064
6586028.0,-0.0043754,0.0,1.72
6586106.0,-0.01184192,0.0,2.064
6586184.0,9.425e-05,0.0,1.72
6586262.0,-0.00757539,0.0,2.064
6586340.0,0.01147189,0.0,2.064
6586419.0,-0.00148021,0.0,2.064
6586497.0,-0.00737227,0.0,2.064
6586575.0,-0.0119436,0.0,2.064
6586653.0,-0.01077538,0.0,2.064
6586731.0,0.00136414,0.0,2.064
6586809.0,-0.01067378,0.0,2.064
6586887.0,0.01035451,0.0,1.72
6586965.0,0.01396068,0.0,2.064
6587043.0,-0.02520057,0.0,2.408
6587122.0,-0.01819114,0.0,2.064
6587200.0,0.00111018,0.0,2.064
6587278.0,-0.00960717,0.0,2.064
6587356.0,0.00563067,0.0,2.064
6587434.0,-0.00142952,0.0,1.72
6587512.0,-0.00676267,0.0,2.064
6587590.0,-0.00168349,0.0,2.408
6587668.0,0.00248159,0.0,2.064
6587746.0,-0.00234385,0.0,2.064
6587825.0,-0.01306097,0.0,2.064
6587903.0,0.01010048,0.0,2.064
6587981.0,0.00745925,0.0,2.064
6588059.0,-0.00224217,0.0,2.064
6588137.0,0.00329424,0.0,2.064
6588215.0,0.01751623,0.0,2.064
6588293.0,0.00598623,0.0,2.408
6588371.0,-0.0069151,0.0,2.064
6588449.0,-0.00666114,0.0,2.064
6588528.0,-0.00097236,0.0,2.064
6588606.0,-0.00935313,0.0,2.064
6588684.0,0.00314188,0.0,1.72
6588762.0,-0.004477,0.0,2.752
6588840.0,-0.00767699,0.0,2.408
6588918.0,0.00776405,0.0,2.064
6588996.0,-0.01067378,0.0,2.064
6589074.0,-0.00645794,0.0,2.408
6589152.0,-0.00579765,0.0,2.064
6589231.0,-0.0045786,0.0,2.408
6589309.0,0.00248159,0.0,2.064
6589387.0,-0.00544209,0.0,2.408
6589465.0,0.00944019,0.0,2.064
6589543.0,-0.0004136,0.0,2.064
6589621.0,0.01340199,0.0,2.064
6589699.0,-0.0119436,0.0,2.752
6589778.0,-0.01910539,0.0,2.064
6589856.0,0.0085767,0.0,2.064
6589934.0,0.00898303,0.0,1.72
6590012.0,-0.02342276,0.0,2.064
6590090.0,0.0014149,0.0,2.408
6590168.0,0.01223378,0.0,2.064
6590246.0,-0.00412144,0.0,1.72
6590324.0,0.0069514,0.0,2.064
6590402.0,-0.0069151,0.0,2.064
6590480.0,-0.02118785,0.0,2.064
6590559.0,-0.01920692,0.0,2.064
6590637.0,0.00527511,0.0,2.064
6590715.0,-0.00163265,0.0,2.064
6590793.0,-0.00473096,0.0,2.064
6590871.0,0.01380839,0.0,2.064
6590949.0,-0.01031814,0.0,1.72
6591027.0,-0.00117548,0.0,2.064
6591105.0,-0.01326417,0.0,1.376
6591183.0,-0.0181403,0.0,2.064
6591262.0,-0.0066103,0.0,1.72
6591340.0,-0.01138483,0.0,2.064
6591418.0,0.00090698,0.0,1.376
6591496.0,-0.00219134,0.0,2.408
6591574.0,-0.00325795,0.0,1.376
6591652.0,0.00984659,0.0,2.064
6591730.0,-0.01702285,0.0,1.72
6591808.0,-0.00107388,0.0,2.064
6591886.0,-0.01692125,0.0,2.064
6591965.0,0.00100858,0.0,1.72
6592043.0,0.00375141,0.0,2.064
6592121.0,0.00024669,0.0,2.064
6592199.0,-0.00376595,0.0,2.064
6592277.0,-0.0084388,0.0,2.064
6592355.0,0.01274163,0.0,2.064
6592433.0,-0.00747379,0.0,1.72
6592511.0,-0.01453406,0.0,1.72
6592590.0,0.00883074,0.0,2.064
6592668.0,0.01406236,0.0,2.064
6592746.0,0.00842434,0.0,2.064
6592824.0,0.01055756,0.0,2.408
6592902.0,0.00044989,0.0,1.72
6592980.0,0.00801794,0.0,2.064
6593058.0,0.01111633,0.0,2.064
6593136.0,0.00263396,0.0,2.064
6593215.0,0.00105934,0.0,2.752
6593293.0,0.00380217,0.0,2.408
6593371.0,0.00481802,0.0,2.408
6593449.0,0.00375141,0.0,2.064
6593527.0,-0.00132792,0.0,1.72
6593605.0,0.0126401,0.0,2.064
6593683.0,-0.00803255,0.0,1.72
6593761.0,-0.02926398,0.0,2.064
6593839.0,0.02234153,0.0,2.064
6593918.0,0.00319264,0.0,2.752
6593996.0,0.0090847,0.0,2.064
6594074.0,-0.01346745,0.0,2.064
6594152.0,-0.00361359,0.0,2.064
6594230.0,0.00552915,0.0,2.064
6594308.0,-0.0133657,0.0,2.752
6594386.0,-0.00508653,0.0,2.064
6594464.0,-0.03134644,0.0,2.408
6594542.0,0.01142105,0.0,2.408
6594621.0,-0.01544831,0.0,2.064
6594699.0,0.01065924,0.0,2.064
6594777.0,-0.00523889,0.0,2.408
6594855.0,0.00608791,0.0,2.064
6594933.0,-0.00711823,0.0,1.376
6595011.0,0.01203065,0.0,2.064
6595089.0,0.00705292,0.0,2.752
6595167.0,-0.01707369,0.0,2.064
6595246.0,-0.01783558,0.0,2.064
6595324.0,0.00913546,0.0,2.064
6595402.0,-0.00970869,0.0,2.064
6595480.0,0.00547831,0.0,1.72
6595558.0,-0.00767699,0.0,2.064
6595636.0,-0.00630558,0.0,2.064
6595714.0,0.00405613,0.0,2.064
6595792.0,0.01071008,0.0,2.408
6595871.0,0.00334508,0.0,2.064
6595949.0,0.02244313,0.0,2.064
6596027.0,0.0126401,0.0,1.72
6596105.0,-0.00711823,0.0,2.064
6596183.0,-0.01184192,0.0,2.064
6596261.0,-0.01428002,0.0,2.064
6596339.0,-0.00244537,0.0,2.408
6596417.0,-0.00625474,0.0,2.064
6596495.0,-0.01097858,0.0,2.064
6596574.0,-0.01412774,0.0,2.064
6596652.0,-0.01519435,0.0,1.72
6596730.0,0.00466566,0.0,1.72
6596808.0,-0.01539747,0.0,1.72
6596886.0,0.00502115,0.0,2.408
6596964.0,0.01116716,0.0,1.376
6597042.0,-0.01047066,0.0,2.408
6597120.0,0.0091863,0.0,1.72
6597198.0,-0.00676267,0.0,2.064
6597277.0,0.00690049,0.0,1.032
6597355.0,0.00065302,0.0,2.064
6597433.0,-0.01346745,0.0,2.064
6597511.0,-0.01143567,0.0,2.064
6597589.0,-0.01331501,0.0,2.064
6597667.0,-0.01763238,0.0,2.064
6597745.0,-0.00782935,0.0,2.064
6597823.0,0.00563067,0.0,2.064
6597901.0,0.00608791,0.0,2.064
6597979.0,-0.02123869,0.0,1.72
6598058.0,0.00309104,0.0,2.064
6598136.0,0.00288792,0.0,2.064
6598214.0,-0.00854048,0.0,2.064
6598292.0,-0.00915001,0.0,2.408
6598370.0,-0.01158803,0.0,2.064
6598448.0,0.02025906,0.0,2.064
6598526.0,-0.0009216,0.0,1.72
6598604.0,-0.00026131,0.0,2.064
6598682.0,-0.00366443,0.0,2.064
6598761.0,-0.00528973,0.0,2.064
6598839.0,0.00776405,0.0,2.752
6598917.0,0.01853208,0.0,2.064
6598995.0,0.01380839,0.0,2.064
6599073.0,-0.00559445,0.0,1.72
6599151.0,-0.00066756,0.0,2.064
6599229.0,-0.01346745,0.0,1.72
6599307.0,-0.0006168,0.0,2.064
6599386.0,-0.01687056,0.0,3.096
6599464.0,-0.00117548,0.0,2.064
6599542.0,-0.00716907,0.0,2.064
6599620.0,-0.008642,0.0,2.064
6599698.0,-0.01676896,0.0,2.752
6599776.0,-0.00351199,0.0,1.72
6599854.0,-0.02443861,0.0,2.752
6599932.0,0.00339584,0.0,1.72
6600011.0,0.00436086,0.0,2.408
6600089.0,0.0124369,0.0,2.408
6600167.0,-0.01082622,0.0,2.752
6600245.0,0.00578318,0.0,2.064
6600323.0,-0.01229916,0.0,2.408
6600401.0,0.00690049,0.0,2.408
6600479.0,0.00187207,0.0,1.72
6600557.0,-0.01326417,0.0,2.064
6600635.0,0.00649416,0.0,2.752
6600714.0,-0.00899757,0.0,2.064
6600792.0,0.00801794,0.0,2.064
6600870.0,0.00024669,0.0,2.064
6600948.0,0.00502115,0.0,2.064
6601026.0,-0.01539747,0.0,1.376
6601104.0,-0.01077538,0.0,2.064
6601182.0,0.00344661,0.0,2.064
6601260.0,0.01172593,0.0,2.408
6601338.0,-0.01199443,0.0,2.064
6601417.0,-0.00813408,0.0,2.064
6601495.0,0.0043101,0.0,2.064
6601573.0,-0.00920077,0.0,2.064
6601651.0,0.00466566,0.0,2.064
6601729.0,-0.02499737,0.0,2.064
6601807.0,-0.0043754,0.0,2.064
6601885.0,-0.00224217,0.0,2.408
6601963.0,-0.01341653,0.0,2.408
6602041.0,-0.01966408,0.0,2.064
6602120.0,-0.00381671,0.0,2.064
6602198.0,0.02188436,0.0,1.72
6602276.0,0.00044989,0.0,1.376
6602354.0,-0.02139105,0.0,2.064
6602432.0,0.00629103,0.0,2.064
6602510.0,0.00608791,0.0,1.376
6602588.0,0.01004971,0.0,2.408
6602666.0,0.00095774,0.0,1.032
6602744.0,-0.00214057,0.0,2.064
6602823.0,0.0200051,0.0,1.72
6602901.0,-0.00178509,0.0,2.064
6602979.0,-0.01108011,0.0,2.064
6603057.0,0.00928783,0.0,2.064
6603135.0,0.00227832,0.0,2.752
6603213.0,0.00232923,0.0,2.064
6603291.0,0.00471642,0.0,2.064
6603370.0,0.00476733,0.0,1.72
6603448.0,-0.00097236,0.0,2.064
6603526.0,0.00060225,0.0,1.72
6603604.0,0.00095774,0.0,2.064
6603682.0,-0.01082622,0.0,2.064
6603760.0,-7.27e-06,0.0,2.064
6603838.0,0.0200051,0.0,2.064
6603916.0,-0.00544209,0.0,2.064
6603994.0,-0.01148651,0.0,2.064
6604073.0,0.00679888,0.0,1.376
6604151.0,-0.00513736,0.0,2.064
6604229.0,-0.00239454,0.0,2.064
6604307.0,-0.00280086,0.0,2.064
6604385.0,0.00187207,0.0,2.064
6604463.0,0.00055142,0.0,2.064
6604541.0,-0.02159426,0.0,2.064
6604619.0,-0.00630558,0.0,2.064
6604697.0,0.0173638,0.0,2.064
6604776.0,0.00690049,0.0,2.064
6604854.0,-0.01321341,0.0,2.064
6604932.0,0.00456413,0.0,2.064
6605010.0,0.0124369,0.0,2.064
6605088.0,-0.00264857,0.0,2.064
6605166.0,0.00710376,0.0,2.064
6605244.0,-0.0156006,0.0,2.408
6605322.0,-0.0140769,0.0,1.72
6605400.0,-0.00021047,0.0,2.064
6605479.0,-0.00879437,0.0,2.064
6605557.0,0.0131481,0.0,2.408
6605635.0,0.00116102,0.0,2.064
6605713.0,-0.00452791,0.0,2.752
6605791.0,0.0108116,0.0,2.064
6605869.0,-0.00315642,0.0,2.064
6605947.0,-0.01219748,0.0,2.064
6606025.0,0.00156727,0.0,1.72
6606103.0,0.00522442,0.0,2.064
6606182.0,-0.00747379,0.0,2.752
6606260.0,0.01944634,0.0,2.064
6606338.0,-0.01067378,0.0,2.064
6606416.0,0.00349737,0.0,2.064
6606494.0,-0.01316265,0.0,2.064
6606572.0,-0.01240068,0.0,2.064
6606650.0,0.00278632,0.0,2.064
6606728.0,0.01045604,0.0,2.064
6606807.0,-0.00214057,0.0,1.72
6606885.0,-0.02662267,0.0,2.408
6606963.0,-0.00711823,0.0,2.064
6607041.0,-0.01118163,0.0,2.064
6607119.0,-0.00666114,0.0,2.064
6607197.0,0.00811954,0.0,2.408
6607275.0,-0.01737841,0.0,2.064
6607353.0,-0.00315642,0.0,2.064
6607432.0,0.00664667,0.0,1.72
6607510.0,0.00182131,0.0,2.064
6607588.0,-0.00879437,0.0,1.72
6607666.0,-0.01488962,0.0,2.064
6607744.0,-0.01656569,0.0,2.064
6607822.0,-0.01387377,0.0,1.72
6607900.0,0.00161803,0.0,2.064
6607978.0,-0.00818492,0.0,1.72
6608056.0,0.02345898,0.0,2.064
6608134.0,-0.01626096,0.0,2.408
6608213.0,0.0090847,0.0,2.064
6608291.0,-0.00655954,0.0,2.064
6608369.0,-0.02382908,0.0,2.064
6608447.0,0.018075,0.0,2.064
6608525.0,-0.00391831,0.0,2.064
6608603.0,0.00608791,0.0,2.064
6608681.0,-0.01275625,0.0,2.752
6608759.0,-0.00066756,0.0,2.064
6608837.0,-0.01651493,0.0,2.064
6608916.0,0.00542762,0.0,2.064
6608994.0,0.00298952,0.0,2.064
6609072.0,-0.01468642,0.0,2.064
6609150.0,-0.00645794,0.0,2.408
6609228.0,-0.004985,0.0,2.064
6609306.0,0.00944019,0.0,2.064
6609384.0,-0.00198821,0.0,2.408
6609462.0,-0.00341039,0.0,2.408
6609540.0,-0.00752463,0.0,2.408
6609619.0,-0.01829266,0.0,1.72
6609697.0,0.01050688,0.0,1.72
6609775.0,-0.00371511,0.0,2.408
6609853.0,9.425e-05,0.0,2.064
6609931.0,-0.00356275,0.0,2.064
6610009.0,0.00502115,0.0,2.064
6610087.0,-0.00335955,0.0,2.752
6610166.0,-0.00442624,0.0,2.064
6610244.0,-0.02398152,0.0,2.064
6610322.0,-0.00859132,0.0,2.064
6610400.0,-0.00828659,0.0,2.064
6610478.0,0.02574472,0.0,2.408
6610556.0,0.01832896,0.0,2.064
6610634.0,0.00527511,0.0,2.752
6610712.0,0.00273548,0.0,2.408
6610790.0,-0.00534049,0.0,2.408
6610869.0,-0.00315642,0.0,2.064
6610947.0,0.02122407,0.0,2.408
6611025.0,0.02594777,0.0,2.064
6611103.0,0.00156727,0.0,2.408
6611181.0,-0.0087436,0.0,2.064
6611259.0,-0.01031814,0.0,2.408
6611337.0,-0.00391831,0.0,2.064
6611415.0,0.00659576,0.0,2.064
6611493.0,-0.00762623,0.0,2.064
6611572.0,0.00375141,0.0,2.408
6611650.0,-0.01316265,0.0,2.064
6611728.0,-0.01910539,0.0,2.064
6611806.0,-0.00721983,0.0,2.064
6611884.0,-0.00346115,0.0,2.064
6611962.0,-0.00203897,0.0,2.064
6612040.0,-0.0051882,0.0,2.064
6612118.0,0.00542762,0.0,1.376
6612196.0,-0.03317486,0.0,2.064
6612275.0,-0.0087436,0.0,1.72
6612353.0,-0.00777852,0.0,2.064
6612431.0,-0.01275625,0.0,2.408
6612509.0,0.01248782,0.0,2.064
6612587.0,-0.0025469,0.0,2.064
6612665.0,-0.02931474,0.0,2.064
6612743.0,-0.00970869,0.0,2.064
6612821.0,-0.02123869,0.0,1.72
6612899.0,-0.01041982,0.0,2.064
6612978.0,0.00024669,0.0,1.72
6613056.0,-0.00401991,0.0,2.064
6613134.0,-0.01250221,0.0,1.72
6613212.0,0.00756085,0.0,2.064
6613290.0,-0.02575918,0.0,1.376
6613368.0,-0.00259766,0.0,1.376
6613446.0,-0.00483264,0.0,2.064
6613524.0,0.0259986,0.0,2.064
6613602.0,-0.01615936,0.0,2.064
6613681.0,0.02315425,0.0,2.064
6613759.0,-0.00178509,0.0,1.72
6613837.0,-0.02001964,0.0,2.064
6613915.0,0.01777027,0.0,2.064
6613993.0,-0.00483264,0.0,2.064
6614071.0,-0.01935935,0.0,2.064
6614149.0,-0.00315642,0.0,2.064
6614228.0,-0.0068135,0.0,2.408
6614306.0,0.01411312,0.0,1.72
6614384.0,0.00237992,0.0,2.064
6614462.0,-0.01494031,0.0,2.064
6614540.0,-0.00595001,0.0,2.064
6614618.0,0.00304028,0.0,2.064
6614696.0,0.00532595,0.0,2.064
6614774.0,0.00171963,0.0,2.064
6614852.0,0.00314188,0.0,2.064
6614930.0,-0.00539133,0.0,2.408
6615009.0,0.00573235,0.0,2.064
6615087.0,-0.00361359,0.0,2.064
6615165.0,-0.00269926,0.0,1.376
6615243.0,-0.00686434,0.0,2.064
6615321.0,0.00776405,0.0,2.064
6615399.0,-0.0119436,0.0,2.064
6615477.0,-0.00432471,0.0,2.408
6615555.0,0.00502115,0.0,2.064
6615633.0,0.00502115,0.0,2.064
6615712.0,-0.01763238,0.0,2.064
6615790.0,-0.00203897,0.0,2.064
6615868.0,0.00283708,0.0,1.72
6615946.0,0.00273548,0.0,2.064
6616024.0,0.00832266,0.0,2.064
6616102.0,-0.00148021,0.0,2.408
6616180.0,0.01543377,0.0,2.064
6616258.0,-0.00427388,0.0,2.064
6616336.0,0.00898303,0.0,2.064
6616415.0,-0.00066756,0.0,2.408
6616493.0,-0.01509275,0.0,2.408
6616571.0,-0.00269926,0.0,2.064
6616649.0,0.00395453,0.0,2.408
6616727.0,-0.00965786,0.0,2.752
6616805.0,0.00400537,0.0,2.752
6616883.0,0.00329424,0.0,2.064
6616962.0,-0.00859132,0.0,2.064
6617040.0,-0.01702285,0.0,2.064
6617118.0,0.01421472,0.0,2.064
6617196.0,0.00959255,0.0,2.064
6617274.0,-0.0140769,0.0,2.408
6617352.0,-0.00269926,0.0,2.064
6617430.0,-0.00325795,0.0,2.408
6617508.0,-0.00244537,0.0,1.72
6617586.0,0.0131481,0.0,2.064
6617665.0,0.00070385,0.0,1.72
6617743.0,0.00202451,0.0,2.064
6617821.0,-0.00671198,0.0,1.72
6617899.0,-0.01849587,0.0,2.064
6617977.0,-0.00549293,0.0,2.408
6618055.0,-0.00539133,0.0,1.72
6618133.0,0.00740849,0.0,2.064
6618211.0,0.00476733,0.0,2.064
6618289.0,-0.01031814,0.0,2.064
6618368.0,0.0103036,0.0,2.064
6618446.0,0.02919859,0.0,2.064
6618524.0,-0.01133407,0.0,2.064
6618602.0,-0.01448322,0.0,2.408
6618680.0,-0.01514351,0.0,1.72
6618758.0,0.00415773,0.0,2.064
6618836.0,0.02452566,0.0,2.064
6618914.0,-0.01727681,0.0,1.72
6618992.0,0.00044989,0.0,1.72
6619071.0,0.01355443,0.0,1.72
6619149.0,9.425e-05,0.0,1.72
6619227.0,0.0043101,0.0,2.752
6619305.0,0.00202451,0.0,1.72
6619383.0,0.00202451,0.0,2.064
6619461.0,0.00182131,0.0,2.064
6619539.0,0.00324356,0.0,2.064
6619617.0,-0.03393691,0.0,2.064
6619695.0,0.00557991,0.0,2.064
6619774.0,-0.00706754,0.0,2.064
6619852.0,-0.02596238,0.0,2.064
6619930.0,0.00618943,0.0,2.408
6620008.0,0.00715445,0.0,2.064
6620086.0,-0.00534049,0.0,2.064
6620164.0,-0.00549293,0.0,2.064
6620242.0,-0.01108011,0.0,2.064
6620320.0,0.02127491,0.0,2.064
6620399.0,-0.00777852,0.0,1.72
6620477.0,0.00171963,0.0,2.064
6620555.0,-0.0009216,0.0,2.064
6620633.0,-0.00940389,0.0,2.064
6620711.0,0.00309104,0.0,2.064
6620789.0,4.349e-05,0.0,2.408
6620867.0,-0.00412144,0.0,2.064
6620945.0,0.0200051,0.0,2.064
6621024.0,0.01416388,0.0,2.064
6621102.0,-0.00295322,0.0,2.064
6621180.0,0.00166887,0.0,2.064
6621258.0,0.00334508,0.0,2.064
6621336.0,-0.01869906,0.0,2.064
6621414.0,-0.00589918,0.0,1.72
6621492.0,-0.00727059,0.0,2.064
6621570.0,-0.00214057,0.0,2.064
6621648.0,0.00319264,0.0,2.064
6621727.0,0.0062402,0.0,2.408
6621805.0,0.00258319,0.0,2.408
6621883.0,-0.0051882,0.0,2.064
6621961.0,0.010202,0.0,2.064
6622039.0,-0.0004136,0.0,2.064
6622117.0,-0.01590532,0.0,2.064
6622195.0,-0.01092775,0.0,2.064
6622273.0,0.00136414,0.0,2.064
6622351.0,-0.0161086,0.0,2.408
6622430.0,0.00405613,0.0,2.064
6622508.0,-0.00940389,0.0,2.408
6622586.0,-0.00127709,0.0,2.064
6622664.0,0.0132497,0.0,2.408
6622742.0,-0.00544209,0.0,2.064
6622820.0,-0.00422319,0.0,3.096
6622898.0,-0.00356275,0.0,2.408
6622976.0,0.00370057,0.0,2.752
6623054.0,-0.01041982,0.0,2.064
6623132.0,0.00745925,0.0,2.408
6623211.0,0.00288792,0.0,2.064
6623289.0,0.00557991,0.0,2.064
6623367.0,0.00207519,0.0,2.064
6623445.0,-0.01011509,0.0,2.064
6623523.0,0.00603707,0.0,2.064
6623601.0,-0.00960717,0.0,2.408
6623679.0,-0.00996258,0.0,2.064
6623757.0,-0.00173425,0.0,2.064
6623836.0,-0.01021662,0.0,1.72
6623914.0,-0.00280086,0.0,2.064
6623992.0,-0.00584849,0.0,2.064
6624070.0,-0.00833728,0.0,2.064
6624148.0,-0.00168349,0.0,1.72
6624226.0,0.01218302,0.0,1.72
6624304.0,0.00466566,0.0,2.752
6624382.0,-0.00330886,0.0,1.72
6624460.0,-0.0068135,0.0,1.72
6624539.0,0.00730696,0.0,1.72
6624617.0,-0.00539133,0.0,2.064
6624695.0,-0.00371511,0.0,1.72
6624773.0,-0.00203897,0.0,2.064
6624851.0,0.01025284,0.0,2.064
6624929.0,0.0131481,0.0,2.064
6625007.0,-0.02520057,0.0,2.064
6625085.0,-0.00930229,0.0,2.064
6625164.0,-0.00341039,0.0,2.064
6625242.0,0.01340199,0.0,2.064
6625320.0,-0.01834343,0.0,2.064
6625398.0,-0.00148021,0.0,2.064
6625476.0,0.01411312,0.0,2.064
6625554.0,0.00253236,0.0,2.064
6625632.0,9.425e-05,0.0,2.064
6625710.0,0.01705907,0.0,2.064
6625788.0,0.01319887,0.0,2.064
6625867.0,0.00334508,0.0,1.032
6625945.0,-0.01199443,0.0,2.064
6626023.0,-0.01184192,0.0,2.064
6626101.0,-0.00234385,0.0,1.72
6626179.0,0.01223378,0.0,1.72
6626257.0,0.00192283,0.0,1.72
6626335.0,0.01152265,0.0,2.408
6626413.0,-0.00920077,0.0,1.376
6626491.0,-0.00833728,0.0,2.064
6626570.0,0.00309104,0.0,2.064
6626648.0,0.01055756,0.0,2.064
6626726.0,-0.0162102,0.0,3.44
6626804.0,-0.00229294,0.0,2.064
6626882.0,-0.00137861,0.0,2.064
6626960.0,-0.01626096,0.0,2.408
6627038.0,-0.000312,0.0,2.064
6627116.0,-0.01575304,0.0,1.72
6627194.0,-0.01661653,0.0,2.408
6627273.0,-0.0025469,0.0,2.064
6627351.0,-0.00087076,0.0,2.064
6627429.0,-0.00935313,0.0,2.408
6627507.0,0.00542762,0.0,2.064
6627585.0,-0.0004136,0.0,1.72
6627663.0,0.01878605,0.0,2.064
6627741.0,-0.00158189,0.0,2.752
6627820.0,-0.00071832,0.0,2.064
6627898.0,-0.01260388,0.0,2.064
6627976.0,-0.00996258,0.0,2.064
6628054.0,-0.00366443,0.0,2.408
6628132.0,0.00842434,0.0,2.064
6628210.0,-0.00021047,0.0,2.408
6628288.0,0.00832266,0.0,2.064
6628366.0,-0.00650878,0.0,2.408
6628444.0,-0.02103549,0.0,2.408
6628523.0,-0.00732143,0.0,2.408
6628601.0,-0.00793103,0.0,2.064
6628679.0,-0.00513736,0.0,2.064
6628757.0,-0.00732143,0.0,2.064
6628835.0,-0.00046443,0.0,2.064
6628913.0,0.00085622,0.0,2.064
6628991.0,0.00486886,0.0,2.064
6629069.0,-0.00229294,0.0,2.064
6629147.0,0.01584002,0.0,1.376
6629225.0,0.00827197,0.0,2.408
6629304.0,-0.00432471,0.0,1.72
6629382.0,-0.01737841,0.0,2.064
6629460.0,0.00334508,0.0,2.064
6629538.0,0.00725612,0.0,2.408
6629616.0,0.0085767,0.0,1.72
6629694.0,-0.02758769,0.0,2.064
6629772.0,-0.00991189,0.0,2.064
6629851.0,-0.00422319,0.0,1.72
6629929.0,-0.0069151,0.0,1.72
6630007.0,0.00720529,0.0,2.064
6630085.0,0.00344661,0.0,2.064
6630163.0,-0.00508653,0.0,2.064
6630241.0,0.00339584,0.0,2.064
6630319.0,0.00705292,0.0,2.064
6630397.0,-0.00412144,0.0,2.064
6630475.0,-0.00412144,0.0,2.064
6630554.0,0.00232923,0.0,2.064
6630632.0,-0.00513736,0.0,2.064
6630710.0,0.0014149,0.0,2.064
6630788.0,0.01751623,0.0,1.72
6630866.0,-0.01494031,0.0,1.72
6630944.0,0.00690049,0.0,1.72
6631022.0,-0.02220371,0.0,2.408
6631100.0,-0.0066103,0.0,2.064
6631178.0,-0.00351199,0.0,2.064
6631257.0,-0.00767699,0.0,1.72
6631335.0,0.00700209,0.0,2.064
6631413.0,-0.00163265,0.0,2.064
6631491.0,-0.01265472,0.0,2.064
6631569.0,-0.00198821,0.0,1.72
6631647.0,0.00161803,0.0,1.72
6631725.0,0.01573849,0.0,2.752
6631803.0,-0.01031814,0.0,1.72
6631881.0,-0.00310566,0.0,2.064
6631960.0,-0.00412144,0.0,1.72
6632038.0,0.01345283,0.0,2.064
6632116.0,-0.00361359,0.0,1.72
6632194.0,0.01421472,0.0,2.408
6632272.0,-0.00539133,0.0,2.064
6632350.0,-0.00767699,0.0,2.408
6632428.0,-0.01443246,0.0,2.408
6632506.0,-0.00478173,0.0,2.408
6632584.0,-0.0198672,0.0,2.064
6632663.0,-0.00650878,0.0,2.408
6632741.0,-0.01473719,0.0,1.72
6632819.0,-0.00589918,0.0,2.064
6632897.0,-0.01534671,0.0,2.752
6632975.0,0.01731311,0.0,2.752
6633053.0,0.01385915,0.0,2.408
6633131.0,-0.00818492,0.0,2.408
6633209.0,-0.00473096,0.0,1.72
6633287.0,0.00151651,0.0,2.064
6633366.0,-0.020172,0.0,1.72
6633444.0,-0.00955633,0.0,2.064
6633522.0,-0.00777852,0.0,1.72
6633600.0,-0.02403236,0.0,2.064
6633678.0,-0.01981644,0.0,2.408
6633756.0,0.00913546,0.0,2.064
6633834.0,0.00578318,0.0,2.064
6633912.0,-0.00737227,0.0,2.064
6633991.0,-0.00645794,0.0,2.064
6634069.0,-0.03830503,0.0,2.064
6634147.0,-0.00528973,0.0,2.064
6634225.0,0.0041069,0.0,2.064
6634303.0,0.00192283,0.0,2.064
6634381.0,-0.00721983,0.0,1.72
6634459.0,0.00014517,0.0,2.408
6634537.0,-0.00716907,0.0,2.064
6634616.0,-0.00915001,0.0,1.72
6634694.0,0.00187207,0.0,1.72
6634772.0,-0.00346115,0.0,2.064
6634850.0,0.01487501,0.0,2.064
6634928.0,-0.01615936,0.0,1.72
6635006.0,-0.01671812,0.0,1.72
6635084.0,0.00888142,0.0,2.064
6635162.0,-0.00442624,0.0,1.376
6635240.0,0.00608791,0.0,2.064
6635318.0,-0.02342276,0.0,2.064
6635397.0,-0.00798172,0.0,2.064
6635475.0,-0.00716907,0.0,3.096
6635553.0,-0.00219134,0.0,1.72
6635631.0,-0.02012124,0.0,2.064
6635709.0,0.00370057,0.0,2.064
6635787.0,-0.02098466,0.0,1.72
6635865.0,0.00776405,0.0,1.72
6635943.0,-0.00158189,0.0,2.064
6636021.0,-0.01006426,0.0,1.72
6636100.0,0.00187207,0.0,2.064
6636178.0,-0.00696594,0.0,2.064
6636256.0,-0.00264857,0.0,2.064
6636334.0,0.01294483,0.0,2.064
6636412.0,0.00603707,0.0,2.064
6636490.0,0.00989728,0.0,2.064
6636568.0,-0.00666114,0.0,2.064
6636646.0,0.00563067,0.0,2.064
6636725.0,-0.0182419,0.0,2.752
6636803.0,0.01964961,0.0,2.064
6636881.0,-0.00422319,0.0,2.064
6636959.0,-0.0045786,0.0,2.064
6637037.0,-0.00803255,0.0,2.064
6637115.0,0.00400537,0.0,2.064
6637193.0,0.01939557,0.0,2.064
6637271.0,-0.00183577,0.0,2.064
6637350.0,-0.01072454,0.0,2.064
6637428.0,-0.01285785,0.0,2.408
6637506.0,-0.01235,0.0,2.408
6637584.0,0.00126254,0.0,2.064
6637662.0,-0.01387377,0.0,2.064
6637740.0,-0.00655954,0.0,2.752
6637818.0,0.0083735,0.0,2.064
6637896.0,0.0110148,0.0,2.752
6637974.0,-0.00290246,0.0,2.408
6638052.0,-0.01687056,0.0,2.064
6638131.0,-0.00432471,0.0,2.064
6638209.0,0.01274163,0.0,2.064
6638287.0,0.00370057,0.0,2.064
6638365.0,-0.01519435,0.0,2.064
6638443.0,-0.01544831,0.0,2.064
6638521.0,-0.00239454,0.0,2.408
6638599.0,0.00380217,0.0,2.064
6638677.0,0.00090698,0.0,2.408
6638755.0,0.01370679,0.0,2.064
6638834.0,-0.00828659,0.0,1.72
6638912.0,-0.00889604,0.0,2.064
6638990.0,-0.01605784,0.0,2.064
6639068.0,0.03427785,0.0,2.064
6639146.0,-0.00650878,0.0,2.064
6639224.0,-0.01301028,0.0,2.408
6639302.0,0.00730696,0.0,2.064
6639380.0,-0.00320719,0.0,2.064
6639459.0,-0.00427388,0.0,2.064
6639537.0,-0.00671198,0.0,2.064
6639615.0,0.00187207,0.0,1.376
6639693.0,-0.03368294,0.0,1.72
6639771.0,0.01299567,0.0,2.064
6639849.0,0.01426541,0.0,2.064
6639927.0,-0.0009216,0.0,2.064
6640005.0,0.00791641,0.0,2.408
6640084.0,0.00436086,0.0,1.72
6640162.0,-0.00407068,0.0,1.72
6640240.0,0.00304028,0.0,1.376
6640318.0,-0.00854048,0.0,1.376
6640396.0,-0.00163265,0.0,1.72
6640474.0,-0.00132792,0.0,1.72
6640552.0,0.00151651,0.0,1.72
6640630.0,-0.00127709,0.0,2.752
6640708.0,-0.00391831,0.0,1.72
6640787.0,0.00542762,0.0,1.72
6640865.0,0.00791641,0.0,1.376
6640943.0,-0.00808332,0.0,1.72
6641021.0,-0.01549907,0.0,2.064
6641099.0,-0.00401991,0.0,1.72
6641177.0,-0.01590532,0.0,2.064
6641255.0,-0.00102312,0.0,2.064
6641333.0,-0.0164134,0.0,2.064
6641411.0,0.01904001,0.0,2.064
6641490.0,-0.01367057,0.0,2.064
6641568.0,0.00979575,0.0,2.064
6641646.0,0.0012117,0.0,2.064
6641724.0,-0.00219134,0.0,2.408
6641802.0,-0.00234385,0.0,2.064
6641880.0,0.00029745,0.0,2.752
6641958.0,-0.00183577,0.0,2.064
6642036.0,0.01467188,0.0,2.064
6642114.0,0.00034829,0.0,2.064
6642193.0,-0.02570842,0.0,2.064
6642271.0,-0.00315642,0.0,2.064
6642349.0,-0.00381671,0.0,2.064
6642427.0,-0.00975953,0.0,2.752
6642505.0,-0.0028517,0.0,2.064
6642583.0,-0.01168963,0.0,2.408
6642661.0,0.0090847,0.0,2.408
6642739.0,-0.00696594,0.0,2.064
6642817.0,-0.00361359,0.0,2.064
6642896.0,0.00298952,0.0,1.72
6642974.0,-0.00564529,0.0,2.064
6643052.0,-0.01615936,0.0,2.064
6643130.0,-0.00046443,0.0,2.064
6643208.0,-0.00290246,0.0,2.064
6643286.0,0.00044989,0.0,2.064
6643364.0,0.01695755,0.0,1.376
6643442.0,-0.00818492,0.0,2.752
6643521.0,0.00481802,0.0,1.72
6643599.0,0.01142105,0.0,2.064
6643677.0,0.00385301,0.0,2.408
6643755.0,0.01142105,0.0,1.72
6643833.0,0.00476733,0.0,2.064
6643911.0,-0.00264857,0.0,2.064
6643989.0,-0.02946703,0.0,1.72
6644067.0,0.00415773,0.0,1.72
6644146.0,-0.0117404,0.0,2.064
6644224.0,0.0124369,0.0,1.72
6644302.0,-0.02052749,0.0,1.72
6644380.0,-0.0011248,0.0,1.376
6644458.0,0.00349737,0.0,2.064
6644536.0,-0.01671812,0.0,2.064
6644614.0,0.00390385,0.0,2.064
6644692.0,-5.803e-05,0.0,1.72
6644770.0,-0.00513736,0.0,2.064
6644848.0,0.02843671,0.0,1.72
6644927.0,-0.00198821,0.0,2.408
6645005.0,0.00502115,0.0,1.72
6645083.0,0.00166887,0.0,2.064
6645161.0,-0.00696594,0.0,1.72
6645239.0,-0.00503576,0.0,2.064
6645317.0,0.02477955,0.0,1.032
6645395.0,0.00542762,0.0,2.064
6645473.0,-0.01006426,0.0,2.064
6645551.0,-0.01539747,0.0,2.064
6645630.0,-0.01951172,0.0,2.408
6645708.0,0.00039898,0.0,2.064
6645786.0,0.00766237,0.0,1.72
6645864.0,-0.00727059,0.0,1.376
6645942.0,-0.01092775,0.0,2.064
6646020.0,-0.00488348,0.0,1.72
6646098.0,-0.00996258,0.0,2.064
6646176.0,-0.00915001,0.0,2.752
6646255.0,-0.00503576,0.0,2.064
6646333.0,0.01964961,0.0,2.408
6646411.0,0.0012117,0.0,2.064
6646489.0,-0.01483879,0.0,2.064
6646567.0,-0.01361973,0.0,2.064
6646645.0,0.00248159,0.0,2.064
6646723.0,0.02554152,0.0,1.72
6646801.0,-0.02438777,0.0,2.064
6646879.0,-0.00427388,0.0,2.408
6646958.0,-0.00142952,0.0,2.064
6647036.0,0.02142727,0.0,2.064
6647114.0,-0.00579765,0.0,2.064
6647192.0,-0.01763238,0.0,2.064
6647270.0,0.00227832,0.0,1.72
6647348.0,-0.01549907,0.0,2.064
6647426.0,0.00893226,0.0,2.064
6647504.0,0.00420857,0.0,2.064
6647583.0,0.00161803,0.0,2.064
6647661.0,-0.01321341,0.0,2.064
6647739.0,-0.01311181,0.0,2.064
6647817.0,-0.0119436,0.0,2.064
6647895.0,0.01909085,0.0,2.064
6647973.0,0.00720529,0.0,1.72
6648051.0,-0.01052134,0.0,2.408
6648129.0,-0.00676267,0.0,2.064
6648207.0,-0.01265472,0.0,2.064
6648286.0,-0.00137861,0.0,2.064
6648364.0,-0.00330886,0.0,2.408
6648442.0,0.02665889,0.0,2.064
6648520.0,0.00852594,0.0,1.72
6648598.0,-0.00376595,0.0,2.064
6648676.0,0.01700831,0.0,2.752
6648754.0,-0.00782935,0.0,2.064
6648832.0,0.00415773,0.0,2.408
6648910.0,0.00187207,0.0,2.064
6648989.0,0.01523057,0.0,1.72
6649067.0,-0.01199443,0.0,1.72
6649145.0,0.018075,0.0,2.064
6649223.0,-0.00539133,0.0,2.064
6649301.0,-0.01575304,0.0,2.064
6649379.0,0.00370057,0.0,2.064
6649457.0,-0.0070167,0.0,2.064
6649535.0,-0.00386755,0.0,2.408
6649613.0,0.00690049,0.0,2.064
6649692.0,0.00994811,0.0,1.72
6649770.0,-0.01316265,0.0,1.72
6649848.0,-0.00488348,0.0,1.72
6649926.0,0.00598623,0.0,2.064
6650004.0,0.01457028,0.0,2.064
6650082.0,-0.02758769,0.0,1.72
6650160.0,0.00913546,0.0,2.064
6650238.0,-0.00854048,0.0,1.72
6650317.0,0.02681126,0.0,1.376
6650395.0,-0.00798172,0.0,1.72
6650473.0,-0.00595001,0.0,2.064
6650551.0,0.01914161,0.0,1.72
6650629.0,-0.00534049,0.0,2.064
6650707.0,-0.00148021,0.0,1.72
6650785.0,0.01451944,0.0,2.408
6650863.0,-0.00991189,0.0,1.72
6650942.0,0.01599246,0.0,2.408
6651020.0,-0.0198672,0.0,2.408
6651098.0,0.01477348,0.0,2.064
6651176.0,-0.00132792,0.0,2.064
6651254.0,-0.00564529,0.0,2.064
6651332.0,-0.00889604,0.0,2.064
6651410.0,0.00339584,0.0,2.408
6651488.0,-0.02306719,0.0,1.72
6651566.0,-0.02240691,0.0,1.376
6651645.0,0.0044117,0.0,2.064
6651723.0,-0.01138483,0.0,1.72
6651801.0,-0.02393061,0.0,2.408
6651879.0,0.00319264,0.0,2.408
6651957.0,-0.01184192,0.0,1.72
6652035.0,0.00420857,0.0,2.064
6652113.0,-0.00122632,0.0,1.72
6652191.0,-0.01565151,0.0,2.064
6652269.0,0.00766237,0.0,1.72
6652347.0,-0.00183577,0.0,2.064
6652426.0,0.01192905,0.0,2.408
6652504.0,-0.01595624,0.0,2.064
6652582.0,0.01121785,0.0,2.064
6652660.0,-0.004477,0.0,2.064
6652738.0,0.00583387,0.0,2.064
6652816.0,0.02716682,0.0,2.064
6652894.0,0.00060225,0.0,1.72
6652972.0,0.00629103,0.0,2.064
6653051.0,0.00268479,0.0,2.064
6653129.0,-0.00163265,0.0,2.408
6653207.0,-0.01727681,0.0,2.064
6653285.0,-0.00102312,0.0,2.064
6653363.0,-0.00640725,0.0,2.064
6653441.0,0.00827197,0.0,2.064
6653519.0,-0.01570227,0.0,2.064
6653597.0,-0.01499122,0.0,2.752
6653676.0,0.00029745,0.0,2.064
6653754.0,0.00583387,0.0,2.064
6653832.0,-0.00203897,0.0,2.064
6653910.0,-0.01438162,0.0,2.064
6653988.0,0.00090698,0.0,2.064
6654066.0,-0.01168963,0.0,1.72
6654144.0,-0.00986106,0.0,1.72
6654222.0,-0.01031814,0.0,2.064
6654300.0,-0.00904841,0.0,1.72
6654379.0,-0.0069151,0.0,2.064
6654457.0,-0.00610238,0.0,2.064
6654535.0,0.0043101,0.0,1.72
6654613.0,-0.02575918,0.0,2.064
6654691.0,-0.01316265,0.0,1.72
6654769.0,-0.01534671,0.0,1.72
6654847.0,0.018075,0.0,1.376
6654925.0,0.01507821,0.0,2.064
6655003.0,0.00664667,0.0,1.376
6655082.0,-0.0046802,0.0,2.064
6655160.0,-0.01250221,0.0,2.064
6655238.0,0.00563067,0.0,2.064
6655316.0,-0.02337207,0.0,1.376
6655394.0,-0.01661653,0.0,2.064
6655472.0,-0.01956248,0.0,1.72
6655550.0,-0.00742295,0.0,2.064
6655628.0,0.00415773,0.0,2.752
6655706.0,-0.00854048,0.0,2.064
6655785.0,0.01360512,0.0,2.064
6655863.0,0.00070385,0.0,2.064
6655941.0,-0.00711823,0.0,2.064
6656019.0,-0.00595001,0.0,1.72
6656097.0,0.00309104,0.0,2.064
6656175.0,0.0091863,0.0,2.064
6656253.0,-0.00564529,0.0,2.064
6656331.0,0.00014517,0.0,2.752
6656410.0,0.00969408,0.0,2.064
6656488.0,0.00044989,0.0,1.72
6656566.0,0.00710376,0.0,1.376
6656644.0,-0.02342276,0.0,1.72
6656722.0,-0.00412144,0.0,1.72
6656800.0,-0.01753085,0.0,2.064
6656878.0,0.00649416,0.0,2.408
6656956.0,-0.00777852,0.0,2.064
6657035.0,0.0083735,0.0,2.064
6657113.0,-0.01367057,0.0,2.064
6657191.0,0.01162425,0.0,1.72
6657269.0,0.00425926,0.0,1.72
6657347.0,0.01396068,0.0,1.72
6657425.0,-0.00879437,0.0,1.72
6657503.0,-0.00772783,0.0,2.064
6657581.0,-0.01910539,0.0,2.064
6657659.0,-0.00854048,0.0,1.72
6657738.0,0.00298952,0.0,2.408
6657816.0,0.00273548,0.0,2.064
6657894.0,-0.01808961,0.0,2.064
6657972.0,0.01345283,0.0,2.064
6658050.0,0.02843671,0.0,2.064
6658128.0,-0.00320719,0.0,2.752
6658206.0,0.0069514,0.0,2.408
6658284.0,-0.01062294,0.0,2.064
6658362.0,0.00161803,0.0,2.408
6658441.0,0.00888142,0.0,2.064
6658519.0,0.0128433,0.0,3.096
6658597.0,0.00100858,0.0,2.064
6658675.0,-0.01392446,0.0,2.408
6658753.0,-0.01549907,0.0,2.064
6658831.0,-0.00544209,0.0,2.064
6658909.0,0.01548446,0.0,2.064
6658987.0,-0.01681965,0.0,2.064
6659065.0,-0.00584849,0.0,1.72
6659144.0,-0.00452791,0.0,2.064
6659222.0,0.01624642,0.0,2.064
6659300.0,-0.01270541,0.0,2.064
6659378.0,-0.01118163,0.0,2.408
6659456.0,-0.0162102,0.0,2.064
6659534.0,-0.01021662,0.0,1.72
6659612.0,-0.008642,0.0,2.064
6659690.0,-0.01544831,0.0,2.064
6659768.0,-0.00087076,0.0,1.72
6659847.0,-0.00975953,0.0,2.064
6659925.0,-0.00686434,0.0,1.72
6660003.0,0.00314188,0.0,2.064
6660081.0,0.00446253,0.0,1.72
6660159.0,-0.00828659,0.0,2.064
6660237.0,-0.00945481,0.0,1.376
6660315.0,-0.01036906,0.0,2.064
6660393.0,0.00126254,0.0,1.376
6660472.0,-0.01656569,0.0,1.72
6660550.0,0.00364981,0.0,2.064
6660628.0,-0.004477,0.0,2.752
6660706.0,0.00446253,0.0,2.064
6660784.0,0.01055756,0.0,2.064
6660862.0,-0.01646409,0.0,2.064
6660940.0,-0.00229294,0.0,2.064
6661018.0,-0.02311803,0.0,1.72
6661096.0,0.01294483,0.0,2.064
6661175.0,-0.00473096,0.0,2.408
6661253.0,-0.00605169,0.0,2.064
6661331.0,-0.02123869,0.0,2.064
6661409.0,0.01289414,0.0,2.064
6661487.0,-0.00503576,0.0,2.064
6661565.0,0.00212603,0.0,1.72
6661643.0,0.00974499,0.0,2.064
6661721.0,-0.00386755,0.0,2.064
6661799.0,-0.00788012,0.0,2.064
6661878.0,0.00232923,0.0,2.064
6661956.0,0.00146574,0.0,2.064
6662034.0,-0.01732758,0.0,2.064
6662112.0,0.01401152,0.0,2.064
6662190.0,0.00659576,0.0,2.064
6662268.0,-0.00361359,0.0,2.064
6662346.0,0.00136414,0.0,2.064
6662424.0,-0.00219134,0.0,2.064
6662502.0,4.349e-05,0.0,2.064
6662581.0,-0.00945481,0.0,2.064
6662659.0,-0.00280086,0.0,2.064
6662737.0,-0.0051882,0.0,1.72
6662815.0,0.01355443,0.0,2.064
6662893.0,-0.00142952,0.0,2.064
6662971.0,-0.00325795,0.0,2.064
6663049.0,-0.00798172,0.0,2.064
6663127.0,-0.0043754,0.0,2.064
6663205.0,0.02513519,0.0,2.064
6663284.0,0.01904001,0.0,2.064
6663362.0,-0.00889604,0.0,2.408
6663440.0,0.01528133,0.0,2.064
6663518.0,-0.00295322,0.0,2.064
6663596.0,-0.01179123,0.0,2.408
6663674.0,-0.02763852,0.0,2.064
6663752.0,-0.00737227,0.0,2.408
6663830.0,0.0043101,0.0,2.408
6663909.0,-0.00473096,0.0,2.408
6663987.0,-0.00991189,0.0,2.064
6664065.0,-0.00102312,0.0,2.408
6664143.0,0.00060225,0.0,2.064
6664221.0,0.01106556,0.0,2.752
6664299.0,-0.0027501,0.0,1.72
6664377.0,-0.01047066,0.0,2.408
6664455.0,-0.00346115,0.0,2.064
6664534.0,-0.01067378,0.0,2.064
6664612.0,-0.00219134,0.0,2.064
6664690.0,0.01939557,0.0,1.72
6664768.0,0.01213218,0.0,1.72
6664846.0,0.00171963,0.0,2.064
6664924.0,-0.02474333,0.0,2.408
6665002.0,0.00248159,0.0,2.064
6665080.0,-0.00813408,0.0,2.064
6665158.0,-0.00264857,0.0,2.064
6665236.0,-0.00142952,0.0,1.72
6665315.0,-0.01595624,0.0,2.064
6665393.0,-0.00203897,0.0,1.72
6665471.0,0.00293868,0.0,2.064
6665549.0,0.00014517,0.0,2.064
6665627.0,0.01863368,0.0,2.064
6665705.0,-0.01570227,0.0,2.064
6665783.0,-0.01265472,0.0,1.376
6665861.0,-0.00757539,0.0,2.064
6665940.0,-0.01793718,0.0,1.72
6666018.0,0.00359897,0.0,2.064
6666096.0,-0.02184814,0.0,2.408
6666174.0,0.00761169,0.0,2.064
6666252.0,-0.00782935,0.0,1.72
6666330.0,0.02198596,0.0,2.064
6666408.0,-0.0043754,0.0,1.72
6666486.0,-0.0158038,0.0,1.72
6666564.0,0.01203065,0.0,1.72
6666643.0,0.00964331,0.0,2.064
6666721.0,0.00725612,0.0,2.064
6666799.0,-0.01864815,0.0,2.064
6666877.0,-0.01245152,0.0,2.064
6666955.0,-0.00848964,0.0,2.064
6667033.0,-0.0068135,0.0,2.064
6667111.0,-0.00432471,0.0,1.72
6667189.0,-0.00666114,0.0,2.064
6667268.0,0.01279254,0.0,1.72
6667346.0,-0.00671198,0.0,2.064
6667424.0,0.00227832,0.0,2.064
6667502.0,0.00354828,0.0,2.408
6667580.0,0.00146574,0.0,2.064
6667658.0,0.00415773,0.0,2.064
6667736.0,0.01812576,0.0,1.72
6667814.0,-0.00767699,0.0,1.72
6667892.0,0.00989728,0.0,2.064
6667971.0,0.00207519,0.0,2.408
6668049.0,0.01416388,0.0,1.72
6668127.0,-0.0051882,0.0,2.408
6668205.0,0.00725612,0.0,2.064
6668283.0,0.01177661,0.0,2.064
6668361.0,-0.000312,0.0,1.376
6668439.0,-0.01387377,0.0,2.064
6668517.0,-0.01412774,0.0,1.72
6668595.0,0.00359897,0.0,1.72
6668674.0,0.00217679,0.0,2.408
6668752.0,0.01253858,0.0,2.408
6668830.0,0.00923699,0.0,2.064
6668908.0,-0.02586086,0.0,2.408
6668986.0,-0.0009216,0.0,2.408
6669064.0,0.00050073,0.0,1.72
6669142.0,0.00060225,0.0,2.408
6669220.0,0.00161803,0.0,2.064
6669298.0,-0.00620405,0.0,2.064
6669377.0,-0.01133407,0.0,2.408
6669455.0,0.01370679,0.0,2.408
6669533.0,0.01111633,0.0,2.064
6669611.0,-0.00554376,0.0,2.064
6669689.0,0.01380839,0.0,2.064
6669767.0,-0.01280708,0.0,2.408
6669845.0,0.01253858,0.0,2.064
6669924.0,0.00557991,0.0,2.408
6670002.0,-0.00899757,0.0,2.064
6670080.0,-0.00478173,0.0,2.064
6670158.0,-0.02083237,0.0,2.064
6670236.0,0.00227832,0.0,2.064
6670314.0,-0.02027368,0.0,1.376
6670392.0,0.0012117,0.0,2.064
6670470.0,-0.02789249,0.0,2.064
6670548.0,0.00080545,0.0,2.064
6670627.0,-0.02255927,0.0,2.752
6670705.0,-0.004985,0.0,2.408
6670783.0,0.00050073,0.0,2.064
6670861.0,-0.0070167,0.0,2.064
6670939.0,0.01279254,0.0,2.064
6671017.0,-0.01341653,0.0,2.064
6671095.0,-0.01016586,0.0,2.064
6671173.0,-0.01722605,0.0,2.408
6671251.0,0.01411312,0.0,2.064
6671330.0,-0.02098466,0.0,1.72
6671408.0,-0.00635642,0.0,2.408
6671486.0,0.01182745,0.0,1.72
6671564.0,-0.00879437,0.0,1.376
6671642.0,-0.00777852,0.0,1.72
6671720.0,-0.01712438,0.0,2.064
6671798.0,-0.02230531,0.0,1.376
6671876.0,0.02305273,0.0,2.752
6671954.0,0.0014149,0.0,1.72
6672033.0,-0.00528973,0.0,2.064
6672111.0,-0.02362588,0.0,1.72
6672189.0,0.00776405,0.0,2.064
6672267.0,0.0014149,0.0,2.064
6672345.0,-0.0006168,0.0,2.064
6672423.0,-0.01935935,0.0,2.408
6672501.0,0.006545,0.0,2.064
6672579.0,-0.00335955,0.0,2.064
6672657.0,0.00364981,0.0,2.064
6672736.0,0.00817037,0.0,2.064
6672814.0,-0.00986106,0.0,1.376
6672892.0,0.00491962,0.0,2.064
6672970.0,-0.00493416,0.0,2.064
6673048.0,-0.02718144,0.0,2.064
6673126.0,-0.00071832,0.0,2.408
6673204.0,-0.00645794,0.0,2.064
6673282.0,0.00024669,0.0,2.064
6673360.0,-0.00081992,0.0,1.72
6673439.0,0.01004971,0.0,2.064
6673517.0,0.00883074,0.0,1.72
6673595.0,0.00817037,0.0,2.064
6673673.0,-0.01016586,0.0,3.096
6673751.0,0.01909085,0.0,2.408
6673829.0,0.01035451,0.0,2.064
6673907.0,0.00507206,0.0,2.408
6673985.0,0.00801794,0.0,2.064
6674064.0,-0.02149273,0.0,2.064
6674142.0,0.00319264,0.0,2.408
6674220.0,-0.00503576,0.0,1.72
6674298.0,-0.00579765,0.0,2.064
6674376.0,-0.004985,0.0,2.064
6674454.0,0.01208134,0.0,2.064
6674532.0,0.00497038,0.0,1.72
6674610.0,0.01650038,0.0,2.064
6674689.0,-0.03429239,0.0,2.752
6674767.0,-0.0011248,0.0,2.064
6674845.0,-0.01361973,0.0,2.408
6674923.0,0.00293868,0.0,2.408
6675001.0,-0.00376595,0.0,2.064
6675079.0,0.0110148,0.0,2.064
6675157.0,0.0067482,0.0,2.064
6675235.0,-0.01519435,0.0,2.064
6675313.0,0.00649416,0.0,2.752
6675391.0,0.00745925,0.0,2.064
6675470.0,-0.01681965,0.0,2.408
6675548.0,0.00669736,0.0,2.064
6675626.0,0.00039898,0.0,2.408
6675704.0,-0.00376595,0.0,2.064
6675782.0,-5.803e-05,0.0,2.064
6675860.0,0.01771936,0.0,2.064
6675938.0,-0.00478173,0.0,2.064
6676016.0,-0.00259766,0.0,1.72
6676094.0,-0.00920077,0.0,2.064
6676173.0,-0.00290246,0.0,1.376
6676251.0,-0.0006168,0.0,1.72
6676329.0,0.0237637,0.0,2.064
6676407.0,-0.00173425,0.0,2.064
6676485.0,-0.00645794,0.0,1.72
6676563.0,-0.01590532,0.0,2.064
6676641.0,-0.01179123,0.0,2.064
6676719.0,-0.00021047,0.0,2.064
6676798.0,0.01472264,0.0,1.72
6676876.0,-0.01199443,0.0,1.032
6676954.0,0.00771321,0.0,2.064
6677032.0,0.00796725,0.0,1.72
6677110.0,-0.01468642,0.0,2.064
6677188.0,0.00024669,0.0,1.72
6677266.0,0.00568143,0.0,2.064
6677344.0,-0.00488348,0.0,2.064
6677422.0,-0.00671198,0.0,2.408
6677501.0,-0.0084388,0.0,2.064
6677579.0,-0.01458475,0.0,2.064
6677657.0,-0.00315642,0.0,1.72
6677735.0,-0.000312,0.0,2.064
6677813.0,-0.03226069,0.0,1.72
6677891.0,0.00136414,0.0,2.408
6677969.0,-0.01006426,0.0,2.408
6678047.0,-0.00071832,0.0,2.064
6678125.0,-0.02306719,0.0,2.064
6678204.0,-0.00960717,0.0,2.064
6678282.0,-0.0269274,0.0,2.064
6678360.0,0.00593547,0.0,1.72
6678438.0,0.00568143,0.0,2.064
6678516.0,-0.00376595,0.0,2.064
6678594.0,0.00644347,0.0,2.064
6678672.0,-0.0133657,0.0,2.064
6678750.0,-0.01534671,0.0,2.064
6678828.0,0.00537671,0.0,2.064
6678907.0,-0.00366443,0.0,2.064
6678985.0,-0.02636871,0.0,2.064
6679063.0,-0.02027368,0.0,1.72
6679141.0,0.01253858,0.0,1.72
6679219.0,-0.01428002,0.0,2.752
6679297.0,-0.0027501,0.0,2.064
6679375.0,-0.00930229,0.0,2.064
6679453.0,0.00253236,0.0,2.064
6679531.0,0.00222763,0.0,2.064
6679610.0,0.00090698,0.0,2.064
6679688.0,-0.02855277,0.0,2.064
6679766.0,-0.0141785,0.0,1.72
6679844.0,-0.0046802,0.0,2.064
6679922.0,-0.00742295,0.0,2.408
6680000.0,0.00253236,0.0,2.064
6680078.0,-0.0066103,0.0,2.064
6680157.0,0.00420857,0.0,1.72
6680235.0,-0.00645794,0.0,2.408
6680313.0,-7.27e-06,0.0,2.064
6680391.0,0.01528133,0.0,2.064
6680469.0,-0.02301651,0.0,2.752
6680547.0,0.00273548,0.0,2.408
6680625.0,0.00243076,0.0,2.064
6680703.0,0.01309727,0.0,2.408
6680781.0,0.00563067,0.0,2.064
6680860.0,-0.01108011,0.0,2.064
6680938.0,0.01162425,0.0,2.064
6681016.0,-0.00513736,0.0,2.408
6681094.0,-0.00828659,0.0,2.064
6681172.0,0.00349737,0.0,3.44
6681250.0,-0.00325795,0.0,2.064
6681328.0,-0.00442624,0.0,2.064
6681406.0,-0.01006426,0.0,1.72
6681484.0,0.0103036,0.0,2.064
6681563.0,0.00288792,0.0,2.064
6681641.0,-0.00056603,0.0,2.064
6681719.0,0.00202451,0.0,2.408
6681797.0,-0.01133407,0.0,2.064
6681875.0,-0.00777852,0.0,2.064
6681953.0,0.00715445,0.0,2.064
6682031.0,0.00309104,0.0,2.064
6682109.0,-0.00686434,0.0,2.064
6682187.0,-0.00081992,0.0,2.064
6682266.0,0.00116102,0.0,2.064
6682344.0,0.0198019,0.0,2.064
6682422.0,-0.00010887,0.0,1.72
6682500.0,-0.00798172,0.0,2.064
6682578.0,-0.00706754,0.0,1.376
6682656.0,0.00375141,0.0,2.064
6682734.0,0.00314188,0.0,2.064
6682812.0,0.00283708,0.0,1.376
6682890.0,-0.004477,0.0,1.376
6682969.0,-0.00625474,0.0,2.064
6683047.0,0.00471642,0.0,1.72
6683125.0,0.00385301,0.0,2.408
6683203.0,-0.00168349,0.0,2.064
6683281.0,0.00070385,0.0,2.064
6683359.0,0.00603707,0.0,1.032
6683437.0,-0.01067378,0.0,2.064
6683515.0,-0.02494653,0.0,2.064
6683593.0,0.00161803,0.0,1.72
6683672.0,-0.00742295,0.0,2.064
6683750.0,0.00811954,0.0,1.72
6683828.0,0.00044989,0.0,1.72
6683906.0,-0.01138483,0.0,1.72
6683984.0,-0.00280086,0.0,2.064
6684062.0,0.02178284,0.0,2.064
6684140.0,-0.00696594,0.0,2.064
6684219.0,0.02295105,0.0,1.72
6684297.0,-0.00788012,0.0,1.72
6684375.0,0.00166887,0.0,2.752
6684453.0,-0.02403236,0.0,2.064
6684531.0,0.00786565,0.0,2.064
6684609.0,-0.00706754,0.0,2.408
6684687.0,0.01416388,0.0,2.408
6684765.0,-0.00737227,0.0,2.064
6684843.0,0.00334508,0.0,2.064
6684921.0,0.00801794,0.0,2.408
6685000.0,-0.00071832,0.0,2.064
6685078.0,0.0063418,0.0,2.408
6685156.0,0.00928783,0.0,2.064
6685234.0,-0.00330886,0.0,1.72
6685312.0,-0.00021047,0.0,2.064
6685390.0,0.01650038,0.0,2.064
6685468.0,0.00852594,0.0,1.72
6685546.0,-0.02128945,0.0,1.72
6685624.0,-0.01041982,0.0,2.408
6685703.0,0.01548446,0.0,2.064
6685781.0,-0.01021662,0.0,2.408
6685859.0,-0.02225454,0.0,2.064
6685937.0,0.01634802,0.0,2.064
6686015.0,-0.01900379,0.0,2.064
6686093.0,-0.01128323,0.0,2.752
6686171.0,-0.00087076,0.0,2.408
6686250.0,-0.01468642,0.0,2.064
6686328.0,-0.02946703,0.0,2.064
6686406.0,-0.01011509,0.0,2.408
6686484.0,-0.01209596,0.0,2.064
6686562.0,-0.00564529,0.0,2.408
6686640.0,0.00715445,0.0,2.064
6686718.0,-0.00721983,0.0,2.752
6686796.0,-0.00341039,0.0,2.064
6686874.0,0.00146574,0.0,2.064
6686953.0,0.0041069,0.0,2.064
6687031.0,-0.0158038,0.0,2.064
6687109.0,-0.01494031,0.0,2.064
6687187.0,0.00116102,0.0,1.72
6687265.0,0.00090698,0.0,2.064
6687343.0,0.00532595,0.0,1.72
6687421.0,-0.01341653,0.0,2.408
6687499.0,-0.0115372,0.0,1.72
6687577.0,-0.01001342,0.0,2.064
6687656.0,-0.0181403,0.0,1.376
6687734.0,0.00319264,0.0,2.064
6687812.0,0.00471642,0.0,1.72
6687890.0,0.00304028,0.0,2.064
6687968.0,-0.00767699,0.0,2.064
6688046.0,-0.00528973,0.0,2.064
6688124.0,-0.01235,0.0,2.064
6688202.0,-5.803e-05,0.0,2.064
6688280.0,0.00298952,0.0,2.064
6688358.0,-0.01661653,0.0,2.064
6688437.0,-0.01270541,0.0,2.064
6688515.0,-0.00148021,0.0,1.72
6688593.0,-0.00391831,0.0,2.064
6688671.0,-0.00539133,0.0,2.752
6688749.0,-0.00224217,0.0,2.064
6688827.0,-0.01681965,0.0,2.064
6688905.0,-0.00554376,0.0,2.064
6688984.0,-0.01519435,0.0,2.064
6689062.0,0.01584002,0.0,1.72
6689140.0,0.00730696,0.0,2.064
6689218.0,-0.00198821,0.0,2.408
6689296.0,0.00024669,0.0,2.064
6689374.0,-0.01041982,0.0,2.064
6689452.0,-0.00208981,0.0,2.064
6689530.0,-0.01864815,0.0,2.064
6689608.0,-0.00788012,0.0,2.408
6689687.0,0.02041142,0.0,2.064
6689765.0,0.00187207,0.0,2.064
6689843.0,-0.01199443,0.0,2.064
6689921.0,-0.00183577,0.0,2.752
6689999.0,-0.00341039,0.0,1.72
6690077.0,-0.00950557,0.0,2.064
6690155.0,-0.02408304,0.0,2.064
6690233.0,-0.01351821,0.0,2.064
6690311.0,0.00177047,0.0,1.72
6690390.0,0.0200051,0.0,2.408
6690468.0,-0.01295945,0.0,1.72
6690546.0,0.00690049,0.0,2.408
6690624.0,-0.01941019,0.0,2.064
6690702.0,-0.00899757,0.0,2.064
6690780.0,-0.00153105,0.0,2.064
6690858.0,0.00608791,0.0,2.064
6690936.0,0.00288792,0.0,2.064
6691015.0,0.0069514,0.0,2.064
6691093.0,-0.00269926,0.0,2.064
6691171.0,-0.02032437,0.0,2.752
6691249.0,-0.00945481,0.0,1.72
6691327.0,0.00304028,0.0,2.064
6691405.0,0.00822114,0.0,2.064
6691483.0,-0.00483264,0.0,2.064
6691561.0,0.01431624,0.0,1.72
6691639.0,-0.00483264,0.0,2.408
6691718.0,0.00766237,0.0,2.408
6691796.0,-0.01102934,0.0,2.064
6691874.0,-0.03586701,0.0,2.064
6691952.0,-0.00473096,0.0,2.064
6692030.0,-0.00244537,0.0,2.064
6692108.0,0.00639263,0.0,2.064
6692186.0,0.00375141,0.0,2.064
6692264.0,-0.00813408,0.0,2.064
6692342.0,-0.01458475,0.0,2.064
6692421.0,-0.02647031,0.0,2.064
6692499.0,-0.00198821,0.0,2.064
6692577.0,-0.00442624,0.0,1.032
6692655.0,0.01040528,0.0,2.064
6692733.0,-0.01549907,0.0,2.064
6692811.0,0.01385915,0.0,2.064
6692889.0,0.00014517,0.0,1.72
6692967.0,0.0051229,0.0,2.064
6693045.0,0.00832266,0.0,1.376
6693124.0,-0.0027501,0.0,2.408
6693202.0,0.0045133,0.0,1.376
6693280.0,-0.02403236,0.0,1.72
6693358.0,-0.00920077,0.0,1.376
6693436.0,0.01162425,0.0,1.376
6693514.0,-0.00925161,0.0,2.064
6693592.0,0.01025284,0.0,2.064
6693670.0,-0.00915001,0.0,2.408
6693748.0,-0.00310566,0.0,1.376
6693827.0,-0.00798172,0.0,2.064
6693905.0,-0.00478173,0.0,1.72
6693983.0,-0.00595001,0.0,1.376
6694061.0,-0.01148651,0.0,1.72
6694139.0,-5.803e-05,0.0,1.72
6694217.0,0.0063418,0.0,1.72
6694295.0,0.01655122,0.0,2.064
6694373.0,-0.00793103,0.0,2.064
6694451.0,-0.004985,0.0,2.064
6694530.0,-0.02347359,0.0,2.064
6694608.0,-0.00102312,0.0,2.064
6694686.0,-0.01778474,0.0,2.064
6694764.0,-0.00666114,0.0,1.72
6694842.0,-0.00854048,0.0,2.064
6694920.0,0.01045604,0.0,2.752
6694998.0,-0.00071832,0.0,2.064
6695076.0,0.00745925,0.0,2.064
6695155.0,0.01482417,0.0,2.064
6695233.0,-0.01377217,0.0,2.064
6695311.0,-0.01072454,0.0,1.376
6695389.0,-0.0069151,0.0,2.064
6695467.0,-0.0070167,0.0,2.064
6695545.0,0.01441792,0.0,2.064
6695623.0,-0.016007,0.0,2.064
6695701.0,-0.00264857,0.0,2.064
6695779.0,-0.00630558,0.0,2.752
6695858.0,0.01091313,0.0,2.064
6695936.0,-0.00960717,0.0,2.752
6696014.0,0.00380217,0.0,1.72
6696092.0,0.00649416,0.0,2.752
6696170.0,0.00136414,0.0,2.408
6696248.0,-0.00584849,0.0,2.064
6696326.0,0.00268479,0.0,2.064
6696404.0,0.01436716,0.0,2.064
6696483.0,0.00065302,0.0,2.064
6696561.0,0.00466566,0.0,1.72
6696639.0,-0.01433086,0.0,2.064
6696717.0,0.00171963,0.0,3.096
6696795.0,0.00065302,0.0,2.064
6696873.0,0.01771936,0.0,2.064
6696951.0,0.01868445,0.0,2.064
6697029.0,0.00085622,0.0,2.064
6697108.0,0.00182131,0.0,1.72
6697186.0,-0.01235,0.0,2.064
6697264.0,-0.00320719,0.0,2.064
6697342.0,-0.01163887,0.0,2.064
6697420.0,0.00293868,0.0,2.064
6697498.0,-0.01377217,0.0,1.72
6697576.0,-0.01910539,0.0,2.064
6697654.0,-0.00991189,0.0,2.064
6697732.0,-0.0009216,0.0,2.064
6697811.0,-0.00762623,0.0,1.72
6697889.0,-0.01554991,0.0,2.064
6697967.0,-0.0009216,0.0,1.376
6698045.0,0.02163048,0.0,2.064
6698123.0,0.00014517,0.0,2.064
6698201.0,0.00364981,0.0,2.064
6698279.0,-0.00432471,0.0,2.064
6698357.0,-0.0009216,0.0,1.72
6698435.0,-0.00899757,0.0,2.064
6698514.0,-0.01113094,0.0,1.72
6698592.0,0.00304028,0.0,2.064
6698670.0,-0.00269926,0.0,2.064
6698748.0,-0.0115372,0.0,2.064
6698826.0,0.0200051,0.0,2.064
6698904.0,0.00761169,0.0,2.064
6698982.0,-0.03667973,0.0,2.064
6699060.0,-0.00960717,0.0,1.72
6699138.0,-0.00102312,0.0,2.064
6699216.0,-0.01885143,0.0,2.408
6699295.0,0.01096396,0.0,2.064
6699373.0,-0.0070167,0.0,2.064
6699451.0,-0.01097858,0.0,2.064
6699529.0,-0.00884528,0.0,2.064
6699607.0,-0.01026746,0.0,1.72
6699685.0,-0.01895303,0.0,2.064
6699763.0,-0.00655954,0.0,1.72
6699842.0,-0.00330886,0.0,2.064
6699920.0,0.00944019,0.0,2.752
6699998.0,-0.00630558,0.0,2.064
6700076.0,0.00502115,0.0,2.064
6700154.0,-0.00645794,0.0,2.752
6700232.0,-0.01605784,0.0,2.064
6700310.0,0.0173638,0.0,2.064
6700388.0,0.00227832,0.0,2.408
6700466.0,-0.00163265,0.0,2.064
6700545.0,-0.00330886,0.0,2.408
6700623.0,0.00969408,0.0,2.408
6700701.0,0.00126254,0.0,2.064
6700779.0,-0.000312,0.0,2.408
6700857.0,0.00034829,0.0,2.064
6700935.0,0.00959255,0.0,2.064
6701013.0,0.00568143,0.0,2.064
6701091.0,-0.01351821,0.0,1.72
6701169.0,0.01319887,0.0,2.064
6701248.0,-0.01905463,0.0,2.064
6701326.0,-0.00351199,0.0,2.064
6701404.0,0.00898303,0.0,2.064
6701482.0,-0.00539133,0.0,2.408
6701560.0,-0.00244537,0.0,2.064
6701638.0,0.01335123,0.0,2.064
6701716.0,0.00029745,0.0,3.096
6701794.0,-0.00798172,0.0,2.064
6701872.0,-0.00366443,0.0,1.72
6701950.0,-0.00442624,0.0,2.064
6702029.0,0.00644347,0.0,2.064
6702107.0,-0.0051882,0.0,1.72
6702185.0,0.01055756,0.0,2.408
6702263.0,-0.00021047,0.0,1.376
6702341.0,-0.00153105,0.0,2.064
6702419.0,-0.01270541,0.0,1.376
6702497.0,0.01187829,0.0,2.064
6702575.0,-0.00559445,0.0,2.064
6702654.0,0.00314188,0.0,2.064
6702732.0,-0.00259766,0.0,1.376
6702810.0,-0.01732758,0.0,2.064
6702888.0,-0.00808332,0.0,1.376
6702966.0,-0.01306097,0.0,2.064
6703044.0,-0.00645794,0.0,2.064
6703122.0,0.00456413,0.0,2.064
6703200.0,-0.01372126,0.0,1.72
6703279.0,-0.0087436,0.0,2.064
6703357.0,0.01182745,0.0,1.72
6703435.0,0.01152265,0.0,2.064
6703513.0,-0.00356275,0.0,2.064
6703591.0,-0.00727059,0.0,2.064
6703669.0,-0.01367057,0.0,2.064
6703747.0,-0.02860369,0.0,2.064
6703825.0,0.00237992,0.0,2.064
6703903.0,0.00979575,0.0,2.064
6703982.0,-0.00036283,0.0,2.408
6704060.0,-0.00208981,0.0,2.064
6704138.0,0.00644347,0.0,2.064
6704216.0,-0.00889604,0.0,2.752
6704294.0,0.00862754,0.0,2.064
6704372.0,-0.00021047,0.0,2.064
6704450.0,-0.00320719,0.0,2.064
6704528.0,-0.00782935,0.0,2.064
6704606.0,-0.01763238,0.0,2.064
6704685.0,0.00212603,0.0,2.408
6704763.0,0.01131953,0.0,2.408
6704841.0,-0.01935935,0.0,2.064
6704919.0,0.00217679,0.0,2.064
6704997.0,-0.00310566,0.0,2.064
6705075.0,-0.00635642,0.0,2.064
6705153.0,0.00557991,0.0,1.72
6705231.0,-0.01113094,0.0,2.064
6705310.0,-0.000312,0.0,2.064
6705388.0,0.01599246,0.0,2.064
6705466.0,-0.00508653,0.0,2.408
6705544.0,0.00999888,0.0,2.064
6705622.0,-0.00366443,0.0,2.752
6705700.0,-0.01636256,0.0,2.064
6705778.0,0.00182131,0.0,2.752
6705856.0,-0.01245152,0.0,1.72
6705934.0,0.01203065,0.0,2.064
6706012.0,0.00959255,0.0,2.408
6706091.0,0.00100858,0.0,2.064
6706169.0,0.00730696,0.0,2.064
6706247.0,0.01233538,0.0,2.064
6706325.0,0.00090698,0.0,2.064
6706403.0,0.00552915,0.0,2.064
6706481.0,-0.02286399,0.0,2.064
6706559.0,-0.01087691,0.0,2.064
6706637.0,-0.0199688,0.0,1.72
6706716.0,0.01040528,0.0,1.72
6706794.0,0.00644347,0.0,2.064
6706872.0,-0.00564529,0.0,1.72
6706950.0,0.01010048,0.0,1.72
6707028.0,0.01203065,0.0,2.064
6707106.0,0.00349737,0.0,1.72
6707184.0,0.0240685,0.0,1.72
6707262.0,-0.01077538,0.0,2.408
6707341.0,-0.00325795,0.0,1.72
6707419.0,-0.01468642,0.0,2.064
6707497.0,0.00065302,0.0,2.064
6707575.0,-0.00554376,0.0,2.064
6707653.0,-0.02347359,0.0,1.72
6707731.0,-0.00422319,0.0,2.064
6707809.0,-0.00315642,0.0,2.064
6707887.0,-0.00330886,0.0,2.064
6707965.0,0.00227832,0.0,2.408
6708044.0,0.00725612,0.0,2.064
6708122.0,0.00502115,0.0,1.72
6708200.0,0.0043101,0.0,1.72
6708278.0,-0.00696594,0.0,2.064
6708356.0,-0.00341039,0.0,2.064
6708434.0,-0.01113094,0.0,2.064
6708512.0,0.00055142,0.0,2.064
6708590.0,-0.00026131,0.0,2.064
6708669.0,0.00903379,0.0,2.408
6708747.0,0.00253236,0.0,2.064
6708825.0,0.03006201,0.0,2.064
6708903.0,-0.01392446,0.0,1.72
6708981.0,0.00725612,0.0,1.72
6709059.0,-0.031702,0.0,2.064
6709137.0,0.00481802,0.0,1.72
6709215.0,-0.00198821,0.0,2.064
6709293.0,-0.00462944,0.0,2.408
6709372.0,0.01253858,0.0,2.408
6709450.0,-0.00564529,0.0,2.064
6709528.0,0.00309104,0.0,2.064
6709606.0,0.00974499,0.0,1.376
6709684.0,-0.00386755,0.0,3.096
6709762.0,0.01299567,0.0,2.064
6709840.0,-0.00117548,0.0,2.064
6709918.0,-0.00772783,0.0,2.064
6709996.0,0.01147189,0.0,1.376
6710074.0,0.00796725,0.0,2.064
6710153.0,0.00187207,0.0,1.376
6710231.0,-0.01199443,0.0,2.752
6710309.0,0.01253858,0.0,2.408
6710387.0,0.00893226,0.0,2.752
6710465.0,-0.00315642,0.0,2.064
6710543.0,0.01279254,0.0,1.376
6710621.0,-0.0117404,0.0,2.064
6710699.0,0.00090698,0.0,1.376
6710777.0,-0.01077538,0.0,2.064
6710856.0,-0.00229294,0.0,1.72
6710934.0,0.0375286,0.0,2.064
6711012.0,-0.01184192,0.0,3.096
6711090.0,-0.01585464,0.0,2.064
6711168.0,-0.01727681,0.0,2.064
6711246.0,0.00268479,0.0,2.064
6711324.0,-0.01778474,0.0,2.064
6711403.0,0.01512897,0.0,1.72
6711481.0,-0.01438162,0.0,2.064
6711559.0,-0.02357512,0.0,2.064
6711637.0,0.00578318,0.0,2.064
6711715.0,-0.00407068,0.0,2.064
6711793.0,-0.00666114,0.0,2.064
6711871.0,-0.00269926,0.0,2.064
6711949.0,-0.004985,0.0,2.064
6712027.0,-0.01925775,0.0,2.064
6712106.0,0.00171963,0.0,1.72
6712184.0,-0.01377217,0.0,2.064
6712262.0,-0.016007,0.0,2.064
6712340.0,-0.01737841,0.0,2.064
6712418.0,0.01294483,0.0,1.376
6712496.0,-0.02423541,0.0,2.064
6712574.0,0.00263396,0.0,2.064
6712652.0,0.00446253,0.0,1.72
6712730.0,-0.00219134,0.0,1.376
6712809.0,-0.016007,0.0,2.064
6712887.0,-0.01626096,0.0,1.376
6712965.0,-0.000312,0.0,2.064
6713043.0,0.01218302,0.0,1.376
6713121.0,-0.01748001,0.0,2.064
6713199.0,-0.01356897,0.0,1.72
6713277.0,0.01497661,0.0,2.064
6713355.0,-0.00615322,0.0,1.72
6713433.0,0.0240685,0.0,2.064
6713512.0,-0.02200058,0.0,2.408
6713590.0,-0.01692125,0.0,2.064
6713668.0,0.00649416,0.0,2.064
6713746.0,-0.00427388,0.0,2.064
6713824.0,0.00105934,0.0,2.064
6713902.0,0.00187207,0.0,1.72
6713980.0,-0.01290868,0.0,2.064
6714058.0,-0.01128323,0.0,2.064
6714136.0,0.00522442,0.0,2.064
6714215.0,0.00715445,0.0,2.408
6714293.0,-0.00508653,0.0,2.064
6714371.0,0.00954171,0.0,2.064
6714449.0,0.00527511,0.0,2.064
6714527.0,-0.00950557,0.0,2.064
6714605.0,-0.00381671,0.0,2.064
6714683.0,0.00705292,0.0,2.064
6714761.0,-0.01910539,0.0,2.408
6714840.0,-0.00452791,0.0,1.72
6714918.0,0.00385301,0.0,2.064
6714996.0,-0.00569605,0.0,1.72
6715074.0,-0.00315642,0.0,1.72
6715152.0,-0.01189276,0.0,2.064
6715230.0,-0.01468642,0.0,2.064
6715308.0,0.03158578,0.0,2.064
6715386.0,-0.00076916,0.0,1.72
6715464.0,0.00425926,0.0,1.72
6715543.0,-0.00762623,0.0,2.064
6715621.0,0.00166887,0.0,2.064
6715699.0,-0.00330886,0.0,1.376
6715777.0,0.01462097,0.0,2.752
6715855.0,0.00014517,0.0,2.064
6715933.0,-0.00214057,0.0,2.064
6716011.0,-0.0068135,0.0,2.064
6716089.0,-0.00671198,0.0,2.408
6716167.0,0.00227832,0.0,2.064
6716246.0,4.349e-05,0.0,2.408
6716324.0,-0.00513736,0.0,2.064
6716402.0,-0.00351199,0.0,2.752
6716480.0,0.00547831,0.0,2.064
6716558.0,0.00898303,0.0,2.408
6716636.0,-0.01478802,0.0,1.72
6716714.0,0.0215288,0.0,2.064
6716792.0,0.00705292,0.0,2.064
6716870.0,0.00700209,0.0,2.064
6716949.0,-0.00391831,0.0,1.376
6717027.0,-0.00300414,0.0,1.72
6717105.0,-0.00793103,0.0,2.064
6717183.0,-0.00767699,0.0,1.72
6717261.0,-0.00173425,0.0,2.064
6717339.0,-0.01118163,0.0,1.72
6717417.0,0.0041069,0.0,2.064
6717495.0,0.01538293,0.0,2.064
6717574.0,-0.00224217,0.0,2.064
6717652.0,-0.01509275,0.0,1.376
6717730.0,-0.02189898,0.0,2.064
6717808.0,0.01258934,0.0,2.064
6717886.0,-0.03053371,0.0,2.064
6717964.0,-0.01585464,0.0,2.064
6718042.0,-0.01285785,0.0,2.064
6718120.0,0.02381454,0.0,1.376
6718199.0,-0.00696594,0.0,2.064
6718277.0,-0.01499122,0.0,2.064
6718355.0,-0.01687056,0.0,2.064
6718433.0,-0.02977183,0.0,2.064
6718511.0,0.00314188,0.0,2.064
6718589.0,0.01319887,0.0,1.72
6718667.0,-5.803e-05,0.0,1.72
6718745.0,-0.00178509,0.0,2.408
6718823.0,-0.01235,0.0,1.376
6718902.0,-0.01067378,0.0,1.72
6718980.0,-0.00351199,0.0,2.752
6719058.0,0.01629718,0.0,2.752
6719136.0,0.01126876,0.0,2.064
6719214.0,-0.01097858,0.0,2.064
6719292.0,0.00491962,0.0,2.064
6719370.0,0.00095774,0.0,2.064
6719448.0,-0.00117548,0.0,2.064
6719526.0,-0.00544209,0.0,2.408
6719605.0,0.01223378,0.0,2.064
6719683.0,0.00273548,0.0,2.064
6719761.0,0.00867822,0.0,2.752
6719839.0,-0.01676896,0.0,1.72
6719917.0,0.00207519,0.0,2.064
6719995.0,-0.02525126,0.0,2.064
6720073.0,-0.01428002,0.0,2.064
6720151.0,-0.00671198,0.0,1.72
6720229.0,0.00349737,0.0,2.064
6720307.0,0.01096396,0.0,2.064
6720386.0,-0.0051882,0.0,2.064
6720464.0,-0.00986106,0.0,2.064
6720542.0,0.00974499,0.0,2.408
6720620.0,-0.00894688,0.0,2.064
6720698.0,0.01192905,0.0,2.064
6720776.0,0.00771321,0.0,2.064
6720854.0,0.00502115,0.0,2.408
6720933.0,-0.00772783,0.0,2.064
6721011.0,-0.01605784,0.0,2.752
6721089.0,-0.00747379,0.0,2.064
6721167.0,-0.00391831,0.0,2.064
6721245.0,-0.01280708,0.0,2.064
6721323.0,-0.0027501,0.0,2.064
6721401.0,-0.0009216,0.0,1.376
6721479.0,-0.01666729,0.0,2.064
6721557.0,0.01380839,0.0,2.064
6721636.0,-0.00341039,0.0,2.064
6721714.0,-0.00503576,0.0,2.408
6721792.0,-0.00081992,0.0,2.064
6721870.0,-0.00965786,0.0,2.064
6721948.0,-0.00341039,0.0,2.408
6722026.0,-0.00635642,0.0,2.064
6722104.0,0.00344661,0.0,2.064
6722182.0,-0.00625474,0.0,2.064
6722260.0,0.01421472,0.0,2.408
6722339.0,-0.0025469,0.0,2.064
6722417.0,0.0128433,0.0,1.72
6722495.0,0.00557991,0.0,2.064
6722573.0,-0.01133407,0.0,1.72
6722651.0,0.00984659,0.0,2.064
6722729.0,0.00700209,0.0,1.72
6722807.0,0.00903379,0.0,2.064
6722885.0,0.00050073,0.0,1.72
6722963.0,0.00446253,0.0,2.408
6723042.0,-0.01118163,0.0,2.064
6723120.0,-0.01473719,0.0,2.064
6723198.0,-0.01753085,0.0,1.72
6723276.0,-0.00523889,0.0,2.064
6723354.0,0.00933851,0.0,1.72
6723432.0,-0.01488962,0.0,2.064
6723510.0,-0.0141785,0.0,2.408
6723588.0,-0.03017823,0.0,1.72
6723667.0,0.01340199,0.0,2.064
6723745.0,0.00415773,0.0,2.064
6723823.0,0.00248159,0.0,1.72
6723901.0,0.00532595,0.0,1.72
6723979.0,0.00065302,0.0,2.408
6724057.0,0.01274163,0.0,1.72
6724135.0,-0.02067993,0.0,2.064
6724213.0,-0.00884528,0.0,2.408
6724291.0,-0.00036283,0.0,2.064
6724370.0,0.00171963,0.0,2.064
6724448.0,-0.00290246,0.0,2.064
6724526.0,-0.0025469,0.0,2.064
6724604.0,0.00827197,0.0,1.72
6724682.0,0.00720529,0.0,2.064
6724760.0,-0.00767699,0.0,2.408
6724838.0,-0.01687056,0.0,2.064
6724916.0,-0.01326417,0.0,2.064
6724994.0,-0.00615322,0.0,2.064
6725073.0,0.02422094,0.0,2.064
6725151.0,-0.00793103,0.0,1.72
6725229.0,0.00248159,0.0,2.408
6725307.0,-0.01742925,0.0,2.064
6725385.0,-0.00721983,0.0,2.064
6725463.0,0.0043101,0.0,2.064
6725541.0,0.00644347,0.0,2.064
6725619.0,0.00405613,0.0,2.064
6725698.0,0.00309104,0.0,2.064
6725776.0,0.01004971,0.0,2.064
6725854.0,-0.00788012,0.0,2.064
6725932.0,0.00532595,0.0,1.72
6726010.0,-0.01341653,0.0,2.752
6726088.0,0.00364981,0.0,2.408
6726166.0,0.00639263,0.0,2.064
6726244.0,0.00938943,0.0,2.064
6726322.0,0.0063418,0.0,2.064
6726400.0,-0.00427388,0.0,2.064
6726479.0,-0.00219134,0.0,2.064
6726557.0,-0.0386606,0.0,2.408
6726635.0,0.01121785,0.0,1.72
6726713.0,-7.27e-06,0.0,2.408
6726791.0,0.00339584,0.0,2.752
6726869.0,0.00304028,0.0,2.064
6726947.0,-0.00208981,0.0,2.064
6727025.0,-0.00239454,0.0,2.408
6727103.0,-0.00848964,0.0,2.064
6727182.0,0.00405613,0.0,2.408
6727260.0,0.00552915,0.0,2.064
6727338.0,0.00415773,0.0,2.064
6727416.0,0.00288792,0.0,2.064
6727494.0,-0.01590532,0.0,2.408
6727572.0,0.00923699,0.0,1.72
6727650.0,-0.01961332,0.0,2.064
6727728.0,-0.00137861,0.0,2.064
6727807.0,-0.0070167,0.0,2.064
6727885.0,0.00954171,0.0,2.064
6727963.0,-0.01854663,0.0,2.064
6728041.0,-0.0087436,0.0,2.064
6728119.0,0.01045604,0.0,2.064
6728197.0,0.01507821,0.0,2.064
6728275.0,-0.01006426,0.0,1.72
6728354.0,0.00883074,0.0,1.72
6728432.0,-0.00554376,0.0,1.72
6728510.0,0.02163048,0.0,2.064
6728588.0,0.01172593,0.0,1.376
6728666.0,-0.00239454,0.0,2.064
6728744.0,-0.00508653,0.0,1.72
6728822.0,-0.00965786,0.0,2.064
6728900.0,0.00827197,0.0,1.376
6728978.0,-0.01504199,0.0,2.064
6729056.0,0.00583387,0.0,2.064
6729135.0,-0.02575918,0.0,2.064
6729213.0,-0.01697209,0.0,2.408
6729291.0,0.01350359,0.0,2.408
6729369.0,0.00578318,0.0,2.408
6729447.0,-0.00818492,0.0,2.064
6729525.0,0.01771936,0.0,2.064
6729603.0,-0.0139753,0.0,1.72
6729681.0,0.01710998,0.0,2.064
6729759.0,-0.00158189,0.0,2.064
6729838.0,0.01436716,0.0,2.064
6729916.0,-0.01356897,0.0,2.064
6729994.0,0.00705292,0.0,2.064
6730072.0,-0.01235,0.0,2.064
6730150.0,-0.0004136,0.0,2.064
6730228.0,-0.01163887,0.0,2.064
6730306.0,0.00085622,0.0,2.064
6730384.0,0.01116716,0.0,2.064
6730462.0,0.01025284,0.0,2.408
6730541.0,0.01091313,0.0,2.064
6730619.0,0.01401152,0.0,2.064
6730697.0,-0.00335955,0.0,2.064
6730775.0,0.01203065,0.0,2.064
6730853.0,-0.00742295,0.0,1.376
6730931.0,-0.01057218,0.0,2.064
6731009.0,-0.02535293,0.0,2.064
6731088.0,-0.00325795,0.0,2.064
6731166.0,-0.00102312,0.0,2.064
6731244.0,-0.00071832,0.0,1.72
6731322.0,0.00425926,0.0,2.064
6731400.0,-0.00305482,0.0,1.72
6731478.0,-0.00955633,0.0,2.064
6731556.0,-0.01753085,0.0,2.064
6731634.0,0.00232923,0.0,2.408
6731712.0,9.425e-05,0.0,2.752
6731791.0,-0.01483879,0.0,2.752
6731869.0,-0.00782935,0.0,2.064
6731947.0,-0.01387377,0.0,2.408
6732025.0,-0.00198821,0.0,2.064
6732103.0,0.00872906,0.0,2.408
6732181.0,0.01726227,0.0,2.064
6732259.0,-0.00859132,0.0,3.096
6732337.0,-0.0084388,0.0,2.064
6732415.0,-0.00239454,0.0,2.064
6732494.0,-0.00960717,0.0,2.064
6732572.0,0.00136414,0.0,2.064
6732650.0,-0.00513736,0.0,2.064
6732728.0,-0.01270541,0.0,2.064
6732806.0,-0.00513736,0.0,2.064
6732884.0,0.00903379,0.0,2.064
6732962.0,0.01253858,0.0,2.752
6733040.0,-0.01168963,0.0,2.064
6733118.0,-0.00549293,0.0,2.064
6733197.0,0.0013133,0.0,1.72
6733275.0,0.00095774,0.0,2.064
6733353.0,-0.00229294,0.0,2.064
6733431.0,-0.01326417,0.0,2.064
6733509.0,-0.00127709,0.0,2.408
6733587.0,-0.00782935,0.0,2.064
6733665.0,0.00497038,0.0,2.064
6733743.0,-0.00645794,0.0,2.064
6733821.0,-0.00229294,0.0,2.064
6733900.0,-0.01062294,0.0,2.064
6733978.0,0.00090698,0.0,1.376
6734056.0,-0.0066103,0.0,2.064
6734134.0,-0.00981037,0.0,2.064
6734212.0,-0.01549907,0.0,2.408
6734290.0,-0.00462944,0.0,1.376
6734368.0,0.01076076,0.0,2.408
6734446.0,-0.00021047,0.0,2.064
6734525.0,-0.01905463,0.0,1.72
6734603.0,-0.00970869,0.0,1.376
6734681.0,-5.803e-05,0.0,2.064
6734759.0,-0.01915615,0.0,2.064
6734837.0,0.02493207,0.0,2.064
6734915.0,-0.01092775,0.0,2.064
6734993.0,-0.00300414,0.0,2.064
6735071.0,-0.01260388,0.0,2.064
6735150.0,-0.01549907,0.0,2.064
6735228.0,-0.00970869,0.0,2.408
6735306.0,-0.00793103,0.0,2.064
6735384.0,0.0173638,0.0,2.064
6735462.0,-0.00198821,0.0,2.408
6735540.0,0.00151651,0.0,2.064
6735618.0,0.01269094,0.0,2.408
6735696.0,0.01040528,0.0,1.72
6735774.0,-0.00945481,0.0,2.064
6735852.0,-0.00381671,0.0,2.064
6735931.0,0.0069514,0.0,2.064
6736009.0,-0.00650878,0.0,2.064
6736087.0,0.01594169,0.0,2.064
6736165.0,-0.00706754,0.0,2.064
6736243.0,0.01573849,0.0,2.064
6736321.0,-0.01189276,0.0,2.064
6736399.0,-0.00950557,0.0,2.064
6736477.0,0.00263396,0.0,2.064
6736555.0,-0.02398152,0.0,1.72
6736634.0,0.0051229,0.0,2.064
6736712.0,0.00070385,0.0,2.408
6736790.0,0.00959255,0.0,2.064
6736868.0,0.00283708,0.0,2.408
6736946.0,0.00832266,0.0,2.064
6737024.0,-0.01062294,0.0,3.096
6737102.0,0.00827197,0.0,2.064
6737180.0,0.00959255,0.0,2.408
6737258.0,-0.0253021,0.0,2.064
6737337.0,-0.01438162,0.0,2.408
6737415.0,-0.01163887,0.0,2.064
6737493.0,-0.00554376,0.0,2.408
6737571.0,0.00867822,0.0,2.064
6737649.0,-0.0011248,0.0,2.752
6737727.0,0.0014149,0.0,2.064
6737805.0,-0.0011248,0.0,2.064
6737883.0,0.00329424,0.0,2.064
6737962.0,0.00171963,0.0,2.064
6738040.0,0.00298952,0.0,2.064
6738118.0,-0.00564529,0.0,2.064
6738196.0,0.00293868,0.0,2.064
6738274.0,0.00928783,0.0,2.064
6738352.0,-0.00600078,0.0,1.72
6738430.0,-0.01168963,0.0,2.064
6738508.0,-0.00589918,0.0,2.408
6738587.0,-0.00396915,0.0,1.72
6738665.0,-0.02296559,0.0,2.408
6738743.0,-0.00107388,0.0,2.064
6738821.0,-0.00930229,0.0,2.064
6738899.0,-0.027537,0.0,1.72
6738977.0,-0.04043834,0.0,2.064
6739055.0,-0.00955633,0.0,1.376
6739133.0,0.0090847,0.0,2.064
6739211.0,-0.00554376,0.0,2.064
6739290.0,-0.00234385,0.0,2.064
6739368.0,-0.0158038,0.0,2.064
6739446.0,-0.00965786,0.0,1.72
6739524.0,-0.01001342,0.0,2.064
6739602.0,-0.00823575,0.0,1.72
6739680.0,0.00969408,0.0,1.72
6739758.0,0.00065302,0.0,2.064
6739836.0,-0.01895303,0.0,2.064
6739914.0,0.00751001,0.0,2.064
6739993.0,-0.00595001,0.0,2.064
6740071.0,-0.0115372,0.0,2.064
6740149.0,0.00268479,0.0,1.376
6740227.0,-0.00432471,0.0,2.064
6740305.0,0.006545,0.0,2.064
6740383.0,-0.01565151,0.0,2.064
6740461.0,0.02081782,0.0,2.408
6740539.0,-0.00833728,0.0,2.064
6740617.0,-0.01057218,0.0,2.064
6740696.0,0.00481802,0.0,2.064
6740774.0,0.00034829,0.0,1.72
6740852.0,0.00481802,0.0,1.72
6740930.0,0.00050073,0.0,2.064
6741008.0,0.00425926,0.0,2.064
6741086.0,-0.00107388,0.0,2.064
6741164.0,-0.00676267,0.0,2.408
6741243.0,-0.0253021,0.0,2.064
6741321.0,0.00578318,0.0,2.064
6741399.0,0.00639263,0.0,2.064
6741477.0,0.01116716,0.0,1.72
6741555.0,4.349e-05,0.0,2.064
6741633.0,-0.02387984,0.0,2.408
6741711.0,0.00872906,0.0,2.408
6741789.0,-0.01742925,0.0,2.408
6741867.0,-0.0045786,0.0,1.376
6741945.0,0.00735765,0.0,2.064
6742024.0,0.0124369,0.0,2.064
6742102.0,-0.00168349,0.0,2.408
6742180.0,-0.01829266,0.0,2.064
6742258.0,0.0063418,0.0,2.064
6742336.0,-0.01163887,0.0,2.408
6742414.0,-0.0187499,0.0,2.064
6742492.0,0.00786565,0.0,2.064
6742570.0,-0.000312,0.0,2.752
6742649.0,9.425e-05,0.0,2.064
6742727.0,-0.01229916,0.0,2.752
6742805.0,-0.01854663,0.0,2.408
6742883.0,-0.01067378,0.0,1.376
6742961.0,-0.00056603,0.0,2.064
6743039.0,-0.00757539,0.0,2.408
6743117.0,-0.0141785,0.0,2.064
6743195.0,-0.00401991,0.0,2.752
6743273.0,0.00832266,0.0,2.064
6743351.0,0.01010048,0.0,3.096
6743430.0,-0.01885143,0.0,2.064
6743508.0,0.00532595,0.0,1.72
6743586.0,0.00146574,0.0,2.064
6743664.0,-0.0005152,0.0,1.72
6743742.0,0.01121785,0.0,2.752
6743820.0,0.00202451,0.0,2.064
6743898.0,0.0045133,0.0,1.72
6743976.0,0.00756085,0.0,1.376
6744054.0,-0.00595001,0.0,2.064
6744133.0,0.02538908,0.0,1.72
6744211.0,-0.00894688,0.0,2.064
6744289.0,0.00207519,0.0,1.72
6744367.0,-0.00676267,0.0,2.064
6744445.0,-0.00915001,0.0,1.376
6744523.0,-0.00620405,0.0,2.064
6744601.0,-0.00153105,0.0,1.72
6744679.0,0.0198019,0.0,2.064
6744758.0,-0.02123869,0.0,2.752
6744836.0,0.00370057,0.0,2.064
6744914.0,0.01065924,0.0,2.408
6744992.0,0.00212603,0.0,2.064
6745070.0,0.01523057,0.0,2.064
6745148.0,0.00019585,0.0,2.064
6745226.0,0.00268479,0.0,2.064
6745304.0,-0.01880059,0.0,2.064
6745383.0,-0.00107388,0.0,2.064
6745461.0,-0.01285785,0.0,2.064
6745539.0,-0.01128323,0.0,2.064
6745617.0,-0.00158189,0.0,2.064
6745695.0,0.01218302,0.0,2.064
6745773.0,-0.01443246,0.0,2.064
6745851.0,0.00370057,0.0,1.72
6745929.0,-0.02149273,0.0,1.72
6746007.0,-0.0045786,0.0,2.752
6746085.0,0.02249396,0.0,2.064
6746164.0,-0.00021047,0.0,2.064
6746242.0,0.00842434,0.0,2.064
6746320.0,0.00100858,0.0,2.064
6746398.0,-0.01615936,0.0,2.064
6746476.0,0.01385915,0.0,1.72
6746554.0,-0.01011509,0.0,2.064
6746632.0,-0.00026131,0.0,2.064
6746710.0,-0.00757539,0.0,3.096
6746788.0,0.01436716,0.0,2.064
6746867.0,-0.02311803,0.0,2.064
6746945.0,-0.00655954,0.0,2.064
6747023.0,-0.02184814,0.0,2.064
6747101.0,0.00029745,0.0,1.72
6747179.0,-0.01793718,0.0,2.408
6747257.0,-0.02946703,0.0,2.408
6747335.0,-0.00396915,0.0,2.408
6747413.0,-0.00173425,0.0,2.064
6747492.0,-0.02113709,0.0,2.064
6747570.0,0.01131953,0.0,2.064
6747648.0,-0.01036906,0.0,2.064
6747726.0,0.00796725,0.0,2.064
6747804.0,0.02503359,0.0,2.408
6747882.0,0.00329424,0.0,2.064
6747960.0,0.00080545,0.0,3.44
6748039.0,-0.01057218,0.0,2.064
6748117.0,-0.00564529,0.0,2.064
6748195.0,0.0091863,0.0,2.064
6748273.0,-0.00264857,0.0,2.064
6748351.0,0.00730696,0.0,1.72
6748429.0,-0.00605169,0.0,2.064
6748507.0,-0.01443246,0.0,1.376
6748585.0,-0.00625474,0.0,2.064
6748663.0,-0.00955633,0.0,2.408
6748742.0,-0.00600078,0.0,2.408
6748820.0,-0.00127709,0.0,2.064
6748898.0,0.00105934,0.0,2.064
6748976.0,0.00781481,0.0,2.064
6749054.0,-0.00122632,0.0,2.064
6749132.0,-0.01245152,0.0,2.064
6749210.0,0.00588471,0.0,2.408
6749288.0,-0.00214057,0.0,2.064
6749366.0,-0.00838812,0.0,2.064
6749445.0,-0.01001342,0.0,2.064
6749523.0,-0.01428002,0.0,2.064
6749601.0,-0.00823575,0.0,1.72
6749679.0,0.01370679,0.0,2.064
6749757.0,-0.02022277,0.0,2.064
6749835.0,0.00466566,0.0,1.376
6749913.0,0.00177047,0.0,2.064
6749991.0,-0.00798172,0.0,2.064
6750069.0,-0.01295945,0.0,2.064
6750147.0,-0.01808961,0.0,1.376
6750226.0,-0.00132792,0.0,2.064
6750304.0,0.00298952,0.0,1.72
6750382.0,-0.00188661,0.0,2.064
6750460.0,-0.00859132,0.0,2.064
6750538.0,0.00207519,0.0,2.064
6750616.0,-0.00782935,0.0,2.064
6750694.0,-0.00569605,0.0,2.064
6750772.0,0.00893226,0.0,2.064
6750851.0,0.00852594,0.0,1.72
6750929.0,-0.00574696,0.0,2.408
6751007.0,-0.00198821,0.0,2.064
6751085.0,-0.01605784,0.0,2.064
6751163.0,-0.00361359,0.0,2.408
6751241.0,0.00471642,0.0,2.064
6751319.0,-0.01092775,0.0,1.72
6751397.0,-0.00168349,0.0,1.376
6751476.0,0.00964331,0.0,2.408
6751554.0,0.03051925,0.0,1.72
6751632.0,-0.01326417,0.0,2.064
6751710.0,0.00375141,0.0,2.752
6751788.0,0.00222763,0.0,2.064
6751866.0,-0.00488348,0.0,1.72
6751944.0,0.00537671,0.0,2.408
6752022.0,0.00649416,0.0,2.064
6752100.0,0.00715445,0.0,2.064
6752179.0,-0.02931474,0.0,2.408
6752257.0,0.00578318,0.0,2.408
6752335.0,0.00730696,0.0,2.408
6752413.0,-0.00117548,0.0,2.064
6752491.0,-0.01849587,0.0,2.064
6752569.0,-0.00234385,0.0,2.408
6752647.0,-0.00696594,0.0,2.064
6752725.0,-0.00539133,0.0,2.064
6752803.0,-0.02707991,0.0,2.064
6752882.0,-0.01245152,0.0,2.408
6752960.0,0.00288792,0.0,2.408
6753038.0,-0.0028517,0.0,2.408
6753116.0,0.00679888,0.0,2.064
6753194.0,-0.01570227,0.0,2.064
6753272.0,0.006545,0.0,2.064
6753350.0,0.00014517,0.0,2.752
6753428.0,-0.00473096,0.0,2.064
6753506.0,0.00700209,0.0,2.408
6753585.0,-0.00280086,0.0,2.064
6753663.0,-0.01077538,0.0,2.064
6753741.0,-0.01067378,0.0,2.064
6753819.0,-0.01148651,0.0,2.064
6753897.0,0.00324356,0.0,2.064
6753975.0,-0.02464181,0.0,2.064
6754053.0,0.01441792,0.0,2.064
6754131.0,0.01710998,0.0,2.064
6754209.0,-0.00249614,0.0,2.064
6754288.0,0.00243076,0.0,2.064
6754366.0,-0.00442624,0.0,2.064
6754444.0,-0.01011509,0.0,2.064
6754522.0,-0.0070167,0.0,2.064
6754600.0,-0.00097236,0.0,1.032
6754678.0,0.01004971,0.0,2.064
6754756.0,-0.00427388,0.0,1.72
6754835.0,0.0128433,0.0,2.064
6754913.0,0.0045133,0.0,2.064
6754991.0,-0.01316265,0.0,2.064
6755069.0,-0.00970869,0.0,1.72
6755147.0,-0.00549293,0.0,1.376
6755225.0,-0.02108626,0.0,1.376
6755303.0,0.00111018,0.0,2.064
6755381.0,0.02645584,0.0,1.72
6755459.0,0.00705292,0.0,2.408
6755537.0,0.00573235,0.0,1.72
6755616.0,-0.00462944,0.0,2.064
6755694.0,0.00329424,0.0,2.064
6755772.0,-0.00833728,0.0,2.064
6755850.0,-0.00559445,0.0,1.72
6755928.0,-0.02139105,0.0,2.064
6756006.0,-0.01260388,0.0,2.408
6756084.0,-0.00335955,0.0,2.064
6756162.0,-0.01021662,0.0,2.064
6756240.0,0.00273548,0.0,2.064
6756319.0,-0.00986106,0.0,2.064
6756397.0,-0.01179123,0.0,2.064
6756475.0,-0.01113094,0.0,2.064
6756553.0,0.00811954,0.0,2.064
6756631.0,-0.00564529,0.0,2.064
6756709.0,0.00380217,0.0,2.408
6756787.0,-0.01783558,0.0,1.72
6756865.0,0.00791641,0.0,1.72
6756943.0,0.00237992,0.0,1.376
6757022.0,-0.00930229,0.0,2.064
6757100.0,-0.01575304,0.0,1.72
6757178.0,0.00923699,0.0,1.72
6757256.0,-0.00330886,0.0,2.064
6757334.0,-0.00676267,0.0,2.064
6757412.0,-0.0025469,0.0,2.064
6757490.0,-0.00788012,0.0,2.064
6757568.0,0.00557991,0.0,2.064
6757647.0,0.00817037,0.0,2.064
6757725.0,-0.00396915,0.0,2.064
6757803.0,0.00862754,0.0,2.064
6757881.0,0.01050688,0.0,1.72
6757959.0,-0.00351199,0.0,2.064
6758037.0,-0.00417228,0.0,2.064
6758115.0,-0.00396915,0.0,2.064
6758193.0,0.00893226,0.0,1.72
6758272.0,-0.00960717,0.0,2.752
6758350.0,-0.00650878,0.0,2.064
6758428.0,0.03199219,0.0,2.408
6758506.0,-0.00894688,0.0,2.064
6758584.0,-0.00777852,0.0,2.408
6758662.0,-0.00122632,0.0,2.064
6758740.0,0.00664667,0.0,2.408
6758818.0,-0.00788012,0.0,2.064
6758896.0,-0.0043754,0.0,2.408
6758975.0,-0.01001342,0.0,2.064
6759053.0,-0.01666729,0.0,2.064
6759131.0,0.0045133,0.0,2.064
6759209.0,0.00060225,0.0,2.064
6759287.0,-0.00589918,0.0,2.064
6759365.0,0.00563067,0.0,2.064
6759443.0,0.00852594,0.0,2.408
6759521.0,-0.01402598,0.0,2.408
6759599.0,-0.004985,0.0,2.408
6759678.0,0.00888142,0.0,1.72
6759756.0,-0.00320719,0.0,1.376
6759834.0,0.00044989,0.0,1.72
6759912.0,-0.00757539,0.0,1.72
6759990.0,-0.00295322,0.0,2.064
6760068.0,-0.00539133,0.0,2.408
6760146.0,0.00756085,0.0,2.064
6760224.0,0.00243076,0.0,1.72
6760302.0,0.0090847,0.0,1.032
6760381.0,0.00745925,0.0,2.064
6760459.0,-0.00280086,0.0,1.376
6760537.0,0.026405,0.0,1.72
6760615.0,0.00177047,0.0,2.752
6760693.0,-0.01595624,0.0,2.752
6760771.0,-0.0045786,0.0,2.064
6760849.0,-0.01280708,0.0,1.72
6760927.0,-0.01636256,0.0,1.72
6761006.0,-0.00569605,0.0,1.72
6761084.0,-0.0011248,0.0,2.064
6761162.0,0.01411312,0.0,2.064
6761240.0,-0.00142952,0.0,2.064
6761318.0,-0.01707369,0.0,2.064
6761396.0,-0.01539747,0.0,1.376
6761474.0,0.00248159,0.0,2.064
6761552.0,0.00542762,0.0,2.064
6761630.0,-0.02200058,0.0,2.064
6761709.0,-0.01138483,0.0,2.064
6761787.0,0.01578933,0.0,1.72
6761865.0,-0.00401991,0.0,2.064
6761943.0,-0.00655954,0.0,2.064
6762021.0,0.01396068,0.0,2.064
6762099.0,-0.016007,0.0,2.064
6762177.0,0.00314188,0.0,2.064
6762255.0,0.00146574,0.0,2.064
6762333.0,0.00060225,0.0,2.064
6762412.0,-0.00940389,0.0,2.064
6762490.0,-0.00361359,0.0,2.064
6762568.0,-0.03007663,0.0,2.064
6762646.0,-0.00620405,0.0,1.376
6762724.0,-0.00188661,0.0,2.408
6762802.0,0.00080545,0.0,2.064
6762880.0,0.006545,0.0,2.064
6762958.0,-0.00640725,0.0,2.408
6763036.0,-0.00975953,0.0,2.408
6763115.0,0.00090698,0.0,2.064
6763193.0,-0.00889604,0.0,2.408
6763271.0,-0.01925775,0.0,2.064
6763349.0,-0.00930229,0.0,2.408
6763427.0,-0.02327032,0.0,2.064
6763505.0,-0.02164502,0.0,2.752
6763583.0,0.01091313,0.0,2.064
6763661.0,0.00263396,0.0,2.064
6763739.0,9.425e-05,0.0,2.064
6763818.0,-0.00488348,0.0,2.064
6763896.0,-0.02042597,0.0,2.064
6763974.0,0.01370679,0.0,2.064
6764052.0,0.00222763,0.0,2.064
6764130.0,-0.00219134,0.0,2.064
6764208.0,0.01893841,0.0,2.064
6764286.0,0.0106084,0.0,2.064
6764364.0,-0.01285785,0.0,2.064
6764443.0,0.00400537,0.0,1.72
6764521.0,-0.01951172,0.0,2.064
6764599.0,-0.00346115,0.0,1.72
6764677.0,-0.00666114,0.0,2.064
6764755.0,-0.02398152,0.0,1.72
6764833.0,-0.00214057,0.0,2.064
6764911.0,-0.00071832,0.0,2.064
6764989.0,-0.0119436,0.0,2.064
6765068.0,-0.00823575,0.0,1.72
6765146.0,0.00994811,0.0,1.376
6765224.0,-0.02123869,0.0,2.408
6765302.0,-0.01544831,0.0,1.72
6765380.0,0.00217679,0.0,2.064
6765458.0,-0.027537,0.0,2.752
6765536.0,-0.00854048,0.0,1.72
6765614.0,-0.02073077,0.0,1.72
6765692.0,-0.01280708,0.0,2.064
6765771.0,-0.00087076,0.0,2.064
6765849.0,0.00111018,0.0,2.064
6765927.0,0.02168124,0.0,2.064
6766005.0,-0.00442624,0.0,2.408
6766083.0,-7.27e-06,0.0,1.72
6766161.0,0.01294483,0.0,1.72
6766239.0,-0.00203897,0.0,1.72
6766317.0,-0.00081992,0.0,2.064
6766395.0,-0.00854048,0.0,1.032
6766473.0,-0.01189276,0.0,1.72
6766552.0,-0.00193737,0.0,1.72
6766630.0,-0.0115372,0.0,2.064
6766708.0,-0.01108011,0.0,2.064
6766786.0,-0.01732758,0.0,2.064
6766864.0,0.0091863,0.0,2.064
6766942.0,0.0045133,0.0,2.408
6767020.0,-0.00224217,0.0,2.064
6767098.0,0.0045133,0.0,2.064
6767177.0,0.01644962,0.0,2.752
6767255.0,0.00293868,0.0,2.408
6767333.0,0.00126254,0.0,1.72
6767411.0,9.425e-05,0.0,2.064
6767489.0,0.01421472,0.0,2.408
6767567.0,-0.01270541,0.0,2.064
6767645.0,0.00263396,0.0,2.408
6767723.0,-0.00549293,0.0,2.064
6767802.0,0.02686209,0.0,1.72
6767880.0,0.01472264,0.0,2.064
6767958.0,-0.01184192,0.0,2.752
6768036.0,0.00319264,0.0,1.72
6768114.0,-0.00589918,0.0,2.064
6768192.0,-0.00137861,0.0,2.064
6768270.0,0.00446253,0.0,2.064
6768348.0,0.02147811,0.0,1.032
6768427.0,-0.02276247,0.0,2.064
6768505.0,-0.00975953,0.0,2.408
6768583.0,-0.00920077,0.0,1.376
6768661.0,-0.00015956,0.0,2.064
6768739.0,-0.02382908,0.0,2.408
6768817.0,0.0067482,0.0,2.064
6768895.0,-0.01113094,0.0,2.064
6768973.0,-0.00620405,0.0,2.064
6769051.0,-0.01438162,0.0,2.064
6769129.0,0.00679888,0.0,2.064
6769208.0,-0.00066756,0.0,2.408
6769286.0,-0.0140769,0.0,2.064
6769364.0,-0.00539133,0.0,2.064
6769442.0,0.00522442,0.0,2.064
6769520.0,-0.01925775,0.0,1.376
6769598.0,-0.00193737,0.0,1.72
6769676.0,0.02564304,0.0,2.064
6769754.0,-0.00097236,0.0,2.064
6769832.0,0.00730696,0.0,2.064
6769911.0,0.00314188,0.0,2.064
6769989.0,-0.01585464,0.0,2.064
6770067.0,-0.00366443,0.0,2.064
6770145.0,0.00268479,0.0,1.72
6770223.0,-0.00026131,0.0,2.064
6770301.0,-0.00193737,0.0,2.064
6770379.0,-0.0203752,0.0,2.064
6770457.0,0.00126254,0.0,2.064
6770535.0,-0.00610238,0.0,2.064
6770614.0,0.01004971,0.0,1.72
6770692.0,-0.00615322,0.0,2.064
6770770.0,0.00781481,0.0,2.064
6770848.0,-0.01077538,0.0,2.064
6770926.0,0.00461482,0.0,2.064
6771004.0,0.00202451,0.0,2.064
6771082.0,0.00395453,0.0,2.064
6771161.0,-0.00117548,0.0,2.064
6771239.0,-0.00173425,0.0,2.064
6771317.0,-0.01793718,0.0,2.064
6771395.0,-0.00564529,0.0,2.064
6771473.0,0.00684972,0.0,2.064
6771551.0,-0.01509275,0.0,2.064
6771629.0,-0.01108011,0.0,2.064
6771707.0,0.00806877,0.0,2.064
6771785.0,0.010202,0.0,2.064
6771864.0,-0.00539133,0.0,2.064
6771942.0,-0.00183577,0.0,2.064
6772020.0,-0.01240068,0.0,2.064
6772098.0,-0.00330886,0.0,2.064
6772176.0,0.03443021,0.0,2.064
6772254.0,0.00532595,0.0,3.096
6772332.0,-0.00280086,0.0,2.064
6772410.0,-0.01463559,0.0,2.408
6772488.0,0.00085622,0.0,2.064
6772567.0,-0.01199443,0.0,2.408
6772645.0,0.01350359,0.0,1.72
6772723.0,-0.00823575,0.0,2.408
6772801.0,-0.00655954,0.0,2.064
6772879.0,-0.01742925,0.0,2.064
6772957.0,-0.00310566,0.0,2.064
6773035.0,-0.02474333,0.0,2.064
6773113.0,-0.00655954,0.0,2.064
6773191.0,0.00364981,0.0,2.752
6773270.0,-0.0141785,0.0,2.064
6773348.0,-0.02113709,0.0,1.72
6773426.0,-0.00300414,0.0,2.064
6773504.0,-0.00965786,0.0,3.096
6773582.0,-0.00788012,0.0,1.72
6773660.0,0.00507206,0.0,2.064
6773738.0,0.01086229,0.0,1.72
6773816.0,0.00344661,0.0,1.72
6773894.0,-0.01712438,0.0,2.064
6773973.0,-0.01438162,0.0,2.064
6774051.0,-0.00310566,0.0,2.064
6774129.0,-0.00219134,0.0,1.376
6774207.0,-0.01077538,0.0,2.752
6774285.0,-0.00239454,0.0,2.064
6774363.0,-0.01275625,0.0,2.064
6774441.0,-0.00295322,0.0,2.064
6774519.0,0.00222763,0.0,2.064
6774597.0,0.00212603,0.0,1.376
6774676.0,-0.01554991,0.0,2.064
6774754.0,-0.0028517,0.0,2.752
6774832.0,-0.00721983,0.0,2.064
6774910.0,-0.01565151,0.0,2.064
6774988.0,-0.00193737,0.0,2.064
6775066.0,0.00370057,0.0,2.064
6775144.0,-0.00554376,0.0,1.72
6775222.0,-0.00706754,0.0,2.064
6775300.0,-0.00600078,0.0,1.72
6775379.0,-0.00493416,0.0,2.064
6775457.0,0.01848132,0.0,2.752
6775535.0,-0.01179123,0.0,1.72
6775613.0,0.00446253,0.0,1.72
6775691.0,-0.00026131,0.0,2.064
6775769.0,-0.00158189,0.0,2.064
6775847.0,-0.00076916,0.0,1.72
6775925.0,0.0090847,0.0,2.064
6776004.0,-0.01910539,0.0,1.72
6776082.0,0.00100858,0.0,2.064
6776160.0,0.02310341,0.0,2.064
6776238.0,-0.004985,0.0,1.72
6776316.0,-0.000312,0.0,1.72
6776394.0,-0.00564529,0.0,1.72
6776472.0,-0.00259766,0.0,1.72
6776550.0,0.02274785,0.0,2.064
6776628.0,-0.00305482,0.0,2.064
6776707.0,0.00390385,0.0,2.752
6776785.0,-0.00163265,0.0,2.064
6776863.0,0.00801794,0.0,2.064
6776941.0,-0.00071832,0.0,2.064
6777019.0,0.00050073,0.0,2.064
6777097.0,0.00471642,0.0,1.72
6777175.0,-0.01204512,0.0,2.408
6777253.0,0.02310341,0.0,3.096
6777331.0,-0.00015956,0.0,2.408
6777410.0,-0.00320719,0.0,2.064
6777488.0,-0.01869906,0.0,2.408
6777566.0,-0.00295322,0.0,2.064
6777644.0,-0.00087076,0.0,2.408
6777722.0,-0.0025469,0.0,2.064
6777800.0,0.00745925,0.0,2.064
6777878.0,0.00385301,0.0,2.064
6777956.0,-0.004477,0.0,2.752
6778034.0,0.01426541,0.0,2.064
6778113.0,-0.00046443,0.0,2.064
6778191.0,0.00090698,0.0,2.064
6778269.0,-0.01671812,0.0,2.064
6778347.0,-0.00386755,0.0,2.064
6778425.0,0.00156727,0.0,1.72
6778503.0,0.00679888,0.0,2.064
6778581.0,-0.01478802,0.0,2.064
6778659.0,0.00044989,0.0,2.064
6778738.0,-0.01311181,0.0,1.72
6778816.0,-0.01763238,0.0,2.064
6778894.0,-7.27e-06,0.0,2.064
6778972.0,-0.00102312,0.0,1.72
6779050.0,-0.01209596,0.0,2.064
6779128.0,-0.00955633,0.0,2.064
6779206.0,-0.00935313,0.0,2.064
6779284.0,0.01726227,0.0,2.064
6779363.0,-0.02194974,0.0,1.72
6779441.0,-0.01316265,0.0,2.408
6779519.0,0.00557991,0.0,1.72
6779597.0,-0.00671198,0.0,1.72
6779675.0,-0.0115372,0.0,1.72
6779753.0,-0.00234385,0.0,2.064
6779831.0,-0.00188661,0.0,1.72
6779909.0,0.00304028,0.0,2.064
6779987.0,-0.00737227,0.0,1.72
6780066.0,-0.0006168,0.0,2.064
6780144.0,0.00786565,0.0,2.064
6780222.0,0.01091313,0.0,2.064
6780300.0,-0.0051882,0.0,2.064
6780378.0,-0.01387377,0.0,2.064
6780456.0,-0.01031814,0.0,2.064
6780534.0,-0.01097858,0.0,2.064
6780612.0,-0.00219134,0.0,2.064
6780690.0,-0.01438162,0.0,2.064
6780769.0,0.00029745,0.0,2.064
6780847.0,-0.00960717,0.0,1.72
6780925.0,-0.00381671,0.0,2.064
6781003.0,0.01477348,0.0,2.064
6781081.0,-0.00346115,0.0,2.064
6781159.0,-0.00589918,0.0,2.408
6781237.0,-0.00168349,0.0,2.064
6781315.0,0.01614475,0.0,2.064
6781394.0,-0.00346115,0.0,2.064
6781472.0,-0.01011509,0.0,2.064
6781550.0,0.00085622,0.0,2.064
6781628.0,0.00938943,0.0,2.408
6781706.0,-0.00828659,0.0,2.408
6781784.0,0.00278632,0.0,2.064
6781862.0,-0.00122632,0.0,2.064
6781940.0,0.00811954,0.0,2.408
6782019.0,0.00644347,0.0,2.064
6782097.0,0.0063418,0.0,2.064
6782175.0,-0.00711823,0.0,2.064
6782253.0,-0.00021047,0.0,2.064
6782331.0,-0.01722605,0.0,2.064
6782409.0,-0.00168349,0.0,2.064
6782487.0,-0.00569605,0.0,2.064
6782565.0,0.01035451,0.0,2.408
6782643.0,-0.01240068,0.0,2.064
6782722.0,-0.01047066,0.0,2.408
6782800.0,-0.00986106,0.0,2.064
6782878.0,0.00568143,0.0,2.408
6782956.0,-0.01245152,0.0,2.752
6783034.0,0.00182131,0.0,2.752
6783112.0,-0.00249614,0.0,2.408
6783190.0,0.00380217,0.0,2.064
6783268.0,-0.02327032,0.0,2.408
6783346.0,-0.02032437,0.0,2.064
6783425.0,-0.00056603,0.0,2.064
6783503.0,0.01517973,0.0,2.408
6783581.0,0.00380217,0.0,2.064
6783659.0,-0.008642,0.0,1.72
6783737.0,-0.02012124,0.0,2.064
6783815.0,-0.00183577,0.0,1.72
6783893.0,-0.01168963,0.0,2.408
6783971.0,-0.01392446,0.0,1.376
6784049.0,0.01568773,0.0,1.72
6784127.0,-0.00777852,0.0,2.408
6784206.0,-0.00107388,0.0,2.408
6784284.0,-0.00534049,0.0,1.72
6784362.0,-0.00386755,0.0,2.064
6784440.0,-0.01077538,0.0,2.064
6784518.0,-0.01331501,0.0,2.408
6784596.0,0.00766237,0.0,1.72
6784674.0,0.01279254,0.0,2.064
6784752.0,-0.02601322,0.0,2.752
6784830.0,-0.00198821,0.0,1.72
6784909.0,-0.00503576,0.0,2.064
6784987.0,0.01076076,0.0,2.752
6785065.0,-0.01463559,0.0,2.408
6785143.0,0.01203065,0.0,1.72
6785221.0,0.01208134,0.0,2.064
6785299.0,-0.00752463,0.0,2.064
6785377.0,-0.00523889,0.0,2.752
6785455.0,0.00425926,0.0,2.408
6785533.0,-0.01565151,0.0,2.064
6785612.0,-0.00869284,0.0,2.408
6785690.0,-0.00884528,0.0,2.408
6785768.0,-0.01915615,0.0,1.72
6785846.0,0.00060225,0.0,2.064
6785924.0,-0.01077538,0.0,2.064
6786002.0,0.00187207,0.0,2.752
6786080.0,0.00999888,0.0,2.064
6786159.0,-0.00798172,0.0,2.064
6786237.0,-0.00747379,0.0,2.064
6786315.0,-0.00427388,0.0,2.064
6786393.0,-0.01092775,0.0,1.376
6786471.0,0.01147189,0.0,2.064
6786549.0,0.00288792,0.0,2.064
6786627.0,0.00898303,0.0,2.408
6786705.0,-0.02829889,0.0,2.408
6786783.0,0.00771321,0.0,2.064
6786862.0,0.00111018,0.0,2.064
6786940.0,-0.00148021,0.0,2.064
6787018.0,0.00669736,0.0,2.064
6787096.0,-0.00290246,0.0,2.064
6787174.0,0.00405613,0.0,2.408
6787252.0,-0.00310566,0.0,2.064
6787330.0,-0.00848964,0.0,2.408
6787408.0,0.02538908,0.0,2.064
6787486.0,-0.008642,0.0,2.064
6787565.0,-0.00625474,0.0,2.064
6787643.0,-0.00534049,0.0,2.064
6787721.0,0.00222763,0.0,2.064
6787799.0,-0.00015956,0.0,3.096
6787877.0,-0.00422319,0.0,2.064
6787955.0,0.0043101,0.0,2.408
6788033.0,-0.01372126,0.0,2.064
6788111.0,-0.01433086,0.0,2.064
6788189.0,0.0063418,0.0,2.064
6788268.0,0.00329424,0.0,2.064
6788346.0,0.0087799,0.0,1.72
6788424.0,-0.00117548,0.0,2.064
6788502.0,0.01035451,0.0,2.064
6788580.0,0.00527511,0.0,2.064
6788658.0,0.00227832,0.0,2.064
6788736.0,0.02620181,0.0,2.064
6788814.0,-0.01123247,0.0,2.064
6788892.0,-0.01235,0.0,1.376
6788971.0,-0.00737227,0.0,2.064
6789049.0,0.00298952,0.0,2.064
6789127.0,0.00161803,0.0,2.064
6789205.0,-0.008642,0.0,2.064
6789283.0,0.0014149,0.0,2.064
6789361.0,-0.01097858,0.0,1.72
6789439.0,0.00781481,0.0,2.064
6789518.0,-0.02479417,0.0,1.72
6789596.0,-0.01052134,0.0,2.064
6789674.0,-0.00930229,0.0,2.064
6789752.0,0.01543377,0.0,2.408
6789830.0,-0.00534049,0.0,1.376
6789908.0,0.01411312,0.0,1.72
6789986.0,0.01289414,0.0,2.064
6790064.0,-0.00224217,0.0,2.064
6790142.0,-0.02631795,0.0,1.376
6790221.0,0.01111633,0.0,2.064
6790299.0,-0.03226069,0.0,2.064
6790377.0,-0.01275625,0.0,2.064
6790455.0,-0.00046443,0.0,2.752
6790533.0,-0.00178509,0.0,2.064
6790611.0,-0.00630558,0.0,2.064
6790689.0,-0.00229294,0.0,2.064
6790767.0,0.00898303,0.0,2.064
6790845.0,-0.0117404,0.0,1.72
6790923.0,-0.00234385,0.0,2.064
6791002.0,0.02620181,0.0,2.064
6791080.0,0.02020822,0.0,2.408
6791158.0,-0.00884528,0.0,2.064
6791236.0,0.00532595,0.0,2.064
6791314.0,-0.01925775,0.0,2.408
6791392.0,-0.0068135,0.0,2.064
6791470.0,-0.02062909,0.0,2.064
6791548.0,0.00243076,0.0,2.064
6791627.0,0.00111018,0.0,2.064
6791705.0,0.00065302,0.0,2.408
6791783.0,0.00415773,0.0,2.064
6791861.0,-0.00249614,0.0,2.064
6791939.0,0.0044117,0.0,2.064
6792017.0,0.00923699,0.0,2.064
6792095.0,0.00964331,0.0,2.064
6792173.0,0.0205131,0.0,1.72
6792252.0,0.01345283,0.0,2.752
6792330.0,0.01619566,0.0,2.064
6792408.0,0.00319264,0.0,2.064
6792486.0,-0.0140769,0.0,2.064
6792564.0,-0.02144182,0.0,2.752
6792642.0,0.01487501,0.0,1.72
6792720.0,0.00034829,0.0,2.064
6792798.0,0.00060225,0.0,1.72
6792876.0,-0.01168963,0.0,2.064
6792955.0,-0.0043754,0.0,2.408
6793033.0,0.01126876,0.0,2.064
6793111.0,-0.00584849,0.0,2.064
6793189.0,-0.00640725,0.0,2.752
6793267.0,-0.0087436,0.0,1.72
6793345.0,0.00446253,0.0,2.064
6793423.0,-0.00884528,0.0,2.064
6793501.0,-0.01499122,0.0,3.096
6793579.0,-0.01494031,0.0,2.064
6793658.0,0.01096396,0.0,2.408
6793736.0,-0.01544831,0.0,2.064
6793814.0,-0.00762623,0.0,1.72
6793892.0,-0.00330886,0.0,2.064
6793970.0,-0.01031814,0.0,2.408
6794048.0,-0.00605169,0.0,2.064
6794126.0,-0.0009216,0.0,2.064
6794204.0,0.01761783,0.0,2.064
6794282.0,0.00329424,0.0,2.064
6794361.0,-0.00808332,0.0,2.064
6794439.0,-0.02271171,0.0,1.72
6794517.0,0.00669736,0.0,2.064
6794595.0,-0.02134022,0.0,2.064
6794673.0,0.00070385,0.0,2.064
6794751.0,-0.02250843,0.0,2.064
6794829.0,0.00329424,0.0,2.064
6794907.0,-0.0045786,0.0,1.376
6794985.0,-0.00732143,0.0,2.408
6795064.0,-0.00401991,0.0,2.064
6795142.0,0.02208756,0.0,2.064
6795220.0,0.01076076,0.0,2.064
6795298.0,-0.00168349,0.0,2.064
6795376.0,-0.00178509,0.0,2.064
6795454.0,0.00085622,0.0,2.408
6795532.0,-0.00076916,0.0,1.376
6795611.0,-0.000312,0.0,2.064
6795689.0,-0.03662889,0.0,1.376
6795767.0,-0.0006168,0.0,2.064
6795845.0,-0.00975953,0.0,2.064
6795923.0,0.00309104,0.0,2.064
6796001.0,-0.01575304,0.0,2.752
6796079.0,-0.01209596,0.0,2.064
6796157.0,0.00324356,0.0,2.064
6796235.0,0.00111018,0.0,2.064
6796313.0,0.02447483,0.0,2.064
6796392.0,-0.01692125,0.0,1.72
6796470.0,0.00928783,0.0,2.064
6796548.0,0.00380217,0.0,2.064
6796626.0,0.02960492,0.0,2.064
6796704.0,-0.00412144,0.0,2.064
6796782.0,-0.01087691,0.0,2.064
6796860.0,-0.02311803,0.0,2.064
6796938.0,-0.01260388,0.0,1.376
6797016.0,0.0041069,0.0,2.064
6797095.0,0.01604322,0.0,2.064
6797173.0,-0.02489585,0.0,2.064
6797251.0,-0.01290868,0.0,2.752
6797329.0,0.00664667,0.0,2.064
6797407.0,-0.01737841,0.0,2.064
6797485.0,-0.00493416,0.0,2.064
6797563.0,-0.00686434,0.0,2.064
6797641.0,-0.02865445,0.0,1.376
6797719.0,0.00370057,0.0,2.064
6797798.0,-0.00732143,0.0,2.064
6797876.0,0.01949717,0.0,2.064
6797954.0,0.02142727,0.0,2.408
6798032.0,-0.00153105,0.0,2.064
6798110.0,0.0043101,0.0,2.408
6798188.0,0.00364981,0.0,1.376
6798266.0,-0.02027368,0.0,2.408
6798345.0,-0.00915001,0.0,2.408
6798423.0,0.02168124,0.0,2.408
6798501.0,0.00187207,0.0,2.064
6798579.0,0.01106556,0.0,2.752
6798657.0,-0.00605169,0.0,2.064
6798735.0,0.00507206,0.0,2.752
6798813.0,0.01573849,0.0,2.064
6798891.0,0.00740849,0.0,1.72
6798969.0,-0.00203897,0.0,1.72
6799048.0,-0.020172,0.0,2.752
6799126.0,-0.00899757,0.0,2.064
6799204.0,0.00222763,0.0,2.064
6799282.0,0.01634802,0.0,2.064
6799360.0,-0.00249614,0.0,1.72
6799438.0,-0.00173425,0.0,1.376
6799516.0,0.00029745,0.0,2.064
6799594.0,0.00029745,0.0,2.064
6799672.0,0.0128433,0.0,2.064
6799751.0,-0.00757539,0.0,2.064
6799829.0,0.00827197,0.0,2.064
6799907.0,0.00192283,0.0,2.064
6799985.0,-0.00407068,0.0,2.064
6800063.0,-0.00782935,0.0,2.408
6800141.0,-0.00346115,0.0,2.064
6800219.0,0.00756085,0.0,2.408
6800297.0,-0.01783558,0.0,2.064
6800375.0,0.00217679,0.0,1.72
6800454.0,-0.0141785,0.0,2.064
6800532.0,-0.01377217,0.0,2.064
6800610.0,0.00298952,0.0,2.064
6800688.0,-0.00427388,0.0,1.376
6800766.0,-0.00859132,0.0,2.064
6800844.0,-0.00747379,0.0,2.064
6800922.0,-0.00894688,0.0,2.064
6801000.0,-0.01341653,0.0,2.064
6801079.0,-0.01016586,0.0,1.72
6801157.0,0.00593547,0.0,2.064
6801235.0,0.00872906,0.0,2.064
6801313.0,-0.00087076,0.0,1.72
6801391.0,-0.01981644,0.0,2.064
6801469.0,-0.0011248,0.0,2.408
6801547.0,-0.00407068,0.0,2.408
6801625.0,0.01111633,0.0,2.064
6801703.0,-0.00269926,0.0,2.408
6801782.0,0.00552915,0.0,2.064
6801860.0,-0.00859132,0.0,2.408
6801938.0,0.00806877,0.0,2.064
6802016.0,0.00781481,0.0,2.064
6802094.0,-0.02210218,0.0,2.064
6802172.0,-0.01316265,0.0,2.064
6802250.0,0.00593547,0.0,2.064
6802328.0,0.01228454,0.0,2.408
6802406.0,-0.00163265,0.0,2.064
6802485.0,-0.00183577,0.0,1.72
6802563.0,-0.00955633,0.0,2.064
6802641.0,0.00217679,0.0,2.064
6802719.0,0.00852594,0.0,2.064
6802797.0,0.02122407,0.0,2.408
6802875.0,-0.00671198,0.0,2.408
6802953.0,-0.00203897,0.0,1.72
6803031.0,0.01223378,0.0,2.064
6803109.0,-0.00249614,0.0,2.064
6803188.0,-0.00605169,0.0,2.064
6803266.0,0.00715445,0.0,2.064
6803344.0,-0.00569605,0.0,2.064
6803422.0,-0.01880059,0.0,2.064
6803500.0,-0.01692125,0.0,2.064
6803578.0,0.0083735,0.0,2.064
6803656.0,-0.01687056,0.0,2.064
6803734.0,-0.0006168,0.0,2.064
6803812.0,0.00766237,0.0,2.408
6803891.0,-0.02499737,0.0,2.064
6803969.0,0.00237992,0.0,2.064
6804047.0,0.01771936,0.0,2.064
6804125.0,0.00415773,0.0,2.064
6804203.0,-0.0087436,0.0,2.064
6804281.0,-0.01519435,0.0,2.064
6804359.0,-0.00483264,0.0,2.064
6804438.0,-0.01189276,0.0,2.064
6804516.0,-0.00295322,0.0,2.064
6804594.0,-0.00579765,0.0,2.064
6804672.0,-0.00401991,0.0,2.064
6804750.0,-0.00909917,0.0,1.72
6804828.0,-0.01783558,0.0,2.064
6804906.0,-0.00904841,0.0,1.72
6804984.0,-0.01265472,0.0,2.064
6805062.0,-0.01712438,0.0,1.376
6805141.0,-0.01077538,0.0,2.064
6805219.0,0.00136414,0.0,2.064
6805297.0,-0.00772783,0.0,2.064
6805375.0,-0.00493416,0.0,1.72
6805453.0,0.00014517,0.0,1.72
6805531.0,0.00039898,0.0,1.72
6805609.0,0.0174654,0.0,2.064
6805687.0,-0.00569605,0.0,2.064
6805765.0,0.00039898,0.0,2.064
6805843.0,-0.01163887,0.0,2.408
6805922.0,0.02290029,0.0,2.064
6806000.0,-0.01478802,0.0,2.064
6806078.0,-0.0004136,0.0,2.064
6806156.0,0.00715445,0.0,2.064
6806234.0,-0.00767699,0.0,1.376
6806312.0,-0.0045786,0.0,2.064
6806390.0,0.00268479,0.0,2.064
6806468.0,-0.0043754,0.0,2.064
6806546.0,-0.00295322,0.0,2.064
6806625.0,-0.00909917,0.0,2.064
6806703.0,-0.01905463,0.0,2.064
6806781.0,0.00542762,0.0,2.064
6806859.0,-0.01062294,0.0,2.408
6806937.0,-0.00076916,0.0,2.064
6807015.0,0.00532595,0.0,2.064
6807093.0,-0.0045786,0.0,2.752
6807171.0,-0.00203897,0.0,1.72
6807249.0,0.00182131,0.0,2.064
6807328.0,0.00248159,0.0,2.064
6807406.0,0.00923699,0.0,1.72
6807484.0,0.00237992,0.0,1.376
6807562.0,0.00669736,0.0,2.064
6807640.0,0.0012117,0.0,1.72
6807718.0,0.00446253,0.0,2.064
6807796.0,0.01111633,0.0,2.408
6807874.0,-0.01438162,0.0,2.064
6807953.0,-0.00417228,0.0,2.064
6808031.0,-0.0187499,0.0,1.376
6808109.0,0.00928783,0.0,2.064
6808187.0,0.00420857,0.0,1.72
6808265.0,-0.00523889,0.0,2.064
6808343.0,-0.00198821,0.0,2.752
6808421.0,-0.01570227,0.0,2.752
6808499.0,0.00771321,0.0,2.064
6808578.0,0.01330039,0.0,2.064
6808656.0,0.00207519,0.0,2.064
6808734.0,-0.01651493,0.0,1.72
6808812.0,-0.00249614,0.0,2.064
6808890.0,0.00888142,0.0,2.064
6808968.0,-0.00559445,0.0,2.064
6809046.0,-0.02428625,0.0,2.064
6809124.0,0.00862754,0.0,2.064
6809202.0,-0.00142952,0.0,1.72
6809281.0,-0.00904841,0.0,2.064
6809359.0,-0.00503576,0.0,1.72
6809437.0,0.00644347,0.0,1.72
6809515.0,0.00771321,0.0,1.72
6809593.0,-0.00803255,0.0,2.408
6809671.0,-0.00884528,0.0,1.72
6809749.0,-0.01138483,0.0,2.408
6809827.0,-0.00935313,0.0,1.376
6809905.0,0.00100858,0.0,2.408
6809984.0,-0.01712438,0.0,1.72
6810062.0,0.02615097,0.0,1.72
6810140.0,-0.01422926,0.0,2.064
6810218.0,0.00024669,0.0,1.72
6810296.0,-0.01016586,0.0,2.064
6810374.0,0.00568143,0.0,2.064
6810452.0,-0.01748001,0.0,2.752
6810530.0,-0.00483264,0.0,2.064
6810608.0,-0.0009216,0.0,2.064
6810687.0,-0.00097236,0.0,2.064
6810765.0,-0.00508653,0.0,2.064
6810843.0,0.00304028,0.0,2.752
6810921.0,-0.00503576,0.0,2.064
6810999.0,-0.00584849,0.0,2.064
6811077.0,-0.01605784,0.0,2.064
6811155.0,-0.00640725,0.0,1.72
6811234.0,0.00283708,0.0,1.72
6811312.0,0.00243076,0.0,2.064
6811390.0,0.006545,0.0,3.096
6811468.0,0.01355443,0.0,2.064
6811546.0,-0.01463559,0.0,2.064
6811624.0,-0.02174654,0.0,2.064
6811702.0,0.00065302,0.0,2.064
6811780.0,-0.01412774,0.0,2.064
6811858.0,-0.02382908,0.0,2.064
6811936.0,0.00720529,0.0,1.376
6812015.0,-0.00015956,0.0,2.064
6812093.0,-0.00330886,0.0,2.408
6812171.0,-0.00478173,0.0,2.064
6812249.0,0.01253858,0.0,2.064
6812327.0,0.00781481,0.0,2.064
6812405.0,0.00354828,0.0,2.408
6812483.0,0.00923699,0.0,1.376
6812561.0,-0.01062294,0.0,2.408
6812639.0,0.0043101,0.0,2.752
6812718.0,0.00842434,0.0,2.408
6812796.0,-0.01168963,0.0,2.064
6812874.0,-0.00716907,0.0,2.752
6812952.0,-0.00752463,0.0,2.064
6813030.0,0.01472264,0.0,2.408
6813108.0,-0.00620405,0.0,2.064
6813186.0,-0.01199443,0.0,2.064
6813264.0,-0.00432471,0.0,2.064
6813342.0,-0.01575304,0.0,2.408
6813421.0,0.00811954,0.0,2.064
6813499.0,-0.00376595,0.0,2.064
6813577.0,-0.0084388,0.0,2.064
6813655.0,0.00771321,0.0,2.064
6813733.0,-0.01097858,0.0,2.064
6813811.0,-0.03434323,0.0,1.72
6813889.0,0.00502115,0.0,2.064
6813967.0,-0.00955633,0.0,2.064
6814046.0,-0.0236768,0.0,2.408
6814124.0,-0.00462944,0.0,2.064
6814202.0,0.00700209,0.0,2.408
6814280.0,0.00959255,0.0,1.72
6814358.0,-0.00539133,0.0,2.064
6814436.0,-0.00808332,0.0,1.72
6814514.0,0.00700209,0.0,2.064
6814592.0,0.00690049,0.0,2.408
6814671.0,-0.00711823,0.0,2.064
6814749.0,-0.00219134,0.0,2.064
6814827.0,0.02985896,0.0,2.064
6814905.0,0.01091313,0.0,2.064
6814983.0,0.01055756,0.0,2.064
6815061.0,0.00014517,0.0,2.064
6815139.0,-0.00391831,0.0,2.408
6815217.0,-0.00087076,0.0,2.064
6815295.0,0.00629103,0.0,2.408
6815374.0,0.0044117,0.0,2.064
6815452.0,-0.00848964,0.0,2.064
6815530.0,-0.01920692,0.0,2.064
6815608.0,-0.01910539,0.0,2.064
6815686.0,-0.00686434,0.0,2.064
6815764.0,-0.00884528,0.0,2.064
6815842.0,-0.00462944,0.0,2.064
6815920.0,-0.00386755,0.0,2.064
6815998.0,-0.00193737,0.0,2.064
6816077.0,-0.01082622,0.0,2.064
6816155.0,-0.00021047,0.0,2.064
6816233.0,0.00309104,0.0,1.72
6816311.0,-0.01199443,0.0,2.064
6816389.0,-0.00869284,0.0,2.064
6816467.0,-0.00239454,0.0,2.064
6816545.0,0.00776405,0.0,2.408
6816623.0,-0.01128323,0.0,2.064
6816702.0,-0.00351199,0.0,2.064
6816780.0,0.02843671,0.0,1.376
6816858.0,-0.01692125,0.0,2.752
6816936.0,0.00375141,0.0,1.72
6817014.0,0.01589093,0.0,2.752
6817092.0,0.00273548,0.0,2.408
6817170.0,0.01152265,0.0,2.408
6817248.0,0.02274785,0.0,2.064
6817326.0,-0.01722605,0.0,3.096
6817404.0,-0.00310566,0.0,2.064
6817483.0,0.00319264,0.0,2.064
6817561.0,0.00161803,0.0,2.064
6817639.0,-0.03022899,0.0,2.752
6817717.0,-0.00762623,0.0,2.064
6817795.0,-5.803e-05,0.0,2.408
6817873.0,-0.00574696,0.0,2.064
6817951.0,0.00146574,0.0,2.064
6818029.0,0.0130465,0.0,1.72
6818108.0,0.00517358,0.0,2.064
6818186.0,-0.01001342,0.0,1.72
6818264.0,-0.00173425,0.0,2.064
6818342.0,-0.01016586,0.0,2.064
6818420.0,0.01512897,0.0,2.064
6818498.0,-0.00071832,0.0,2.408
6818576.0,0.00705292,0.0,1.72
6818654.0,-0.01118163,0.0,2.064
6818732.0,0.00171963,0.0,1.72
6818811.0,-0.00838812,0.0,2.064
6818889.0,-0.00813408,0.0,1.032
6818967.0,-0.00737227,0.0,2.064
6819045.0,0.02401774,0.0,1.376
6819123.0,0.01792256,0.0,1.72
6819201.0,-0.00046443,0.0,1.72
6819279.0,-0.01108011,0.0,2.064
6819357.0,0.01848132,0.0,1.72
6819435.0,-0.00655954,0.0,2.064
6819514.0,0.00481802,0.0,2.064
6819592.0,-0.00981037,0.0,2.752
6819670.0,-0.00686434,0.0,2.064
6819748.0,0.00573235,0.0,2.064
6819826.0,0.01167509,0.0,2.064
6819904.0,-0.00417228,0.0,2.064
6819982.0,-0.00986106,0.0,1.72
6820060.0,0.01817652,0.0,1.72
6820139.0,-0.0180387,0.0,2.752
6820217.0,0.00105934,0.0,1.72
6820295.0,0.01142105,0.0,2.064
6820373.0,0.00288792,0.0,1.72
6820451.0,-0.00163265,0.0,2.064
6820529.0,0.01680511,0.0,1.72
6820607.0,-0.01676896,0.0,2.064
6820685.0,4.349e-05,0.0,2.064
6820763.0,-0.00544209,0.0,2.064
6820842.0,0.01279254,0.0,2.064
6820920.0,0.00253236,0.0,2.064
6820998.0,0.00288792,0.0,2.064
6821076.0,0.01126876,0.0,2.064
6821154.0,-0.00249614,0.0,2.064
6821232.0,-0.00015956,0.0,2.064
6821310.0,-0.01443246,0.0,2.064
6821388.0,-0.01458475,0.0,2.752
6821466.0,0.00588471,0.0,2.064
6821545.0,0.00217679,0.0,2.064
6821623.0,-0.004985,0.0,2.064
6821701.0,0.00456413,0.0,2.064
6821779.0,0.00649416,0.0,1.72
6821857.0,0.00563067,0.0,2.064
6821935.0,-0.00965786,0.0,1.72
6822013.0,0.02366218,0.0,2.064
6822091.0,-0.02159426,0.0,2.064
6822170.0,-0.01422926,0.0,2.064
6822248.0,0.00735765,0.0,2.064
6822326.0,0.00380217,0.0,2.064
6822404.0,-0.0009216,0.0,2.408
6822482.0,0.01340199,0.0,1.72
6822560.0,-0.00716907,0.0,2.408
6822638.0,-0.01123247,0.0,2.408
6822716.0,-0.02220371,0.0,2.408
6822794.0,-0.01011509,0.0,2.064
6822873.0,0.00197359,0.0,2.408
6822951.0,-0.00727059,0.0,2.064
6823029.0,0.00070385,0.0,2.408
6823107.0,0.00954171,0.0,2.064
6823185.0,-0.00132792,0.0,2.064
6823263.0,0.0110148,0.0,1.72
6823341.0,-0.00610238,0.0,2.752
6823419.0,0.02284945,0.0,2.064
6823498.0,-0.00219134,0.0,1.72
6823576.0,0.02874143,0.0,2.064
6823654.0,-0.01290868,0.0,2.064
6823732.0,0.00207519,0.0,2.064
6823810.0,0.0041069,0.0,1.72
6823888.0,-0.000312,0.0,2.064
6823966.0,-0.00102312,0.0,1.72
6824044.0,-0.01549907,0.0,2.064
6824122.0,-0.00305482,0.0,1.376
6824200.0,-0.00645794,0.0,1.72
6824279.0,0.00060225,0.0,1.72
6824357.0,0.01868445,0.0,2.064
6824435.0,0.00557991,0.0,2.064
6824513.0,-0.0009216,0.0,1.72
6824591.0,-0.01428002,0.0,1.72
6824669.0,0.00984659,0.0,2.064
6824747.0,-0.00386755,0.0,1.72
6824825.0,-0.01666729,0.0,1.72
6824903.0,0.00756085,0.0,1.72
6824982.0,-0.01301028,0.0,2.064
6825060.0,0.0012117,0.0,1.72
6825138.0,-0.00894688,0.0,2.064
6825216.0,-0.00899757,0.0,1.72
6825294.0,-0.01402598,0.0,2.064
6825372.0,-0.03063539,0.0,2.064
6825450.0,-0.0133657,0.0,2.064
6825529.0,-0.0027501,0.0,2.064
6825607.0,0.01436716,0.0,2.064
6825685.0,-0.00473096,0.0,2.408
6825763.0,-0.01717529,0.0,2.064
6825841.0,-0.02042597,0.0,2.064
6825919.0,0.01213218,0.0,2.064
6825997.0,-0.0255053,0.0,1.376
6826075.0,0.00502115,0.0,1.72
6826153.0,-0.02393061,0.0,2.064
6826231.0,-0.00899757,0.0,2.064
6826310.0,0.01076076,0.0,2.064
6826388.0,-0.01041982,0.0,2.064
6826466.0,0.00095774,0.0,1.72
6826544.0,-0.01026746,0.0,2.064
6826622.0,0.00568143,0.0,2.408
6826700.0,-0.00574696,0.0,2.064
6826778.0,-0.01245152,0.0,1.72
6826856.0,0.00126254,0.0,2.064
6826935.0,-0.01077538,0.0,2.064
6827013.0,0.00928783,0.0,1.72
6827091.0,0.00395453,0.0,1.72
6827169.0,-0.0140769,0.0,2.064
6827247.0,-0.01016586,0.0,1.72
6827325.0,-0.00371511,0.0,2.064
6827403.0,0.00644347,0.0,1.72
6827481.0,-0.00132792,0.0,1.72
6827560.0,0.0106084,0.0,2.064
6827638.0,-0.01702285,0.0,2.752
6827716.0,0.00725612,0.0,2.064
6827794.0,-0.00610238,0.0,1.72
6827872.0,0.00354828,0.0,2.064
6827950.0,-0.00148021,0.0,2.408
6828028.0,-0.00528973,0.0,1.72
6828106.0,0.01421472,0.0,2.752
6828184.0,-0.00970869,0.0,2.064
6828263.0,-0.00574696,0.0,2.408
6828341.0,-0.0069151,0.0,2.064
6828419.0,-0.02408304,0.0,2.408
6828497.0,0.01131953,0.0,1.72
6828575.0,0.00375141,0.0,1.72
6828653.0,-0.00137861,0.0,2.064
6828731.0,-0.00813408,0.0,2.064
6828809.0,0.00105934,0.0,2.064
6828887.0,-0.00422319,0.0,2.408
6828966.0,-0.01113094,0.0,2.064
6829044.0,0.00085622,0.0,1.72
6829122.0,-0.00137861,0.0,2.064
6829200.0,-0.00528973,0.0,1.72
6829278.0,-0.01316265,0.0,2.064
6829356.0,0.00928783,0.0,1.72
6829434.0,0.00659576,0.0,2.064
6829512.0,-0.02118785,0.0,1.72
6829590.0,-0.01184192,0.0,2.064
6829669.0,0.00354828,0.0,2.064
6829747.0,0.00446253,0.0,2.064
6829825.0,-0.00808332,0.0,2.064
6829903.0,-0.00234385,0.0,2.064
6829981.0,-0.00772783,0.0,1.72
6830059.0,-0.00838812,0.0,2.064
6830137.0,-0.00909917,0.0,2.064
6830215.0,0.01401152,0.0,2.064
6830293.0,-0.0066103,0.0,2.064
6830372.0,0.00217679,0.0,2.064
6830450.0,-0.00600078,0.0,2.064
6830528.0,0.00166887,0.0,1.72
6830606.0,0.00375141,0.0,2.064
6830684.0,-0.00214057,0.0,2.064
6830762.0,0.00136414,0.0,2.064
6830840.0,-0.01626096,0.0,2.064
6830918.0,-0.00955633,0.0,2.064
6830997.0,-0.00478173,0.0,2.064
6831075.0,0.00202451,0.0,1.72
6831153.0,-0.00087076,0.0,2.064
6831231.0,-0.00259766,0.0,2.064
6831309.0,0.00629103,0.0,2.064
6831387.0,-0.01133407,0.0,2.752
6831465.0,0.00806877,0.0,2.064
6831543.0,-0.01961332,0.0,2.064
6831622.0,-0.00148021,0.0,2.064
6831700.0,0.00278632,0.0,2.064
6831778.0,-0.01773398,0.0,1.72
6831856.0,0.00740849,0.0,2.064
6831934.0,0.00248159,0.0,2.064
6832012.0,-0.00965786,0.0,2.064
6832090.0,-0.01204512,0.0,2.064
6832168.0,-0.01316265,0.0,2.064
6832246.0,-0.01915615,0.0,1.72
6832324.0,-0.00544209,0.0,2.064
6832403.0,0.02036059,0.0,2.408
6832481.0,-0.00600078,0.0,2.064
6832559.0,0.00258319,0.0,2.408
6832637.0,-0.02611482,0.0,2.752
6832715.0,0.01137037,0.0,2.408
6832793.0,-0.00320719,0.0,2.064
6832871.0,-0.00269926,0.0,2.064
6832949.0,0.0069514,0.0,2.064
6833027.0,-0.01808961,0.0,2.752
6833106.0,-0.00351199,0.0,2.064
6833184.0,-0.01468642,0.0,2.408
6833262.0,4.349e-05,0.0,2.064
6833340.0,-0.02118785,0.0,2.408
6833418.0,-0.00107388,0.0,2.064
6833496.0,0.00436086,0.0,2.064
6833574.0,0.01015131,0.0,1.376
6833652.0,0.00146574,0.0,2.064
6833730.0,0.00461482,0.0,2.064
6833809.0,0.00766237,0.0,2.064
6833887.0,0.03468417,0.0,2.064
6833965.0,-0.0009216,0.0,1.72
6834043.0,-0.00427388,0.0,2.064
6834121.0,0.01340199,0.0,2.064
6834199.0,0.00039898,0.0,2.064
6834277.0,-0.00264857,0.0,2.064
6834356.0,-0.00711823,0.0,1.72
6834434.0,-0.01148651,0.0,1.376
6834512.0,0.00507206,0.0,2.408
6834590.0,-0.0005152,0.0,1.72
6834668.0,0.00405613,0.0,1.72
6834746.0,-0.00569605,0.0,2.064
6834824.0,-0.00280086,0.0,1.376
6834902.0,-0.00066756,0.0,2.064
6834980.0,0.01939557,0.0,2.064
6835059.0,-0.00996258,0.0,2.408
6835137.0,0.00593547,0.0,2.064
6835215.0,0.00344661,0.0,2.064
6835293.0,0.01086229,0.0,2.408
6835371.0,0.00461482,0.0,1.72
6835449.0,-0.00554376,0.0,2.064
6835527.0,0.00390385,0.0,2.064
6835605.0,0.00278632,0.0,2.408
6835683.0,0.01086229,0.0,2.064
6835762.0,-0.00351199,0.0,2.064
6835840.0,-0.01240068,0.0,2.408
6835918.0,-0.004985,0.0,2.064
6835996.0,-0.01367057,0.0,2.064
6836074.0,0.01492569,0.0,2.064
6836152.0,-0.01047066,0.0,2.064
6836230.0,-0.00026131,0.0,1.72
6836308.0,-0.02169578,0.0,2.064
6836386.0,0.00481802,0.0,2.408
6836465.0,0.00222763,0.0,2.408
6836543.0,-0.00539133,0.0,2.064
6836621.0,-0.00214057,0.0,2.064
6836699.0,-0.01930851,0.0,2.064
6836777.0,0.00334508,0.0,2.064
6836855.0,-0.00915001,0.0,2.064
6836933.0,-0.00940389,0.0,1.72
6837011.0,0.00598623,0.0,2.064
6837090.0,-0.00305482,0.0,2.408
6837168.0,-0.00264857,0.0,2.752
6837246.0,-0.00559445,0.0,2.064
6837324.0,-0.00046443,0.0,2.408
6837402.0,0.01634802,0.0,2.064
6837480.0,-0.00549293,0.0,2.064
6837558.0,-0.00650878,0.0,2.064
6837636.0,-0.01062294,0.0,3.096
6837714.0,-0.01753085,0.0,2.064
6837793.0,-0.00280086,0.0,2.408
6837871.0,-0.00173425,0.0,1.72
6837949.0,0.00111018,0.0,2.064
6838027.0,-0.01692125,0.0,1.72
6838105.0,-0.01585464,0.0,1.72
6838183.0,-0.00854048,0.0,2.064
6838261.0,-0.01123247,0.0,2.064
6838339.0,-0.008642,0.0,2.408
6838417.0,-0.02128945,0.0,2.064
6838496.0,-0.00142952,0.0,2.064
6838574.0,0.00237992,0.0,2.064
6838652.0,-0.01534671,0.0,2.064
6838730.0,-0.01168963,0.0,2.064
6838808.0,0.01010048,0.0,2.064
6838886.0,-0.02880674,0.0,2.408
6838964.0,-0.01732758,0.0,2.064
6839042.0,-0.01834343,0.0,1.72
6839120.0,-0.00168349,0.0,2.064
6839199.0,-0.00422319,0.0,2.064
6839277.0,-0.00087076,0.0,2.064
6839355.0,0.01152265,0.0,1.72
6839433.0,-0.01108011,0.0,2.064
6839511.0,-0.01295945,0.0,1.72
6839589.0,0.01523057,0.0,2.064
6839667.0,-0.00239454,0.0,1.376
6839745.0,-0.00244537,0.0,2.064
6839823.0,-0.01280708,0.0,1.032
6839902.0,-0.01148651,0.0,2.064
6839980.0,0.00019585,0.0,1.72
6840058.0,0.00050073,0.0,2.064
6840136.0,-0.02459097,0.0,1.72
6840214.0,0.0091863,0.0,2.064
6840292.0,0.01472264,0.0,2.064
6840370.0,0.01690671,0.0,2.064
6840448.0,0.00288792,0.0,2.064
6840527.0,-0.01143567,0.0,1.72
6840605.0,0.00304028,0.0,2.064
6840683.0,-0.00168349,0.0,2.064
6840761.0,-0.01504199,0.0,2.064
6840839.0,-0.00889604,0.0,2.064
6840917.0,-0.00513736,0.0,2.064
6840995.0,0.00639263,0.0,2.064
6841073.0,0.00385301,0.0,2.064
6841152.0,0.0062402,0.0,2.064
6841230.0,-0.01229916,0.0,2.064
6841308.0,-0.00757539,0.0,2.064
6841386.0,0.00105934,0.0,2.408
6841464.0,-0.0004136,0.0,2.408
6841542.0,0.00304028,0.0,2.064
6841620.0,0.00146574,0.0,2.064
6841698.0,0.0045133,0.0,2.064
6841776.0,-0.00214057,0.0,2.064
6841854.0,-0.01072454,0.0,2.064
6841933.0,0.00751001,0.0,1.72
6842011.0,-0.00178509,0.0,1.72
6842089.0,-0.00021047,0.0,2.064
6842167.0,-0.00036283,0.0,2.064
6842245.0,0.00583387,0.0,1.72
6842323.0,-0.0043754,0.0,1.72
6842401.0,-0.00671198,0.0,2.064
6842479.0,0.00989728,0.0,1.72
6842557.0,-0.00584849,0.0,2.408
6842636.0,-0.00965786,0.0,2.064
6842714.0,-0.01270541,0.0,2.064
6842792.0,-0.00838812,0.0,2.064
6842870.0,0.00552915,0.0,2.064
6842948.0,0.02681126,0.0,1.72
6843026.0,-0.00564529,0.0,2.064
6843104.0,-0.01595624,0.0,2.064
6843182.0,-0.0011248,0.0,2.408
6843260.0,0.00766237,0.0,1.376
6843339.0,-0.01255312,0.0,3.096
6843417.0,-0.00696594,0.0,2.064
6843495.0,-0.01301028,0.0,2.064
6843573.0,0.01071008,0.0,2.408
6843651.0,0.01187829,0.0,1.72
6843729.0,0.00380217,0.0,1.72
6843807.0,-0.01590532,0.0,2.064
6843886.0,-0.01478802,0.0,2.064
6843964.0,0.01177661,0.0,1.72
6844042.0,-0.00676267,0.0,2.408
6844120.0,-0.01041982,0.0,2.408
6844198.0,-0.0198672,0.0,2.064
6844276.0,-0.00904841,0.0,2.064
6844354.0,-0.01123247,0.0,2.064
6844432.0,-0.02880674,0.0,2.064
6844510.0,-0.00640725,0.0,2.064
6844589.0,0.00207519,0.0,2.064
6844667.0,-0.03581617,0.0,2.064
6844745.0,-0.01361973,0.0,1.376
6844823.0,0.017567,0.0,2.064
6844901.0,-0.01880059,0.0,1.72
6844979.0,-0.00747379,0.0,1.72
6845057.0,-0.00203897,0.0,2.064
6845135.0,-0.00330886,0.0,2.064
6845213.0,0.00146574,0.0,2.064
6845292.0,0.00867822,0.0,2.064
6845370.0,0.0085767,0.0,1.72
6845448.0,-0.00960717,0.0,1.72
6845526.0,-0.00818492,0.0,2.064
6845604.0,0.00263396,0.0,2.064
6845682.0,0.00552915,0.0,2.064
6845760.0,0.01482417,0.0,2.064
6845838.0,-0.00986106,0.0,2.752
6845916.0,-0.0046802,0.0,2.408
6845995.0,-0.00244537,0.0,2.064
6846073.0,-0.01732758,0.0,2.064
6846151.0,-0.00366443,0.0,2.064
6846229.0,0.02290029,0.0,1.72
6846307.0,0.01964961,0.0,2.064
6846385.0,0.00339584,0.0,2.064
6846463.0,0.01309727,0.0,2.064
6846541.0,0.00156727,0.0,2.408
6846619.0,0.00329424,0.0,2.064
6846698.0,-0.00788012,0.0,2.064
6846776.0,-0.0140769,0.0,2.064
6846854.0,-0.00523889,0.0,2.064
6846932.0,-0.00127709,0.0,1.72
6847010.0,0.01015131,0.0,2.064
6847088.0,0.00319264,0.0,2.064
6847166.0,-0.01692125,0.0,2.064
6847244.0,-0.00351199,0.0,1.72
6847323.0,0.00283708,0.0,1.72
6847401.0,-0.00295322,0.0,2.064
6847479.0,-0.01453406,0.0,1.72
6847557.0,-0.00280086,0.0,2.064
6847635.0,-0.00335955,0.0,1.72
6847713.0,-0.0161086,0.0,2.064
6847791.0,0.01294483,0.0,2.408
6847869.0,-0.01595624,0.0,2.064
6847947.0,-0.00203897,0.0,2.752
6848026.0,-0.02179746,0.0,2.064
6848104.0,-0.00625474,0.0,2.064
6848182.0,-0.00188661,0.0,2.064
6848260.0,-0.00478173,0.0,3.096
6848338.0,-0.01321341,0.0,2.064
6848416.0,-0.00208981,0.0,3.096
6848494.0,-0.00356275,0.0,2.408
6848572.0,0.00197359,0.0,2.064
6848650.0,-0.00026131,0.0,2.064
6848729.0,-0.00244537,0.0,2.064
6848807.0,0.00852594,0.0,1.72
6848885.0,-0.00610238,0.0,2.064
6848963.0,0.03031605,0.0,2.064
6849041.0,4.349e-05,0.0,2.064
6849119.0,-0.02032437,0.0,2.408
6849197.0,0.01594169,0.0,1.72
6849275.0,-0.00153105,0.0,2.064
6849353.0,-0.01255312,0.0,1.72
6849432.0,0.00949103,0.0,1.376
6849510.0,-0.00925161,0.0,1.72
6849588.0,-0.00300414,0.0,2.064
6849666.0,0.03514134,0.0,1.72
6849744.0,4.349e-05,0.0,2.064
6849822.0,-0.0119436,0.0,1.376
6849900.0,-0.00148021,0.0,2.064
6849978.0,-0.01290868,0.0,2.064
6850057.0,-0.01250221,0.0,2.064
6850135.0,-0.01768314,0.0,2.064
6850213.0,-0.00330886,0.0,2.064
6850291.0,-0.01864815,0.0,2.408
6850369.0,0.00319264,0.0,2.064
6850447.0,-0.01011509,0.0,2.064
6850525.0,0.00222763,0.0,2.064
6850603.0,-0.01011509,0.0,2.064
6850682.0,-0.00021047,0.0,2.064
6850760.0,0.00293868,0.0,2.408
6850838.0,0.02498275,0.0,2.064
6850916.0,0.00806877,0.0,2.064
6850994.0,0.00095774,0.0,2.752
6851072.0,0.00476733,0.0,2.064
6851150.0,-0.00503576,0.0,2.064
6851228.0,-0.00234385,0.0,2.408
6851306.0,0.00999888,0.0,2.064
6851385.0,-0.01072454,0.0,1.72
6851463.0,0.00751001,0.0,2.064
6851541.0,-0.00945481,0.0,2.408
6851619.0,0.00446253,0.0,1.72
6851697.0,-0.01041982,0.0,2.064
6851775.0,-0.01021662,0.0,2.408
6851853.0,-0.00767699,0.0,1.72
6851931.0,0.00349737,0.0,2.064
6852009.0,-0.00046443,0.0,2.408
6852087.0,-0.01915615,0.0,1.72
6852166.0,-0.01478802,0.0,2.064
6852244.0,-0.01478802,0.0,2.408
6852322.0,-0.01229916,0.0,2.064
6852400.0,-0.01123247,0.0,2.064
6852478.0,0.00187207,0.0,2.064
6852556.0,-0.01229916,0.0,2.408
6852634.0,0.00207519,0.0,2.064
6852712.0,0.00466566,0.0,2.064
6852791.0,-0.01351821,0.0,2.408
6852869.0,0.00298952,0.0,2.064
6852947.0,-0.0084388,0.0,2.064
6853025.0,-0.00813408,0.0,2.752
6853103.0,-0.01478802,0.0,2.064
6853181.0,-0.00813408,0.0,2.064
6853259.0,-5.803e-05,0.0,2.064
6853338.0,0.00288792,0.0,2.408
6853416.0,-0.00503576,0.0,2.064
6853494.0,-0.00346115,0.0,2.408
6853572.0,-0.00234385,0.0,2.064
6853650.0,-0.00021047,0.0,2.064
6853728.0,-0.0005152,0.0,2.064
6853806.0,-0.00148021,0.0,2.064
6853884.0,-0.00320719,0.0,2.064
6853962.0,-0.0140769,0.0,1.72
6854040.0,-0.01544831,0.0,2.064
6854119.0,0.00872906,0.0,2.064
6854197.0,-0.00686434,0.0,2.408
6854275.0,0.01065924,0.0,2.064
6854353.0,-0.01295945,0.0,2.064
6854431.0,0.01944634,0.0,1.72
6854509.0,0.00969408,0.0,2.064
6854587.0,-0.01235,0.0,2.064
6854665.0,-0.00422319,0.0,2.064
6854743.0,-0.00950557,0.0,2.064
6854822.0,-0.00732143,0.0,2.064
6854900.0,0.00034829,0.0,1.72
6854978.0,-0.00813408,0.0,2.064
6855056.0,-0.01529587,0.0,2.064
6855134.0,0.01010048,0.0,2.064
6855212.0,-0.02489585,0.0,2.064
6855290.0,0.00075462,0.0,1.72
6855368.0,-0.00351199,0.0,2.064
6855446.0,-0.00366443,0.0,1.72
6855525.0,-0.0158038,0.0,2.064
6855603.0,0.00679888,0.0,2.064
6855681.0,0.00232923,0.0,2.064
6855759.0,-0.00163265,0.0,2.064
6855837.0,0.00568143,0.0,2.064
6855915.0,0.01558613,0.0,2.064
6855993.0,-0.00366443,0.0,2.064
6856071.0,-0.00833728,0.0,2.064
6856149.0,-0.00148021,0.0,1.72
6856228.0,-0.0011248,0.0,2.064
6856306.0,0.00263396,0.0,2.064
6856384.0,-0.00488348,0.0,1.72
6856462.0,-0.01570227,0.0,1.72
6856540.0,0.00151651,0.0,2.064
6856618.0,-0.00076916,0.0,1.72
6856696.0,-0.00132792,0.0,2.064
6856774.0,0.00354828,0.0,2.064
6856853.0,0.00491962,0.0,2.064
6856931.0,0.00161803,0.0,1.72
6857009.0,0.01330039,0.0,2.064
6857087.0,-0.00904841,0.0,1.72
6857165.0,0.00573235,0.0,2.064
6857243.0,-0.00752463,0.0,2.408
6857321.0,0.00872906,0.0,2.064
6857399.0,-0.01285785,0.0,1.72
6857478.0,0.00639263,0.0,2.408
6857556.0,0.01487501,0.0,2.408
6857634.0,-0.01250221,0.0,2.064
6857712.0,-0.00716907,0.0,2.064
6857790.0,-0.00391831,0.0,2.064
6857868.0,-0.0140769,0.0,2.064
6857946.0,0.00425926,0.0,2.064
6858024.0,-0.01519435,0.0,2.064
6858102.0,0.00796725,0.0,2.752
6858181.0,-0.00315642,0.0,1.376
6858259.0,-0.00153105,0.0,2.752
6858337.0,0.01279254,0.0,2.064
6858415.0,-0.01311181,0.0,2.408
6858493.0,-0.00142952,0.0,2.752
6858571.0,-0.00315642,0.0,2.408
6858649.0,-0.00757539,0.0,2.064
6858727.0,-0.01788634,0.0,2.064
6858805.0,0.0063418,0.0,2.064
6858884.0,-0.01331501,0.0,1.72
6858962.0,-0.00396915,0.0,2.064
6859040.0,0.00938943,0.0,2.408
6859118.0,-0.01067378,0.0,2.064
6859196.0,0.00456413,0.0,2.064
6859274.0,-0.0004136,0.0,2.064
6859352.0,0.00466566,0.0,2.064
6859430.0,-0.0046802,0.0,1.376
6859508.0,-0.00650878,0.0,2.408
6859587.0,-0.0084388,0.0,2.064
6859665.0,-0.00346115,0.0,1.72
6859743.0,-0.01199443,0.0,2.408
6859821.0,-0.00655954,0.0,2.064
6859899.0,-0.00823575,0.0,2.064
6859977.0,-0.02103549,0.0,1.72
6860055.0,0.00207519,0.0,2.064
6860133.0,0.00456413,0.0,2.064
6860211.0,-0.02311803,0.0,1.72
6860290.0,0.00344661,0.0,2.064
6860368.0,0.00243076,0.0,2.064
6860446.0,-0.00894688,0.0,2.064
6860524.0,-0.00986106,0.0,2.408
6860602.0,0.00237992,0.0,2.064
6860680.0,-0.00818492,0.0,2.064
6860758.0,0.00253236,0.0,1.72
6860837.0,-0.02189898,0.0,2.064
6860915.0,0.00202451,0.0,2.064
6860993.0,-0.01092775,0.0,2.408
6861071.0,-0.0087436,0.0,2.064
6861149.0,-0.0006168,0.0,2.064
6861227.0,0.01309727,0.0,2.064
6861305.0,-0.0187499,0.0,2.064
6861383.0,0.00415773,0.0,2.064
6861461.0,0.01004971,0.0,2.064
6861540.0,0.00273548,0.0,2.064
6861618.0,0.00075462,0.0,2.064
6861696.0,-0.00158189,0.0,2.408
6861774.0,-0.00173425,0.0,2.064
6861852.0,-0.00721983,0.0,2.064
6861930.0,0.00111018,0.0,2.064
6862008.0,-0.00742295,0.0,2.064
6862086.0,0.00207519,0.0,1.376
6862164.0,-0.00666114,0.0,2.064
6862242.0,-0.00335955,0.0,2.064
6862321.0,-0.01377217,0.0,2.408
6862399.0,0.00552915,0.0,2.064
6862477.0,-0.00148021,0.0,2.064
6862555.0,0.02538908,0.0,2.064
6862633.0,-0.004985,0.0,2.064
6862711.0,-0.0122484,0.0,2.064
6862789.0,0.00309104,0.0,2.064
6862867.0,-0.01077538,0.0,2.064
6862946.0,0.01959877,0.0,2.064
6863024.0,-0.01387377,0.0,2.064
6863102.0,-0.00076916,0.0,2.064
6863180.0,0.01076076,0.0,2.064
6863258.0,-0.01575304,0.0,2.064
6863336.0,0.00761169,0.0,2.064
6863414.0,-0.02479417,0.0,2.064
6863492.0,0.01832896,0.0,2.408
6863570.0,-0.00335955,0.0,2.064
6863649.0,-0.0027501,0.0,2.064
6863727.0,0.00105934,0.0,1.72
6863805.0,0.00644347,0.0,2.064
6863883.0,0.00938943,0.0,1.376
6863961.0,-0.01290868,0.0,2.408
6864039.0,-0.00188661,0.0,2.064
6864117.0,-0.00706754,0.0,2.408
6864195.0,0.00227832,0.0,2.064
6864273.0,0.00949103,0.0,2.408
6864352.0,-0.00087076,0.0,2.064
6864430.0,-0.01509275,0.0,2.752
6864508.0,0.00684972,0.0,2.064
6864586.0,0.00644347,0.0,2.408
6864664.0,-0.00026131,0.0,2.064
6864742.0,0.00933851,0.0,2.408
6864820.0,-0.02972106,0.0,2.064
6864898.0,-0.01092775,0.0,2.064
6864977.0,-0.01692125,0.0,2.064
6865055.0,-0.00442624,0.0,2.064
6865133.0,-0.01016586,0.0,2.064
6865211.0,0.00491962,0.0,1.72
6865289.0,-0.0043754,0.0,2.064
6865367.0,-0.01118163,0.0,2.064
6865445.0,0.00593547,0.0,2.064
6865523.0,0.0014149,0.0,1.72
6865602.0,-0.01082622,0.0,2.064
6865680.0,-0.01377217,0.0,2.064
6865758.0,-0.00579765,0.0,1.72
6865836.0,-0.00102312,0.0,2.064
6865914.0,0.00761169,0.0,2.064
6865992.0,0.00380217,0.0,2.752
6866070.0,-0.01448322,0.0,2.064
6866148.0,0.00324356,0.0,2.064
6866226.0,-0.00904841,0.0,2.064
6866304.0,-0.00889604,0.0,2.064
6866383.0,-0.00904841,0.0,2.064
6866461.0,-0.0199688,0.0,2.064
6866539.0,0.00095774,0.0,2.064
6866617.0,-0.00386755,0.0,2.064
6866695.0,-0.00889604,0.0,2.408
6866773.0,-0.01428002,0.0,2.064
6866851.0,-0.00539133,0.0,2.064
6866929.0,0.00446253,0.0,2.064
6867007.0,-0.00671198,0.0,2.064
6867086.0,-0.01651493,0.0,1.376
6867164.0,0.02097019,0.0,2.064
6867242.0,-0.00432471,0.0,2.064
6867320.0,-0.00310566,0.0,2.064
6867398.0,-0.01209596,0.0,2.064
6867476.0,0.01269094,0.0,2.064
6867554.0,-0.00427388,0.0,2.064
6867633.0,-0.00117548,0.0,2.064
6867711.0,-0.01885143,0.0,2.064
6867789.0,0.00080545,0.0,1.72
6867867.0,0.01055756,0.0,2.064
6867945.0,0.00019585,0.0,2.064
6868023.0,-0.03048295,0.0,2.408
6868101.0,-0.01966408,0.0,2.064
6868179.0,0.00268479,0.0,2.064
6868257.0,-0.01311181,0.0,2.064
6868336.0,-0.01422926,0.0,1.032
6868414.0,-0.00935313,0.0,2.408
6868492.0,0.00095774,0.0,2.064
6868570.0,0.00684972,0.0,2.064
6868648.0,-0.01133407,0.0,2.064
6868726.0,-0.01443246,0.0,2.408
6868804.0,-0.00193737,0.0,2.064
6868882.0,-0.01382293,0.0,2.064
6868960.0,0.01680511,0.0,2.064
6869039.0,0.02660813,0.0,2.064
6869117.0,-0.02281331,0.0,2.064
6869195.0,0.00029745,0.0,2.408
6869273.0,0.01655122,0.0,2.064
6869351.0,-0.00975953,0.0,2.408
6869429.0,0.00334508,0.0,2.064
6869507.0,0.01538293,0.0,2.064
6869585.0,-0.00305482,0.0,1.376
6869663.0,-0.04567003,0.0,2.064
6869742.0,0.0041069,0.0,2.064
6869820.0,-0.00574696,0.0,2.064
6869898.0,0.01203065,0.0,2.064
6869976.0,-0.0181403,0.0,2.064
6870054.0,-0.00412144,0.0,2.064
6870132.0,0.00222763,0.0,2.064
6870210.0,-0.01168963,0.0,2.064
6870288.0,-0.00305482,0.0,2.064
6870366.0,-0.00478173,0.0,2.064
6870445.0,0.00370057,0.0,2.064
6870523.0,0.00999888,0.0,2.064
6870601.0,-0.01976568,0.0,1.72
6870679.0,-0.01052134,0.0,2.064
6870757.0,0.00542762,0.0,1.376
6870835.0,-0.02271171,0.0,1.72
6870913.0,-0.00407068,0.0,1.72
6870991.0,0.0051229,0.0,2.408
6871069.0,-0.01067378,0.0,2.064
6871148.0,0.00192283,0.0,2.064
6871226.0,0.01238622,0.0,1.72
6871304.0,-0.00788012,0.0,2.064
6871382.0,-0.01951172,0.0,1.376
6871460.0,0.01137037,0.0,2.064
6871538.0,-0.02616558,0.0,2.064
6871616.0,-0.00234385,0.0,2.064
6871694.0,0.00212603,0.0,2.752
6871772.0,0.02015746,0.0,2.064
6871851.0,0.01843056,0.0,2.064
6871929.0,-0.00071832,0.0,2.064
6872007.0,-0.02245774,0.0,2.408
6872085.0,-0.0006168,0.0,2.064
6872163.0,-0.01890219,0.0,2.064
6872241.0,0.00344661,0.0,2.064
6872319.0,0.01004971,0.0,2.064
6872398.0,0.00527511,0.0,2.408
6872476.0,0.01543377,0.0,2.064
6872554.0,-0.00671198,0.0,2.064
6872632.0,-0.00991189,0.0,2.064
6872710.0,0.00014517,0.0,2.064
6872788.0,-0.02067993,0.0,2.064
6872866.0,0.00212603,0.0,1.72
6872944.0,-0.01448322,0.0,2.064
6873022.0,0.01355443,0.0,2.408
6873101.0,0.00639263,0.0,2.064
6873179.0,0.00532595,0.0,1.72
6873257.0,-0.01128323,0.0,1.72
6873335.0,0.02249396,0.0,1.72
6873413.0,-0.00640725,0.0,1.72
6873491.0,-0.00071832,0.0,1.72
6873569.0,-0.00427388,0.0,2.064
6873647.0,-0.01361973,0.0,2.064
6873725.0,-0.01138483,0.0,1.72
6873803.0,0.00573235,0.0,2.752
6873882.0,0.00649416,0.0,1.72
6873960.0,-0.01041982,0.0,2.064
6874038.0,0.00690049,0.0,1.72
6874116.0,-0.00295322,0.0,2.064
6874194.0,-0.02393061,0.0,2.064
6874272.0,-0.00473096,0.0,2.064
6874350.0,0.00192283,0.0,2.064
6874428.0,-0.0180387,0.0,2.064
6874506.0,0.00263396,0.0,2.064
6874585.0,-0.00986106,0.0,2.064
6874663.0,0.01975114,0.0,2.064
6874741.0,-0.00295322,0.0,2.064
6874819.0,-0.00325795,0.0,2.064
6874897.0,-0.00036283,0.0,2.752
6874975.0,-7.27e-06,0.0,2.064
6875053.0,0.00679888,0.0,2.064
6875132.0,0.00481802,0.0,2.064
6875210.0,-0.00869284,0.0,2.408
6875288.0,-0.00930229,0.0,2.064
6875366.0,-0.01052134,0.0,2.064
6875444.0,-0.00650878,0.0,2.408
6875522.0,-0.01118163,0.0,2.064
6875600.0,0.00578318,0.0,2.064
6875678.0,-0.00513736,0.0,2.064
6875756.0,0.00070385,0.0,2.064
6875835.0,-0.01636256,0.0,1.72
6875913.0,-0.00915001,0.0,1.72
6875991.0,-0.00214057,0.0,2.064
6876069.0,-0.00026131,0.0,1.72
6876147.0,-0.01118163,0.0,2.064
6876225.0,-0.00371511,0.0,2.408
6876303.0,-0.01544831,0.0,2.064
6876381.0,-0.00645794,0.0,2.064
6876459.0,-0.00574696,0.0,1.72
6876538.0,-0.0133657,0.0,2.064
6876616.0,0.00806877,0.0,1.72
6876694.0,-0.00142952,0.0,2.064
6876772.0,-0.0117404,0.0,2.064
6876850.0,0.00050073,0.0,2.408
6876928.0,0.00969408,0.0,1.376
6877006.0,0.02630333,0.0,2.064
6877084.0,-0.00300414,0.0,1.376
6877162.0,-0.01235,0.0,2.064
6877241.0,-0.00046443,0.0,1.72
6877319.0,0.00603707,0.0,2.064
6877397.0,-0.01021662,0.0,2.064
6877475.0,-0.00742295,0.0,2.064
6877553.0,0.00237992,0.0,2.064
6877631.0,0.0062402,0.0,2.064
6877709.0,-0.01209596,0.0,2.064
6877787.0,-0.01016586,0.0,2.064
6877865.0,0.00171963,0.0,2.064
6877944.0,-0.00066756,0.0,2.408
6878022.0,0.02488123,0.0,2.064
6878100.0,-0.00127709,0.0,2.064
6878178.0,0.00370057,0.0,2.064
6878256.0,-0.000312,0.0,2.064
6878334.0,0.01832896,0.0,1.72
6878412.0,-0.00163265,0.0,2.064
6878490.0,0.0013133,0.0,2.064
6878569.0,-0.02636871,0.0,2.064
6878647.0,0.00278632,0.0,2.064
6878725.0,-0.0205784,0.0,2.064
6878803.0,-0.0066103,0.0,2.064
6878881.0,0.00024669,0.0,2.064
6878959.0,-0.00747379,0.0,2.064
6879037.0,0.03361756,0.0,1.72
6879115.0,0.00811954,0.0,2.064
6879194.0,0.00644347,0.0,2.064
6879272.0,-0.00305482,0.0,2.064
6879350.0,-0.00239454,0.0,1.72
6879428.0,-0.01306097,0.0,2.064
6879506.0,-0.02357512,0.0,2.064
6879584.0,0.00725612,0.0,1.376
6879662.0,0.01385915,0.0,2.064
6879740.0,-0.0005152,0.0,2.064
6879818.0,0.0012117,0.0,2.064
6879897.0,-0.01168963,0.0,2.408
6879975.0,-0.01138483,0.0,2.408
6880053.0,-0.00452791,0.0,2.064
6880131.0,-0.01428002,0.0,2.408
6880209.0,-0.00341039,0.0,2.064
6880287.0,-0.01991804,0.0,1.72
6880365.0,0.00817037,0.0,2.064
6880443.0,-0.01118163,0.0,2.752
6880521.0,-0.01951172,0.0,2.064
6880600.0,-0.01615936,0.0,2.064
6880678.0,-0.01676896,0.0,2.064
6880756.0,-0.01808961,0.0,2.064
6880834.0,-0.00087076,0.0,2.064
6880912.0,0.01142105,0.0,1.72
6880990.0,0.0012117,0.0,2.064
6881068.0,-0.00046443,0.0,2.064
6881146.0,-0.01219748,0.0,2.408
6881224.0,-0.00142952,0.0,2.064
6881303.0,-0.01316265,0.0,2.064
6881381.0,-0.02438777,0.0,1.376
6881459.0,0.01457028,0.0,2.064
6881537.0,-0.0087436,0.0,1.376
6881615.0,-0.00391831,0.0,1.72
6881693.0,0.01253858,0.0,2.408
6881771.0,0.00456413,0.0,2.064
6881849.0,0.0174654,0.0,1.72
6881928.0,0.01370679,0.0,2.064
6882006.0,-5.803e-05,0.0,1.72
6882084.0,0.00959255,0.0,2.064
6882162.0,0.01035451,0.0,1.72
6882240.0,-0.0122484,0.0,2.064
6882318.0,-0.01062294,0.0,2.064
6882396.0,-0.00645794,0.0,2.408
6882474.0,-0.00574696,0.0,1.376
6882552.0,0.01065924,0.0,2.064
6882631.0,0.00497038,0.0,1.72
6882709.0,-0.0043754,0.0,2.064
6882787.0,-0.01295945,0.0,1.72
6882865.0,-0.00975953,0.0,2.064
6882943.0,0.00700209,0.0,2.752
6883021.0,-0.02946703,0.0,2.064
6883099.0,0.00278632,0.0,1.72
6883177.0,-0.00234385,0.0,2.064
6883255.0,-0.01102934,0.0,2.064
6883334.0,-0.01727681,0.0,2.064
6883412.0,-0.01351821,0.0,2.064
6883490.0,-0.01108011,0.0,1.72
6883568.0,-0.00249614,0.0,1.72
6883646.0,-0.01412774,0.0,2.064
6883724.0,-0.00325795,0.0,2.064
6883802.0,-0.01585464,0.0,2.064
6883880.0,0.00029745,0.0,1.376
6883958.0,0.00776405,0.0,1.72
6884037.0,0.0200051,0.0,1.72
6884115.0,-0.00422319,0.0,2.408
6884193.0,-0.00798172,0.0,2.408
6884271.0,-0.0027501,0.0,2.408
6884349.0,-0.01016586,0.0,2.064
6884427.0,0.00283708,0.0,2.064
6884505.0,0.00603707,0.0,2.064
6884583.0,0.00395453,0.0,2.408
6884661.0,-0.01763238,0.0,1.72
6884740.0,0.00730696,0.0,2.752
6884818.0,-0.00122632,0.0,2.408
6884896.0,0.01731311,0.0,2.752
6884974.0,0.00298952,0.0,2.064
6885052.0,4.349e-05,0.0,2.064
6885130.0,-0.00589918,0.0,1.72
6885208.0,0.00237992,0.0,2.064
6885286.0,-0.01392446,0.0,1.72
6885365.0,-0.00193737,0.0,2.408
6885443.0,-0.00107388,0.0,2.064
6885521.0,-0.00442624,0.0,1.72
6885599.0,-0.00986106,0.0,1.72
6885677.0,-0.00970869,0.0,1.72
6885755.0,0.00786565,0.0,1.72
6885833.0,-0.00163265,0.0,1.72
6885911.0,-0.02474333,0.0,2.064
6885990.0,-0.01341653,0.0,2.752
6886068.0,-0.00407068,0.0,2.064
6886146.0,-0.00747379,0.0,2.064
6886224.0,0.0091863,0.0,2.064
6886302.0,-0.00671198,0.0,2.064
6886380.0,0.01893841,0.0,1.72
6886458.0,0.00075462,0.0,2.064
6886536.0,-0.01905463,0.0,2.064
6886614.0,-0.02474333,0.0,1.72
6886693.0,-0.00295322,0.0,2.064
6886771.0,0.00547831,0.0,2.064
6886849.0,-0.0139753,0.0,2.064
6886927.0,0.00791641,0.0,2.064
6887005.0,-0.02062909,0.0,2.408
6887083.0,-0.0051882,0.0,2.064
6887161.0,0.00050073,0.0,2.064
6887239.0,-0.00762623,0.0,2.064
6887317.0,0.01853208,0.0,2.064
6887395.0,-0.00595001,0.0,2.064
6887474.0,-0.00117548,0.0,2.064
6887552.0,-0.01270541,0.0,2.064
6887630.0,-0.00010887,0.0,2.064
6887708.0,0.00243076,0.0,2.064
6887786.0,0.01426541,0.0,2.064
6887864.0,-0.00178509,0.0,2.064
6887942.0,-0.01031814,0.0,2.408
6888020.0,-0.01219748,0.0,2.064
6888098.0,-0.0121468,0.0,2.408
6888177.0,-0.00584849,0.0,2.064
6888255.0,0.01517973,0.0,2.064
6888333.0,0.01360512,0.0,2.064
6888411.0,-0.01590532,0.0,2.064
6888489.0,0.00080545,0.0,2.408
6888567.0,-0.00655954,0.0,1.72
6888645.0,-0.02164502,0.0,2.064
6888724.0,0.00425926,0.0,2.064
6888802.0,-0.00640725,0.0,2.064
6888880.0,-0.01854663,0.0,2.064
6888958.0,0.00222763,0.0,2.064
6889036.0,0.00791641,0.0,2.064
6889114.0,-0.01504199,0.0,2.408
6889192.0,0.01609406,0.0,2.752
6889270.0,0.00339584,0.0,2.064
6889348.0,0.00832266,0.0,2.064
6889427.0,0.00486886,0.0,2.064
6889505.0,-0.02047681,0.0,2.064
6889583.0,0.00024669,0.0,2.064
6889661.0,0.00105934,0.0,2.064
6889739.0,0.00949103,0.0,2.064
6889817.0,-0.01438162,0.0,2.064
6889895.0,0.00370057,0.0,2.064
6889973.0,0.00547831,0.0,2.408
6890051.0,0.00293868,0.0,1.72
6890130.0,-0.00854048,0.0,2.064
6890208.0,9.425e-05,0.0,2.064
6890286.0,-0.01361973,0.0,2.408
6890364.0,0.00796725,0.0,2.064
6890442.0,-0.0087436,0.0,1.376
6890520.0,0.00903379,0.0,2.064
6890598.0,0.00659576,0.0,2.408
6890676.0,-0.00752463,0.0,2.064
6890754.0,-0.00564529,0.0,1.376
6890833.0,-0.01128323,0.0,1.72
6890911.0,-0.00508653,0.0,1.72
6890989.0,0.00745925,0.0,2.064
6891067.0,-0.00127709,0.0,1.72
6891145.0,-0.01250221,0.0,2.752
6891223.0,-0.02560682,0.0,1.72
6891301.0,0.00273548,0.0,1.72
6891379.0,-0.00081992,0.0,1.72
6891457.0,-0.01783558,0.0,1.72
6891536.0,-0.00696594,0.0,2.064
6891614.0,0.00502115,0.0,2.064
6891692.0,-0.00894688,0.0,2.752
6891770.0,-0.00290246,0.0,2.064
6891848.0,-0.01148651,0.0,2.064
6891926.0,-0.00076916,0.0,2.064
6892004.0,-0.00869284,0.0,2.064
6892082.0,-0.00970869,0.0,1.376
6892161.0,-0.03596853,0.0,2.064
6892239.0,-0.00432471,0.0,2.064
6892317.0,0.00171963,0.0,2.408
6892395.0,0.00588471,0.0,2.752
6892473.0,-0.01148651,0.0,2.064
6892551.0,0.00232923,0.0,2.064
6892629.0,0.00283708,0.0,1.72
6892707.0,0.00684972,0.0,1.72
6892785.0,-0.00960717,0.0,2.064
6892864.0,-0.00432471,0.0,2.064
6892942.0,-0.00899757,0.0,2.408
6893020.0,0.02137651,0.0,2.408
6893098.0,0.00999888,0.0,2.064
6893176.0,-0.02454021,0.0,2.064
6893254.0,0.00466566,0.0,2.064
6893332.0,-0.01240068,0.0,1.376
6893410.0,0.00085622,0.0,2.064
6893488.0,-0.01839434,0.0,1.72
6893567.0,0.00359897,0.0,1.72
6893645.0,-0.01077538,0.0,2.064
6893723.0,-0.0122484,0.0,1.376
6893801.0,-0.00183577,0.0,2.064
6893879.0,-0.00970869,0.0,1.72
6893957.0,0.00339584,0.0,2.408
6894035.0,0.00405613,0.0,1.72
6894113.0,-0.00544209,0.0,2.064
6894191.0,-0.00920077,0.0,2.064
6894270.0,0.01853208,0.0,2.408
6894348.0,0.00603707,0.0,2.064
6894426.0,-0.01438162,0.0,2.752
6894504.0,0.01035451,0.0,2.064
6894582.0,-0.02250843,0.0,1.376
6894660.0,0.00288792,0.0,2.064
6894738.0,0.01584002,0.0,2.064
6894816.0,-0.00320719,0.0,2.064
6894895.0,-0.00452791,0.0,2.408
6894973.0,0.00629103,0.0,2.064
6895051.0,-0.01905463,0.0,2.064
6895129.0,0.01655122,0.0,1.376
6895207.0,-0.01798786,0.0,2.064
6895285.0,0.03280484,0.0,2.064
6895363.0,-0.0133657,0.0,2.064
6895441.0,0.00288792,0.0,2.064
6895520.0,-0.01036906,0.0,2.064
6895598.0,0.02056379,0.0,2.064
6895676.0,-0.00788012,0.0,2.064
6895754.0,-0.03139728,0.0,2.064
6895832.0,-0.0011248,0.0,1.72
6895910.0,0.01416388,0.0,2.064
6895988.0,0.0012117,0.0,2.408
6896066.0,-0.01062294,0.0,2.064
6896144.0,0.01954786,0.0,1.72
6896223.0,-0.00549293,0.0,2.064
6896301.0,-0.00264857,0.0,1.72
6896379.0,0.00593547,0.0,1.72
6896457.0,-0.00178509,0.0,1.72
6896535.0,0.00268479,0.0,2.064
6896613.0,0.01157349,0.0,1.376
6896691.0,0.00456413,0.0,2.752
6896769.0,-0.00264857,0.0,1.72
6896847.0,-0.00945481,0.0,2.064
6896925.0,-0.00483264,0.0,2.064
6897004.0,0.00080545,0.0,2.064
6897082.0,0.01106556,0.0,1.376
6897160.0,0.02691293,0.0,2.064
6897238.0,-0.02184814,0.0,2.408
6897316.0,-0.00148021,0.0,2.064
6897394.0,0.01634802,0.0,2.064
6897472.0,-0.00422319,0.0,2.064
6897551.0,-0.00859132,0.0,2.064
6897629.0,0.0045133,0.0,2.064
6897707.0,-0.00417228,0.0,2.064
6897785.0,-0.02357512,0.0,2.064
6897863.0,0.00791641,0.0,1.72
6897941.0,0.01441792,0.0,2.064
6898019.0,0.01690671,0.0,2.064
6898097.0,0.03290644,0.0,2.064
6898175.0,0.00090698,0.0,2.064
6898254.0,-0.00071832,0.0,2.064
6898332.0,0.00065302,0.0,2.064
6898410.0,-0.01255312,0.0,2.064
6898488.0,0.00842434,0.0,2.408
6898566.0,0.00197359,0.0,2.064
6898644.0,-0.00828659,0.0,2.064
6898722.0,0.00715445,0.0,2.064
6898800.0,0.00029745,0.0,2.064
6898878.0,0.01573849,0.0,1.72
6898957.0,-0.00412144,0.0,1.72
6899035.0,-0.00848964,0.0,2.064
6899113.0,-0.00813408,0.0,2.064
6899191.0,0.00786565,0.0,2.064
6899269.0,0.00822114,0.0,2.064
6899347.0,-0.00442624,0.0,2.408
6899425.0,0.01406236,0.0,2.064
6899503.0,-0.01793718,0.0,2.408
6899581.0,0.00034829,0.0,1.72
6899660.0,-0.00325795,0.0,2.408
6899738.0,0.00344661,0.0,2.408
6899816.0,-0.01367057,0.0,2.752
6899894.0,-0.01910539,0.0,2.064
6899972.0,0.00324356,0.0,2.064
6900050.0,0.01269094,0.0,2.064
6900128.0,-0.00229294,0.0,2.408
6900206.0,0.00253236,0.0,2.064
6900284.0,0.0061386,0.0,2.064
6900363.0,-0.01661653,0.0,2.408
6900441.0,-0.00193737,0.0,2.064
6900519.0,0.0012117,0.0,2.064
6900597.0,0.01441792,0.0,1.72
6900675.0,-0.00188661,0.0,1.72
6900753.0,-0.00991189,0.0,1.376
6900831.0,0.00822114,0.0,1.72
6900910.0,0.01482417,0.0,1.72
6900988.0,-0.01687056,0.0,2.064
6901066.0,0.00029745,0.0,2.064
6901144.0,-0.00346115,0.0,2.064
6901222.0,0.00293868,0.0,1.72
6901300.0,0.00065302,0.0,2.064
6901378.0,0.00771321,0.0,1.376
6901456.0,-0.00569605,0.0,2.064
6901534.0,-0.00539133,0.0,1.72
6901613.0,-0.01514351,0.0,1.72
6901691.0,-0.01768314,0.0,2.064
6901769.0,-0.0066103,0.0,2.408
6901847.0,-0.00579765,0.0,2.064
6901925.0,0.01350359,0.0,2.064
6902003.0,-0.00508653,0.0,2.408
6902081.0,-0.01483879,0.0,1.376
6902159.0,-0.01575304,0.0,1.72
6902237.0,-0.03256541,0.0,2.408
6902315.0,0.0108116,0.0,2.064
6902394.0,-0.00589918,0.0,2.064
6902472.0,0.00385301,0.0,2.064
6902550.0,0.00309104,0.0,2.064
6902628.0,0.00237992,0.0,1.72
6902706.0,-0.00798172,0.0,2.064
6902784.0,-0.01209596,0.0,2.064
6902862.0,-0.0068135,0.0,2.064
6902940.0,-0.00930229,0.0,2.408
6903018.0,0.00771321,0.0,2.064
6903097.0,0.00166887,0.0,2.064
6903175.0,0.00258319,0.0,2.064
6903253.0,0.00146574,0.0,2.064
6903331.0,4.349e-05,0.0,1.72
6903409.0,-0.00330886,0.0,2.064
6903487.0,0.00070385,0.0,2.752
6903565.0,0.00537671,0.0,2.064
6903643.0,-0.02794325,0.0,2.064
6903722.0,0.00862754,0.0,2.064
6903800.0,0.00166887,0.0,2.408
6903878.0,-0.00142952,0.0,1.72
6903956.0,0.00202451,0.0,2.752
6904034.0,-0.00559445,0.0,2.408
6904112.0,0.00761169,0.0,2.064
6904190.0,0.01116716,0.0,2.408
6904268.0,0.00776405,0.0,2.752
6904346.0,0.00217679,0.0,2.064
6904425.0,0.00029745,0.0,2.064
6904503.0,-0.02728296,0.0,2.064
6904581.0,-0.00589918,0.0,2.064
6904659.0,-0.02194974,0.0,2.064
6904737.0,0.00314188,0.0,2.064
6904815.0,-0.02007048,0.0,2.064
6904893.0,-0.00036283,0.0,1.72
6904972.0,-0.00315642,0.0,2.064
6905050.0,0.00065302,0.0,1.72
6905128.0,-0.00508653,0.0,2.064
6905206.0,0.00116102,0.0,2.064
6905284.0,-0.01346745,0.0,2.064
6905362.0,0.00644347,0.0,1.376
6905440.0,-0.0180387,0.0,2.752
6905518.0,4.349e-05,0.0,1.72
6905596.0,-0.00620405,0.0,2.064
6905675.0,0.00532595,0.0,1.72
6905753.0,-0.02220371,0.0,2.064
6905831.0,0.00329424,0.0,1.72
6905909.0,-0.01458475,0.0,2.064
6905987.0,-0.02230531,0.0,2.752
6906065.0,0.00304028,0.0,2.064
6906143.0,0.0062402,0.0,2.064
6906221.0,0.01401152,0.0,1.72
6906299.0,-0.00137861,0.0,1.72
6906377.0,-0.01026746,0.0,2.064
6906456.0,-0.01478802,0.0,2.064
6906534.0,-0.00234385,0.0,1.72
6906612.0,-0.00107388,0.0,2.064
6906690.0,-0.00925161,0.0,2.064
6906768.0,0.00735765,0.0,2.064
6906846.0,-0.00757539,0.0,2.064
6906924.0,0.01538293,0.0,1.72
6907002.0,0.00811954,0.0,2.064
6907080.0,-0.01326417,0.0,1.72
6907159.0,0.02858907,0.0,2.064
6907237.0,-0.01473719,0.0,2.408
6907315.0,0.00791641,0.0,2.064
6907393.0,0.00964331,0.0,1.72
6907471.0,-0.02352428,0.0,1.72
6907549.0,0.0090847,0.0,2.064
6907627.0,-0.0115372,0.0,2.064
6907705.0,0.00019585,0.0,2.064
6907784.0,0.01858285,0.0,1.72
6907862.0,0.01238622,0.0,2.064
6907940.0,-0.01290868,0.0,2.064
6908018.0,-0.01539747,0.0,2.408
6908096.0,-0.01544831,0.0,2.064
6908174.0,-0.00351199,0.0,1.72
6908252.0,0.00827197,0.0,2.064
6908330.0,-0.00686434,0.0,2.064
6908409.0,-0.00600078,0.0,2.408
6908487.0,-0.00203897,0.0,2.064
6908565.0,0.00690049,0.0,2.408
6908643.0,-0.00534049,0.0,2.408
6908721.0,-0.00782935,0.0,2.064
6908799.0,0.00852594,0.0,2.064
6908877.0,0.01548446,0.0,2.752
6908955.0,-0.0045786,0.0,1.72
6909033.0,-0.01539747,0.0,2.408
6909112.0,-0.00107388,0.0,2.064
6909190.0,-0.00239454,0.0,2.752
6909268.0,0.01045604,0.0,2.064
6909346.0,-0.01681965,0.0,2.064
6909424.0,-0.00884528,0.0,1.72
6909502.0,-0.00346115,0.0,2.064
6909580.0,-0.00483264,0.0,1.72
6909658.0,-0.00361359,0.0,2.064
6909736.0,0.01375755,0.0,1.72
6909815.0,0.00923699,0.0,2.064
6909893.0,0.00730696,0.0,3.096
6909971.0,-0.01504199,0.0,1.376
6910049.0,-0.00239454,0.0,2.064
6910127.0,-0.00097236,0.0,2.064
6910205.0,-0.01062294,0.0,1.72
6910283.0,-0.00940389,0.0,1.032
6910361.0,-0.00970869,0.0,2.408
6910439.0,0.00537671,0.0,2.408
6910518.0,0.03168746,0.0,2.064
6910596.0,-0.00269926,0.0,2.752
6910674.0,-0.00630558,0.0,2.064
6910752.0,-0.00909917,0.0,2.064
6910830.0,0.01137037,0.0,1.72
6910908.0,0.00116102,0.0,2.064
6910986.0,0.01182745,0.0,1.72
6911064.0,0.0014149,0.0,2.064
6911142.0,-0.01113094,0.0,2.408
6911221.0,-0.00320719,0.0,2.064
6911299.0,-0.00615322,0.0,2.064
6911377.0,-0.00168349,0.0,2.064
6911455.0,0.0044117,0.0,2.064
6911533.0,-0.01204512,0.0,2.064
6911611.0,0.00954171,0.0,2.064
6911689.0,0.00527511,0.0,2.752
6911767.0,-0.00335955,0.0,2.064
6911846.0,-0.00412144,0.0,2.064
6911924.0,0.00146574,0.0,2.064
6912002.0,-0.00716907,0.0,2.064
6912080.0,0.01360512,0.0,1.376
6912158.0,0.00324356,0.0,2.064
6912236.0,0.01639878,0.0,2.064
6912314.0,-0.02255927,0.0,2.064
6912392.0,-0.01387377,0.0,2.408
6912470.0,0.00217679,0.0,2.064
6912549.0,0.00669736,0.0,2.064
6912627.0,-0.00625474,0.0,2.064
6912705.0,-0.02352428,0.0,2.064
6912783.0,0.00659576,0.0,1.72
6912861.0,-0.0161086,0.0,2.408
6912939.0,-0.004985,0.0,2.064
6913017.0,0.02076691,0.0,2.064
6913095.0,-0.00782935,0.0,2.064
6913173.0,-0.01387377,0.0,2.408
6913252.0,0.00314188,0.0,2.064
6913330.0,-0.00473096,0.0,3.096
6913408.0,0.0013133,0.0,2.064
6913486.0,-0.00813408,0.0,2.064
6913564.0,-0.00488348,0.0,2.064
6913642.0,-0.00569605,0.0,3.44
6913720.0,-0.01011509,0.0,2.064
6913798.0,0.00151651,0.0,2.752
6913876.0,-0.0163118,0.0,2.064
6913955.0,-0.00300414,0.0,2.064
6914033.0,0.01589093,0.0,1.72
6914111.0,-0.00335955,0.0,2.064
6914189.0,-0.00249614,0.0,2.064
6914267.0,-0.0198672,0.0,2.064
6914345.0,-0.02581002,0.0,2.408
6914423.0,-0.00559445,0.0,2.064
6914501.0,0.00842434,0.0,2.064
6914580.0,0.00852594,0.0,2.064
6914658.0,-0.00325795,0.0,2.408
6914736.0,-0.01504199,0.0,2.064
6914814.0,0.00314188,0.0,2.064
6914892.0,-0.00036283,0.0,2.064
6914970.0,-0.01915615,0.0,2.064
6915048.0,0.00669736,0.0,1.72
6915126.0,0.00994811,0.0,2.408
6915205.0,-0.00935313,0.0,1.72
6915283.0,0.01355443,0.0,1.376
6915361.0,-0.02362588,0.0,1.376
6915439.0,-0.00021047,0.0,1.72
6915517.0,-0.00478173,0.0,1.376
6915595.0,0.00639263,0.0,2.408
6915673.0,0.01126876,0.0,1.72
6915751.0,0.01319887,0.0,2.064
6915829.0,0.0043101,0.0,1.032
6915908.0,-0.01077538,0.0,2.064
6915986.0,0.00481802,0.0,1.72
6916064.0,-0.00168349,0.0,2.064
6916142.0,-0.01021662,0.0,2.408
6916220.0,0.00395453,0.0,1.72
6916298.0,-0.02113709,0.0,2.064
6916376.0,-0.00503576,0.0,2.064
6916454.0,-0.00559445,0.0,1.72
6916532.0,-0.00310566,0.0,1.032
6916611.0,-0.00214057,0.0,2.064
6916689.0,0.00095774,0.0,2.064
6916767.0,-0.00305482,0.0,1.72
6916845.0,0.00593547,0.0,2.752
6916923.0,-0.00356275,0.0,2.064
6917001.0,-0.00168349,0.0,2.064
6917079.0,-0.00021047,0.0,1.376
6917157.0,0.0087799,0.0,2.064
6917235.0,-0.00010887,0.0,2.064
6917314.0,0.00842434,0.0,2.064
6917392.0,-0.00589918,0.0,2.064
6917470.0,0.02305273,0.0,2.064
6917548.0,-0.01006426,0.0,2.064
6917626.0,-0.00584849,0.0,2.064
6917704.0,-0.0051882,0.0,2.408
6917782.0,0.01040528,0.0,2.064
6917860.0,0.01578933,0.0,2.064
6917939.0,-0.01346745,0.0,2.064
6918017.0,-0.000312,0.0,2.064
6918095.0,-0.00721983,0.0,2.408
6918173.0,-0.01133407,0.0,2.064
6918251.0,0.00273548,0.0,2.752
6918329.0,-0.00259766,0.0,1.376
6918407.0,0.02356058,0.0,1.376
6918485.0,-0.02062909,0.0,1.72
6918564.0,-0.00615322,0.0,1.72
6918642.0,0.0044117,0.0,2.408
6918720.0,-0.01036906,0.0,1.72
6918798.0,-0.00610238,0.0,2.408
6918876.0,-0.03231153,0.0,1.72
6918954.0,0.00781481,0.0,1.72
6919032.0,0.00618943,0.0,2.752
6919110.0,-0.00833728,0.0,2.064
6919188.0,-0.00341039,0.0,2.064
6919266.0,0.00202451,0.0,2.064
6919344.0,-0.004477,0.0,1.72
6919423.0,-0.00671198,0.0,2.064
6919501.0,-0.00848964,0.0,2.064
6919579.0,0.01187829,0.0,2.064
6919657.0,-0.0066103,0.0,2.064
6919735.0,-0.00341039,0.0,1.72
6919813.0,0.01126876,0.0,1.72
6919891.0,0.00420857,0.0,2.752
6919969.0,0.00044989,0.0,2.064
6920048.0,-0.00198821,0.0,2.064
6920126.0,-0.00244537,0.0,1.376
6920204.0,-0.00396915,0.0,2.064
6920282.0,0.02696369,0.0,1.032
6920360.0,-0.004985,0.0,2.064
6920438.0,-0.01102934,0.0,2.064
6920516.0,-0.0046802,0.0,1.72
6920594.0,-0.01270541,0.0,2.064
6920673.0,0.00039898,0.0,2.064
6920751.0,-0.0139753,0.0,2.064
6920829.0,0.00202451,0.0,2.064
6920907.0,-0.00117548,0.0,2.064
6920985.0,0.00060225,0.0,2.064
6921063.0,0.0198019,0.0,2.064
6921141.0,0.00791641,0.0,2.408
6921219.0,-0.00249614,0.0,2.064
6921297.0,-0.00762623,0.0,2.064
6921376.0,-0.00772783,0.0,2.064
6921454.0,-0.02027368,0.0,2.408
6921532.0,-0.00970869,0.0,1.72
6921610.0,0.00938943,0.0,2.064
6921688.0,-0.00610238,0.0,2.064
6921766.0,0.006545,0.0,2.064
6921844.0,-0.0009216,0.0,2.064
6921922.0,0.00507206,0.0,2.064
6922000.0,-0.01260388,0.0,2.064
6922079.0,0.01131953,0.0,2.064
6922157.0,-0.00666114,0.0,2.064
6922235.0,-0.02443861,0.0,1.72
6922313.0,0.00192283,0.0,2.064
6922391.0,0.00146574,0.0,2.064
6922469.0,-0.00137861,0.0,1.72
6922547.0,-0.00605169,0.0,2.064
6922625.0,0.00283708,0.0,2.064
6922703.0,-0.00584849,0.0,2.408
6922782.0,-0.02438777,0.0,1.72
6922860.0,0.00044989,0.0,2.408
6922938.0,-0.00361359,0.0,1.72
6923016.0,-0.00153105,0.0,2.408
6923094.0,-0.008642,0.0,2.064
6923172.0,-0.02677511,0.0,2.064
6923250.0,-0.00158189,0.0,2.064
6923328.0,-0.01524504,0.0,2.064
6923407.0,0.00684972,0.0,1.72
6923485.0,-0.01168963,0.0,2.408
6923563.0,-0.00513736,0.0,2.064
6923641.0,0.00593547,0.0,2.408
6923719.0,-0.00589918,0.0,2.064
6923797.0,-0.00889604,0.0,2.408
6923875.0,0.01985274,0.0,2.064
6923953.0,0.00664667,0.0,1.72
6924032.0,0.02356058,0.0,1.376
6924110.0,0.00415773,0.0,2.064
6924188.0,-0.0119436,0.0,2.408
6924266.0,-0.0028517,0.0,2.064
6924344.0,-0.02093397,0.0,2.752
6924422.0,-0.027537,0.0,1.72
6924500.0,-0.0158038,0.0,1.72
6924578.0,-0.01306097,0.0,2.064
6924656.0,0.00684972,0.0,2.064
6924735.0,0.00786565,0.0,2.064
6924813.0,-0.00269926,0.0,2.064
6924891.0,0.01162425,0.0,2.408
6924969.0,-0.00569605,0.0,2.064
6925047.0,-0.00366443,0.0,2.064
6925125.0,0.00370057,0.0,2.064
6925203.0,-0.00396915,0.0,2.064
6925281.0,-0.00833728,0.0,2.064
6925359.0,0.01584002,0.0,2.064
6925438.0,0.0063418,0.0,2.064
6925516.0,-0.01351821,0.0,2.064
6925594.0,-0.00224217,0.0,2.064
6925672.0,-0.00737227,0.0,2.064
6925750.0,0.00568143,0.0,2.064
6925828.0,0.01319887,0.0,2.064
6925906.0,0.01360512,0.0,1.72
6925984.0,-0.00772783,0.0,1.72
6926062.0,-0.01636256,0.0,2.408
6926141.0,-0.02403236,0.0,2.064
6926219.0,0.00293868,0.0,2.408
6926297.0,-0.00838812,0.0,2.064
6926375.0,0.00100858,0.0,2.064
6926453.0,-0.02926398,0.0,1.72
6926531.0,-0.04150495,0.0,1.376
6926609.0,0.01299567,0.0,2.064
6926687.0,-0.00010887,0.0,1.72
6926765.0,0.00690049,0.0,1.72
6926844.0,0.0045133,0.0,2.752
6926922.0,-0.00930229,0.0,2.064
6927000.0,-0.00625474,0.0,2.064
6927078.0,0.00552915,0.0,2.064
6927156.0,0.00273548,0.0,2.064
6927234.0,-0.0122484,0.0,1.376
6927312.0,0.01172593,0.0,2.408
6927391.0,-0.00904841,0.0,2.408
6927469.0,-0.02250843,0.0,2.408
6927547.0,0.02066539,0.0,1.72
6927625.0,-0.00930229,0.0,2.064
6927703.0,-0.01443246,0.0,2.064
6927781.0,0.00039898,0.0,2.408
6927859.0,0.01147189,0.0,1.72
6927937.0,-0.01509275,0.0,2.752
6928015.0,-0.00417228,0.0,2.408
6928094.0,-0.0046802,0.0,2.752
6928172.0,0.00827197,0.0,2.064
6928250.0,-0.00970869,0.0,2.064
6928328.0,0.01472264,0.0,2.064
6928406.0,-0.01041982,0.0,1.72
6928484.0,-0.01367057,0.0,1.72
6928562.0,0.00197359,0.0,1.72
6928640.0,0.01004971,0.0,2.064
6928718.0,0.00263396,0.0,2.064
6928797.0,-0.00381671,0.0,2.064
6928875.0,-0.0182419,0.0,2.064
6928953.0,-0.00706754,0.0,2.064
6929031.0,-0.02022277,0.0,1.72
6929109.0,-0.0069151,0.0,2.064
6929187.0,-0.00325795,0.0,2.064
6929265.0,0.01004971,0.0,2.064
6929343.0,-0.02001964,0.0,2.408
6929421.0,0.00014517,0.0,2.064
6929500.0,-0.0069151,0.0,2.064
6929578.0,0.00044989,0.0,2.064
6929656.0,-0.02342276,0.0,2.064
6929734.0,0.00563067,0.0,2.064
6929812.0,0.00039898,0.0,2.064
6929890.0,0.0130465,0.0,2.064
6929968.0,0.00151651,0.0,2.064
6930046.0,0.00491962,0.0,2.064
6930124.0,-0.01554991,0.0,2.064
6930203.0,-0.00813408,0.0,1.72
6930281.0,0.0126401,0.0,1.72
6930359.0,-0.01082622,0.0,2.064
6930437.0,0.00100858,0.0,2.408
6930515.0,-0.00488348,0.0,2.064
6930593.0,0.01319887,0.0,2.064
6930671.0,0.00197359,0.0,2.064
6930749.0,-0.00645794,0.0,2.064
6930827.0,-0.00432471,0.0,2.064
6930905.0,-0.00711823,0.0,2.064
6930984.0,0.01177661,0.0,1.376
6931062.0,0.02132567,0.0,2.064
6931140.0,-0.01768314,0.0,2.064
6931218.0,0.01071008,0.0,1.72
6931296.0,-0.01057218,0.0,2.064
6931374.0,-0.0009216,0.0,2.064
6931452.0,-0.00269926,0.0,2.408
6931530.0,0.00502115,0.0,1.032
6931609.0,-0.00818492,0.0,2.064
6931687.0,-0.01356897,0.0,2.064
6931765.0,-0.0140769,0.0,2.064
6931843.0,-0.00828659,0.0,2.408
6931921.0,-0.01326417,0.0,2.408
6931999.0,-0.0070167,0.0,2.064
6932077.0,-0.00076916,0.0,1.72
6932155.0,0.02005586,0.0,1.72
6932234.0,0.00111018,0.0,2.064
6932312.0,0.0045133,0.0,2.064
6932390.0,-0.00762623,0.0,3.096
6932468.0,0.01091313,0.0,2.064
6932546.0,-0.01006426,0.0,2.064
6932624.0,0.01853208,0.0,2.064
6932702.0,0.00517358,0.0,2.064
6932780.0,-0.02042597,0.0,1.376
6932858.0,-0.00142952,0.0,2.064
6932937.0,0.03123022,0.0,2.064
6933015.0,-0.01260388,0.0,2.064
6933093.0,0.01010048,0.0,2.752
6933171.0,0.00649416,0.0,2.064
6933249.0,-0.01880059,0.0,2.064
6933327.0,0.01182745,0.0,1.72
6933405.0,-0.0269274,0.0,2.064
6933483.0,0.00781481,0.0,1.376
6933562.0,0.00893226,0.0,2.408
6933640.0,-0.00168349,0.0,1.72
6933718.0,-0.00803255,0.0,2.064
6933796.0,-0.01199443,0.0,2.064
6933874.0,0.00090698,0.0,2.064
6933952.0,-0.0162102,0.0,2.064
6934030.0,0.01294483,0.0,1.376
6934108.0,0.01055756,0.0,2.064
6934186.0,0.00283708,0.0,1.72
6934265.0,-0.020172,0.0,2.064
6934343.0,-0.01438162,0.0,2.064
6934421.0,-0.00671198,0.0,2.064
6934499.0,0.0045133,0.0,2.408
6934577.0,-0.00676267,0.0,1.72
6934655.0,0.00126254,0.0,1.72
6934733.0,-0.00838812,0.0,2.064
6934811.0,0.00436086,0.0,2.064
6934889.0,0.01010048,0.0,2.408
6934968.0,-0.01270541,0.0,2.408
6935046.0,-0.00021047,0.0,2.408
6935124.0,0.01253858,0.0,2.064
6935202.0,0.00105934,0.0,2.064
6935280.0,-0.03149888,0.0,2.064
6935358.0,0.00791641,0.0,2.064
6935436.0,0.00705292,0.0,1.72
6935514.0,-0.01102934,0.0,2.064
6935592.0,-0.00178509,0.0,2.752
6935671.0,-0.00904841,0.0,2.408
6935749.0,0.0174654,0.0,2.064
6935827.0,-0.00915001,0.0,2.064
6935905.0,-0.00234385,0.0,2.064
6935983.0,0.0013133,0.0,1.376
6936061.0,-0.00442624,0.0,2.408
6936139.0,0.00705292,0.0,2.064
6936217.0,0.00573235,0.0,2.408
6936295.0,-0.00605169,0.0,2.408
6936374.0,-0.00584849,0.0,2.408
6936452.0,0.00832266,0.0,2.064
6936530.0,-0.0025469,0.0,2.064
6936608.0,-0.00229294,0.0,2.064
6936686.0,0.00212603,0.0,2.408
6936764.0,0.00370057,0.0,2.064
6936842.0,-0.02647031,0.0,2.408
6936921.0,-0.00721983,0.0,2.064
6936999.0,0.01721151,0.0,1.72
6937077.0,0.01467188,0.0,2.064
6937155.0,0.00085622,0.0,2.064
6937233.0,0.00979575,0.0,2.064
6937311.0,0.00405613,0.0,2.064
6937389.0,0.00334508,0.0,2.064
6937467.0,0.00237992,0.0,2.064
6937545.0,0.00065302,0.0,2.752
6937624.0,0.01731311,0.0,2.064
6937702.0,-0.01036906,0.0,2.064
6937780.0,-0.00569605,0.0,2.064
6937858.0,-0.01036906,0.0,2.064
6937936.0,-0.01524504,0.0,1.72
6938014.0,0.00608791,0.0,2.064
6938092.0,-0.00081992,0.0,1.72
6938170.0,0.01863368,0.0,1.72
6938248.0,0.00395453,0.0,1.72
6938326.0,-0.00727059,0.0,2.064
6938405.0,0.01716067,0.0,2.064
6938483.0,-0.00747379,0.0,1.72
6938561.0,-0.00478173,0.0,2.064
6938639.0,-0.00081992,0.0,2.064
6938717.0,-0.00021047,0.0,2.064
6938795.0,-0.0043754,0.0,2.408
6938873.0,-0.00955633,0.0,2.064
6938951.0,0.00197359,0.0,2.064
6939029.0,-0.00219134,0.0,2.064
6939108.0,-0.00706754,0.0,2.064
6939186.0,-0.00401991,0.0,1.72
6939264.0,0.0085767,0.0,2.064
6939342.0,-0.0141785,0.0,2.408
6939420.0,0.0108116,0.0,2.064
6939498.0,0.00542762,0.0,2.064
6939576.0,-0.01859747,0.0,2.408
6939654.0,0.02061462,0.0,2.064
6939733.0,-0.00127709,0.0,1.72
6939811.0,0.00349737,0.0,2.064
6939889.0,-0.00584849,0.0,2.064
6939967.0,0.00212603,0.0,2.064
6940045.0,0.00629103,0.0,2.064
6940123.0,0.01330039,0.0,2.752
6940201.0,-0.00625474,0.0,2.408
6940279.0,-0.008642,0.0,2.064
6940358.0,0.0106084,0.0,3.096
6940436.0,-0.01524504,0.0,2.064
6940514.0,0.00187207,0.0,2.408
6940592.0,-0.00178509,0.0,2.064
6940670.0,-0.00341039,0.0,2.064
6940748.0,-0.02606398,0.0,2.408
6940826.0,-0.01245152,0.0,2.752
6940904.0,0.00491962,0.0,2.064
6940982.0,-0.01026746,0.0,1.376
6941061.0,0.01528133,0.0,2.408
6941139.0,0.00928783,0.0,2.064
6941217.0,-0.00081992,0.0,2.064
6941295.0,-0.01514351,0.0,2.408
6941373.0,-0.00930229,0.0,1.72
6941451.0,0.00715445,0.0,1.72
6941529.0,0.01182745,0.0,2.064
6941607.0,0.00710376,0.0,2.064
6941685.0,0.01116716,0.0,1.72
6941764.0,0.00146574,0.0,2.064
6941842.0,-0.00224217,0.0,2.408
6941920.0,-0.00706754,0.0,2.064
6941998.0,-0.01168963,0.0,2.064
6942076.0,-0.01519435,0.0,1.72
6942154.0,0.00024669,0.0,1.72
6942232.0,0.00253236,0.0,1.376
6942310.0,0.0069514,0.0,2.064
6942389.0,-0.01367057,0.0,1.72
6942467.0,-0.00422319,0.0,2.064
6942545.0,0.00293868,0.0,1.376
6942623.0,-0.01062294,0.0,2.064
6942701.0,-0.00417228,0.0,1.72
6942779.0,0.00568143,0.0,2.064
6942857.0,-0.00214057,0.0,1.376
6942935.0,-0.0158038,0.0,2.064
6943013.0,0.02091935,0.0,1.72
6943092.0,0.01223378,0.0,3.096
6943170.0,-0.00097236,0.0,1.376
6943248.0,0.01995434,0.0,2.064
6943326.0,-0.00752463,0.0,1.376
6943404.0,-0.00219134,0.0,2.064
6943482.0,0.00420857,0.0,1.376
6943560.0,0.00583387,0.0,1.72
6943638.0,-0.00335955,0.0,2.064
6943716.0,0.00629103,0.0,1.72
6943795.0,-0.01504199,0.0,2.752
6943873.0,0.02015746,0.0,2.064
6943951.0,-0.0066103,0.0,2.408
6944029.0,0.00507206,0.0,2.064
6944107.0,-0.00589918,0.0,1.72
6944185.0,0.00212603,0.0,1.72
6944263.0,-0.01615936,0.0,2.064
6944341.0,0.00649416,0.0,2.752
6944419.0,-0.00747379,0.0,1.72
6944498.0,0.00278632,0.0,1.72
6944576.0,-0.02616558,0.0,2.064
6944654.0,-0.02408304,0.0,2.064
6944732.0,0.00029745,0.0,1.376
6944810.0,0.00187207,0.0,2.064
6944888.0,0.00847518,0.0,2.408
6944966.0,0.00761169,0.0,2.064
6945044.0,-0.03175277,0.0,2.064
6945122.0,0.00014517,0.0,2.064
6945201.0,-0.00432471,0.0,2.408
6945279.0,-0.01707369,0.0,2.064
6945357.0,-0.01036906,0.0,2.064
6945435.0,0.00095774,0.0,2.064
6945513.0,0.0128433,0.0,2.064
6945591.0,-0.01097858,0.0,2.408
6945669.0,-0.01392446,0.0,2.064
6945747.0,0.00690049,0.0,2.408
6945826.0,0.00893226,0.0,2.064
6945904.0,0.01142105,0.0,2.064
6945982.0,-0.01839434,0.0,1.72
6946060.0,0.0067482,0.0,2.064
6946138.0,-0.00970869,0.0,2.064
6946216.0,-0.01026746,0.0,2.408
6946294.0,0.01091313,0.0,2.408
6946372.0,-0.00295322,0.0,2.064
6946451.0,0.0090847,0.0,2.064
6946529.0,-0.00671198,0.0,1.72
6946607.0,0.00044989,0.0,2.064
6946685.0,-0.01412774,0.0,2.064
6946763.0,-0.01311181,0.0,2.064
6946841.0,-0.00671198,0.0,2.064
6946919.0,0.00095774,0.0,1.72
6946997.0,0.0043101,0.0,1.376
6947075.0,-0.01199443,0.0,2.064
6947153.0,0.01035451,0.0,1.376
6947232.0,0.00217679,0.0,2.064
6947310.0,-0.01885143,0.0,1.72
6947388.0,-0.00427388,0.0,2.408
6947466.0,0.02229076,0.0,1.72
6947544.0,-0.00148021,0.0,2.408
6947622.0,-0.00544209,0.0,1.72
6947700.0,-0.01504199,0.0,2.064
6947778.0,0.02223993,0.0,1.032
6947856.0,0.00446253,0.0,2.064
6947935.0,-0.01783558,0.0,2.064
6948013.0,0.02335745,0.0,2.064
6948091.0,-0.00259766,0.0,2.408
6948169.0,-0.00214057,0.0,2.064
6948247.0,-0.01539747,0.0,2.064
6948325.0,0.01258934,0.0,2.064
6948403.0,-0.01102934,0.0,2.064
6948482.0,-0.00727059,0.0,2.064
6948560.0,0.01375755,0.0,2.064
6948638.0,0.00090698,0.0,2.064
6948716.0,0.01497661,0.0,2.064
6948794.0,0.00806877,0.0,2.752
6948872.0,0.01568773,0.0,1.72
6948950.0,0.00751001,0.0,1.72
6949028.0,0.00309104,0.0,1.72
6949106.0,0.01152265,0.0,2.064
6949185.0,-0.00224217,0.0,2.064
6949263.0,-0.00163265,0.0,2.064
6949341.0,0.00679888,0.0,2.752
6949419.0,0.0062402,0.0,2.064
6949497.0,0.0126401,0.0,2.408
6949575.0,0.00187207,0.0,2.064
6949653.0,0.01771936,0.0,2.064
6949731.0,0.0199035,0.0,1.72
6949809.0,0.0043101,0.0,2.064
6949888.0,0.00552915,0.0,2.064
6949966.0,0.01076076,0.0,2.064
6950044.0,-0.01361973,0.0,2.064
6950122.0,0.02569388,0.0,2.064
6950200.0,-0.00102312,0.0,2.064
6950278.0,0.0219352,0.0,1.72
6950356.0,-0.02555613,0.0,2.408
6950434.0,0.00212603,0.0,2.064
6950512.0,-0.00391831,0.0,2.064
6950591.0,9.425e-05,0.0,2.752
6950669.0,-0.00076916,0.0,2.408
6950747.0,0.01482417,0.0,2.064
6950825.0,0.00786565,0.0,2.752
6950903.0,0.0197003,0.0,2.064
6950981.0,-0.01072454,0.0,1.72
6951059.0,-0.01077538,0.0,2.408
6951137.0,0.00497038,0.0,2.408
6951215.0,0.00222763,0.0,1.72
6951293.0,-0.00422319,0.0,2.064
6951372.0,-0.00371511,0.0,2.064
6951450.0,-0.00401991,0.0,1.72
6951528.0,0.00659576,0.0,2.064
6951606.0,-0.0068135,0.0,2.408
6951684.0,0.00710376,0.0,1.72
6951762.0,0.0062402,0.0,1.72
6951841.0,0.00593547,0.0,2.408
6951919.0,-0.00716907,0.0,1.72
6951997.0,-0.01458475,0.0,2.064
6952075.0,-0.00107388,0.0,2.064
6952153.0,-0.02169578,0.0,1.72
6952231.0,0.00938943,0.0,1.376
6952309.0,-0.00173425,0.0,2.064
6952387.0,0.00730696,0.0,1.376
6952465.0,-0.00833728,0.0,2.064
6952543.0,-0.00574696,0.0,2.408
6952622.0,-0.00188661,0.0,2.064
6952700.0,0.02102095,0.0,2.064
6952778.0,-0.00244537,0.0,2.064
6952856.0,-0.01361973,0.0,2.064
6952934.0,-0.00605169,0.0,2.064
6953012.0,0.01274163,0.0,2.064
6953090.0,-0.00300414,0.0,2.064
6953168.0,-0.00361359,0.0,2.408
6953246.0,-0.03210833,0.0,2.064
6953325.0,-0.01905463,0.0,2.408
6953403.0,0.01131953,0.0,2.064
6953481.0,-0.0117404,0.0,2.064
6953559.0,-0.01387377,0.0,2.064
6953637.0,-0.01301028,0.0,2.408
6953715.0,0.0087799,0.0,2.064
6953793.0,-0.00127709,0.0,2.064
6953871.0,-0.01290868,0.0,2.064
6953949.0,-0.00564529,0.0,2.064
6954028.0,0.0103036,0.0,2.064
6954106.0,-0.00879437,0.0,2.064
6954184.0,-0.00732143,0.0,1.72
6954262.0,-0.0025469,0.0,2.064
6954340.0,-0.00396915,0.0,2.064
6954418.0,-0.00752463,0.0,2.064
6954496.0,-0.01062294,0.0,2.064
6954574.0,-0.02210218,0.0,2.064
6954652.0,0.00375141,0.0,2.064
6954731.0,-0.01737841,0.0,1.72
6954809.0,-0.01168963,0.0,2.408
6954887.0,-0.00036283,0.0,2.064
6954965.0,0.00100858,0.0,2.408
6955043.0,-0.0291623,0.0,2.064
6955121.0,0.00014517,0.0,2.408
6955199.0,-0.00539133,0.0,2.064
6955278.0,0.01055756,0.0,2.752
6955356.0,0.02335745,0.0,2.064
6955434.0,0.01335123,0.0,2.064
6955512.0,-0.00386755,0.0,2.064
6955590.0,0.02300189,0.0,2.408
6955668.0,0.01208134,0.0,2.064
6955746.0,-0.02159426,0.0,2.408
6955824.0,-0.008642,0.0,2.064
6955902.0,-0.01123247,0.0,2.064
6955981.0,-0.00706754,0.0,1.376
6956059.0,-0.01910539,0.0,2.064
6956137.0,-0.00066756,0.0,2.064
6956215.0,0.01065924,0.0,2.064
6956293.0,-0.0068135,0.0,2.064
6956371.0,0.01431624,0.0,2.064
6956449.0,-0.0028517,0.0,2.064
6956527.0,-0.004477,0.0,2.064
6956605.0,0.02127491,0.0,2.064
6956684.0,-0.00915001,0.0,1.72
6956762.0,0.00024669,0.0,2.064
6956840.0,0.00420857,0.0,2.064
6956918.0,-0.00335955,0.0,2.064
6956996.0,-0.03901608,0.0,1.032
6957074.0,-0.00249614,0.0,2.064
6957152.0,0.00817037,0.0,1.376
6957230.0,0.00349737,0.0,1.72
6957308.0,-0.0087436,0.0,1.376
6957387.0,-0.0066103,0.0,1.72
6957465.0,-0.00727059,0.0,1.376
6957543.0,-0.01433086,0.0,2.064
6957621.0,0.00370057,0.0,1.72
6957699.0,0.00690049,0.0,1.72
6957777.0,-0.00732143,0.0,2.064
6957855.0,-0.0068135,0.0,2.064
6957933.0,0.00563067,0.0,1.72
6958012.0,-0.00188661,0.0,2.408
6958090.0,-0.00823575,0.0,2.408
6958168.0,-0.01031814,0.0,2.064
6958246.0,-0.03205756,0.0,2.064
6958324.0,-0.00280086,0.0,2.064
6958402.0,0.00766237,0.0,2.064
6958480.0,-0.02428625,0.0,2.064
6958558.0,0.02132567,0.0,2.064
6958636.0,-0.01067378,0.0,2.064
6958715.0,-0.01387377,0.0,2.064
6958793.0,0.00644347,0.0,2.408
6958871.0,0.0013133,0.0,2.064
6958949.0,0.00319264,0.0,2.064
6959027.0,0.00380217,0.0,2.064
6959105.0,0.01716067,0.0,2.064
6959183.0,-0.0051882,0.0,2.064
6959261.0,-0.00208981,0.0,2.408
6959339.0,-0.01433086,0.0,2.408
6959418.0,0.00385301,0.0,2.064
6959496.0,-0.00833728,0.0,1.72
6959574.0,-0.0121468,0.0,2.752
6959652.0,0.00364981,0.0,2.064
6959730.0,-0.0066103,0.0,1.376
6959808.0,0.00461482,0.0,1.72
6959886.0,0.00847518,0.0,2.064
6959964.0,-0.00752463,0.0,2.064
6960042.0,-0.00996258,0.0,3.096
6960121.0,-0.00386755,0.0,2.064
6960199.0,-0.0005152,0.0,2.408
6960277.0,-0.02479417,0.0,2.408
6960355.0,-0.01016586,0.0,2.408
6960433.0,-0.01346745,0.0,1.72
6960511.0,-0.02484493,0.0,2.064
6960589.0,0.00425926,0.0,2.408
6960667.0,-0.01240068,0.0,2.064
6960745.0,0.00420857,0.0,2.752
6960824.0,-0.00107388,0.0,2.064
6960902.0,0.0044117,0.0,2.064
6960980.0,-0.00564529,0.0,2.064
6961058.0,-0.01651493,0.0,2.064
6961136.0,0.00044989,0.0,1.72
6961214.0,0.00806877,0.0,2.064
6961292.0,0.0041069,0.0,2.064
6961370.0,0.0013133,0.0,2.064
6961448.0,0.00207519,0.0,1.72
6961527.0,-0.00554376,0.0,2.064
6961605.0,0.01822728,0.0,1.376
6961683.0,-0.01554991,0.0,1.72
6961761.0,-0.01392446,0.0,1.376
6961839.0,0.00827197,0.0,2.064
6961917.0,0.00776405,0.0,1.376
6961995.0,-0.02540362,0.0,2.752
6962074.0,-0.01895303,0.0,2.064
6962152.0,-0.00564529,0.0,2.064
6962230.0,-0.01666729,0.0,1.376
6962308.0,-0.00198821,0.0,2.064
6962386.0,-0.00666114,0.0,2.064
6962464.0,0.01055756,0.0,2.064
6962542.0,0.00745925,0.0,2.064
6962620.0,0.01548446,0.0,2.064
6962698.0,-0.00859132,0.0,2.064
6962777.0,0.00324356,0.0,2.064
6962855.0,-0.01036906,0.0,2.064
6962933.0,0.01045604,0.0,1.376
6963011.0,0.00034829,0.0,2.064
6963089.0,-0.00554376,0.0,2.064
6963167.0,-0.02144182,0.0,2.064
6963245.0,0.00552915,0.0,2.408
6963323.0,-0.00158189,0.0,2.064
6963401.0,-0.03464796,0.0,2.064
6963479.0,0.00542762,0.0,2.064
6963558.0,0.00263396,0.0,2.064
6963636.0,-0.00904841,0.0,2.064
6963714.0,-0.00909917,0.0,2.064
6963792.0,0.00994811,0.0,2.064
6963870.0,-0.00589918,0.0,2.064
6963948.0,-0.01494031,0.0,2.064
6964026.0,-0.00412144,0.0,2.064
6964104.0,0.01914161,0.0,2.064
6964182.0,0.01858285,0.0,1.72
6964261.0,-0.0087436,0.0,2.064
6964339.0,-0.00183577,0.0,2.064
6964417.0,0.01390999,0.0,1.72
6964495.0,-0.0272322,0.0,1.72
6964573.0,-0.01905463,0.0,2.064
6964651.0,0.02493207,0.0,2.064
6964729.0,-0.01925775,0.0,1.72
6964807.0,0.00095774,0.0,2.752
6964886.0,0.01380839,0.0,1.72
6964964.0,0.00105934,0.0,2.408
6965042.0,-0.00503576,0.0,2.064
6965120.0,-0.00508653,0.0,2.752
6965198.0,-0.00655954,0.0,2.064
6965276.0,-0.01367057,0.0,2.064
6965354.0,-0.00777852,0.0,2.064
6965432.0,0.00273548,0.0,1.72
6965511.0,0.0013133,0.0,2.064
6965589.0,-0.02296559,0.0,2.752
6965667.0,0.00547831,0.0,2.064
6965745.0,-0.00696594,0.0,2.408
6965823.0,-0.00259766,0.0,2.064
6965901.0,-0.00589918,0.0,2.064
6965979.0,-0.00234385,0.0,2.064
6966057.0,0.00080545,0.0,2.064
6966135.0,0.01533217,0.0,2.064
6966214.0,0.00644347,0.0,1.72
6966292.0,0.00177047,0.0,1.72
6966370.0,0.02391621,0.0,2.064
6966448.0,0.00304028,0.0,2.064
6966526.0,0.00573235,0.0,2.064
6966604.0,0.00344661,0.0,2.064
6966682.0,-0.01163887,0.0,1.376
6966760.0,0.00085622,0.0,2.064
6966838.0,-0.00813408,0.0,2.064
6966917.0,0.00608791,0.0,2.064
6966995.0,-0.02067993,0.0,2.752
6967073.0,-0.00930229,0.0,2.064
6967151.0,-0.01108011,0.0,2.064
6967229.0,-0.00909917,0.0,1.72
6967307.0,-0.01661653,0.0,2.064
6967385.0,-0.00782935,0.0,1.72
6967463.0,-0.0187499,0.0,2.064
6967541.0,0.00197359,0.0,2.408
6967620.0,-0.00899757,0.0,1.72
6967698.0,-0.01473719,0.0,2.064
6967776.0,-0.01605784,0.0,1.72
6967854.0,0.00796725,0.0,2.064
6967932.0,-0.0070167,0.0,2.064
6968010.0,0.00938943,0.0,2.064
6968088.0,-0.00635642,0.0,1.72
6968167.0,-0.00056603,0.0,1.72
6968245.0,-0.01666729,0.0,2.408
6968323.0,-0.00249614,0.0,1.72
6968401.0,-0.0028517,0.0,1.72
6968479.0,0.01152265,0.0,2.064
6968557.0,-0.00381671,0.0,2.408
6968635.0,-0.00975953,0.0,1.032
6968713.0,-0.00203897,0.0,2.064
6968791.0,-0.01082622,0.0,2.408
6968870.0,0.01431624,0.0,2.064
6968948.0,-0.01514351,0.0,2.064
6969026.0,0.00776405,0.0,2.064
6969104.0,-0.004985,0.0,2.064
6969182.0,-0.0009216,0.0,2.064
6969260.0,-0.00539133,0.0,2.064
6969338.0,-0.0006168,0.0,2.064
6969416.0,0.00263396,0.0,2.408
6969494.0,-0.0122484,0.0,2.408
6969573.0,-0.00610238,0.0,2.408
6969651.0,-0.00991189,0.0,2.408
6969729.0,-0.03546068,0.0,2.408
6969807.0,-0.00371511,0.0,2.064
6969885.0,-0.00727059,0.0,2.064
6969963.0,-0.01102934,0.0,2.064
6970041.0,-0.00559445,0.0,2.408
6970119.0,0.01131953,0.0,2.064
6970197.0,-0.00676267,0.0,2.752
6970276.0,-0.00137861,0.0,2.064
6970354.0,-0.00696594,0.0,2.064
6970432.0,-0.01504199,0.0,2.064
6970510.0,-0.00747379,0.0,2.064
6970588.0,-0.02144182,0.0,1.72
6970666.0,-0.01285785,0.0,2.064
6970744.0,-0.01113094,0.0,2.408
6970822.0,-0.02261003,0.0,1.72
6970900.0,-0.00523889,0.0,2.064
6970978.0,-0.00610238,0.0,2.064
6971057.0,0.01213218,0.0,2.064
6971135.0,0.01274163,0.0,2.064
6971213.0,-0.01753085,0.0,2.064
6971291.0,-0.00244537,0.0,2.064
6971369.0,-0.00935313,0.0,1.72
6971447.0,0.00029745,0.0,2.064
6971525.0,-0.02139105,0.0,2.064
6971603.0,-0.00401991,0.0,1.72
6971681.0,0.01045604,0.0,2.064
6971760.0,-7.27e-06,0.0,1.72
6971838.0,-0.03810191,0.0,2.064
6971916.0,0.00039898,0.0,1.72
6971994.0,-0.01544831,0.0,2.064
6972072.0,0.00842434,0.0,2.064
6972150.0,-0.01097858,0.0,2.064
6972228.0,0.01731311,0.0,2.064
6972307.0,0.03219539,0.0,2.064
6972385.0,-0.01554991,0.0,1.72
6972463.0,-0.00721983,0.0,2.064
6972541.0,0.00801794,0.0,2.064
6972619.0,0.01426541,0.0,2.064
6972697.0,0.00197359,0.0,2.064
6972775.0,-0.00584849,0.0,2.064
6972853.0,-0.00595001,0.0,2.064
6972931.0,-0.01260388,0.0,2.064
6973010.0,0.01025284,0.0,2.064
6973088.0,-0.00015956,0.0,1.72
6973166.0,0.00375141,0.0,2.064
6973244.0,-0.00889604,0.0,2.064
6973322.0,-0.0045786,0.0,2.064
6973400.0,-0.00203897,0.0,2.064
6973478.0,-0.00650878,0.0,2.064
6973556.0,0.0083735,0.0,2.408
6973634.0,-0.00249614,0.0,1.376
6973713.0,-0.00442624,0.0,2.408
6973791.0,0.01777027,0.0,2.064
6973869.0,0.00136414,0.0,2.064
6973947.0,-0.00955633,0.0,2.064
6974025.0,0.00273548,0.0,2.408
6974103.0,-0.00127709,0.0,2.064
6974181.0,-0.00879437,0.0,2.064
6974259.0,0.02498275,0.0,2.064
6974337.0,-0.00655954,0.0,2.064
6974416.0,-0.00259766,0.0,2.064
6974494.0,0.01071008,0.0,2.408
6974572.0,0.00136414,0.0,1.72
6974650.0,-0.01245152,0.0,2.408
6974728.0,-0.01681965,0.0,2.064
6974806.0,-0.00889604,0.0,2.064
6974884.0,0.01497661,0.0,2.064
6974962.0,0.00791641,0.0,2.064
6975041.0,0.00227832,0.0,2.064
6975119.0,-0.00955633,0.0,2.064
6975197.0,0.01929405,0.0,2.064
6975275.0,-0.00407068,0.0,2.408
6975353.0,0.00232923,0.0,2.064
6975431.0,-0.01707369,0.0,2.064
6975509.0,0.01589093,0.0,1.72
6975587.0,0.01279254,0.0,1.72
6975666.0,-0.0139753,0.0,2.064
6975744.0,-0.01910539,0.0,2.064
6975822.0,-0.00600078,0.0,2.064
6975900.0,0.02681126,0.0,1.72
6975978.0,-0.00183577,0.0,2.064
6976056.0,-0.03078775,0.0,2.064
6976134.0,-0.01219748,0.0,1.376
6976212.0,-0.00478173,0.0,2.064
6976290.0,-0.02454021,0.0,2.064
6976369.0,0.00293868,0.0,2.064
6976447.0,0.00756085,0.0,2.408
6976525.0,-0.00203897,0.0,1.72
6976603.0,-0.0011248,0.0,2.064
6976681.0,-0.00056603,0.0,1.376
6976759.0,-0.00523889,0.0,2.064
6976837.0,-0.0117404,0.0,1.72
6976915.0,-0.0187499,0.0,2.064
6976993.0,0.01076076,0.0,2.752
6977072.0,0.00969408,0.0,2.064
6977150.0,-0.00341039,0.0,3.096
6977228.0,0.00740849,0.0,2.064
6977306.0,-0.00036283,0.0,2.064
6977384.0,-0.0051882,0.0,2.064
6977462.0,0.00563067,0.0,2.064
6977540.0,-0.00163265,0.0,2.064
6977618.0,-0.01956248,0.0,2.064
6977696.0,0.00542762,0.0,2.408
6977775.0,0.00349737,0.0,2.064
6977853.0,-0.00137861,0.0,2.408
6977931.0,-0.01392446,0.0,2.064
6978009.0,-0.01732758,0.0,2.064
6978087.0,0.01909085,0.0,2.064
6978165.0,0.00344661,0.0,2.064
6978243.0,0.01898932,0.0,1.72
6978321.0,-0.0295687,0.0,2.064
6978400.0,0.02701453,0.0,2.408
6978478.0,-0.02311803,0.0,2.064
6978556.0,-0.00925161,0.0,2.064
6978634.0,-0.00737227,0.0,2.064
6978712.0,0.02015746,0.0,2.064
6978790.0,-0.01189276,0.0,1.376
6978868.0,0.01482417,0.0,2.064
6978946.0,0.00705292,0.0,2.064
6979024.0,-0.00793103,0.0,2.064
6979103.0,-0.01209596,0.0,2.064
6979181.0,0.00314188,0.0,2.064
6979259.0,-0.00859132,0.0,2.752
6979337.0,0.00182131,0.0,2.064
6979415.0,0.01451944,0.0,2.408
6979493.0,-0.0084388,0.0,2.064
6979571.0,0.00014517,0.0,2.408
6979649.0,0.02894463,0.0,2.408
6979728.0,0.00339584,0.0,2.752
6979806.0,0.0044117,0.0,2.064
6979884.0,-0.00320719,0.0,2.064
6979962.0,0.01248782,0.0,2.064
6980040.0,-0.00239454,0.0,2.064
6980118.0,-0.00066756,0.0,2.064
6980196.0,0.00065302,0.0,2.064
6980274.0,0.00710376,0.0,2.064
6980352.0,-0.02007048,0.0,2.064
6980430.0,0.00182131,0.0,2.064
6980509.0,0.00888142,0.0,1.72
6980587.0,-0.00721983,0.0,1.72
6980665.0,-0.00107388,0.0,2.064
6980743.0,-0.00584849,0.0,2.064
6980821.0,-0.01031814,0.0,2.064
6980899.0,-0.00772783,0.0,2.408
6980977.0,-0.01280708,0.0,2.064
6981055.0,-0.00183577,0.0,2.064
6981133.0,-0.00579765,0.0,1.72
6981212.0,0.01096396,0.0,2.064
6981290.0,0.00827197,0.0,1.72
6981368.0,0.00151651,0.0,2.064
6981446.0,0.00583387,0.0,2.064
6981524.0,0.00669736,0.0,2.064
6981602.0,0.00380217,0.0,2.064
6981680.0,0.00502115,0.0,2.064
6981758.0,-0.00478173,0.0,1.376
6981836.0,-0.00244537,0.0,2.064
6981915.0,-0.01163887,0.0,2.064
6981993.0,-0.00168349,0.0,2.408
6982071.0,-0.03175277,0.0,1.72
6982149.0,0.00253236,0.0,2.064
6982227.0,0.01050688,0.0,2.064
6982305.0,-0.0045786,0.0,2.064
6982383.0,-0.00239454,0.0,2.064
6982462.0,-0.01377217,0.0,2.064
6982540.0,-0.00559445,0.0,2.064
6982618.0,-0.00203897,0.0,2.064
6982696.0,0.00710376,0.0,2.408
6982774.0,-0.02616558,0.0,2.064
6982852.0,0.00669736,0.0,2.408
6982930.0,-0.00706754,0.0,2.064
6983008.0,0.00542762,0.0,2.408
6983086.0,-0.00803255,0.0,1.72
6983164.0,-0.01250221,0.0,1.72
6983243.0,0.00806877,0.0,2.064
6983321.0,0.00065302,0.0,2.064
6983399.0,0.00293868,0.0,2.752
6983477.0,-0.00097236,0.0,2.064
6983555.0,0.00370057,0.0,2.064
6983633.0,-0.01306097,0.0,2.064
6983711.0,0.00415773,0.0,2.064
6983789.0,0.0061386,0.0,2.064
6983867.0,-0.0025469,0.0,2.408
6983946.0,-0.01697209,0.0,2.408
6984024.0,-0.00188661,0.0,2.408
6984102.0,-0.0051882,0.0,2.064
6984180.0,0.00710376,0.0,2.064
6984258.0,-0.00208981,0.0,2.064
6984336.0,0.00603707,0.0,2.408
6984414.0,0.00954171,0.0,2.064
6984492.0,-0.00625474,0.0,2.408
6984571.0,0.00344661,0.0,2.064
6984649.0,0.00060225,0.0,2.408
6984727.0,0.02091935,0.0,2.064
6984805.0,-0.00686434,0.0,2.408
6984883.0,0.00253236,0.0,1.72
6984961.0,0.00730696,0.0,2.064
6985039.0,-0.0140769,0.0,2.064
6985117.0,-0.00376595,0.0,2.064
6985196.0,-0.01306097,0.0,2.064
6985274.0,-0.00655954,0.0,2.064
6985352.0,0.01441792,0.0,2.064
6985430.0,-0.00970869,0.0,1.72
6985508.0,-0.00965786,0.0,2.064
6985586.0,-0.02504806,0.0,2.064
6985664.0,0.01380839,0.0,1.72
6985742.0,-0.00381671,0.0,2.408
6985820.0,-0.01392446,0.0,2.408
6985899.0,-0.0006168,0.0,2.064
6985977.0,0.00187207,0.0,2.064
6986055.0,-0.00686434,0.0,1.376
6986133.0,-0.00833728,0.0,2.064
6986211.0,-0.01356897,0.0,2.064
6986289.0,-0.00981037,0.0,1.376
6986367.0,-0.00401991,0.0,1.376
6986445.0,0.0087799,0.0,2.064
6986523.0,-0.00173425,0.0,1.72
6986602.0,-0.02494653,0.0,2.408
6986680.0,-0.01295945,0.0,2.064
6986758.0,0.01294483,0.0,2.064
6986836.0,-0.00727059,0.0,1.376
6986914.0,0.00507206,0.0,2.064
6986992.0,-0.00534049,0.0,2.064
6987070.0,-0.01930851,0.0,2.064
6987148.0,-0.00686434,0.0,2.408
6987226.0,0.01675435,0.0,2.064
6987305.0,-0.02250843,0.0,2.064
6987383.0,-0.020172,0.0,2.064
6987461.0,0.00385301,0.0,2.064
6987539.0,-0.01158803,0.0,1.72
6987617.0,0.00862754,0.0,2.064
6987695.0,0.00283708,0.0,2.064
6987773.0,-0.01021662,0.0,2.064
6987851.0,0.00862754,0.0,2.064
6987930.0,0.00436086,0.0,2.064
6988008.0,-0.00122632,0.0,2.064
6988086.0,0.00690049,0.0,1.72
6988164.0,-0.01133407,0.0,2.064
6988242.0,-0.00813408,0.0,2.064
6988320.0,-0.01001342,0.0,2.064
6988398.0,0.00111018,0.0,2.064
6988476.0,-0.00198821,0.0,2.064
6988554.0,-0.01798786,0.0,2.064
6988633.0,0.00263396,0.0,2.064
6988711.0,-0.01123247,0.0,2.064
6988789.0,-0.02667351,0.0,2.064
6988867.0,0.00679888,0.0,2.064
6988945.0,-0.0199688,0.0,2.064
6989023.0,-0.04470501,0.0,2.064
6989101.0,0.00552915,0.0,2.064
6989179.0,-0.01295945,0.0,2.064
6989257.0,-0.0046802,0.0,2.064
6989336.0,-0.00655954,0.0,2.064
6989414.0,0.00055142,0.0,2.408
6989492.0,0.02025906,0.0,2.064
6989570.0,-0.00249614,0.0,2.752
6989648.0,-0.00391831,0.0,2.408
6989726.0,-0.00325795,0.0,2.064
6989804.0,-0.00427388,0.0,2.064
6989882.0,-0.00879437,0.0,2.064
6989960.0,0.006545,0.0,2.064
6990039.0,-0.00559445,0.0,2.064
6990117.0,-0.00335955,0.0,2.408
6990195.0,-0.00158189,0.0,2.064
6990273.0,-0.00584849,0.0,2.064
6990351.0,-0.00935313,0.0,1.72
6990429.0,0.01721151,0.0,2.064
6990507.0,-0.004477,0.0,1.376
6990585.0,0.01959877,0.0,2.064
6990663.0,-0.01062294,0.0,1.376
6990742.0,0.0106084,0.0,2.064
6990820.0,0.00502115,0.0,1.72
6990898.0,0.00182131,0.0,2.064
6990976.0,0.00679888,0.0,1.72
6991054.0,-0.01092775,0.0,2.408
6991132.0,-0.00127709,0.0,1.72
6991210.0,-0.01737841,0.0,1.72
6991289.0,0.00715445,0.0,1.032
6991367.0,-0.0068135,0.0,2.064
6991445.0,0.01670351,0.0,2.064
6991523.0,0.00090698,0.0,2.064
6991601.0,0.00156727,0.0,2.064
6991679.0,0.00024669,0.0,2.064
6991757.0,-0.0004136,0.0,2.064
6991835.0,0.0012117,0.0,2.064
6991913.0,-0.0122484,0.0,2.064
6991992.0,-0.0119436,0.0,2.064
6992070.0,-0.01951172,0.0,1.72
6992148.0,0.01507821,0.0,2.064
6992226.0,-0.01341653,0.0,2.064
6992304.0,-0.01707369,0.0,2.064
6992382.0,-0.02372748,0.0,1.72
6992460.0,-0.01168963,0.0,2.064
6992538.0,-0.00950557,0.0,1.72
6992616.0,-0.00523889,0.0,2.064
6992695.0,-0.00310566,0.0,2.064
6992773.0,-0.01245152,0.0,2.064
6992851.0,0.00375141,0.0,2.064
6992929.0,-0.01473719,0.0,2.064
6993007.0,0.00298952,0.0,1.72
6993085.0,0.00420857,0.0,2.064
6993163.0,-0.01900379,0.0,2.408
6993241.0,-0.00142952,0.0,2.064
6993319.0,-0.01453406,0.0,1.72
6993397.0,-0.0070167,0.0,2.064
6993476.0,-0.00148021,0.0,2.064
6993554.0,-0.00341039,0.0,1.72
6993632.0,-0.01077538,0.0,2.064
6993710.0,-0.01306097,0.0,2.408
6993788.0,0.00593547,0.0,2.064
6993866.0,-0.01067378,0.0,2.752
6993944.0,-0.00782935,0.0,2.064
6994022.0,-0.00056603,0.0,2.064
6994101.0,0.00766237,0.0,2.408
6994179.0,0.01330039,0.0,2.064
6994257.0,-0.00163265,0.0,2.064
6994335.0,-0.01047066,0.0,2.408
6994413.0,-0.00015956,0.0,2.064
6994491.0,-0.0011248,0.0,2.064
6994569.0,0.02696369,0.0,1.72
6994647.0,0.01040528,0.0,2.064
6994726.0,-0.00396915,0.0,2.064
6994804.0,-0.02443861,0.0,2.064
6994882.0,-0.01148651,0.0,2.064
6994960.0,-0.01285785,0.0,2.064
6995038.0,-0.00412144,0.0,1.376
6995116.0,0.00151651,0.0,2.064
6995194.0,-0.01666729,0.0,2.064
6995272.0,-0.02261003,0.0,2.064
6995351.0,-0.01067378,0.0,2.408
6995429.0,-0.01697209,0.0,2.064
6995507.0,-0.0051882,0.0,2.064
6995585.0,-0.00158189,0.0,2.064
6995663.0,-0.01595624,0.0,2.064
6995741.0,0.00126254,0.0,1.376
6995819.0,0.00969408,0.0,2.064
6995897.0,-0.00503576,0.0,2.064
6995975.0,-0.00671198,0.0,2.408
6996053.0,-0.00244537,0.0,1.72
6996132.0,-0.00203897,0.0,2.064
6996210.0,-0.00087076,0.0,2.064
6996288.0,-0.00752463,0.0,2.064
6996366.0,-0.01529587,0.0,2.064
6996444.0,-0.0198672,0.0,2.064
6996522.0,-0.00158189,0.0,2.064
6996600.0,-0.03495268,0.0,2.408
6996678.0,-0.00777852,0.0,2.064
6996757.0,0.00735765,0.0,2.064
6996835.0,0.02076691,0.0,2.064
6996913.0,-0.00234385,0.0,2.064
6996991.0,-0.00605169,0.0,2.064
6997069.0,-0.01499122,0.0,2.064
6997147.0,0.00349737,0.0,2.408
6997225.0,-0.0084388,0.0,2.064
6997303.0,-0.00838812,0.0,1.72
6997381.0,-0.01666729,0.0,2.064
6997460.0,-0.00539133,0.0,2.064
6997538.0,0.01025284,0.0,1.72
6997616.0,-0.01900379,0.0,2.064
6997694.0,-0.00721983,0.0,2.064
6997772.0,0.02041142,0.0,2.064
6997850.0,-0.00193737,0.0,2.408
6997928.0,-0.00828659,0.0,2.064
6998006.0,0.00705292,0.0,2.064
6998085.0,-0.02113709,0.0,2.064
6998163.0,-0.01626096,0.0,2.064
6998241.0,0.0013133,0.0,2.408
6998319.0,-0.00269926,0.0,2.408
6998397.0,-0.01422926,0.0,2.752
6998475.0,-0.00290246,0.0,2.064
6998553.0,-0.00117548,0.0,2.064
6998631.0,-0.000312,0.0,2.752
6998709.0,-0.00559445,0.0,1.72
6998788.0,-0.00280086,0.0,2.752
6998866.0,-0.016007,0.0,2.064
6998944.0,-0.00122632,0.0,2.064
6999022.0,0.00039898,0.0,1.72
6999100.0,0.00507206,0.0,2.408
6999178.0,0.00375141,0.0,2.064
6999256.0,-0.00224217,0.0,2.064
6999334.0,-0.01905463,0.0,2.064
6999412.0,0.01401152,0.0,2.408
6999491.0,0.02462719,0.0,1.72
6999569.0,-0.0045786,0.0,1.72
6999647.0,-0.00935313,0.0,2.408
6999725.0,-0.01184192,0.0,1.72
6999803.0,0.00039898,0.0,2.064
6999881.0,0.00537671,0.0,2.064
6999959.0,-0.00290246,0.0,2.064
